Blum, K. P., D’Incamps, B. L., Zytnicki, D., & Ting, L. H. (2017).
Force encoding in muscle spindles during stretch of
passive muscle. PLoS computational biology, 13(9), 
e1005767. <https://journals.plos.org/ploscompbiol/article?
id=10.1371/journal.pcbi.1005767>

cat medial gastrocnemius muscle lengths over t  (in 0.0005 s increments)
110.110779 
110.111084 
110.111084 
110.111389 
110.112000 
110.112305 
110.112610 
110.112000 
110.110474 
110.108948 
110.108643 
110.109558 
110.109558 
110.109558 
110.110168 
110.110168 
110.110168 
110.110474 
110.110168 
110.110474 
110.110474 
110.110168 
110.109863 
110.109863 
110.109253 
110.108948 
110.108643 
110.109558 
110.110474 
110.111694 
110.112000 
110.112305 
110.111389 
110.111694 
110.111389 
110.110779 
110.110779 
110.111084 
110.110779 
110.111084 
110.110779 
110.111084 
110.110779 
110.111694 
110.112305 
110.112610 
110.112000 
110.112000 
110.110474 
110.109253 
110.108948 
110.109558 
110.109253 
110.109558 
110.109863 
110.109863 
110.110474 
110.110168 
110.110779 
110.110474 
110.110168 
110.110168 
110.109863 
110.109558 
110.108948 
110.108948 
110.108948 
110.109558 
110.110474 
110.111694 
110.112610 
110.111694 
110.112000 
110.111084 
110.111389 
110.110779 
110.110779 
110.110779 
110.110474 
110.110474 
110.111084 
110.111084 
110.111084 
110.110779 
110.112305 
110.112305 
110.112305 
110.112000 
110.110474 
110.109558 
110.109253 
110.109558 
110.109558 
110.109863 
110.110168 
110.110474 
110.110168 
110.110168 
110.110168 
110.110474 
110.110474 
110.110168 
110.109863 
110.109863 
110.109253 
110.108948 
110.108643 
110.109558 
110.111389 
110.112610 
110.112915 
110.113525 
110.113831 
110.113525 
110.114441 
110.115967 
110.116882 
110.118408 
110.120850 
110.123291 
110.126343 
110.129395 
110.133362 
110.137634 
110.142517 
110.148315 
110.153809 
110.158997 
110.163879 
110.169373 
110.175781 
110.182800 
110.190125 
110.198364 
110.206604 
110.215149 
110.224609 
110.233154 
110.242920 
110.252075 
110.261230 
110.270386 
110.279846 
110.289612 
110.299072 
110.308228 
110.318604 
110.329590 
110.341187 
110.352783 
110.363770 
110.374146 
110.384216 
110.395508 
110.405579 
110.416260 
110.426331 
110.437012 
110.447693 
110.459290 
110.470276 
110.482178 
110.493774 
110.505981 
110.518799 
110.531311 
110.544128 
110.556335 
110.567627 
110.579224 
110.591736 
110.604858 
110.618286 
110.632019 
110.644836 
110.657959 
110.671387 
110.683899 
110.695801 
110.707703 
110.718994 
110.729675 
110.740051 
110.750122 
110.759277 
110.768433 
110.777588 
110.787659 
110.797729 
110.808105 
110.817261 
110.826111 
110.834656 
110.843811 
110.852051 
110.861206 
110.870056 
110.878906 
110.888062 
110.897522 
110.906982 
110.916443 
110.926208 
110.935974 
110.946045 
110.956421 
110.966187 
110.975342 
110.983887 
110.993347 
111.002502 
111.012573 
111.023560 
111.033325 
111.044006 
111.054077 
111.065063 
111.075134 
111.085815 
111.096191 
111.106262 
111.116333 
111.126709 
111.136475 
111.146851 
111.156616 
111.166687 
111.177979 
111.190186 
111.200867 
111.211853 
111.222229 
111.232605 
111.242981 
111.252747 
111.262512 
111.272583 
111.282654 
111.292725 
111.302490 
111.312866 
111.323242 
111.333313 
111.344299 
111.354370 
111.364746 
111.375122 
111.384583 
111.392822 
111.402283 
111.411743 
111.421509 
111.431580 
111.441650 
111.452026 
111.462097 
111.472473 
111.482544 
111.492615 
111.502686 
111.512756 
111.522827 
111.532898 
111.542053 
111.551514 
111.561279 
111.571045 
111.581726 
111.593018 
111.604614 
111.614990 
111.625366 
111.635132 
111.645203 
111.655273 
111.665039 
111.674805 
111.684570 
111.695251 
111.705017 
111.715393 
111.725464 
111.736145 
111.746216 
111.757507 
111.767883 
111.778259 
111.788025 
111.796570 
111.806030 
111.816406 
111.826477 
111.836853 
111.847229 
111.857910 
111.868591 
111.878662 
111.889343 
111.900024 
111.910095 
111.920166 
111.930237 
111.940613 
111.950378 
111.960449 
111.970520 
111.980286 
111.991272 
112.003174 
112.014465 
112.024841 
112.035522 
112.045593 
112.055359 
112.065430 
112.075195 
112.085571 
112.095337 
112.105713 
112.116089 
112.126465 
112.136841 
112.147217 
112.157593 
112.168274 
112.178955 
112.189331 
112.199402 
112.208252 
112.217407 
112.227478 
112.237549 
112.248230 
112.257996 
112.268982 
112.279968 
112.290955 
112.301331 
112.311401 
112.321777 
112.331848 
112.342529 
112.352905 
112.362671 
112.372742 
112.382202 
112.392578 
112.403564 
112.415466 
112.426758 
112.437744 
112.448120 
112.458496 
112.468872 
112.478333 
112.488098 
112.498474 
112.508850 
112.518616 
112.528992 
112.539368 
112.549744 
112.560425 
112.570801 
112.581482 
112.592773 
112.603455 
112.612915 
112.621460 
112.631531 
112.641296 
112.651367 
112.662048 
112.671814 
112.682800 
112.693787 
112.704468 
112.714539 
112.724915 
112.735596 
112.745667 
112.756348 
112.766724 
112.776184 
112.786560 
112.796326 
112.806091 
112.817383 
112.828674 
112.840576 
112.850952 
112.861023 
112.871094 
112.881470 
112.891541 
112.901611 
112.911682 
112.921448 
112.931824 
112.941895 
112.952271 
112.962952 
112.973022 
112.984009 
112.994690 
113.005371 
113.015747 
113.024902 
113.033752 
113.042603 
113.052063 
113.062134 
113.072205 
113.081665 
113.090820 
113.099976 
113.108826 
113.117065 
113.125000 
113.132935 
113.139954 
113.146362 
113.153381 
113.158569 
113.164063 
113.168640 
113.174133 
113.179016 
113.184204 
113.189087 
113.193054 
113.196106 
113.198547 
113.200684 
113.201904 
113.203430 
113.204651 
113.205261 
113.205872 
113.206482 
113.207092 
113.207092 
113.207703 
113.208313 
113.208618 
113.208618 
113.208618 
113.207703 
113.206177 
113.204956 
113.204956 
113.204346 
113.204346 
113.203735 
113.204346 
113.203735 
113.203430 
113.203430 
113.203430 
113.202820 
113.202209 
113.201599 
113.201294 
113.200378 
113.199768 
113.198547 
113.197937 
113.199158 
113.200073 
113.200073 
113.200378 
113.199768 
113.199463 
113.199463 
113.197937 
113.197937 
113.197327 
113.196716 
113.197021 
113.196411 
113.196716 
113.196716 
113.196716 
113.197021 
113.197021 
113.197327 
113.197327 
113.196716 
113.194885 
113.193970 
113.193665 
113.193970 
113.193970 
113.193970 
113.194580 
113.194580 
113.194885 
113.194580 
113.194580 
113.194580 
113.194580 
113.194580 
113.193970 
113.193970 
113.193665 
113.193359 
113.193359 
113.193970 
113.195190 
113.196106 
113.196106 
113.196106 
113.195801 
113.195801 
113.195801 
113.195190 
113.194885 
113.195190 
113.195190 
113.194885 
113.194885 
113.194580 
113.195190 
113.195801 
113.196106 
113.195801 
113.196411 
113.195190 
113.193970 
113.192444 
113.192139 
113.192749 
113.192749 
113.192749 
113.192749 
113.193359 
113.193665 
113.193970 
113.193665 
113.193665 
113.193359 
113.193665 
113.193054 
113.192444 
113.192139 
113.192139 
113.191528 
113.192749 
113.193970 
113.194885 
113.194885 
113.194885 
113.194885 
113.194580 
113.194275 
113.193665 
113.193665 
113.193970 
113.193665 
113.193665 
113.193665 
113.193970 
113.193970 
113.194275 
113.194580 
113.195190 
113.194885 
113.194580 
113.192749 
113.192139 
113.191528 
113.192139 
113.191833 
113.191833 
113.192444 
113.192444 
113.193054 
113.192749 
113.193054 
113.193054 
113.193054 
113.192749 
113.192444 
113.192444 
113.191833 
113.191528 
113.191833 
113.192444 
113.193970 
113.194885 
113.195190 
113.195190 
113.195190 
113.194885 
113.194885 
113.194580 
113.194275 
113.193970 
113.194275 
113.194275 
113.193970 
113.194580 
113.194580 
113.195190 
113.195496 
113.196106 
113.196106 
113.195190 
113.193665 
113.193054 
113.193359 
113.193054 
113.193054 
113.193359 
113.193665 
113.193665 
113.193970 
113.193359 
113.193970 
113.193665 
113.194275 
113.193970 
113.193665 
113.193359 
113.193359 
113.192749 
113.192749 
113.193359 
113.194885 
113.195801 
113.195801 
113.196106 
113.195496 
113.195496 
113.195190 
113.194885 
113.194580 
113.194275 
113.194580 
113.194275 
113.194580 
113.194885 
113.194885 
113.195190 
113.195801 
113.196106 
113.195801 
113.195190 
113.193359 
113.192444 
113.192444 
113.192444 
113.192749 
113.192749 
113.193054 
113.193359 
113.193054 
113.193359 
113.193054 
113.193359 
113.193054 
113.193054 
113.192444 
113.192749 
113.191833 
113.191833 
113.191223 
113.192444 
113.193970 
113.194885 
113.195190 
113.194885 
113.194275 
113.194580 
113.194275 
113.193665 
113.193665 
113.193665 
113.193665 
113.193359 
113.193970 
113.194580 
113.193665 
113.194580 
113.194885 
113.195496 
113.195496 
113.194580 
113.193054 
113.192139 
113.192139 
113.192139 
113.192139 
113.192749 
113.193054 
113.193054 
113.193054 
113.193054 
113.193359 
113.193359 
113.193054 
113.193359 
113.193054 
113.192749 
113.192444 
113.191528 
113.191833 
113.192749 
113.194580 
113.195190 
113.195496 
113.195190 
113.195190 
113.195496 
113.194885 
113.194580 
113.194275 
113.194275 
113.194275 
113.193970 
113.194580 
113.194275 
113.194275 
113.194885 
113.195190 
113.196106 
113.195801 
113.195801 
113.193970 
113.192444 
113.192444 
113.192749 
113.192749 
113.192749 
113.193359 
113.193665 
113.193665 
113.193359 
113.193054 
113.193359 
113.193359 
113.193054 
113.193054 
113.193054 
113.192139 
113.191833 
113.192139 
113.192444 
113.193970 
113.195190 
113.195190 
113.194885 
113.194885 
113.194275 
113.193970 
113.194275 
113.193970 
113.193665 
113.193970 
113.193359 
113.193970 
113.193970 
113.194275 
113.194580 
113.194885 
113.195190 
113.195190 
113.194275 
113.192749 
113.191528 
113.191528 
113.191528 
113.192139 
113.192139 
113.192444 
113.192444 
113.192444 
113.192749 
113.192444 
113.192444 
113.192749 
113.192749 
113.192749 
113.192139 
113.191528 
113.191528 
113.191223 
113.192444 
113.193359 
113.194275 
113.194580 
113.194275 
113.194275 
113.194275 
113.193970 
113.193665 
113.193665 
113.193359 
113.193359 
113.193359 
113.193665 
113.193970 
113.193970 
113.193970 
113.195190 
113.195190 
113.195190 
113.194275 
113.193054 
113.192139 
113.191833 
113.191833 
113.192444 
113.192749 
113.192749 
113.193054 
113.192749 
113.193054 
113.193054 
113.192749 
113.193054 
113.193054 
113.192444 
113.192139 
113.191833 
113.191528 
113.191223 
113.192749 
113.193970 
113.194580 
113.194885 
113.194885 
113.194885 
113.194580 
113.194580 
113.194275 
113.193359 
113.193359 
113.193359 
113.193359 
113.193970 
113.193970 
113.194275 
113.193970 
113.194885 
113.195190 
113.195496 
113.194275 
113.193054 
113.192139 
113.192139 
113.191833 
113.192444 
113.192444 
113.192139 
113.192749 
113.192749 
113.192444 
113.192749 
113.192749 
113.192749 
113.192444 
113.192139 
113.191528 
113.191833 
113.190918 
113.190918 
113.192139 
113.193359 
113.194275 
113.193970 
113.194275 
113.194275 
113.193665 
113.193359 
113.193054 
113.193054 
113.193054 
113.193359 
113.192749 
113.193054 
113.193359 
113.193665 
113.193665 
113.193970 
113.194580 
113.194580 
113.193970 
113.192444 
113.191528 
113.190918 
113.191528 
113.191223 
113.191833 
113.191833 
113.192139 
113.192444 
113.192139 
113.192139 
113.192444 
113.192444 
113.192139 
113.192444 
113.191528 
113.191223 
113.190918 
113.190613 
113.191528 
113.193054 
113.194275 
113.194275 
113.193970 
113.194275 
113.193970 
113.193359 
113.193665 
113.193359 
113.193054 
113.193359 
113.193054 
113.193359 
113.193359 
113.193970 
113.193970 
113.194275 
113.194885 
113.194885 
113.193970 
113.192139 
113.191528 
113.191528 
113.191528 
113.191833 
113.191833 
113.192139 
113.192444 
113.192139 
113.193054 
113.192139 
113.192444 
113.192139 
113.192139 
113.191833 
113.191833 
113.191528 
113.190918 
113.190918 
113.191528 
113.193359 
113.194275 
113.194580 
113.194275 
113.193970 
113.193970 
113.193970 
113.193054 
113.193054 
113.193359 
113.193054 
113.193054 
113.193665 
113.193359 
113.193359 
113.193970 
113.194275 
113.194885 
113.194580 
113.193970 
113.192444 
113.191528 
113.191223 
113.190918 
113.191528 
113.191528 
113.191833 
113.192139 
113.192139 
113.192139 
113.192139 
113.192139 
113.192444 
113.191833 
113.191528 
113.190918 
113.191223 
113.190613 
113.190613 
113.191528 
113.192749 
113.193970 
113.193970 
113.193665 
113.193970 
113.193665 
113.193359 
113.192749 
113.192749 
113.192139 
113.192444 
113.192444 
113.193054 
113.192749 
113.193054 
113.193359 
113.193970 
113.193970 
113.194275 
113.193359 
113.191833 
113.190918 
113.190918 
113.190918 
113.191223 
113.191528 
113.191833 
113.192139 
113.192139 
113.192139 
113.191833 
113.191833 
113.192139 
113.191833 
113.191528 
113.191528 
113.190918 
113.190613 
113.191223 
113.192139 
113.192749 
113.193665 
113.193970 
113.193970 
113.193665 
113.193359 
113.193054 
113.192749 
113.192749 
113.192749 
113.192749 
113.193054 
113.193054 
113.193359 
113.193054 
113.193359 
113.194275 
113.194580 
113.194275 
113.193665 
113.191833 
113.191223 
113.190918 
113.191528 
113.191528 
113.191528 
113.191528 
113.191833 
113.192139 
113.191833 
113.191833 
113.192139 
113.192444 
113.191528 
113.191223 
113.191223 
113.191223 
113.190918 
113.190613 
113.191833 
113.192444 
113.193665 
113.194275 
113.193970 
113.193359 
113.193665 
113.193054 
113.192749 
113.192749 
113.193054 
113.192749 
113.192749 
113.192749 
113.193054 
113.193054 
113.193665 
113.193970 
113.194580 
113.194580 
113.193359 
113.191833 
113.190918 
113.190918 
113.191223 
113.191223 
113.191223 
113.191528 
113.191528 
113.191833 
113.192139 
113.191833 
113.191833 
113.192139 
113.191528 
113.191528 
113.190918 
113.190918 
113.190308 
113.190002 
113.191223 
113.192749 
113.193665 
113.193970 
113.193359 
113.193359 
113.193054 
113.192749 
113.192749 
113.192444 
113.192139 
113.192444 
113.192444 
113.192444 
113.192749 
113.193054 
113.193359 
113.193665 
113.194275 
113.194275 
113.192749 
113.191528 
113.190918 
113.190918 
113.190918 
113.191223 
113.191528 
113.191833 
113.191833 
113.192139 
113.191833 
113.192139 
113.191833 
113.191833 
113.191833 
113.191833 
113.191528 
113.190918 
113.190613 
113.190613 
113.191528 
113.192444 
113.193970 
113.193665 
113.193970 
113.193359 
113.193359 
113.193054 
113.193054 
113.192749 
113.192749 
113.192749 
113.192749 
113.193054 
113.192749 
113.192444 
113.193665 
113.194275 
113.194580 
113.193970 
113.193054 
113.192139 
113.190918 
113.190308 
113.190918 
113.190918 
113.191528 
113.191528 
113.191833 
113.191833 
113.192139 
113.192139 
113.192139 
113.192139 
113.191528 
113.191528 
113.191223 
113.190613 
113.190613 
113.190613 
113.191833 
113.193054 
113.193665 
113.194275 
113.193665 
113.193054 
113.193054 
113.193054 
113.192749 
113.192444 
113.192139 
113.192444 
113.192444 
113.192444 
113.193054 
113.193054 
113.193054 
113.193665 
113.194275 
113.193665 
113.193054 
113.191528 
113.190613 
113.190308 
113.190918 
113.190918 
113.191223 
113.191833 
113.191528 
113.191223 
113.191833 
113.192139 
113.191833 
113.191528 
113.191528 
113.191223 
113.190918 
113.190918 
113.190613 
113.190002 
113.191528 
113.192749 
113.193359 
113.193665 
113.193665 
113.193054 
113.192749 
113.192749 
113.192444 
113.192444 
113.192444 
113.192444 
113.192139 
113.192749 
113.192444 
113.192749 
113.193359 
113.193359 
113.194275 
113.194275 
113.192749 
113.191528 
113.190918 
113.190918 
113.190918 
113.190918 
113.191223 
113.191223 
113.191528 
113.191528 
113.191528 
113.191833 
113.191833 
113.191833 
113.191528 
113.191223 
113.191223 
113.191223 
113.190613 
113.190308 
113.190918 
113.193054 
113.193359 
113.193665 
113.193359 
113.193359 
113.193054 
113.193054 
113.192749 
113.192139 
113.192139 
113.192444 
113.192444 
113.192749 
113.192749 
113.193054 
113.193359 
113.193665 
113.193970 
113.194275 
113.193054 
113.191223 
113.190613 
113.190308 
113.190918 
113.190613 
113.191528 
113.191223 
113.191223 
113.191528 
113.191223 
113.191833 
113.191833 
113.191528 
113.191833 
113.191223 
113.191528 
113.190613 
113.190308 
113.190002 
113.191223 
113.193054 
113.193054 
113.193359 
113.193665 
113.193359 
113.193054 
113.192749 
113.192444 
113.192444 
113.192444 
113.192444 
113.192139 
113.192444 
113.193054 
113.192749 
113.193054 
113.193359 
113.193665 
113.193970 
113.192749 
113.191528 
113.190613 
113.190918 
113.190613 
113.190613 
113.190918 
113.191528 
113.191528 
113.191833 
113.191833 
113.192139 
113.191528 
113.191528 
113.191833 
113.191223 
113.190918 
113.190613 
113.190308 
113.190308 
113.191223 
113.192444 
113.193665 
113.193665 
113.193359 
113.193359 
113.192749 
113.192749 
113.192444 
113.192444 
113.192139 
113.192139 
113.192444 
113.192444 
113.192444 
113.192749 
113.192749 
113.193665 
113.193970 
113.193970 
113.192444 
113.191833 
113.190918 
113.190308 
113.190613 
113.190613 
113.190918 
113.191223 
113.191528 
113.191833 
113.191833 
113.191833 
113.191528 
113.191833 
113.191528 
113.191528 
113.190918 
113.190613 
113.190002 
113.190308 
113.191528 
113.192444 
113.193665 
113.193359 
113.193054 
113.192749 
113.192749 
113.192444 
113.192444 
113.192444 
113.192139 
113.192444 
113.192444 
113.192444 
113.192139 
113.192749 
113.193054 
113.193359 
113.193970 
113.193970 
113.192444 
113.191223 
113.190613 
113.190308 
113.190002 
113.190613 
113.191223 
113.191223 
113.191223 
113.191528 
113.191528 
113.191528 
113.192139 
113.191223 
113.191528 
113.191223 
113.190918 
113.190308 
113.190308 
113.190308 
113.190918 
113.192139 
113.193665 
113.193665 
113.193359 
113.193359 
113.193054 
113.192749 
113.192444 
113.192444 
113.192444 
113.192139 
113.192139 
113.192444 
113.192444 
113.192444 
113.193359 
113.193665 
113.193665 
113.193665 
113.193054 
113.190918 
113.190613 
113.190613 
113.190613 
113.190918 
113.191223 
113.191223 
113.191528 
113.191833 
113.191833 
113.191223 
113.191528 
113.191528 
113.191223 
113.190918 
113.190918 
113.190308 
113.189697 
113.190002 
113.191223 
113.192749 
113.193359 
113.193359 
113.193359 
113.193359 
113.192749 
113.192444 
113.192139 
113.192139 
113.192444 
113.192139 
113.192139 
113.192444 
113.192139 
113.192444 
113.192749 
113.193054 
113.193665 
113.193665 
113.192444 
113.190918 
113.190308 
113.190613 
113.190002 
113.190308 
113.190918 
113.191528 
113.191223 
113.191528 
113.191833 
113.191528 
113.191528 
113.191833 
113.191528 
113.191223 
113.190918 
113.190613 
113.189697 
113.190002 
113.191223 
113.192139 
113.193359 
113.193054 
113.193054 
113.193054 
113.192444 
113.192139 
113.192444 
113.192444 
113.192444 
113.192444 
113.191833 
113.192139 
113.192444 
113.192749 
113.193054 
113.193359 
113.193665 
113.193665 
113.192749 
113.191223 
113.190613 
113.190002 
113.190613 
113.190613 
113.190613 
113.191833 
113.191528 
113.191833 
113.191528 
113.191528 
113.191223 
113.191528 
113.191833 
113.190918 
113.190613 
113.190918 
113.190002 
113.189697 
113.191528 
113.192749 
113.193054 
113.193359 
113.193359 
113.193054 
113.192749 
113.192749 
113.192139 
113.192444 
113.192444 
113.192444 
113.192444 
113.192139 
113.192139 
113.192749 
113.193054 
113.193359 
113.193665 
113.193665 
113.192444 
113.191528 
113.190308 
113.190613 
113.190918 
113.190613 
113.190918 
113.191223 
113.191223 
113.191528 
113.191528 
113.191528 
113.191223 
113.191528 
113.191223 
113.191223 
113.190918 
113.190002 
113.190002 
113.190002 
113.191223 
113.192749 
113.193359 
113.193359 
113.193359 
113.193054 
113.192749 
113.192139 
113.192444 
113.192444 
113.192444 
113.192444 
113.192139 
113.192139 
113.192444 
113.192749 
113.192749 
113.193359 
113.193665 
113.193359 
113.192444 
113.191223 
113.190308 
113.190308 
113.190308 
113.190613 
113.190918 
113.190918 
113.191528 
113.191223 
113.191528 
113.191223 
113.191528 
113.191223 
113.191528 
113.190918 
113.190613 
113.190308 
113.190002 
113.190002 
113.191223 
113.192749 
113.193054 
113.193665 
113.193054 
113.193054 
113.192749 
113.192139 
113.191833 
113.192139 
113.192139 
113.192139 
113.191833 
113.192444 
113.192444 
113.192444 
113.192749 
113.193359 
113.193665 
113.193359 
113.192444 
113.190918 
113.190308 
113.190002 
113.190308 
113.190918 
113.191223 
113.190918 
113.191223 
113.191528 
113.191833 
113.191833 
113.191223 
113.191528 
113.191223 
113.190918 
113.190308 
113.190308 
113.190002 
113.190308 
113.191528 
113.192444 
113.193054 
113.193665 
113.193054 
113.193054 
113.192444 
113.192444 
113.192139 
113.192139 
113.192139 
113.192444 
113.192749 
113.192139 
113.192444 
113.192749 
113.193054 
113.193359 
113.193970 
113.193359 
113.192444 
113.191528 
113.190613 
113.190308 
113.190613 
113.190613 
113.191223 
113.190918 
113.191528 
113.191833 
113.191833 
113.191223 
113.191223 
113.191528 
113.190918 
113.191528 
113.190613 
113.190308 
113.190002 
113.189697 
113.190918 
113.192749 
113.193054 
113.193359 
113.193054 
113.193054 
113.192444 
113.192444 
113.192139 
113.191833 
113.192139 
113.192444 
113.192139 
113.192139 
113.192139 
113.192139 
113.193054 
113.193665 
113.193970 
113.193359 
113.192749 
113.191223 
113.190002 
113.190308 
113.190918 
113.190918 
113.190613 
113.191528 
113.191223 
113.191528 
113.191223 
113.191528 
113.191528 
113.191223 
113.191528 
113.190613 
113.190613 
113.190002 
113.189697 
113.190002 
113.190918 
113.192444 
113.192749 
113.193359 
113.193054 
113.192749 
113.192139 
113.192139 
113.192444 
113.192139 
113.191833 
113.192139 
113.191833 
113.191833 
113.192444 
113.193054 
113.193054 
113.193054 
113.193665 
113.193665 
113.192139 
113.191528 
113.190308 
113.190613 
113.190918 
113.190918 
113.190613 
113.191223 
113.191223 
113.191223 
113.191223 
113.191833 
113.191833 
113.191528 
113.190918 
113.190613 
113.190613 
113.190002 
113.190002 
113.190308 
113.191223 
113.192749 
113.193665 
113.193359 
113.193054 
113.192749 
113.192749 
113.192444 
113.192444 
113.192139 
113.192139 
113.192444 
113.192444 
113.192444 
113.192749 
113.192749 
113.192749 
113.193359 
113.193359 
113.193665 
113.192139 
113.190918 
113.190613 
113.190308 
113.190613 
113.190918 
113.191223 
113.191528 
113.191223 
113.191223 
113.191528 
113.191223 
113.191223 
113.190918 
113.190918 
113.191223 
113.190613 
113.190002 
113.190002 
113.190002 
113.190918 
113.192749 
113.193054 
113.193054 
113.193054 
113.192749 
113.193054 
113.192139 
113.192444 
113.191833 
113.192139 
113.192139 
113.192139 
113.191833 
113.192139 
113.192444 
113.193359 
113.193359 
113.193665 
113.193665 
113.191833 
113.190613 
113.190002 
113.190002 
113.190308 
113.190918 
113.190613 
113.191223 
113.191223 
113.191528 
113.191528 
113.191833 
113.191223 
113.191223 
113.191528 
113.190613 
113.190613 
113.190002 
113.189697 
113.189392 
113.191223 
113.192444 
113.192749 
113.192749 
113.193054 
113.193054 
113.192444 
113.192139 
113.192139 
113.191833 
113.191833 
113.192139 
113.191833 
113.192139 
113.192444 
113.192444 
113.193054 
113.193359 
113.193665 
113.193665 
113.192139 
113.190918 
113.190308 
113.190308 
113.190613 
113.190613 
113.190918 
113.191223 
113.191223 
113.191833 
113.191833 
113.191223 
113.191833 
113.191528 
113.191223 
113.191223 
113.190918 
113.190308 
113.189697 
113.190308 
113.191223 
113.192444 
113.193359 
113.193665 
113.193359 
113.192749 
113.192444 
113.192444 
113.192139 
113.192139 
113.192139 
113.191833 
113.192139 
113.192444 
113.192139 
113.192749 
113.193359 
113.193665 
113.193665 
113.193359 
113.192749 
113.191223 
113.190308 
113.190308 
113.190918 
113.190613 
113.191223 
113.191528 
113.191223 
113.191833 
113.191528 
113.191223 
113.191223 
113.190918 
113.191223 
113.191223 
113.190613 
113.190613 
113.190002 
113.190308 
113.191528 
113.192444 
113.193359 
113.193359 
113.193054 
113.192749 
113.192444 
113.192139 
113.191528 
113.191528 
113.192139 
113.191833 
113.192139 
113.192139 
113.192444 
113.192444 
113.192749 
113.193359 
113.193665 
113.193359 
113.192444 
113.190918 
113.190002 
113.190002 
113.190613 
113.190613 
113.190918 
113.191223 
113.191528 
113.191223 
113.191528 
113.191223 
113.191223 
113.191223 
113.191528 
113.190918 
113.190308 
113.190308 
113.189697 
113.189697 
113.191223 
113.192749 
113.193054 
113.193359 
113.193359 
113.192749 
113.192444 
113.192444 
113.192139 
113.191833 
113.192139 
113.192139 
113.192444 
113.192444 
113.192749 
113.192749 
113.193359 
113.193359 
113.193665 
113.193359 
113.191833 
113.190918 
113.190613 
113.190613 
113.190308 
113.190613 
113.191223 
113.191223 
113.191528 
113.191223 
113.191223 
113.191223 
113.191833 
113.191528 
113.191528 
113.191223 
113.190308 
113.190308 
113.190308 
113.190308 
113.191528 
113.193054 
113.193359 
113.193359 
113.193054 
113.192749 
113.192444 
113.192139 
113.191833 
113.191833 
113.192139 
113.192444 
113.191833 
113.192139 
113.192444 
113.192749 
113.192749 
113.193359 
113.193970 
113.193359 
113.192444 
113.191223 
113.190308 
113.190613 
113.190613 
113.190613 
113.190918 
113.191528 
113.191528 
113.191528 
113.191223 
113.191833 
113.191833 
113.191528 
113.191528 
113.191223 
113.190613 
113.190308 
113.190308 
113.190308 
113.191528 
113.192749 
113.193054 
113.193359 
113.193359 
113.193054 
113.192444 
113.191833 
113.192139 
113.191833 
113.191833 
113.192139 
113.191833 
113.192139 
113.192444 
113.192749 
113.192749 
113.193359 
113.193665 
113.193359 
113.191528 
113.190613 
113.190308 
113.190308 
113.190308 
113.190613 
113.190918 
113.191223 
113.191223 
113.191528 
113.191223 
113.191528 
113.191528 
113.190918 
113.191223 
113.190918 
113.190613 
113.190613 
113.189697 
113.190613 
113.191528 
113.192749 
113.193359 
113.193359 
113.193054 
113.193054 
113.192444 
113.192139 
113.192139 
113.192139 
113.191833 
113.191833 
113.192139 
113.192749 
113.192139 
113.192444 
113.193054 
113.193054 
113.193665 
113.193359 
113.191833 
113.190613 
113.190308 
113.190308 
113.190002 
113.190918 
113.190918 
113.190918 
113.191223 
113.191528 
113.191223 
113.191223 
113.191223 
113.191223 
113.191223 
113.191223 
113.191223 
113.190613 
113.189697 
113.190308 
113.191223 
113.193359 
113.193359 
113.193665 
113.193054 
113.193054 
113.192749 
113.192444 
113.191833 
113.192444 
113.192139 
113.192139 
113.192139 
113.192139 
113.192749 
113.193054 
113.192749 
113.193359 
113.193970 
113.193665 
113.192444 
113.190918 
113.190308 
113.190613 
113.190308 
113.190613 
113.190918 
113.190918 
113.191223 
113.191223 
113.191223 
113.191223 
113.191528 
113.191223 
113.191223 
113.190918 
113.190613 
113.190002 
113.189697 
113.189697 
113.191528 
113.192749 
113.193359 
113.193359 
113.192749 
113.193054 
113.192749 
113.192139 
113.191833 
113.192139 
113.192139 
113.191833 
113.192139 
113.192444 
113.192139 
113.192749 
113.193054 
113.193359 
113.193359 
113.193359 
113.191833 
113.190918 
113.190002 
113.190308 
113.190613 
113.190918 
113.191223 
113.191223 
113.191223 
113.191223 
113.191528 
113.191223 
113.191528 
113.191223 
113.191223 
113.191223 
113.190613 
113.190308 
113.189392 
113.190002 
113.191528 
113.192444 
113.193054 
113.193054 
113.192749 
113.192749 
113.192444 
113.192139 
113.192444 
113.192139 
113.192139 
113.192139 
113.192139 
113.192139 
113.192444 
113.192444 
113.192749 
113.193665 
113.193970 
113.193359 
113.192139 
113.190613 
113.190002 
113.190308 
113.190308 
113.190308 
113.190918 
113.191223 
113.191223 
113.191223 
113.191528 
113.191833 
113.191223 
113.191528 
113.191223 
113.190918 
113.190613 
113.190308 
113.190308 
113.190002 
113.191528 
113.192749 
113.193054 
113.193665 
113.192749 
113.192749 
113.192444 
113.192139 
113.191833 
113.192139 
113.192139 
113.192139 
113.191833 
113.192139 
113.192444 
113.192749 
113.193054 
113.193054 
113.193665 
113.193054 
113.192444 
113.190613 
113.190613 
113.190308 
113.190918 
113.190613 
113.190918 
113.191223 
113.191223 
113.191223 
113.191528 
113.191528 
113.191223 
113.191223 
113.191223 
113.190918 
113.190613 
113.190308 
113.190002 
113.189697 
113.191528 
113.193054 
113.193359 
113.193054 
113.193054 
113.192749 
113.192444 
113.192444 
113.192444 
113.192139 
113.192139 
113.192139 
113.191833 
113.192444 
113.192444 
113.192749 
113.193054 
113.193359 
113.193970 
113.193359 
113.191833 
113.190918 
113.190002 
113.190002 
113.190613 
113.190918 
113.190308 
113.190918 
113.191528 
113.191223 
113.191528 
113.191528 
113.191223 
113.191223 
113.190918 
113.190613 
113.190613 
113.190308 
113.190002 
113.190308 
113.191223 
113.192749 
113.193054 
113.193359 
113.193054 
113.193054 
113.192139 
113.192139 
113.192139 
113.192139 
113.192139 
113.192139 
113.192139 
113.192139 
113.192444 
113.192749 
113.193054 
113.193665 
113.193970 
113.193054 
113.192444 
113.190918 
113.190002 
113.190308 
113.190308 
113.190613 
113.190613 
113.191223 
113.191528 
113.191223 
113.191223 
113.191528 
113.191223 
113.191528 
113.191223 
113.190613 
113.190613 
113.189697 
113.189697 
113.190613 
113.191223 
113.193054 
113.193359 
113.193359 
113.193054 
113.193054 
113.192444 
113.192444 
113.192139 
113.192139 
113.192139 
113.191833 
113.192139 
113.192139 
113.192444 
113.192444 
113.193054 
113.193054 
113.193970 
113.193970 
113.192139 
113.191223 
113.190308 
113.190308 
113.190308 
113.190308 
113.190918 
113.190918 
113.191528 
113.190918 
113.190918 
113.191223 
113.191223 
113.191223 
113.190918 
113.190918 
113.190613 
113.190308 
113.189697 
113.190002 
113.191223 
113.192749 
113.193054 
113.193665 
113.193054 
113.193054 
113.192749 
113.192139 
113.191833 
113.191833 
113.191833 
113.190918 
113.190002 
113.189697 
113.188782 
113.187256 
113.186340 
113.184814 
113.182678 
113.179932 
113.175354 
113.170776 
113.165894 
113.161621 
113.157043 
113.152161 
113.146973 
113.140869 
113.135681 
113.128967 
113.121948 
113.114624 
113.106689 
113.098145 
113.089600 
113.079834 
113.070679 
113.060608 
113.049927 
113.039551 
113.030090 
113.020630 
113.009949 
112.998657 
112.986755 
112.975159 
112.962952 
112.951355 
112.938232 
112.926941 
112.915344 
112.903748 
112.891846 
112.881165 
112.869873 
112.859192 
112.849426 
112.838745 
112.828674 
112.817688 
112.806702 
112.795105 
112.783813 
112.774048 
112.763672 
112.753906 
112.744141 
112.733459 
112.723694 
112.713928 
112.703857 
112.694092 
112.684021 
112.673950 
112.663574 
112.652893 
112.642517 
112.631836 
112.621155 
112.611084 
112.602234 
112.593384 
112.583313 
112.573242 
112.563171 
112.552795 
112.542419 
112.531433 
112.520752 
112.510376 
112.500305 
112.489624 
112.479553 
112.469177 
112.459412 
112.449036 
112.438965 
112.429810 
112.419434 
112.409058 
112.397461 
112.386169 
112.374878 
112.364502 
112.354736 
112.344360 
112.334290 
112.324219 
112.314758 
112.304382 
112.294312 
112.283630 
112.274170 
112.263489 
112.252808 
112.242126 
112.231750 
112.221069 
112.210693 
112.200928 
112.191772 
112.183228 
112.173767 
112.163086 
112.153320 
112.142639 
112.132263 
112.121582 
112.110901 
112.100830 
112.090149 
112.079773 
112.069397 
112.059631 
112.049561 
112.039490 
112.029724 
112.019348 
112.009888 
111.998901 
111.987305 
111.975403 
111.964722 
111.954041 
111.943359 
111.933289 
111.922913 
111.912842 
111.902771 
111.892700 
111.882019 
111.871948 
111.861572 
111.851196 
111.840515 
111.830139 
111.819153 
111.808777 
111.797485 
111.787720 
111.778564 
111.769409 
111.759644 
111.749878 
111.739197 
111.728821 
111.718445 
111.707458 
111.697083 
111.686707 
111.676331 
111.665955 
111.655579 
111.645508 
111.634827 
111.625061 
111.615906 
111.605530 
111.595459 
111.584778 
111.573486 
111.561890 
111.551514 
111.541138 
111.530457 
111.520081 
111.510620 
111.500854 
111.491089 
111.480408 
111.470337 
111.460571 
111.450195 
111.440125 
111.429443 
111.418762 
111.408386 
111.398010 
111.387024 
111.377258 
111.368103 
111.359253 
111.349487 
111.339417 
111.329651 
111.318359 
111.308289 
111.297607 
111.286926 
111.276245 
111.265564 
111.255798 
111.245117 
111.235352 
111.225281 
111.214905 
111.205444 
111.195374 
111.185608 
111.175232 
111.163635 
111.152039 
111.140747 
111.130676 
111.120911 
111.110840 
111.100769 
111.091309 
111.081543 
111.070862 
111.061707 
111.051331 
111.041260 
111.030884 
111.020813 
111.010132 
110.999146 
110.988770 
110.978394 
110.968323 
110.958862 
110.950012 
110.939941 
110.929565 
110.919189 
110.908508 
110.898132 
110.887146 
110.876465 
110.865784 
110.855103 
110.844727 
110.833740 
110.823975 
110.813293 
110.803528 
110.793457 
110.783386 
110.773315 
110.762634 
110.751038 
110.739746 
110.728760 
110.718384 
110.708008 
110.697632 
110.687561 
110.677795 
110.667725 
110.657654 
110.647583 
110.637512 
110.627136 
110.616760 
110.606995 
110.596313 
110.585327 
110.574341 
110.564575 
110.554199 
110.545044 
110.536194 
110.526428 
110.516052 
110.505676 
110.495300 
110.484924 
110.473938 
110.464172 
110.453186 
110.442810 
110.432434 
110.422363 
110.412292 
110.401917 
110.392456 
110.382080 
110.372314 
110.361938 
110.351563 
110.340271 
110.328674 
110.317993 
110.307617 
110.297546 
110.287476 
110.277710 
110.267944 
110.257874 
110.248413 
110.238647 
110.229187 
110.219727 
110.211182 
110.202026 
110.193176 
110.184631 
110.177002 
110.169373 
110.162964 
110.158081 
110.153198 
110.148010 
110.142822 
110.138245 
110.133667 
110.129089 
110.125122 
110.122070 
110.119324 
110.116272 
110.113831 
110.112000 
110.110779 
110.109863 
110.109253 
110.109253 
110.109253 
110.109253 
110.108948 
110.107727 
110.106201 
110.105896 
110.105896 
110.105896 
110.106201 
110.106506 
110.107117 
110.107117 
110.107422 
110.107422 
110.107422 
110.107422 
110.107727 
110.107422 
110.107422 
110.107117 
110.106506 
110.106201 
110.107117 
110.108337 
110.110168 
110.110474 
110.110474 
110.110779 
110.110474 
110.110779 
110.109558 
110.109558 
110.109863 
110.109863 
110.110168 
110.109863 
110.110474 
110.110474 
110.110779 
110.111084 
110.112000 
110.111389 
110.111084 
110.110168 
110.108948 
110.108337 
110.108643 
110.108948 
110.108948 
110.109558 
110.109558 
110.109558 
110.109558 
110.110168 
110.109863 
110.109863 
110.109863 
110.109863 
110.109253 
110.108948 
110.108337 
110.108337 
110.108337 
110.110168 
110.111389 
110.111694 
110.112000 
110.112000 
110.111694 
110.111084 
110.111084 
110.110474 
110.110779 
110.110474 
110.110779 
110.110779 
110.110779 
110.111084 
110.111694 
110.111694 
110.112000 
110.112610 
110.111694 
110.110779 
110.109558 
110.108643 
110.109253 
110.108948 
110.109558 
110.109558 
110.109863 
