Blum, K. P., D’Incamps, B. L., Zytnicki, D., & Ting, L. H. (2017).
Force encoding in muscle spindles during stretch of
passive muscle. PLoS computational biology, 13(9), 
e1005767. <https://journals.plos.org/ploscompbiol/article?
id=10.1371/journal.pcbi.1005767>

cat medial gastrocnemius muscle lengths over t  (in 0.0005 s increments)
110.105591 
110.105286 
110.105286 
110.104980 
110.105896 
110.107117 
110.107422 
110.107727 
110.107422 
110.107117 
110.107422 
110.106812 
110.106506 
110.106812 
110.106812 
110.106506 
110.106506 
110.107117 
110.106812 
110.107422 
110.107117 
110.107422 
110.107727 
110.107727 
110.106812 
110.105591 
110.105286 
110.105286 
110.105591 
110.105896 
110.106506 
110.105896 
110.106506 
110.106201 
110.106201 
110.106201 
110.105896 
110.106506 
110.106201 
110.105896 
110.105286 
110.105286 
110.104980 
110.104675 
110.105591 
110.106506 
110.107727 
110.107727 
110.107422 
110.107422 
110.106812 
110.106812 
110.106812 
110.106812 
110.107117 
110.106812 
110.106812 
110.106812 
110.106812 
110.107117 
110.106812 
110.107422 
110.108032 
110.107422 
110.106812 
110.105896 
110.105286 
110.105286 
110.105591 
110.105896 
110.105591 
110.106201 
110.106506 
110.106506 
110.106201 
110.106506 
110.106506 
110.106201 
110.106506 
110.106201 
110.105896 
110.105286 
110.104980 
110.105286 
110.105896 
110.106812 
110.107727 
110.107422 
110.108032 
110.107727 
110.106812 
110.107117 
110.106506 
110.106812 
110.106812 
110.106812 
110.106506 
110.106506 
110.107117 
110.106812 
110.106812 
110.107727 
110.107727 
110.107727 
110.107422 
110.106812 
110.106812 
110.108643 
110.112000 
110.115356 
110.120239 
110.125122 
110.130615 
110.137024 
110.142517 
110.149536 
110.156555 
110.163879 
110.170593 
110.177612 
110.185852 
110.193176 
110.201721 
110.210266 
110.220032 
110.230103 
110.241089 
110.251160 
110.261536 
110.271606 
110.282288 
110.293274 
110.304871 
110.316772 
110.329895 
110.343323 
110.357056 
110.371094 
110.385132 
110.399475 
110.413513 
110.427246 
110.440063 
110.452271 
110.464172 
110.473938 
110.484314 
110.495605 
110.505981 
110.517273 
110.527039 
110.537720 
110.548096 
110.558777 
110.568237 
110.578003 
110.587769 
110.597534 
110.606689 
110.615845 
110.625305 
110.634460 
110.643921 
110.652771 
110.663452 
110.674438 
110.684509 
110.693970 
110.704651 
110.714111 
110.723877 
110.733032 
110.742798 
110.752258 
110.762024 
110.771484 
110.781250 
110.791321 
110.801697 
110.811768 
110.821533 
110.832214 
110.842590 
110.852661 
110.862122 
110.871277 
110.880737 
110.890808 
110.901489 
110.911255 
110.921631 
110.932312 
110.942993 
110.953674 
110.963745 
110.973816 
110.984802 
110.995178 
111.004944 
111.015930 
111.025696 
111.036072 
111.045837 
111.056519 
111.068115 
111.079407 
111.090698 
111.101990 
111.112671 
111.123352 
111.133423 
111.143494 
111.153564 
111.164246 
111.175232 
111.185608 
111.196289 
111.206970 
111.217346 
111.227722 
111.238708 
111.249390 
111.260071 
111.270447 
111.279602 
111.288757 
111.298523 
111.308594 
111.318970 
111.329346 
111.340027 
111.350708 
111.361694 
111.371765 
111.382446 
111.392212 
111.403198 
111.413269 
111.422729 
111.433411 
111.442566 
111.452026 
111.462097 
111.472168 
111.483459 
111.494751 
111.505432 
111.516113 
111.526184 
111.535950 
111.545715 
111.555481 
111.565247 
111.575623 
111.585388 
111.595459 
111.605530 
111.615601 
111.625671 
111.636047 
111.646729 
111.657104 
111.667480 
111.677856 
111.687012 
111.695557 
111.705322 
111.714478 
111.725464 
111.735535 
111.746216 
111.756592 
111.767273 
111.777649 
111.787720 
111.797791 
111.807861 
111.818542 
111.828003 
111.838379 
111.848145 
111.857605 
111.867371 
111.877747 
111.888733 
111.899719 
111.910706 
111.920776 
111.931152 
111.941223 
111.950989 
111.961060 
111.971130 
111.980896 
111.991272 
112.001343 
112.011108 
112.021484 
112.031860 
112.042236 
112.052612 
112.062988 
112.073059 
112.084045 
112.092896 
112.101746 
112.111816 
112.121582 
112.132568 
112.142639 
112.153320 
112.164001 
112.174377 
112.184448 
112.195129 
112.204285 
112.215271 
112.225037 
112.234802 
112.245178 
112.254639 
112.264709 
112.274780 
112.284851 
112.296143 
112.307434 
112.318726 
112.328796 
112.338867 
112.348938 
112.359314 
112.368774 
112.378845 
112.388611 
112.398376 
112.409058 
112.418823 
112.429504 
112.439575 
112.449951 
112.460327 
112.470703 
112.481079 
112.490845 
112.500610 
112.509766 
112.519226 
112.529297 
112.539368 
112.549438 
112.560425 
112.570801 
112.580872 
112.591858 
112.601929 
112.612000 
112.622375 
112.632446 
112.642212 
112.652283 
112.662048 
112.671509 
112.681274 
112.691650 
112.702942 
112.714233 
112.724304 
112.734985 
112.745667 
112.755737 
112.765503 
112.774963 
112.785645 
112.795410 
112.805176 
112.815552 
112.825317 
112.835693 
112.846069 
112.856140 
112.866516 
112.876892 
112.887573 
112.897644 
112.906799 
112.915955 
112.925720 
112.935791 
112.946167 
112.956543 
112.966919 
112.977600 
112.987366 
112.998047 
113.008423 
113.018494 
113.028564 
113.038635 
113.048401 
113.058777 
113.068542 
113.078003 
113.088074 
113.098450 
113.109131 
113.119202 
113.128967 
113.137512 
113.145142 
113.151855 
113.157959 
113.163147 
113.168335 
113.172607 
113.177185 
113.180847 
113.184204 
113.187256 
113.190613 
113.193054 
113.195496 
113.197327 
113.199463 
113.200684 
113.201294 
113.201599 
113.201599 
113.202209 
113.203430 
113.203735 
113.204346 
113.204956 
113.204956 
113.205261 
113.205261 
113.205261 
113.205261 
113.204956 
113.204956 
113.204651 
113.204041 
113.203735 
113.202515 
113.202515 
113.203125 
113.203430 
113.203430 
113.203430 
113.202820 
113.202515 
113.201294 
113.200684 
113.199768 
113.199463 
113.198547 
113.198242 
113.197937 
113.197937 
113.197632 
113.197021 
113.197632 
113.197327 
113.196716 
113.196411 
113.195190 
113.194275 
113.193359 
113.192749 
113.192749 
113.192749 
113.193054 
113.192749 
113.192444 
113.192749 
113.193054 
113.192444 
113.192749 
113.191833 
113.192444 
113.191528 
113.190918 
113.190613 
113.190308 
113.190308 
113.191223 
113.192139 
113.192444 
113.192139 
113.192444 
113.192444 
113.192139 
113.191528 
113.191528 
113.191223 
113.190918 
113.190918 
113.191223 
113.191528 
113.191223 
113.191833 
113.191833 
113.192139 
113.192139 
113.191528 
113.190918 
113.190308 
113.189392 
113.190002 
113.190002 
113.190002 
113.190308 
113.190308 
113.190613 
113.190308 
113.190613 
113.190918 
113.190613 
113.190613 
113.190308 
113.190308 
113.190002 
113.189697 
113.189392 
113.189392 
113.190613 
113.191528 
113.191833 
113.192139 
113.191528 
113.191833 
113.191528 
113.191223 
113.191223 
113.190918 
113.191223 
113.190918 
113.190918 
113.190613 
113.190918 
113.190613 
113.190918 
113.191223 
113.191833 
113.191528 
113.190613 
113.189087 
113.188782 
113.188171 
113.188782 
113.189087 
113.189087 
113.189392 
113.189392 
113.189392 
113.189087 
113.189087 
113.189392 
113.189087 
113.189087 
113.188782 
113.188477 
113.187866 
113.187561 
113.187866 
113.188782 
113.189392 
113.190002 
113.190308 
113.190002 
113.189697 
113.189697 
113.190002 
113.189392 
113.188782 
113.189392 
113.189392 
113.188782 
113.189392 
113.189697 
113.189392 
113.190002 
113.190002 
113.190308 
113.190308 
113.189087 
113.188477 
113.187866 
113.188171 
113.188171 
113.188171 
113.188477 
113.189087 
113.188477 
113.189087 
113.189392 
113.188782 
113.188782 
113.188477 
113.189087 
113.189087 
113.188477 
113.188171 
113.187561 
113.188171 
113.189087 
113.190002 
113.190002 
113.191223 
113.190918 
113.190613 
113.190918 
113.190308 
113.190308 
113.190308 
113.190002 
113.190308 
113.190002 
113.190308 
113.190002 
113.190002 
113.190613 
113.191223 
113.191223 
113.190613 
113.189697 
113.189087 
113.188477 
113.189087 
113.189087 
113.189087 
113.189697 
113.189697 
113.189697 
113.189392 
113.189392 
113.189392 
113.189697 
113.189697 
113.189697 
113.188782 
113.189087 
113.188477 
113.188171 
113.188477 
113.189697 
113.190308 
113.190613 
113.190613 
113.190613 
113.190308 
113.190002 
113.190002 
113.189392 
113.189697 
113.189392 
113.189392 
113.189392 
113.189697 
113.189697 
113.189392 
113.189697 
113.190002 
113.190002 
113.190002 
113.189087 
113.187866 
113.187256 
113.187256 
113.187561 
113.187561 
113.188171 
113.187866 
113.188782 
113.188477 
113.188171 
113.188477 
113.188477 
113.188477 
113.188477 
113.187866 
113.187866 
113.187256 
113.187256 
113.187561 
113.187866 
113.189392 
113.190308 
113.190002 
113.190002 
113.189392 
113.189087 
113.188782 
113.189087 
113.188782 
113.188782 
113.188782 
113.189087 
113.189087 
113.189087 
113.189392 
113.189697 
113.189697 
113.190002 
113.190002 
113.188477 
113.187866 
113.187256 
113.187561 
113.187866 
113.187866 
113.188477 
113.188782 
113.188477 
113.189087 
113.188477 
113.189392 
113.188782 
113.189087 
113.188477 
113.188782 
113.188782 
113.187561 
113.187256 
113.188171 
113.188477 
113.189697 
113.190308 
113.190613 
113.190308 
113.190308 
113.189697 
113.189697 
113.189697 
113.189392 
113.190002 
113.189087 
113.189697 
113.190002 
113.189087 
113.189392 
113.189697 
113.190308 
113.190308 
113.190308 
113.189392 
113.188477 
113.187256 
113.188171 
113.188171 
113.188171 
113.188171 
113.188477 
113.188782 
113.188782 
113.188782 
113.189087 
113.188171 
113.188477 
113.188477 
113.188477 
113.188171 
113.187561 
113.187561 
113.187256 
113.188477 
113.189087 
113.190002 
113.189697 
113.189392 
113.189392 
113.189392 
113.189087 
113.188782 
113.188782 
113.188782 
113.188782 
113.188477 
113.188782 
113.188782 
113.189087 
113.189087 
113.189697 
113.190002 
113.189697 
113.188477 
113.187256 
113.186951 
113.187256 
113.187561 
113.187561 
113.187866 
113.187866 
113.188171 
113.188171 
113.188171 
113.188171 
113.188477 
113.188477 
113.188171 
113.188171 
113.187561 
113.186951 
113.186951 
113.187256 
113.187866 
113.189087 
113.189697 
113.189697 
113.189697 
113.189697 
113.189697 
113.189087 
113.188782 
113.189087 
113.188782 
113.189087 
113.188782 
113.188782 
113.189087 
113.189087 
113.189392 
113.189697 
113.189697 
113.189697 
113.188782 
113.188477 
113.187561 
113.187561 
113.188171 
113.188171 
113.188477 
113.188477 
113.189087 
113.188782 
113.188782 
113.188782 
113.188477 
113.188477 
113.188782 
113.188782 
113.187866 
113.187561 
113.187561 
113.187561 
113.188477 
113.189392 
113.189697 
113.190308 
113.190002 
113.189697 
113.189087 
113.189087 
113.189087 
113.189087 
113.188782 
113.189087 
113.189087 
113.188782 
113.189087 
113.188782 
113.189697 
113.189697 
113.189392 
113.189697 
113.188477 
113.187561 
113.187561 
113.187256 
113.187561 
113.187256 
113.187561 
113.188171 
113.188477 
113.187866 
113.188477 
113.188477 
113.187866 
113.187866 
113.187561 
113.188171 
113.187256 
113.186951 
113.186951 
113.186951 
113.187866 
113.188782 
113.189697 
113.189697 
113.189392 
113.189087 
113.189087 
113.188477 
113.188477 
113.188782 
113.188477 
113.188782 
113.188477 
113.188782 
113.188782 
113.188477 
113.188782 
113.189392 
113.189392 
113.189087 
113.188477 
113.187256 
113.186951 
113.187561 
113.187256 
113.187866 
113.187866 
113.188171 
113.188477 
113.188171 
113.188171 
113.188782 
113.188477 
113.188477 
113.187866 
113.188171 
113.187866 
113.187561 
113.187256 
113.187561 
113.188171 
113.189392 
113.189697 
113.189392 
113.190002 
113.189697 
113.189392 
113.189087 
113.188782 
113.189087 
113.188782 
113.188782 
113.189087 
113.188782 
113.189392 
113.189392 
113.189392 
113.190002 
113.190002 
113.189392 
113.188782 
113.187866 
113.187256 
113.187866 
113.187561 
113.187866 
113.188477 
113.188171 
113.188477 
113.188477 
113.188477 
113.188477 
113.188477 
113.188171 
113.188477 
113.187866 
113.187866 
113.187256 
113.186951 
113.187561 
113.188171 
113.189087 
113.189697 
113.189697 
113.189392 
113.189392 
113.189392 
113.188477 
113.188782 
113.188782 
113.188782 
113.188477 
113.188782 
113.188782 
113.188782 
113.189087 
113.189087 
113.189697 
113.189697 
113.188782 
113.188477 
113.186951 
113.186951 
113.186951 
113.187561 
113.187256 
113.187866 
113.187866 
113.188477 
113.188477 
113.187866 
113.188171 
113.188171 
113.187561 
113.187866 
113.187866 
113.187256 
113.187256 
113.186951 
113.186951 
113.188171 
113.188782 
113.189392 
113.189392 
113.189087 
113.189392 
113.189087 
113.188782 
113.188477 
113.188171 
113.188782 
113.188171 
113.188782 
113.189087 
113.188782 
113.189087 
113.189087 
113.189392 
113.190002 
113.189087 
113.188171 
113.187561 
113.186951 
113.187256 
113.187866 
113.187866 
113.187561 
113.188477 
113.188171 
113.188477 
113.188477 
113.188477 
113.188782 
113.188171 
113.187561 
113.188171 
113.187561 
113.187256 
113.187256 
113.187256 
113.188477 
113.189697 
113.189392 
113.189697 
113.189697 
113.189697 
113.189087 
113.188782 
113.189087 
113.188782 
113.189087 
113.188782 
113.188477 
113.188782 
113.189087 
113.188782 
113.189392 
113.189392 
113.189392 
113.189697 
113.188477 
113.187256 
113.186646 
113.187256 
113.187561 
113.187561 
113.187866 
113.187866 
113.188171 
113.188477 
113.188171 
113.187866 
113.188782 
113.188171 
113.187561 
113.187561 
113.187256 
113.186951 
113.186951 
113.186951 
113.188171 
113.189087 
113.189392 
113.189392 
113.189392 
113.188782 
113.189087 
113.188477 
113.188477 
113.188782 
113.188477 
113.188477 
113.188782 
113.188782 
113.188477 
113.188477 
113.188782 
113.189087 
113.189697 
113.189087 
113.188171 
113.187256 
113.186951 
113.187561 
113.187256 
113.187866 
113.187256 
113.188171 
113.188171 
113.187561 
113.188477 
113.187866 
113.188171 
113.188171 
113.187866 
113.187561 
113.187256 
113.186646 
113.186646 
113.187256 
113.188171 
113.189087 
113.189392 
113.189697 
113.189392 
113.189087 
113.188782 
113.189087 
113.188782 
113.188782 
113.188477 
113.188782 
113.188477 
113.188477 
113.188782 
113.189087 
113.188782 
113.189697 
113.189697 
113.189087 
113.188171 
113.187561 
113.187256 
113.187256 
113.186951 
113.187561 
113.187866 
113.188171 
113.188171 
113.188171 
113.188171 
113.188477 
113.188171 
113.188171 
113.188171 
113.187561 
113.187561 
113.186951 
113.186646 
113.187561 
113.188477 
113.189087 
113.189392 
113.189392 
113.189392 
113.189392 
113.188782 
113.188782 
113.188477 
113.188477 
113.188782 
113.188477 
113.188477 
113.188477 
113.188782 
113.189087 
113.188782 
113.189697 
113.189392 
113.189087 
113.188171 
113.186951 
113.186951 
113.187256 
113.187561 
113.187256 
113.187256 
113.187866 
113.188477 
113.187866 
113.187561 
113.188477 
113.187866 
113.188171 
113.187866 
113.187866 
113.187256 
113.186951 
113.186646 
113.187256 
113.187866 
113.188782 
113.189697 
113.189697 
113.189697 
113.189087 
113.189087 
113.189087 
113.188171 
113.188171 
113.188477 
113.188782 
113.188782 
113.188782 
113.189087 
113.188782 
113.188782 
113.189392 
113.189697 
113.188782 
113.188171 
113.187256 
113.186646 
113.187256 
113.187561 
113.187561 
113.187256 
113.188171 
113.188171 
113.188171 
113.187866 
113.189087 
113.188477 
113.188477 
113.188171 
113.187561 
113.187561 
113.186951 
113.186951 
113.187256 
113.188477 
113.188782 
113.189392 
113.189392 
113.189392 
113.189087 
113.189087 
113.188782 
113.188477 
113.188782 
113.188782 
113.188782 
113.188782 
113.188782 
113.188782 
113.189392 
113.189087 
113.189087 
113.189392 
113.189392 
113.188171 
113.187561 
113.186951 
113.187256 
113.187256 
113.187256 
113.187256 
113.188171 
113.187561 
113.187866 
113.187866 
113.188171 
113.188171 
113.187866 
113.187866 
113.187561 
113.187561 
113.186951 
113.187256 
113.186951 
113.188171 
113.188782 
113.189392 
113.189087 
113.189087 
113.189392 
113.188782 
113.188782 
113.188171 
113.188782 
113.188171 
113.188477 
113.188477 
113.188782 
113.188782 
113.188782 
113.189087 
113.189392 
113.189087 
113.189087 
113.188171 
113.187256 
113.187256 
113.187256 
113.187256 
113.187561 
113.187561 
113.187866 
113.188477 
113.187866 
113.188171 
113.188171 
113.188171 
113.187866 
113.188171 
113.187561 
113.187561 
113.186951 
113.186951 
113.187256 
113.188171 
113.189087 
113.189087 
113.189697 
113.189392 
113.188782 
113.188782 
113.188477 
113.188477 
113.188782 
113.188171 
113.188782 
113.188171 
113.188782 
113.189087 
113.188782 
113.188782 
113.189392 
113.189392 
113.189087 
113.188477 
113.187256 
113.186951 
113.187256 
113.187256 
113.187561 
113.188171 
113.187866 
113.188477 
113.187866 
113.188171 
113.188171 
113.187866 
113.188171 
113.187561 
113.187561 
113.187256 
113.187256 
113.186951 
113.186951 
113.188171 
113.189087 
113.189087 
113.189392 
113.189087 
113.189087 
113.189087 
113.189087 
113.188477 
113.189087 
113.188782 
113.188477 
113.188782 
113.188477 
113.188171 
113.188782 
113.189087 
113.189392 
113.189392 
113.188782 
113.188171 
113.186951 
113.186646 
113.186951 
113.187256 
113.187561 
113.187561 
113.187561 
113.188171 
113.188171 
113.187561 
113.188477 
113.188171 
113.188171 
113.187866 
113.187561 
113.187256 
113.186646 
113.187256 
113.186951 
113.188171 
113.189087 
113.189392 
113.189087 
113.189392 
113.189087 
113.188782 
113.188782 
113.188477 
113.188477 
113.188782 
113.188477 
113.188477 
113.188782 
113.188782 
113.188782 
113.189087 
113.189697 
113.189697 
113.188782 
113.188171 
113.187256 
113.186646 
113.187561 
113.187256 
113.187256 
113.188171 
113.187561 
113.188171 
113.188171 
113.188171 
113.188171 
113.188171 
113.187866 
113.188171 
113.187561 
113.187256 
113.186646 
113.186340 
113.187256 
113.188477 
113.189087 
113.189392 
113.189392 
113.189087 
113.188782 
113.188782 
113.188477 
113.188477 
113.188171 
113.188477 
113.188171 
113.188477 
113.188782 
113.188782 
113.188782 
113.188782 
113.189392 
113.189697 
113.189087 
113.187866 
113.186951 
113.186646 
113.186951 
113.187256 
113.187561 
113.187866 
113.187866 
113.187866 
113.187866 
113.187866 
113.188477 
113.187866 
113.188171 
113.187866 
113.187561 
113.187256 
113.186646 
113.186951 
113.186951 
113.188477 
113.188782 
113.189392 
113.189392 
113.189087 
113.189392 
113.188477 
113.188171 
113.188477 
113.188477 
113.188171 
113.188477 
113.188477 
113.188477 
113.188477 
113.188782 
113.189087 
113.189087 
113.189087 
113.189087 
113.187866 
113.186951 
113.186951 
113.186646 
113.187256 
113.187256 
113.187561 
113.187866 
113.187866 
113.187866 
113.188171 
113.187866 
113.188477 
113.187866 
113.187866 
113.187256 
113.186951 
113.186646 
113.186646 
113.187561 
113.188171 
113.189392 
113.189087 
113.189392 
113.189392 
113.189087 
113.188782 
113.188477 
113.188782 
113.188477 
113.188171 
113.188477 
113.188477 
113.188782 
113.188782 
113.188477 
113.189697 
113.189392 
113.189697 
113.189087 
113.187866 
113.186951 
113.187256 
113.187256 
113.187256 
113.187561 
113.187866 
113.188171 
113.188477 
113.188171 
113.187866 
113.187866 
113.187866 
113.188171 
113.187866 
113.187561 
113.186951 
113.186951 
113.187256 
113.187256 
113.188171 
113.189392 
113.189087 
113.189697 
113.189087 
113.189087 
113.189087 
113.188782 
113.188477 
113.188477 
113.188477 
113.188477 
113.188171 
113.188477 
113.188782 
113.188782 
113.189392 
113.189392 
113.189392 
113.188782 
113.188171 
113.187256 
113.186951 
113.187256 
113.187256 
113.187866 
113.187866 
113.187866 
113.188171 
113.187561 
113.187866 
113.188171 
113.187561 
113.188171 
113.187561 
113.187866 
113.186951 
113.186646 
113.186951 
113.187256 
113.187866 
113.189087 
113.189087 
113.189697 
113.189392 
113.188782 
113.189087 
113.188782 
113.188171 
113.188171 
113.188477 
113.187866 
113.188477 
113.188171 
113.188782 
113.188477 
113.189087 
113.189087 
113.189087 
113.188782 
113.187866 
113.186951 
113.187256 
113.187561 
113.186951 
113.187561 
113.187256 
113.188171 
113.187866 
113.188171 
113.187866 
113.187866 
113.188171 
113.187866 
113.187561 
113.187561 
113.186646 
113.186646 
113.186951 
113.187561 
113.187866 
113.189087 
113.189087 
113.189697 
113.189392 
113.188782 
113.188477 
113.188477 
113.188477 
113.188477 
113.188171 
113.188477 
113.188477 
113.188477 
113.188782 
113.188782 
113.188782 
113.189392 
113.189087 
113.188782 
113.187561 
113.186951 
113.186951 
113.187256 
113.187256 
113.187561 
113.187561 
113.187561 
113.188171 
113.187866 
113.187561 
113.187866 
113.187866 
113.187866 
113.187561 
113.187256 
113.186646 
113.186646 
113.186951 
113.187561 
113.188477 
113.188782 
113.188782 
113.189392 
113.189087 
113.188782 
113.188782 
113.188171 
113.188477 
113.188477 
113.188477 
113.188171 
113.188171 
113.188477 
113.188782 
113.188782 
113.189087 
113.189392 
113.189392 
113.188477 
113.187866 
113.186646 
113.186646 
113.187256 
113.187256 
113.187561 
113.187256 
113.187866 
113.188171 
113.187866 
113.187866 
113.187866 
113.187866 
113.188171 
113.187866 
113.187561 
113.187256 
113.187256 
113.186951 
113.187256 
113.188171 
113.188782 
113.189392 
113.189087 
113.189392 
113.189087 
113.188782 
113.188171 
113.188477 
113.188477 
113.188477 
113.188477 
113.188782 
113.188477 
113.188477 
113.188477 
113.189087 
113.189087 
113.189392 
113.188782 
113.188171 
113.186340 
113.186951 
113.187256 
113.187256 
113.187561 
113.187561 
113.187561 
113.188171 
113.187866 
113.187866 
113.188477 
113.187866 
113.187866 
113.187866 
113.186951 
113.187256 
113.186646 
113.186646 
113.187561 
113.188171 
113.189087 
113.189087 
113.189392 
113.189087 
113.188477 
113.188477 
113.188477 
113.188171 
113.188477 
113.188477 
113.188171 
113.188477 
113.188477 
113.188477 
113.188782 
113.188782 
113.189392 
113.189392 
113.188477 
113.187866 
113.186951 
113.186646 
113.186951 
113.187256 
113.187256 
113.187561 
113.187561 
113.188171 
113.188171 
113.187866 
113.188171 
113.188171 
113.187561 
113.187561 
113.187256 
113.186951 
113.186340 
113.186340 
113.187256 
113.188171 
113.189392 
113.189087 
113.189392 
113.189087 
113.188782 
113.188782 
113.188477 
113.188171 
113.188477 
113.188477 
113.188171 
113.188171 
113.188477 
113.188171 
113.188477 
113.188782 
113.189392 
113.189697 
113.188782 
113.187866 
113.186951 
113.186951 
113.187561 
113.186951 
113.187561 
113.187866 
113.187866 
113.188477 
113.188171 
113.187866 
113.188171 
113.188171 
113.187561 
113.187561 
113.187561 
113.187256 
113.186646 
113.186646 
113.187866 
113.188477 
113.188782 
113.189087 
113.189392 
113.189087 
113.188782 
113.188782 
113.188477 
113.188171 
113.188477 
113.188477 
113.188171 
113.188477 
113.188782 
113.188477 
113.188782 
113.189087 
113.189392 
113.189392 
113.189087 
113.187866 
113.186951 
113.186646 
113.187256 
113.187561 
113.187561 
113.187866 
113.187866 
113.188171 
113.188171 
113.187866 
113.187866 
113.187866 
113.187866 
113.188171 
113.187561 
113.187561 
113.186340 
113.186646 
113.186951 
113.188171 
113.188782 
113.189087 
113.189697 
113.189087 
113.189392 
113.188782 
113.188782 
113.188782 
113.188477 
113.188477 
113.188171 
113.188477 
113.188477 
113.188782 
113.188171 
113.189087 
113.189392 
113.189392 
113.188477 
113.187561 
113.186951 
113.186646 
113.186951 
113.187561 
113.187561 
113.187866 
113.187866 
113.188477 
113.187561 
113.188171 
113.187866 
113.188171 
113.187866 
113.187256 
113.187256 
113.186646 
113.186646 
113.186646 
113.187256 
113.188477 
113.188782 
113.189697 
113.189087 
113.189087 
113.188782 
113.188477 
113.188477 
113.189087 
113.188782 
113.188782 
113.188782 
113.188477 
113.188782 
113.188477 
113.188477 
113.189392 
113.189087 
113.189392 
113.188782 
113.187561 
113.186951 
113.187256 
113.187256 
113.187256 
113.187866 
113.187866 
113.187866 
113.187866 
113.188171 
113.187866 
113.188171 
113.188171 
113.188171 
113.187561 
113.187561 
113.186951 
113.186951 
113.186646 
113.187256 
113.188477 
113.189087 
113.189087 
113.189087 
113.188782 
113.189087 
113.188782 
113.189087 
113.188477 
113.188782 
113.188782 
113.188477 
113.188171 
113.188477 
113.189087 
113.188782 
113.189392 
113.189087 
113.189087 
113.188477 
113.187561 
113.187256 
113.186646 
113.186951 
113.187256 
113.187256 
113.187561 
113.187866 
113.188171 
113.187866 
113.187561 
113.188171 
113.187866 
113.187866 
113.187866 
113.187561 
113.186951 
113.186646 
113.186951 
113.187256 
113.188477 
113.189087 
113.189087 
113.189392 
113.189392 
113.188477 
113.188782 
113.188477 
113.188171 
113.188477 
113.188171 
113.188477 
113.188477 
113.188171 
113.189087 
113.188782 
113.189392 
113.189392 
113.189087 
113.188477 
113.187256 
113.186951 
113.186646 
113.187256 
113.187561 
113.187561 
113.187866 
113.188171 
113.188477 
113.188171 
113.188171 
113.188171 
113.188171 
113.188171 
113.187561 
113.187256 
113.186951 
113.186646 
113.186951 
113.187561 
113.188477 
113.189087 
113.189392 
113.189087 
113.189392 
113.188171 
113.188782 
113.188477 
113.188171 
113.188782 
113.188171 
113.188477 
113.188477 
113.188782 
113.188782 
113.189087 
113.188782 
113.189392 
113.189087 
113.188477 
113.187561 
113.186340 
113.186646 
113.187561 
113.187256 
113.187866 
113.187256 
113.187866 
113.188171 
113.187866 
113.188171 
113.187866 
113.188171 
113.187866 
113.187561 
113.187561 
113.187256 
113.186951 
113.186646 
113.187866 
113.188477 
113.189392 
113.189087 
113.189392 
113.188782 
113.189087 
113.188782 
113.188477 
113.188171 
113.188782 
113.188477 
113.188477 
113.188782 
113.188171 
113.188171 
113.188477 
113.188782 
113.189392 
113.189392 
113.188782 
113.187561 
113.186951 
113.186951 
113.187256 
113.187561 
113.187561 
113.187866 
113.187561 
113.188171 
113.187866 
113.188171 
113.188171 
113.187866 
113.187866 
113.187866 
113.187256 
113.186951 
113.186646 
113.186951 
113.187561 
113.188171 
113.189087 
113.189087 
113.189392 
113.189697 
113.189087 
113.188782 
113.188782 
113.188477 
113.188477 
113.187866 
113.188477 
113.188477 
113.188477 
113.188782 
113.188477 
113.189087 
113.189087 
113.189697 
113.188477 
113.187561 
113.186646 
113.186646 
113.187561 
113.187256 
113.187256 
113.188171 
113.187866 
113.188171 
113.187866 
113.187866 
113.188171 
113.187866 
113.187561 
113.187561 
113.187561 
113.187256 
113.186646 
113.186340 
113.187561 
113.188477 
113.189392 
113.189697 
113.189697 
113.189697 
113.188477 
113.188782 
113.188477 
113.188171 
113.188477 
113.188477 
113.188477 
113.188477 
113.188477 
113.188477 
113.188782 
113.188782 
113.189697 
113.189392 
113.188782 
113.187866 
113.186951 
113.186646 
113.187256 
113.186951 
113.187561 
113.187561 
113.187866 
113.187866 
113.187866 
113.187561 
113.188171 
113.187866 
113.188171 
113.187561 
113.187256 
113.187256 
113.186951 
113.186646 
113.187256 
113.188171 
113.188782 
113.189392 
113.189392 
113.189392 
113.189087 
113.188782 
113.188477 
113.188477 
113.188477 
113.188782 
113.187866 
113.188171 
113.188477 
113.188477 
113.188782 
113.188782 
113.189392 
113.189087 
113.188782 
113.187256 
113.186646 
113.186646 
113.187256 
113.187256 
113.187561 
113.187866 
113.187866 
113.188171 
113.187561 
113.188171 
113.187866 
113.187866 
113.187561 
113.187866 
113.187561 
113.187256 
113.186646 
113.186951 
113.187866 
113.188171 
113.189087 
113.189087 
113.189087 
113.189087 
113.189087 
113.188477 
113.188477 
113.188171 
113.188171 
113.188171 
113.188477 
113.188477 
113.188477 
113.188477 
113.188782 
113.188782 
113.189392 
113.188782 
113.188477 
113.187561 
113.186951 
113.186646 
113.187256 
113.187256 
113.187256 
113.188171 
113.187561 
113.188171 
113.187866 
113.188171 
113.187866 
113.187561 
113.187866 
113.187561 
113.187561 
113.186951 
113.186646 
113.186646 
113.187256 
113.188171 
113.188782 
113.189087 
113.189087 
113.188477 
113.188477 
113.189087 
113.188782 
113.187866 
113.188477 
113.188477 
113.188171 
113.188477 
113.188477 
113.189087 
113.189087 
113.189087 
113.189392 
113.189087 
113.188477 
113.187561 
113.186340 
113.187256 
113.186951 
113.186951 
113.187561 
113.187866 
113.187866 
113.188171 
113.187866 
113.188477 
113.187866 
113.188171 
113.187866 
113.188171 
113.187561 
113.186646 
113.186646 
113.186646 
113.187561 
113.188477 
113.189087 
113.189087 
113.189087 
113.188782 
113.189087 
113.188782 
113.188477 
113.188477 
113.188477 
113.188477 
113.188477 
113.188477 
113.188171 
113.188477 
113.189087 
113.188782 
113.189392 
113.189392 
113.188477 
113.187256 
113.186646 
113.186951 
113.186951 
113.187256 
113.187561 
113.188171 
113.187866 
113.188477 
113.188171 
113.188171 
113.188171 
113.187866 
113.187866 
113.187561 
113.187561 
113.186646 
113.186646 
113.186340 
113.187256 
113.188171 
113.189392 
113.189392 
113.189087 
113.189087 
113.188782 
113.188782 
113.188782 
113.187866 
113.188477 
113.189087 
113.188171 
113.188171 
113.188171 
113.188477 
113.188782 
113.189087 
113.189087 
113.189087 
113.188171 
113.186951 
113.186646 
113.186646 
113.187256 
113.187256 
113.187561 
113.187561 
113.187866 
113.188171 
113.187866 
113.187561 
113.188477 
113.187561 
113.187866 
113.187866 
113.187561 
113.187256 
113.186340 
113.186646 
113.187561 
113.188171 
113.188171 
113.187561 
113.186035 
113.182983 
113.179626 
113.175354 
113.171082 
113.165894 
113.160095 
113.155518 
113.148193 
113.142395 
113.135681 
113.128967 
113.121948 
113.114319 
113.106384 
113.097839 
113.088074 
113.077698 
113.068237 
113.058472 
113.048706 
113.038635 
113.029175 
113.018799 
113.009033 
112.997742 
112.987366 
112.976685 
112.965393 
112.954407 
112.943115 
112.931824 
112.920227 
112.908630 
112.897339 
112.885742 
112.875061 
112.865295 
112.854309 
112.843628 
112.832642 
112.821045 
112.809753 
112.798157 
112.786865 
112.775574 
112.764893 
112.753296 
112.742615 
112.731323 
112.720032 
112.709656 
112.699280 
112.688599 
112.677917 
112.667236 
112.655945 
112.644043 
112.632751 
112.622070 
112.611389 
112.601624 
112.590942 
112.580566 
112.570190 
112.560120 
112.549744 
112.539063 
112.528381 
112.518311 
112.507629 
112.497253 
112.486572 
112.475586 
112.464905 
112.454529 
112.445068 
112.435303 
112.425537 
112.415771 
112.405396 
112.395020 
112.384338 
112.373657 
112.362976 
112.352600 
112.342224 
112.331543 
112.321167 
112.311401 
112.301331 
112.290955 
112.280579 
112.270508 
112.260437 
112.250061 
112.239075 
112.227173 
112.216187 
112.205505 
112.195740 
112.185059 
112.175293 
112.164917 
112.155151 
112.145081 
112.134399 
112.124329 
112.113953 
112.102966 
112.092896 
112.082214 
112.071228 
112.060852 
112.049561 
112.039490 
112.029419 
112.020264 
112.010498 
112.000427 
111.990051 
111.978760 
111.968689 
111.958008 
111.947021 
111.936646 
111.925964 
111.915283 
111.904907 
111.894226 
111.883850 
111.873779 
111.864014 
111.853943 
111.843567 
111.833191 
111.821899 
111.810303 
111.799011 
111.788940 
111.778564 
111.768188 
111.758423 
111.748352 
111.738281 
111.728210 
111.718140 
111.707764 
111.697693 
111.687317 
111.676636 
111.666565 
111.655579 
111.644592 
111.634216 
111.623535 
111.614380 
111.604919 
111.595154 
111.585388 
111.575317 
111.564636 
111.554260 
111.543579 
111.532898 
111.522522 
111.511841 
111.500854 
111.491394 
111.480408 
111.470337 
111.460266 
111.449585 
111.440125 
111.430054 
111.419067 
111.408081 
111.396484 
111.385803 
111.375427 
111.365051 
111.354980 
111.344299 
111.334534 
111.324463 
111.314087 
111.304016 
111.293945 
111.283264 
111.273193 
111.262512 
111.251831 
111.241455 
111.230469 
111.220093 
111.209717 
111.200256 
111.191101 
111.181335 
111.170959 
111.160889 
111.150513 
111.139832 
111.129150 
111.118469 
111.108093 
111.097412 
111.087341 
111.076965 
111.066284 
111.056213 
111.046143 
111.036072 
111.026306 
111.015625 
111.005554 
110.994263 
110.983276 
110.972290 
110.962524 
110.952148 
110.941772 
110.931702 
110.921631 
110.911865 
110.901794 
110.891418 
110.881348 
110.871277 
110.860596 
110.850525 
110.839844 
110.829468 
110.818176 
110.808105 
110.798035 
110.788574 
110.779114 
110.769348 
110.759277 
110.749512 
110.738831 
110.728149 
110.717468 
110.706787 
110.696106 
110.685425 
110.674438 
110.664368 
110.654297 
110.643616 
110.633545 
110.623169 
110.613403 
110.603333 
110.592957 
110.581665 
110.570374 
110.559082 
110.548706 
110.538330 
110.527954 
110.517883 
110.507813 
110.497742 
110.487976 
110.477600 
110.467529 
110.456848 
110.446472 
110.436401 
110.425720 
110.415344 
110.404358 
110.393982 
110.383301 
110.374146 
110.364685 
110.355530 
110.344849 
110.334778 
110.324402 
110.313721 
110.303650 
110.292969 
110.282593 
110.272217 
110.261536 
110.251160 
110.240784 
110.231018 
110.220337 
110.210266 
110.200195 
110.190735 
110.180359 
110.169983 
110.158081 
110.148315 
110.140076 
110.131836 
110.124817 
110.119324 
110.114441 
110.110779 
110.107727 
110.104980 
110.102844 
110.101929 
110.100403 
110.099487 
110.098877 
110.098267 
110.097656 
110.097351 
110.097656 
110.098267 
110.099487 
110.100403 
110.100708 
110.100708 
110.100708 
110.100708 
110.100708 
110.100403 
110.100708 
110.100708 
110.101318 
110.101624 
110.102234 
110.102844 
110.103149 
110.103455 
110.104065 
110.104370 
110.104675 
110.104370 
110.103455 
110.102844 
110.102539 
110.103760 
110.103760 
110.104065 
110.104370 
110.104675 
110.105286 
110.105286 
110.105591 
110.105286 
110.105591 
110.105591 
110.104980 
110.104675 
110.104675 
110.104065 
110.104370 
110.104980 
110.106201 
110.106812 
110.107117 
110.107117 
110.107117 
110.107117 
110.106506 
110.106506 
110.106506 
110.106201 
110.106506 
110.106201 
110.106201 
110.106812 
110.106506 
110.106506 
110.107117 
110.107117 
110.107117 
110.106201 
110.105286 
110.104370 
110.104675 
110.104370 
110.104980 
110.105286 
110.105896 
110.105896 
110.105896 
110.105896 
110.105591 
110.105896 
110.105591 
110.105591 
110.105591 
110.104980 
110.104675 
