Blum, K. P., D’Incamps, B. L., Zytnicki, D., & Ting, L. H. (2017).
Force encoding in muscle spindles during stretch of
passive muscle. PLoS computational biology, 13(9), 
e1005767. <https://journals.plos.org/ploscompbiol/article?
id=10.1371/journal.pcbi.1005767>

cat medial gastrocnemius muscle lengths over t  (in 0.0005 s increments)
110.104370 
110.105591 
110.106201 
110.106812 
110.107422 
110.107727 
110.107727 
110.107117 
110.106506 
110.106812 
110.106506 
110.106201 
110.106201 
110.106201 
110.106506 
110.106506 
110.106506 
110.107117 
110.107117 
110.107117 
110.107422 
110.107117 
110.105896 
110.104980 
110.104370 
110.104980 
110.105286 
110.105591 
110.105896 
110.105896 
110.106201 
110.106201 
110.105896 
110.105591 
110.105896 
110.105591 
110.105896 
110.105896 
110.104980 
110.104675 
110.104980 
110.104675 
110.105896 
110.107117 
110.107117 
110.107727 
110.107727 
110.107117 
110.107117 
110.106812 
110.106506 
110.106812 
110.106506 
110.106506 
110.106506 
110.106506 
110.106506 
110.106506 
110.106506 
110.107117 
110.107422 
110.106812 
110.106201 
110.105286 
110.104675 
110.105591 
110.104980 
110.105286 
110.105591 
110.105896 
110.105896 
110.105591 
110.105591 
110.106201 
110.105896 
110.105896 
110.105896 
110.105286 
110.105591 
110.104675 
110.104370 
110.104980 
110.105591 
110.106506 
110.107117 
110.107422 
110.107422 
110.107117 
110.106506 
110.106506 
110.106201 
110.106812 
110.106812 
110.106201 
110.106506 
110.106506 
110.106506 
110.107117 
110.107422 
110.107422 
110.107117 
110.107422 
110.105896 
110.105591 
110.104980 
110.105591 
110.107117 
110.108948 
110.112305 
110.115356 
110.120239 
110.124817 
110.130005 
110.135803 
110.141907 
110.148010 
110.155029 
110.161438 
110.168457 
110.175781 
110.183411 
110.191650 
110.201111 
110.211182 
110.220032 
110.229797 
110.239563 
110.249023 
110.258179 
110.268555 
110.278320 
110.289307 
110.300598 
110.311890 
110.324402 
110.336914 
110.349731 
110.362854 
110.375977 
110.389099 
110.402222 
110.414124 
110.425110 
110.435181 
110.446472 
110.457764 
110.468750 
110.479736 
110.490417 
110.501099 
110.512085 
110.522156 
110.533142 
110.542603 
110.552979 
110.562744 
110.572510 
110.582275 
110.591736 
110.601196 
110.610962 
110.621033 
110.632019 
110.643005 
110.653076 
110.663147 
110.672913 
110.682373 
110.692139 
110.701904 
110.711975 
110.721741 
110.731201 
110.741577 
110.751343 
110.761414 
110.771484 
110.781860 
110.791931 
110.802917 
110.812683 
110.822754 
110.831604 
110.841064 
110.850830 
110.860901 
110.871887 
110.881653 
110.892944 
110.903015 
110.913696 
110.924072 
110.934448 
110.944824 
110.954590 
110.965271 
110.975342 
110.985107 
110.995178 
111.005249 
111.015320 
111.026306 
111.037903 
111.049194 
111.060181 
111.070862 
111.080627 
111.091003 
111.101379 
111.111450 
111.121216 
111.131897 
111.141968 
111.152649 
111.162720 
111.173096 
111.183777 
111.194458 
111.204834 
111.215820 
111.226196 
111.235962 
111.245117 
111.254578 
111.264343 
111.275330 
111.285400 
111.295776 
111.306458 
111.316833 
111.327515 
111.337585 
111.348267 
111.358337 
111.368713 
111.379089 
111.388855 
111.398926 
111.408691 
111.418457 
111.428528 
111.439209 
111.450500 
111.461487 
111.472168 
111.482849 
111.493225 
111.502686 
111.513062 
111.522522 
111.532593 
111.542664 
111.553040 
111.562805 
111.573792 
111.583557 
111.593628 
111.604309 
111.614380 
111.624756 
111.635132 
111.645203 
111.654663 
111.663208 
111.672974 
111.683655 
111.693420 
111.704102 
111.714783 
111.725159 
111.735535 
111.745605 
111.755981 
111.766052 
111.776123 
111.785889 
111.795959 
111.806335 
111.816101 
111.825867 
111.836243 
111.846619 
111.857910 
111.868591 
111.879272 
111.889343 
111.900024 
111.909790 
111.919250 
111.929016 
111.939087 
111.949158 
111.959534 
111.969910 
111.979980 
111.989746 
112.000427 
112.010803 
112.020874 
112.031860 
112.041626 
112.051697 
112.060242 
112.069702 
112.079163 
112.089539 
112.099915 
112.110596 
112.120972 
112.131042 
112.141724 
112.152100 
112.162476 
112.172546 
112.182617 
112.192688 
112.202454 
112.212219 
112.221985 
112.231750 
112.242126 
112.252197 
112.263794 
112.275391 
112.285156 
112.296143 
112.305908 
112.315979 
112.326050 
112.335510 
112.345276 
112.355347 
112.366028 
112.375793 
112.385864 
112.395935 
112.406616 
112.416687 
112.427368 
112.438049 
112.448120 
112.457886 
112.467041 
112.476196 
112.485657 
112.496338 
112.507019 
112.517395 
112.527466 
112.538147 
112.548828 
112.558594 
112.568665 
112.579041 
112.589417 
112.599487 
112.609558 
112.619324 
112.629089 
112.639160 
112.648926 
112.659302 
112.670898 
112.681885 
112.692261 
112.702942 
112.713013 
112.723083 
112.732849 
112.743225 
112.752686 
112.763367 
112.773132 
112.783508 
112.793274 
112.803345 
112.814331 
112.824402 
112.835083 
112.845459 
112.855530 
112.864990 
112.874146 
112.882996 
112.893372 
112.904358 
112.914734 
112.924805 
112.935181 
112.945557 
112.955933 
112.966003 
112.976379 
112.986450 
112.996826 
113.006592 
113.016968 
113.026733 
113.035889 
113.045959 
113.056335 
113.067322 
113.078003 
113.089294 
113.099365 
113.109131 
113.117981 
113.126221 
113.133240 
113.139954 
113.146057 
113.152771 
113.158264 
113.163147 
113.167419 
113.172302 
113.176270 
113.179626 
113.183594 
113.186646 
113.189697 
113.192139 
113.192444 
113.193970 
113.195190 
113.197327 
113.198547 
113.200378 
113.201599 
113.202515 
113.203735 
113.204041 
113.205261 
113.204651 
113.205566 
113.205872 
113.205566 
113.205566 
113.204651 
113.204956 
113.204346 
113.205261 
113.205872 
113.206787 
113.206482 
113.206787 
113.206482 
113.205872 
113.205261 
113.204346 
113.204041 
113.203735 
113.203430 
113.202820 
113.202515 
113.201904 
113.201599 
113.201599 
113.201294 
113.200989 
113.200684 
113.199768 
113.197937 
113.197021 
113.196411 
113.195801 
113.196106 
113.196106 
113.196106 
113.195801 
113.196106 
113.195801 
113.195496 
113.195190 
113.195190 
113.193970 
113.194275 
113.193665 
113.192749 
113.192139 
113.192139 
113.192444 
113.193359 
113.193970 
113.194275 
113.194580 
113.193665 
113.193970 
113.193359 
113.193054 
113.192749 
113.192444 
113.192749 
113.192444 
113.192749 
113.192444 
113.192749 
113.192749 
113.193665 
113.193054 
113.193359 
113.192749 
113.191528 
113.191223 
113.190613 
113.191223 
113.191223 
113.191528 
113.191223 
113.191528 
113.192139 
113.192139 
113.192139 
113.191833 
113.191833 
113.192139 
113.191833 
113.191528 
113.190918 
113.190308 
113.190613 
113.191223 
113.192139 
113.193359 
113.193359 
113.193359 
113.193359 
113.193054 
113.192749 
113.192444 
113.192749 
113.192139 
113.192444 
113.192444 
113.192444 
113.192444 
113.192749 
113.192444 
113.192749 
113.193054 
113.192749 
113.192139 
113.191223 
113.190002 
113.189697 
113.190002 
113.190002 
113.190308 
113.190613 
113.190613 
113.190613 
113.190613 
113.190613 
113.190308 
113.190613 
113.190308 
113.190002 
113.189087 
113.189087 
113.188477 
113.188782 
113.189087 
113.189697 
113.190918 
113.190613 
113.190918 
113.191223 
113.190308 
113.190002 
113.190002 
113.189697 
113.189697 
113.189697 
113.189087 
113.189697 
113.189087 
113.189392 
113.189697 
113.190308 
113.190613 
113.190308 
113.189697 
113.188477 
113.188171 
113.187561 
113.187561 
113.188171 
113.187866 
113.188171 
113.188477 
113.189087 
113.188782 
113.188782 
113.188782 
113.189087 
113.188782 
113.189392 
113.188477 
113.188782 
113.187866 
113.188477 
113.188782 
113.190002 
113.190308 
113.190918 
113.191223 
113.190918 
113.190613 
113.190613 
113.190002 
113.190002 
113.190308 
113.190613 
113.190308 
113.190308 
113.190613 
113.190613 
113.190918 
113.190918 
113.191833 
113.191833 
113.190918 
113.190308 
113.189697 
113.189697 
113.190002 
113.190002 
113.190002 
113.190002 
113.190308 
113.190613 
113.190002 
113.190613 
113.190918 
113.190308 
113.190308 
113.190308 
113.190002 
113.190002 
113.188782 
113.189087 
113.189697 
113.190918 
113.191528 
113.191833 
113.191833 
113.191528 
113.191223 
113.190918 
113.191223 
113.190613 
113.190918 
113.190308 
113.190002 
113.190613 
113.190918 
113.190613 
113.190613 
113.190918 
113.191223 
113.190918 
113.190308 
113.189087 
113.188477 
113.187866 
113.188477 
113.188171 
113.188171 
113.188477 
113.188782 
113.188782 
113.188782 
113.188782 
113.188782 
113.188782 
113.188171 
113.188477 
113.187866 
113.187256 
113.187256 
113.186951 
113.187866 
113.189087 
113.190002 
113.189697 
113.189392 
113.189392 
113.189392 
113.188782 
113.188782 
113.188477 
113.188477 
113.189087 
113.188477 
113.188477 
113.189392 
113.189087 
113.189087 
113.189697 
113.189697 
113.190002 
113.188782 
113.187866 
113.187866 
113.187256 
113.187866 
113.187866 
113.187866 
113.188477 
113.188171 
113.188477 
113.188782 
113.188171 
113.188782 
113.188171 
113.188171 
113.188477 
113.188477 
113.187561 
113.187561 
113.187866 
113.188477 
113.189697 
113.190308 
113.190613 
113.190613 
113.190002 
113.190308 
113.190002 
113.189697 
113.190002 
113.189697 
113.189697 
113.189697 
113.189697 
113.190002 
113.190002 
113.190308 
113.190308 
113.190613 
113.190613 
113.189697 
113.188782 
113.188171 
113.188477 
113.188477 
113.188782 
113.189087 
113.189392 
113.189087 
113.189392 
113.189392 
113.189392 
113.189087 
113.189087 
113.189392 
113.189087 
113.188477 
113.187866 
113.187561 
113.187561 
113.188782 
113.189697 
113.190002 
113.190308 
113.190308 
113.190308 
113.189697 
113.189392 
113.189087 
113.189087 
113.189087 
113.188782 
113.188782 
113.189087 
113.189087 
113.189087 
113.189392 
113.189697 
113.190002 
113.189392 
113.188782 
113.187561 
113.186951 
113.186951 
113.186951 
113.187256 
113.187561 
113.187256 
113.187866 
113.188171 
113.187866 
113.187866 
113.188171 
113.188171 
113.187866 
113.188171 
113.187866 
113.187256 
113.186646 
113.186951 
113.187866 
113.188477 
113.189087 
113.189392 
113.189697 
113.189392 
113.189087 
113.188782 
113.188782 
113.189087 
113.189392 
113.189087 
113.189087 
113.188782 
113.189087 
113.189087 
113.189392 
113.189697 
113.190002 
113.190308 
113.189087 
113.188171 
113.187866 
113.187866 
113.188171 
113.188477 
113.188477 
113.188171 
113.188782 
113.189087 
113.189087 
113.188782 
113.189087 
113.189392 
113.188477 
113.188782 
113.188171 
113.188171 
113.187866 
113.187561 
113.188477 
113.189697 
113.190002 
113.190613 
113.190918 
113.190613 
113.190308 
113.190002 
113.190002 
113.190002 
113.190002 
113.189697 
113.189697 
113.189392 
113.189697 
113.189697 
113.190308 
113.190002 
113.190308 
113.190002 
113.189087 
113.188171 
113.187256 
113.187561 
113.187866 
113.187866 
113.188171 
113.188171 
113.188782 
113.188782 
113.188477 
113.188477 
113.188477 
113.188477 
113.188477 
113.188171 
113.187561 
113.187561 
113.186646 
113.186646 
113.187866 
113.188477 
113.189392 
113.189087 
113.189087 
113.189087 
113.188782 
113.188782 
113.188171 
113.188171 
113.188171 
113.188171 
113.188171 
113.188477 
113.188477 
113.188782 
113.188782 
113.189087 
113.189087 
113.189087 
113.188171 
113.187256 
113.186646 
113.186340 
113.186951 
113.186646 
113.187256 
113.187561 
113.187256 
113.187866 
113.187561 
113.187561 
113.187866 
113.187866 
113.187561 
113.187866 
113.186951 
113.186646 
113.186951 
113.186951 
113.188171 
113.188477 
113.189392 
113.189392 
113.189697 
113.189392 
113.189087 
113.188782 
113.188782 
113.189087 
113.188782 
113.189087 
113.188477 
113.189087 
113.189087 
113.189087 
113.190002 
113.190002 
113.190002 
113.190002 
113.189087 
113.188171 
113.187561 
113.187866 
113.188171 
113.187561 
113.188477 
113.188477 
113.188477 
113.188477 
113.188782 
113.188171 
113.188477 
113.188477 
113.187866 
113.188477 
113.188477 
113.187256 
113.187561 
113.187561 
113.188477 
113.189392 
113.189697 
113.190308 
113.189697 
113.189697 
113.189392 
113.188477 
113.188477 
113.188782 
113.188782 
113.188477 
113.188782 
113.188782 
113.188782 
113.189087 
113.189087 
113.189697 
113.190002 
113.189392 
113.188782 
113.187561 
113.186951 
113.186951 
113.187256 
113.187866 
113.187256 
113.187866 
113.187866 
113.188171 
113.188171 
113.187866 
113.187866 
113.187866 
113.187561 
113.187866 
113.187561 
113.186951 
113.186646 
113.186951 
113.187561 
113.189087 
113.189087 
113.189392 
113.189392 
113.189392 
113.189087 
113.188782 
113.188477 
113.188477 
113.188782 
113.188477 
113.188782 
113.188782 
113.188782 
113.189087 
113.188782 
113.189697 
113.189392 
113.189392 
113.188171 
113.187866 
113.187256 
113.186951 
113.187866 
113.187561 
113.187866 
113.188171 
113.188171 
113.188477 
113.188171 
113.188477 
113.188171 
113.188171 
113.188171 
113.187866 
113.187561 
113.187561 
113.186951 
113.187866 
113.188171 
113.189697 
113.189697 
113.190002 
113.190002 
113.189697 
113.189392 
113.189087 
113.189087 
113.189087 
113.188782 
113.188782 
113.188782 
113.189087 
113.188782 
113.189392 
113.189392 
113.189697 
113.190308 
113.189392 
113.188477 
113.187866 
113.187256 
113.187561 
113.187866 
113.188171 
113.187866 
113.188171 
113.188171 
113.188477 
113.188477 
113.188782 
113.188171 
113.188171 
113.188171 
113.187866 
113.187256 
113.186951 
113.186951 
113.187256 
113.188171 
113.189087 
113.189392 
113.189392 
113.189392 
113.189087 
113.188782 
113.188782 
113.188782 
113.188477 
113.188782 
113.188171 
113.188171 
113.188477 
113.188782 
113.188477 
113.189087 
113.189392 
113.189392 
113.189087 
113.188171 
113.187561 
113.186646 
113.186951 
113.187256 
113.187256 
113.187866 
113.187561 
113.187866 
113.188171 
113.187561 
113.187866 
113.187866 
113.187561 
113.187561 
113.187561 
113.186951 
113.187256 
113.186340 
113.186951 
113.188171 
113.189087 
113.188782 
113.189087 
113.189087 
113.189087 
113.189087 
113.188782 
113.188477 
113.188477 
113.188477 
113.188477 
113.188477 
113.188782 
113.188477 
113.189087 
113.189392 
113.189087 
113.189392 
113.189392 
113.188171 
113.187561 
113.186951 
113.187561 
113.187561 
113.187561 
113.187866 
113.187866 
113.187866 
113.188171 
113.188477 
113.188477 
113.188477 
113.188171 
113.187866 
113.188171 
113.187561 
113.186951 
113.186951 
113.187561 
113.188477 
113.189087 
113.189392 
113.189697 
113.189087 
113.189087 
113.189087 
113.189087 
113.188782 
113.188477 
113.188782 
113.188477 
113.188477 
113.188782 
113.188782 
113.188782 
113.188782 
113.189697 
113.189697 
113.189697 
113.188171 
113.187256 
113.186951 
113.187256 
113.187256 
113.187561 
113.187561 
113.188477 
113.187866 
113.188171 
113.188171 
113.188171 
113.188171 
113.187866 
113.187561 
113.187561 
113.187256 
113.186646 
113.186646 
113.187256 
113.187866 
113.189087 
113.188782 
113.189392 
113.189087 
113.189087 
113.188782 
113.188477 
113.188477 
113.188782 
113.188477 
113.188782 
113.188477 
113.188171 
113.188782 
113.188782 
113.189087 
113.189697 
113.189392 
113.189087 
113.187866 
113.187256 
113.186951 
113.187256 
113.187561 
113.187561 
113.187561 
113.187866 
113.188477 
113.187866 
113.187866 
113.188171 
113.187866 
113.188171 
113.187866 
113.187561 
113.187561 
113.187256 
113.186646 
113.187256 
113.188171 
113.189087 
113.189087 
113.189697 
113.189392 
113.189087 
113.189087 
113.188477 
113.188477 
113.189087 
113.188782 
113.188782 
113.188782 
113.188782 
113.188782 
113.189087 
113.189392 
113.189087 
113.189697 
113.189392 
113.188477 
113.187561 
113.186951 
113.187561 
113.187256 
113.187561 
113.187561 
113.187561 
113.188171 
113.187866 
113.188477 
113.187866 
113.187866 
113.187866 
113.187256 
113.187866 
113.187256 
113.186646 
113.186951 
113.186646 
113.188171 
113.188477 
113.188782 
113.189087 
113.189087 
113.189087 
113.189087 
113.188477 
113.188477 
113.188477 
113.188477 
113.188477 
113.188477 
113.188782 
113.188782 
113.189087 
113.189087 
113.189087 
113.189087 
113.189087 
113.188171 
113.186951 
113.186646 
113.187256 
113.187561 
113.187561 
113.187256 
113.187866 
113.187866 
113.187561 
113.187561 
113.187561 
113.187561 
113.187561 
113.187561 
113.187561 
113.186951 
113.187256 
113.186646 
113.187256 
113.187866 
113.189087 
113.189697 
113.189392 
113.189697 
113.189087 
113.189087 
113.188477 
113.188477 
113.188782 
113.188477 
113.188171 
113.188477 
113.188477 
113.188782 
113.188782 
113.189087 
113.189392 
113.189392 
113.189087 
113.187866 
113.187561 
113.186646 
113.187561 
113.187256 
113.187561 
113.188171 
113.187561 
113.188477 
113.187866 
113.187866 
113.188477 
113.187866 
113.187561 
113.187866 
113.187866 
113.186951 
113.186646 
113.186951 
113.187256 
113.188171 
113.189392 
113.189392 
113.189697 
113.189392 
113.189392 
113.189087 
113.188477 
113.188782 
113.188782 
113.188782 
113.188477 
113.188477 
113.188782 
113.188477 
113.189087 
113.188782 
113.189392 
113.189697 
113.189087 
113.188171 
113.186951 
113.186646 
113.187256 
113.187256 
113.186951 
113.187256 
113.187866 
113.187866 
113.188477 
113.188171 
113.188171 
113.187866 
113.187866 
113.187866 
113.187561 
113.186951 
113.186951 
113.186646 
113.187256 
113.188477 
113.188782 
113.189087 
113.189087 
113.189087 
113.189087 
113.188477 
113.188477 
113.187866 
113.188171 
113.188477 
113.188171 
113.188477 
113.188171 
113.188171 
113.188477 
113.189087 
113.189392 
113.189392 
113.188782 
113.187561 
113.187256 
113.186340 
113.187256 
113.186951 
113.187256 
113.187561 
113.187866 
113.187866 
113.187561 
113.187256 
113.187256 
113.187866 
113.187866 
113.187256 
113.187561 
113.186951 
113.186951 
113.186646 
113.187256 
113.188171 
113.188782 
113.189087 
113.189392 
113.189087 
113.189087 
113.188477 
113.188782 
113.188782 
113.188477 
113.188477 
113.188171 
113.188477 
113.188477 
113.188477 
113.188477 
113.189087 
113.189087 
113.189697 
113.189087 
113.187866 
113.186951 
113.186951 
113.187256 
113.186951 
113.187256 
113.187561 
113.187866 
113.188171 
113.188171 
113.187866 
113.187866 
113.188171 
113.187866 
113.187866 
113.187561 
113.187256 
113.186951 
113.186340 
113.186951 
113.188171 
113.189087 
113.189392 
113.189087 
113.189087 
113.188782 
113.189087 
113.188477 
113.188171 
113.188782 
113.188477 
113.188477 
113.188477 
113.188782 
113.188477 
113.188782 
113.188782 
113.189087 
113.189392 
113.188782 
113.187561 
113.186951 
113.186646 
113.186646 
113.187256 
113.186951 
113.187256 
113.187561 
113.188171 
113.187866 
113.187866 
113.187866 
113.187866 
113.187561 
113.187866 
113.187561 
113.187256 
113.186340 
113.186340 
113.187256 
113.188171 
113.188782 
113.189087 
113.189392 
113.189087 
113.188782 
113.188477 
113.188171 
113.187866 
113.188477 
113.187866 
113.188171 
113.187866 
113.188171 
113.188477 
113.188782 
113.189392 
113.189392 
113.189392 
113.188782 
113.187866 
113.187256 
113.186646 
113.186951 
113.187561 
113.187561 
113.187561 
113.187561 
113.187866 
113.187866 
113.187866 
113.187866 
113.188171 
113.187561 
113.187561 
113.187561 
113.186951 
113.186646 
113.186646 
113.187256 
113.188782 
113.189087 
113.189087 
113.189697 
113.189087 
113.189087 
113.188782 
113.188782 
113.188171 
113.188782 
113.188782 
113.188477 
113.188477 
113.188171 
113.188477 
113.189087 
113.189087 
113.189697 
113.189392 
113.188782 
113.187561 
113.186951 
113.186951 
113.186951 
113.187561 
113.187561 
113.187256 
113.187866 
113.187866 
113.187866 
113.188171 
113.187561 
113.188171 
113.187866 
113.187256 
113.187561 
113.186951 
113.186646 
113.186340 
113.187256 
113.188477 
113.188782 
113.189087 
113.189392 
113.189087 
113.189087 
113.188477 
113.188171 
113.188782 
113.188477 
113.188477 
113.188477 
113.188477 
113.188171 
113.188477 
113.188477 
113.188782 
113.189392 
113.189392 
113.188782 
113.187256 
113.186646 
113.186646 
113.186951 
113.187561 
113.187256 
113.187561 
113.187866 
113.188171 
113.187561 
113.187866 
113.187561 
113.188171 
113.187866 
113.187561 
113.186951 
113.186951 
113.186646 
113.186646 
113.187561 
113.188171 
113.189087 
113.189087 
113.189087 
113.189087 
113.189087 
113.189087 
113.188477 
113.188782 
113.188171 
113.188477 
113.188477 
113.188477 
113.188782 
113.188477 
113.188782 
113.189087 
113.189392 
113.189392 
113.188782 
113.187561 
113.186951 
113.186951 
113.187256 
113.187256 
113.187561 
113.187561 
113.187866 
113.187561 
113.187561 
113.187866 
113.187866 
113.187866 
113.187256 
113.187866 
113.187256 
113.186951 
113.186646 
113.186646 
113.186951 
113.188171 
113.189087 
113.189392 
113.189087 
113.189087 
113.189087 
113.188782 
113.188171 
113.188477 
113.188477 
113.188477 
113.188171 
113.187866 
113.188477 
113.188782 
113.188171 
113.188782 
113.189392 
113.189087 
113.188477 
113.187256 
113.186340 
113.186951 
113.186951 
113.187561 
113.187561 
113.187561 
113.188477 
113.187561 
113.187866 
113.187561 
113.187561 
113.188171 
113.187866 
113.187561 
113.187256 
113.186646 
113.186646 
113.186646 
113.186951 
113.188477 
113.188782 
113.189087 
113.189392 
113.189392 
113.189087 
113.188477 
113.188477 
113.188171 
113.188171 
113.188171 
113.188782 
113.188171 
113.188171 
113.188782 
113.188782 
113.189087 
113.189087 
113.189392 
113.188782 
113.187561 
113.187256 
113.186951 
113.187256 
113.187256 
113.187256 
113.187561 
113.187866 
113.187866 
113.187561 
113.187866 
113.188171 
113.187866 
113.188171 
113.187561 
113.186951 
113.186646 
113.186340 
113.186646 
113.187256 
113.188477 
113.189087 
113.189087 
113.189392 
113.189392 
113.188782 
113.188477 
113.188171 
113.188171 
113.188171 
113.188477 
113.188171 
113.188477 
113.188782 
113.188171 
113.188782 
113.189392 
113.188782 
113.189087 
113.188477 
113.187561 
113.186951 
113.186646 
113.187256 
113.187256 
113.187561 
113.187561 
113.187561 
113.187866 
113.187561 
113.187561 
113.187866 
113.187866 
113.187561 
113.188171 
113.187256 
113.186646 
113.186340 
113.186646 
113.187561 
113.188477 
113.189087 
113.189087 
113.189087 
113.189087 
113.188782 
113.188477 
113.188171 
113.188171 
113.188171 
113.188477 
113.188477 
113.188477 
113.188477 
113.188477 
113.188477 
113.189087 
113.189392 
113.189392 
113.188171 
113.187561 
113.186951 
113.186646 
113.186951 
113.187561 
113.187561 
113.187561 
113.187866 
113.187561 
113.188171 
113.187866 
113.187866 
113.187561 
113.187561 
113.187561 
113.187256 
113.186951 
113.186340 
113.186340 
113.187561 
113.188477 
113.189087 
113.189087 
113.189087 
113.188477 
113.188477 
113.188477 
113.187866 
113.188171 
113.188477 
113.188171 
113.188477 
113.188171 
113.188477 
113.188477 
113.188782 
113.189087 
113.189087 
113.189087 
113.188477 
113.187256 
113.186646 
113.186646 
113.187256 
113.187256 
113.187561 
113.187561 
113.187866 
113.188171 
113.187561 
113.187561 
113.187866 
113.187866 
113.187866 
113.187256 
113.187561 
113.186951 
113.186646 
113.186035 
113.187561 
113.188477 
113.189392 
113.189087 
113.189087 
113.189087 
113.188782 
113.188477 
113.188477 
113.188171 
113.188171 
113.188477 
113.188477 
113.188171 
113.188477 
113.188782 
113.189087 
113.188782 
113.189697 
113.189392 
113.188782 
113.187866 
113.186951 
113.186646 
113.186951 
113.187256 
113.187256 
113.187561 
113.187256 
113.187866 
113.187866 
113.187256 
113.187561 
113.187866 
113.187561 
113.187561 
113.187256 
113.186646 
113.186646 
113.186646 
113.187561 
113.188782 
113.188782 
113.189087 
113.189087 
113.188782 
113.188782 
113.188477 
113.188477 
113.187866 
113.188171 
113.188782 
113.188171 
113.188171 
113.188171 
113.188477 
113.188477 
113.189087 
113.189392 
113.189087 
113.188171 
113.187256 
113.186646 
113.186035 
113.187256 
113.186951 
113.187256 
113.187866 
113.187256 
113.187561 
113.187561 
113.187561 
113.187866 
113.187866 
113.187256 
113.187561 
113.186951 
113.186646 
113.186340 
113.186340 
113.187561 
113.188477 
113.189087 
113.188782 
113.188782 
113.188782 
113.188782 
113.188171 
113.188171 
113.188477 
113.187866 
113.188477 
113.188171 
113.188477 
113.188477 
113.188477 
113.188782 
113.189087 
113.189392 
113.188782 
113.188477 
113.187256 
113.186646 
113.186951 
113.187256 
113.187561 
113.187561 
113.187561 
113.187561 
113.187561 
113.187866 
113.187866 
113.188171 
113.188171 
113.187866 
113.187256 
113.186951 
113.186340 
113.186340 
113.186340 
113.187561 
113.188477 
113.189087 
113.189087 
113.189392 
113.188477 
113.188782 
113.188171 
113.188171 
113.188171 
113.188171 
113.188171 
113.187866 
113.188477 
113.188171 
113.188171 
113.188477 
113.189087 
113.189392 
113.188782 
113.187866 
113.187256 
113.186340 
113.186646 
113.186646 
113.186951 
113.186951 
113.187561 
113.187561 
113.187866 
113.187561 
113.187561 
113.187866 
113.187256 
113.187866 
113.187256 
113.186646 
113.186646 
113.186035 
113.186646 
113.187256 
113.188171 
113.189087 
113.189392 
113.189087 
113.188782 
113.188477 
113.188782 
113.188477 
113.188171 
113.188477 
113.187866 
113.188171 
113.188171 
113.188477 
113.188477 
113.188477 
113.189087 
113.189087 
113.189087 
113.188171 
113.187256 
113.186646 
113.186646 
113.186951 
113.186951 
113.187561 
113.187866 
113.188171 
113.187866 
113.187561 
113.188171 
113.187866 
113.187866 
113.187866 
113.187561 
113.187256 
113.186646 
113.186340 
113.186951 
113.187256 
113.188477 
113.188782 
113.189392 
113.189087 
113.189087 
113.188782 
113.188477 
113.188477 
113.188171 
113.188171 
113.188171 
113.188477 
113.188171 
113.188782 
113.188477 
113.188171 
113.189087 
113.189087 
113.189087 
113.188171 
113.186951 
113.186646 
113.186951 
113.186951 
113.187256 
113.187256 
113.187256 
113.187561 
113.187866 
113.187866 
113.188171 
113.187561 
113.187866 
113.187561 
113.187561 
113.187256 
113.186646 
113.186035 
113.186646 
113.187561 
113.188782 
113.189087 
113.189087 
113.188782 
113.188782 
113.188782 
113.188782 
113.188171 
113.188782 
113.188477 
113.188477 
113.188171 
113.188171 
113.188477 
113.188782 
113.188477 
113.189087 
113.189087 
113.188782 
113.188171 
113.186951 
113.186340 
113.186646 
113.186951 
113.187256 
113.187256 
113.187561 
113.187561 
113.187561 
113.187561 
113.188171 
113.187866 
113.187561 
113.187561 
113.186951 
113.186951 
113.186951 
113.186646 
113.186951 
113.187866 
113.188782 
113.189087 
113.189087 
113.189087 
113.188477 
113.188477 
113.188782 
113.188477 
113.188171 
113.188171 
113.188171 
113.187866 
113.188477 
113.188477 
113.188477 
113.188477 
113.189087 
113.189392 
113.188782 
113.188171 
113.186646 
113.186951 
113.187256 
113.187561 
113.187561 
113.187561 
113.187561 
113.187866 
113.187561 
113.187561 
113.187256 
113.187561 
113.187561 
113.187866 
113.187256 
113.187256 
113.186340 
113.186340 
113.186646 
113.187561 
113.188782 
113.188782 
113.189087 
113.188782 
113.188477 
113.188782 
113.188477 
113.188477 
113.188171 
113.188171 
113.187866 
113.188171 
113.188477 
113.188477 
113.188477 
113.188477 
113.188782 
113.189392 
113.189392 
113.187866 
113.186951 
113.186951 
113.186646 
113.187256 
113.187256 
113.186951 
113.187561 
113.187561 
113.187561 
113.187561 
113.187561 
113.187866 
113.187866 
113.187866 
113.187561 
113.186951 
113.186646 
113.186646 
113.186646 
113.187866 
113.188782 
113.189087 
113.189392 
113.188782 
113.188782 
113.188782 
113.188171 
113.188171 
113.188477 
113.187866 
113.188171 
113.188477 
113.188171 
113.188477 
113.188477 
113.188782 
113.189392 
113.189392 
113.189087 
113.187561 
113.186951 
113.186951 
113.186340 
113.187561 
113.186646 
113.187866 
113.187561 
113.187866 
113.187561 
113.187561 
113.187866 
113.187561 
113.187866 
113.187561 
113.187561 
113.186951 
113.186646 
113.186340 
113.186646 
113.187561 
113.188782 
113.189087 
113.189392 
113.189392 
113.188782 
113.188782 
113.188171 
113.188171 
113.188171 
113.188171 
113.187866 
113.188171 
113.188782 
113.188477 
113.188477 
113.188782 
113.189392 
113.189392 
113.188782 
113.187866 
113.186646 
113.186646 
113.186951 
113.187256 
113.187561 
113.187256 
113.187256 
113.187866 
113.187561 
113.187866 
113.187561 
113.187256 
113.187256 
113.187561 
113.187866 
113.187256 
113.186646 
113.186646 
113.186340 
113.187866 
113.188477 
113.189087 
113.189392 
113.189087 
113.188782 
113.188782 
113.188477 
113.188171 
113.188477 
113.188477 
113.188171 
113.188477 
113.188477 
113.188477 
113.188477 
113.188477 
113.189087 
113.189392 
113.188782 
113.187866 
113.186951 
113.186646 
113.186951 
113.187256 
113.186951 
113.187256 
113.187561 
113.187561 
113.187561 
113.187866 
113.187866 
113.187866 
113.187561 
113.187866 
113.187256 
113.186646 
113.186646 
113.186646 
113.186646 
113.187866 
113.188782 
113.188782 
113.189392 
113.188782 
113.188477 
113.188782 
113.188171 
113.188171 
113.188477 
113.187866 
113.188477 
113.188171 
113.187866 
113.188171 
113.188782 
113.188782 
113.188782 
113.188782 
113.188477 
113.187561 
113.186646 
113.186646 
113.187256 
113.187561 
113.187256 
113.187561 
113.187256 
113.187866 
113.187561 
113.187561 
113.187866 
113.187561 
113.187561 
113.187561 
113.187561 
113.187256 
113.186646 
113.186646 
113.186951 
113.187866 
113.189087 
113.189087 
113.189392 
113.188477 
113.188171 
113.186646 
113.184814 
113.182068 
113.179626 
113.175964 
113.171692 
113.167419 
113.162231 
113.157654 
113.152466 
113.146667 
113.140869 
113.134155 
113.126526 
113.118591 
113.109741 
113.102417 
113.094788 
113.085938 
113.078003 
113.069458 
113.061218 
113.051758 
113.041992 
113.032837 
113.023071 
113.013000 
113.003235 
112.992554 
112.982178 
112.971191 
112.959900 
112.949524 
112.939453 
112.929382 
112.919617 
112.908936 
112.898560 
112.887268 
112.875671 
112.864380 
112.853394 
112.841492 
112.830811 
112.819519 
112.808228 
112.797852 
112.786560 
112.775879 
112.764587 
112.752991 
112.742920 
112.731323 
112.720032 
112.707825 
112.695618 
112.684326 
112.673645 
112.662659 
112.652588 
112.641602 
112.630920 
112.620544 
112.609558 
112.598572 
112.588501 
112.576904 
112.565918 
112.555237 
112.544250 
112.533264 
112.522583 
112.510986 
112.501221 
112.491760 
112.481995 
112.471619 
112.461243 
112.451172 
112.440186 
112.429199 
112.418213 
112.407227 
112.397156 
112.386475 
112.376099 
112.365112 
112.355042 
112.344971 
112.334900 
112.324219 
112.314148 
112.304077 
112.293091 
112.281494 
112.270508 
112.259216 
112.249146 
112.238464 
112.228394 
112.218323 
112.208252 
112.198792 
112.187805 
112.177429 
112.167053 
112.156677 
112.145996 
112.135620 
112.124939 
112.114563 
112.103577 
112.092896 
112.082825 
112.073364 
112.064209 
112.054138 
112.043762 
112.033386 
112.022400 
112.012024 
112.001343 
111.990356 
111.979675 
111.969299 
111.958618 
111.948242 
111.937866 
111.927490 
111.916809 
111.906738 
111.896667 
111.886292 
111.875610 
111.864014 
111.852722 
111.841125 
111.831360 
111.820679 
111.810913 
111.800232 
111.789856 
111.779480 
111.769409 
111.758728 
111.748657 
111.737976 
111.727600 
111.716919 
111.706543 
111.695557 
111.684570 
111.674194 
111.664124 
111.654663 
111.645508 
111.634827 
111.624756 
111.614685 
111.603699 
111.593018 
111.582031 
111.571350 
111.561279 
111.550293 
111.539917 
111.529541 
111.518860 
111.509094 
111.498718 
111.488342 
111.478271 
111.468506 
111.457214 
111.445313 
111.434631 
111.423950 
111.413879 
111.403503 
111.393127 
111.383362 
111.373291 
111.363220 
111.352844 
111.342163 
111.332397 
111.321716 
111.311035 
111.300659 
111.290283 
111.279297 
111.268616 
111.258240 
111.248474 
111.239624 
111.229553 
111.219788 
111.210022 
111.199646 
111.188660 
111.178284 
111.166992 
111.156921 
111.146240 
111.135864 
111.125488 
111.114807 
111.104736 
111.094666 
111.084595 
111.074524 
111.064148 
111.053772 
111.043396 
111.032104 
111.021118 
111.009827 
110.999451 
110.989380 
110.979004 
110.969238 
110.958862 
110.949402 
110.938721 
110.928650 
110.917969 
110.907898 
110.897522 
110.887451 
110.876160 
110.865479 
110.854797 
110.844116 
110.834656 
110.825500 
110.815430 
110.805359 
110.795288 
110.785217 
110.774536 
110.763855 
110.753479 
110.742188 
110.731812 
110.721436 
110.710754 
110.700378 
110.689697 
110.679321 
110.669250 
110.659485 
110.648804 
110.639038 
110.627747 
110.616150 
110.605469 
110.594788 
110.584717 
110.574036 
110.564270 
110.554199 
110.543213 
110.533447 
110.523071 
110.513000 
110.502319 
110.492554 
110.481873 
110.471497 
110.461121 
110.449829 
110.439453 
110.428772 
110.419312 
110.409851 
110.401001 
110.390015 
110.380249 
110.369873 
110.359497 
110.349426 
110.338440 
110.327759 
110.317688 
110.307007 
110.296936 
110.286255 
110.276184 
110.265808 
110.255432 
110.245667 
110.235596 
110.225220 
110.214539 
110.202942 
110.191956 
110.181885 
110.171204 
110.161133 
110.151978 
110.143433 
110.136414 
110.129089 
110.122681 
110.117493 
110.112610 
110.108643 
110.106201 
110.103455 
110.101624 
110.099487 
110.097656 
110.097046 
110.097046 
110.097961 
110.098267 
110.098267 
110.098572 
110.098267 
110.098267 
110.098267 
110.097961 
110.097961 
110.097961 
110.098267 
110.098267 
110.098572 
110.099182 
110.098877 
110.099182 
110.100098 
110.100708 
110.100708 
110.100403 
110.100098 
110.099182 
110.099487 
110.099792 
110.100098 
110.101013 
110.101624 
110.101929 
110.102234 
110.103149 
110.102844 
110.103149 
110.104065 
110.103455 
110.103760 
110.103149 
110.103149 
110.102844 
110.103149 
110.104065 
110.104675 
110.105896 
110.106812 
110.106506 
110.107117 
110.106506 
110.105896 
110.106201 
110.105591 
110.105591 
110.105286 
110.105591 
110.105591 
110.105591 
110.106201 
110.106201 
110.106201 
110.106812 
110.106506 
110.105896 
110.104980 
110.104065 
110.104370 
110.104370 
110.104675 
110.104980 
110.104675 
110.105286 
110.105591 
110.104980 
110.105286 
110.105591 
110.105286 
110.104980 
110.104980 
110.104370 
110.104370 
110.103760 
110.103760 
110.104370 
110.105896 
