Blum, K. P., D’Incamps, B. L., Zytnicki, D., & Ting, L. H. (2017).
Force encoding in muscle spindles during stretch of
passive muscle. PLoS computational biology, 13(9), 
e1005767. <https://journals.plos.org/ploscompbiol/article?
id=10.1371/journal.pcbi.1005767>

cat medial gastrocnemius muscle lengths over t  (in 0.0005 s increments)
110.108948 
110.108643 
110.108337 
110.108948 
110.109863 
110.111389 
110.111694 
110.111084 
110.111084 
110.110474 
110.110474 
110.110168 
110.109253 
110.109558 
110.109863 
110.109558 
110.109863 
110.109558 
110.109863 
110.110168 
110.110474 
110.110779 
110.111389 
110.111084 
110.109863 
110.108337 
110.108032 
110.108032 
110.108643 
110.108948 
110.109863 
110.109863 
110.109863 
110.109863 
110.110168 
110.110474 
110.109863 
110.109863 
110.110168 
110.108948 
110.109253 
110.108337 
110.108643 
110.109558 
110.110168 
110.111694 
110.111084 
110.111694 
110.111389 
110.111084 
110.110474 
110.109863 
110.110168 
110.109863 
110.109863 
110.109253 
110.109863 
110.109558 
110.109863 
110.110474 
110.110474 
110.111084 
110.111389 
110.111084 
110.109863 
110.108337 
110.108337 
110.108337 
110.108643 
110.108948 
110.109253 
110.109863 
110.110168 
110.109863 
110.110168 
110.110168 
110.109863 
110.109863 
110.109558 
110.109863 
110.109253 
110.108643 
110.108643 
110.108948 
110.110168 
110.111389 
110.111694 
110.111389 
110.110779 
110.110779 
110.110168 
110.110168 
110.109863 
110.109863 
110.109863 
110.109558 
110.109863 
110.109558 
110.109863 
110.110168 
110.111084 
110.111084 
110.111389 
110.110779 
110.108948 
110.108032 
110.107727 
110.108643 
110.108948 
110.108948 
110.109253 
110.109558 
110.110168 
110.110474 
110.110779 
110.110168 
110.110779 
110.110779 
110.110779 
110.110779 
110.110779 
110.111084 
110.110779 
110.111694 
110.113831 
110.115051 
110.116272 
110.116882 
110.117493 
110.118408 
110.118713 
110.119629 
110.119934 
110.120850 
110.122070 
110.123901 
110.124817 
110.126648 
110.128174 
110.129700 
110.131531 
110.134583 
110.136414 
110.137634 
110.138550 
110.139160 
110.140686 
110.143127 
110.145569 
110.147705 
110.150452 
110.153503 
110.155945 
110.158386 
110.161438 
110.164185 
110.166626 
110.169373 
110.172119 
110.174255 
110.177002 
110.179749 
110.182190 
110.185852 
110.190430 
110.195007 
110.198059 
110.202026 
110.204773 
110.208435 
110.212097 
110.214844 
110.218506 
110.221558 
110.225525 
110.229187 
110.233154 
110.237732 
110.242004 
110.246887 
110.251465 
110.256653 
110.260925 
110.265198 
110.268250 
110.271912 
110.276184 
110.281067 
110.286255 
110.291443 
110.296631 
110.302429 
110.307922 
110.313110 
110.318604 
110.324097 
110.329590 
110.335388 
110.340881 
110.346680 
110.351563 
110.357666 
110.363464 
110.370178 
110.377808 
110.385742 
110.393066 
110.399170 
110.405884 
110.412903 
110.419312 
110.426025 
110.433044 
110.440369 
110.447693 
110.455322 
110.462952 
110.470581 
110.478821 
110.486450 
110.494385 
110.502930 
110.510864 
110.518494 
110.524292 
110.531006 
110.538330 
110.545654 
110.554199 
110.562134 
110.570068 
110.578003 
110.585938 
110.593567 
110.601501 
110.609436 
110.616760 
110.624390 
110.632019 
110.639343 
110.646667 
110.654297 
110.661621 
110.669861 
110.679626 
110.688782 
110.697327 
110.705566 
110.713501 
110.721741 
110.729675 
110.738220 
110.746155 
110.754700 
110.763245 
110.772095 
110.780640 
110.790100 
110.799866 
110.809326 
110.818787 
110.829163 
110.838318 
110.847473 
110.856018 
110.864868 
110.874023 
110.883484 
110.893860 
110.904236 
110.914307 
110.924988 
110.935364 
110.945740 
110.955811 
110.965881 
110.975952 
110.986328 
110.996399 
111.006165 
111.016235 
111.026001 
111.036377 
111.046753 
111.058350 
111.069946 
111.080933 
111.091309 
111.101379 
111.111145 
111.120911 
111.131287 
111.141052 
111.150818 
111.161499 
111.171265 
111.181946 
111.192322 
111.202698 
111.213379 
111.224365 
111.235046 
111.245422 
111.255493 
111.264038 
111.273804 
111.282959 
111.293640 
111.304321 
111.314392 
111.325073 
111.336060 
111.346130 
111.356812 
111.366882 
111.376953 
111.386719 
111.396484 
111.405640 
111.415405 
111.424866 
111.434021 
111.443176 
111.453247 
111.464233 
111.474609 
111.484375 
111.494141 
111.502991 
111.511536 
111.520691 
111.528931 
111.537781 
111.546936 
111.554871 
111.564026 
111.572571 
111.581421 
111.590271 
111.599121 
111.607971 
111.616821 
111.625366 
111.632996 
111.639404 
111.647034 
111.654663 
111.662598 
111.670837 
111.679077 
111.687622 
111.695251 
111.703186 
111.711426 
111.718445 
111.725769 
111.733704 
111.740723 
111.747742 
111.754456 
111.760864 
111.767578 
111.774292 
111.781616 
111.789856 
111.797485 
111.804810 
111.811829 
111.817932 
111.823730 
111.830444 
111.836243 
111.841736 
111.848145 
111.854248 
111.860657 
111.866150 
111.872559 
111.878662 
111.884766 
111.891174 
111.897583 
111.903076 
111.908569 
111.912842 
111.917114 
111.922302 
111.928711 
111.933594 
111.939087 
111.944885 
111.950684 
111.956482 
111.961365 
111.966553 
111.971741 
111.976318 
111.981201 
111.985779 
111.990051 
111.994324 
111.998291 
112.002563 
112.007751 
112.012939 
112.018738 
112.023315 
112.026978 
112.031555 
112.034912 
112.038269 
112.041931 
112.045288 
112.048645 
112.052307 
112.055664 
112.059326 
112.062988 
112.066956 
112.070007 
112.074280 
112.077942 
112.081299 
112.084045 
112.085571 
112.087708 
112.090454 
112.093506 
112.096252 
112.099609 
112.102661 
112.105408 
112.108765 
112.111206 
112.114258 
112.116089 
112.118835 
112.120667 
112.122498 
112.124329 
112.125854 
112.127380 
112.129211 
112.131958 
112.134399 
112.137451 
112.139587 
112.140808 
112.142334 
112.143250 
112.144165 
112.145386 
112.145996 
112.147217 
112.148132 
112.149048 
112.149963 
112.151184 
112.152405 
112.153320 
112.154846 
112.156067 
112.156677 
112.156982 
112.156067 
112.155762 
112.155457 
112.156372 
112.156677 
112.156982 
112.157898 
112.158813 
112.158813 
112.159119 
112.159729 
112.159119 
112.159729 
112.159424 
112.159119 
112.158813 
112.158508 
112.157898 
112.157593 
112.158203 
112.159424 
112.160339 
112.160645 
112.160339 
112.160034 
112.159729 
112.159424 
112.158813 
112.158203 
112.158508 
112.158508 
112.158508 
112.157593 
112.158203 
112.158508 
112.158203 
112.158813 
112.159119 
112.159424 
112.158813 
112.157288 
112.156067 
112.155457 
112.155457 
112.156067 
112.156067 
112.156677 
112.156677 
112.156982 
112.157288 
112.157593 
112.156982 
112.156677 
112.156677 
112.157288 
112.156372 
112.155762 
112.155762 
112.154846 
112.155762 
112.156982 
112.158203 
112.158203 
112.157898 
112.157593 
112.157288 
112.156982 
112.156677 
112.156372 
112.156067 
112.155762 
112.156067 
112.155762 
112.156067 
112.156067 
112.156677 
112.156982 
112.157288 
112.157288 
112.156982 
112.155151 
112.154541 
112.153931 
112.153931 
112.154236 
112.154846 
112.154846 
112.154541 
112.155762 
112.155762 
112.155457 
112.155762 
112.155762 
112.155151 
112.155457 
112.155151 
112.154846 
112.153931 
112.153625 
112.154846 
112.155457 
112.156677 
112.156677 
112.156677 
112.156067 
112.156067 
112.155762 
112.155151 
112.155151 
112.154846 
112.154541 
112.154236 
112.154541 
112.154541 
112.154541 
112.154846 
112.154846 
112.155762 
112.155457 
112.155457 
112.153931 
112.152405 
112.152405 
112.152405 
112.153015 
112.152710 
112.153625 
112.153931 
112.153931 
112.153931 
112.153931 
112.153931 
112.153931 
112.154236 
112.153931 
112.153320 
112.153625 
112.152710 
112.152405 
112.153015 
112.154541 
112.155151 
112.155457 
112.155457 
112.155151 
112.154541 
112.154541 
112.154236 
112.154236 
112.153931 
112.153625 
112.153625 
112.153625 
112.153931 
112.154236 
112.154236 
112.154846 
112.155457 
112.155457 
112.155457 
112.153931 
112.153015 
112.152710 
112.152405 
112.153015 
112.153320 
112.153931 
112.154236 
112.154541 
112.154541 
112.154846 
112.155151 
112.154541 
112.154541 
112.154541 
112.154236 
112.153931 
112.153625 
112.153320 
112.153931 
112.155457 
112.156372 
112.156982 
112.156372 
112.156372 
112.156067 
112.155762 
112.155151 
112.154846 
112.154846 
112.154541 
112.154846 
112.154541 
112.154846 
112.155151 
112.155151 
112.156067 
112.155762 
112.156067 
112.156067 
112.154541 
112.153625 
112.153015 
112.153320 
112.153625 
112.154236 
112.154236 
112.154541 
112.154541 
112.154846 
112.154846 
112.154541 
112.154846 
112.154541 
112.154236 
112.153931 
112.153625 
112.153015 
112.152710 
112.153320 
112.154846 
112.155762 
112.155762 
112.155457 
112.155151 
112.154846 
112.154541 
112.154541 
112.153931 
112.153625 
112.153625 
112.153625 
112.153931 
112.153931 
112.154236 
112.154236 
112.154541 
112.154846 
112.154846 
112.154846 
112.153320 
112.152100 
112.152100 
112.151794 
112.152405 
112.152710 
112.153015 
112.153320 
112.153625 
112.153625 
112.153625 
112.153625 
112.153625 
112.153625 
112.153320 
112.153320 
112.152710 
112.152100 
112.152100 
112.152710 
112.154236 
112.154846 
112.155457 
112.155151 
112.155151 
112.154541 
112.154236 
112.153931 
112.153625 
112.153625 
112.153931 
112.154236 
112.153931 
112.153931 
112.154236 
112.154236 
112.154846 
112.155151 
112.155762 
112.155151 
112.153625 
112.152710 
112.152100 
112.152405 
112.152710 
112.153015 
112.153320 
112.154236 
112.154541 
112.154236 
112.154236 
112.154236 
112.154541 
112.154541 
112.154236 
112.153931 
112.153931 
112.153320 
112.153015 
112.153320 
112.154846 
112.156067 
112.156677 
112.156067 
112.155457 
112.155457 
112.155151 
112.155151 
112.154541 
112.154236 
112.154236 
112.154236 
112.154236 
112.154236 
112.154541 
112.154846 
112.154846 
112.155151 
112.155762 
112.155151 
112.153931 
112.152710 
112.152405 
112.152405 
112.153015 
112.153015 
112.153625 
112.153931 
112.153931 
112.154236 
112.153931 
112.153931 
112.154236 
112.153931 
112.153625 
112.153320 
112.153015 
112.152405 
112.152405 
112.153320 
112.154236 
112.155151 
112.155151 
112.155151 
112.154846 
112.154846 
112.154541 
112.153931 
112.153320 
112.153320 
112.153625 
112.153320 
112.153625 
112.153625 
112.153625 
112.154236 
112.154236 
112.155151 
112.154846 
112.154236 
112.153320 
112.152100 
112.151794 
112.152100 
112.152405 
112.152405 
112.152710 
112.153625 
112.153625 
112.153320 
112.153931 
112.153625 
112.153931 
112.153625 
112.154236 
112.153625 
112.152710 
112.152710 
112.152405 
112.152710 
112.154541 
112.155151 
112.155151 
112.155151 
112.155151 
112.154541 
112.154541 
112.154236 
112.153625 
112.154236 
112.153931 
112.153625 
112.153931 
112.153931 
112.153931 
112.154541 
112.154846 
112.155457 
112.155762 
112.155151 
112.153625 
112.153015 
112.152710 
112.152405 
112.152710 
112.153625 
112.153931 
112.153931 
112.154236 
112.154541 
112.153931 
112.154541 
112.154236 
112.153931 
112.154236 
112.154236 
112.153320 
112.152710 
112.152710 
112.153015 
112.154236 
112.155762 
112.155762 
112.155151 
112.155151 
112.155151 
112.154541 
112.154236 
112.153625 
112.153625 
112.153625 
112.153625 
112.153931 
112.153931 
112.153931 
112.154541 
112.154846 
112.155151 
112.155151 
112.155151 
112.153015 
112.152405 
112.152100 
112.152710 
112.152405 
112.152405 
112.153015 
112.153625 
112.153931 
112.154236 
112.153625 
112.153625 
112.153625 
112.153931 
112.153015 
112.153015 
112.152710 
112.152100 
112.151794 
112.152710 
112.153931 
112.155151 
112.155151 
112.155151 
112.154846 
112.154541 
112.154236 
112.153625 
112.153625 
112.153320 
112.153931 
112.153320 
112.153015 
112.153625 
112.153625 
112.153931 
112.154236 
112.155151 
112.155151 
112.154236 
112.153015 
112.151794 
112.151794 
112.152100 
112.152405 
112.152710 
112.153320 
112.153625 
112.153931 
112.153931 
112.154236 
112.153931 
112.153625 
112.153931 
112.153931 
112.153625 
112.153015 
112.152710 
112.152405 
112.152710 
112.154236 
112.155151 
112.155151 
112.155457 
112.154846 
112.155151 
112.154541 
112.153931 
112.153931 
112.153625 
112.153625 
112.153931 
112.153625 
112.153931 
112.153931 
112.154541 
112.154846 
112.154846 
112.155762 
112.154541 
112.153320 
112.152405 
112.152100 
112.152100 
112.152710 
112.153015 
112.153320 
112.153625 
112.153625 
112.153931 
112.153931 
112.153625 
112.153625 
112.153625 
112.153625 
112.153320 
112.153015 
112.152405 
112.152405 
112.153015 
112.153931 
112.155457 
112.155762 
112.155151 
112.154846 
112.154236 
112.154236 
112.153931 
112.153625 
112.153320 
112.153320 
112.153320 
112.153625 
112.153320 
112.153625 
112.153931 
112.154236 
112.154541 
112.154846 
112.154541 
112.153320 
112.152100 
112.152100 
112.152405 
112.152405 
112.152100 
112.153015 
112.153320 
112.153625 
112.153931 
112.153320 
112.153625 
112.154236 
112.153320 
112.153320 
112.153015 
112.153015 
112.152405 
112.152405 
112.153015 
112.154236 
112.155151 
112.155151 
112.154846 
112.154541 
112.154236 
112.153931 
112.153625 
112.153320 
112.153625 
112.153320 
112.153320 
112.153015 
112.153625 
112.153931 
112.153931 
112.154541 
112.154846 
112.154846 
112.154541 
112.153320 
112.152100 
112.151794 
112.152710 
112.152710 
112.153015 
112.153320 
112.153625 
112.153625 
112.153931 
112.154236 
112.154236 
112.153931 
112.153931 
112.153625 
112.153320 
112.152710 
112.152405 
112.152100 
112.153015 
112.153931 
112.155457 
112.155762 
112.155151 
112.154846 
112.154541 
112.154541 
112.153931 
112.153625 
112.153931 
112.153931 
112.153625 
112.153625 
112.153625 
112.153625 
112.153625 
112.154541 
112.154846 
112.155457 
112.154541 
112.153015 
112.152100 
112.151794 
112.152100 
112.152405 
112.152710 
112.153320 
112.153625 
112.153625 
112.153625 
112.153320 
112.153320 
112.153931 
112.153931 
112.153320 
112.153015 
112.153015 
112.152405 
112.151794 
112.152405 
112.153931 
112.154846 
112.155151 
112.155151 
112.154846 
112.154541 
112.154236 
112.153931 
112.153625 
112.153320 
112.153625 
112.153320 
112.153320 
112.153320 
112.153625 
112.153625 
112.154236 
112.154541 
112.155151 
112.154236 
112.153015 
112.152100 
112.151489 
112.152100 
112.152100 
112.152710 
112.153015 
112.153625 
112.153625 
112.153320 
112.153625 
112.153625 
112.153320 
112.153625 
112.153625 
112.153320 
112.152405 
112.152405 
112.152100 
112.152405 
112.153625 
112.155457 
112.155762 
112.155151 
112.154541 
112.154541 
112.154236 
112.154236 
112.153931 
112.153320 
112.153015 
112.153625 
112.153625 
112.153625 
112.153625 
112.153931 
112.154846 
112.154541 
112.155457 
112.154541 
112.153320 
112.151794 
112.151794 
112.152100 
112.152100 
112.152710 
112.153320 
112.153625 
112.154236 
112.153931 
112.153931 
112.153931 
112.153931 
112.153931 
112.153931 
112.153625 
112.152710 
112.152100 
112.152100 
112.153015 
112.153931 
112.154846 
112.155151 
112.155151 
112.154846 
112.154541 
112.154236 
112.153625 
112.153625 
112.153320 
112.153015 
112.153320 
112.153015 
112.153320 
112.153625 
112.153625 
112.154541 
112.154846 
112.154846 
112.154236 
112.153015 
112.152100 
112.151794 
112.152405 
112.152100 
112.152405 
112.153015 
112.153625 
112.153320 
112.153625 
112.153931 
112.153625 
112.153625 
112.153625 
112.153931 
112.153320 
112.152405 
112.152405 
112.152100 
112.152710 
112.154236 
112.154846 
112.155151 
112.155151 
112.154846 
112.154236 
112.153931 
112.153625 
112.153320 
112.153015 
112.153320 
112.153625 
112.153015 
112.153320 
112.153625 
112.153931 
112.153931 
112.154541 
112.155457 
112.154541 
112.153320 
112.152100 
112.151794 
112.152100 
112.152405 
112.152710 
112.153015 
112.153625 
112.153931 
112.153931 
112.153931 
112.154236 
112.153931 
112.153320 
112.153625 
112.153320 
112.153320 
112.152405 
112.152100 
112.152710 
112.154236 
112.155151 
112.155151 
112.155151 
112.154846 
112.154541 
112.153931 
112.153931 
112.153931 
112.153931 
112.153320 
112.153320 
112.153320 
112.153625 
112.153625 
112.154236 
112.154236 
112.155151 
112.155457 
112.154541 
112.153320 
112.152100 
112.152100 
112.152100 
112.152100 
112.152405 
112.153015 
112.153320 
112.153931 
112.153931 
112.153625 
112.153931 
112.153320 
112.153625 
112.153625 
112.153015 
112.152405 
112.152405 
112.151794 
112.152710 
112.153931 
112.154541 
112.154846 
112.155151 
112.154541 
112.154541 
112.154236 
112.153625 
112.153625 
112.153625 
112.153320 
112.153320 
112.153320 
112.153320 
112.153625 
112.153931 
112.154541 
112.154541 
112.154846 
112.154236 
112.152710 
112.151794 
112.151794 
112.152100 
112.151794 
112.152100 
112.153015 
112.153320 
112.153625 
112.153931 
112.153625 
112.153625 
112.153625 
112.153625 
112.153320 
112.153015 
112.152405 
112.152405 
112.152100 
112.153015 
112.154236 
112.155457 
112.155151 
112.155151 
112.154846 
112.154541 
112.153931 
112.154236 
112.153625 
112.153320 
112.153320 
112.153625 
112.153015 
112.153320 
112.154236 
112.153931 
112.154236 
112.154846 
112.155457 
112.154541 
112.153320 
112.152100 
112.152100 
112.152405 
112.152405 
112.153015 
112.153320 
112.153320 
112.153931 
112.153931 
112.153625 
112.153625 
112.153931 
112.153625 
112.153625 
112.153015 
112.152710 
112.152405 
112.151794 
112.153015 
112.153931 
112.155151 
112.155151 
112.154846 
112.154846 
112.154541 
112.154236 
112.153931 
112.153625 
112.153320 
112.153320 
112.153320 
112.153320 
112.153625 
112.153931 
112.154236 
112.154236 
112.154846 
112.154846 
112.154541 
112.152710 
112.151794 
112.151794 
112.151794 
112.152100 
112.152405 
112.153015 
112.153320 
112.153625 
112.153931 
112.153625 
112.153625 
112.153625 
112.153320 
112.153320 
112.153320 
112.152405 
112.152100 
112.151794 
112.152710 
112.153931 
112.155151 
112.155151 
112.154541 
112.154846 
112.154236 
112.153625 
112.153931 
112.153320 
112.153320 
112.153015 
112.153015 
112.153320 
112.153320 
112.153320 
112.153931 
112.153931 
112.154846 
112.154846 
112.153931 
112.153015 
112.152100 
112.152100 
112.151794 
112.152405 
112.152710 
112.153015 
112.153320 
112.153625 
112.153625 
112.153625 
112.153625 
112.153625 
112.153625 
112.153320 
112.153320 
112.153015 
112.152405 
112.151794 
112.152710 
112.153931 
112.155151 
112.155457 
112.155151 
112.154541 
112.154541 
112.153931 
112.153625 
112.153625 
112.153625 
112.153320 
112.153015 
112.153625 
112.153625 
112.153625 
112.153625 
112.154236 
112.154541 
112.154846 
112.154541 
112.153320 
112.151794 
112.151794 
112.152100 
112.152405 
112.152710 
112.153320 
112.153320 
112.153320 
112.153931 
112.153931 
112.153931 
112.153625 
112.153625 
112.153625 
112.153015 
112.152405 
112.152405 
112.151794 
112.152405 
112.153931 
112.154846 
112.154846 
112.155151 
112.154541 
112.154541 
112.154236 
112.153931 
112.153320 
112.153320 
112.153320 
112.153320 
112.153625 
112.153320 
112.153320 
112.153931 
112.153931 
112.154846 
112.154846 
112.154541 
112.153015 
112.151794 
112.151794 
112.152100 
112.152710 
112.152710 
112.153015 
112.153320 
112.153320 
112.153625 
112.153625 
112.153625 
112.153625 
112.153625 
112.153015 
112.153015 
112.152100 
112.151794 
112.152100 
112.152405 
112.153320 
112.154846 
112.155457 
112.154846 
112.154236 
112.154236 
112.153931 
112.153625 
112.153625 
112.153320 
112.153015 
112.153015 
112.153320 
112.153320 
112.153320 
112.154236 
112.154236 
112.154541 
112.155151 
112.153931 
112.153015 
112.152100 
112.151794 
112.152405 
112.152100 
112.152710 
112.153015 
112.153320 
112.153625 
112.153320 
112.153320 
112.153931 
112.153931 
112.153625 
112.153625 
112.153015 
112.152710 
112.152100 
112.151794 
112.153015 
112.153625 
112.154846 
112.155762 
112.155151 
112.154846 
112.154541 
112.154236 
112.153931 
112.153320 
112.153320 
112.153320 
112.153320 
112.153625 
112.153931 
112.153015 
112.153931 
112.154236 
112.154846 
112.155151 
112.154236 
112.153015 
112.152405 
112.151794 
112.152100 
112.152405 
112.152710 
112.153015 
112.153625 
112.153931 
112.153931 
112.153625 
112.153625 
112.153625 
112.153625 
112.153625 
112.153015 
112.152710 
112.152100 
112.151794 
112.152710 
112.153931 
112.155151 
112.155151 
112.154541 
112.154541 
112.154236 
112.153931 
112.153320 
112.153015 
112.153015 
112.153625 
112.153015 
112.153320 
112.153015 
112.153320 
112.154236 
112.154236 
112.154236 
112.155151 
112.154236 
112.152710 
112.151794 
112.151794 
112.151794 
112.152405 
112.152710 
112.153015 
112.153015 
112.153625 
112.153931 
112.153625 
112.153931 
112.153625 
112.153625 
112.153625 
112.153320 
112.152710 
112.152100 
112.152100 
112.152710 
112.153931 
112.154846 
112.155151 
112.154846 
112.154846 
112.154541 
112.153931 
112.153931 
112.153320 
112.153625 
112.153320 
112.153625 
112.153015 
112.153625 
112.153625 
112.153931 
112.154236 
112.154541 
112.154846 
112.154236 
112.153015 
112.152405 
112.151794 
112.152100 
112.152100 
112.153015 
112.152710 
112.153625 
112.153625 
112.153320 
112.153931 
112.153931 
112.153625 
112.153320 
112.153931 
112.153320 
112.152710 
112.152405 
112.152100 
112.153015 
112.153931 
112.154846 
112.155457 
112.154846 
112.154541 
112.154541 
112.153931 
112.153625 
112.153625 
112.153320 
112.153320 
112.153015 
112.153625 
112.153320 
112.153320 
112.153931 
112.154236 
112.154541 
112.154846 
112.153931 
112.153320 
112.152100 
112.152100 
112.152100 
112.152710 
112.152710 
112.153320 
112.153320 
112.153320 
112.153625 
112.153625 
112.153625 
112.153625 
112.153625 
112.153320 
112.153320 
112.152405 
112.152405 
112.151794 
112.152405 
112.153625 
112.154846 
112.155457 
112.154846 
112.154541 
112.154541 
112.153931 
112.153625 
112.153320 
112.153320 
112.153320 
112.152710 
112.153320 
112.153015 
112.153625 
112.153931 
112.154236 
112.154541 
112.154846 
112.154541 
112.152710 
112.152100 
112.151794 
112.152100 
112.152710 
112.152710 
112.153015 
112.153320 
112.153320 
112.153320 
112.153625 
112.153625 
112.153625 
112.153320 
112.153625 
112.152710 
112.152100 
112.151794 
112.152100 
112.152405 
112.153931 
112.155151 
112.154846 
112.154846 
112.154236 
112.154236 
112.154236 
112.153625 
112.153320 
112.153015 
112.153625 
112.153320 
112.153320 
112.153625 
112.153625 
112.153931 
112.154236 
112.154846 
112.155151 
112.154541 
112.153015 
112.152100 
112.152100 
112.151794 
112.152100 
112.152710 
112.153320 
112.153320 
112.153625 
112.153625 
112.153625 
112.153625 
112.153320 
112.153931 
112.153320 
112.153015 
112.152710 
112.152710 
112.151794 
112.153320 
112.154541 
112.155457 
112.155151 
112.155151 
112.154846 
112.154541 
112.154236 
112.153320 
112.153320 
112.153320 
112.153320 
112.153320 
112.153320 
112.153015 
112.153015 
112.153625 
112.154236 
112.154541 
112.154846 
112.154236 
112.153015 
112.152405 
112.151794 
112.151794 
112.152405 
112.152405 
112.153015 
112.153320 
112.153625 
112.153625 
112.153931 
112.153625 
112.153320 
112.153320 
112.153625 
112.153320 
112.153015 
112.152100 
112.152100 
112.152405 
112.154236 
112.154846 
112.154846 
112.154846 
112.154541 
112.154541 
112.153931 
112.153625 
112.153320 
112.153320 
112.153015 
112.153015 
112.153320 
112.153320 
112.153320 
112.153625 
112.154236 
112.154236 
112.154846 
112.154541 
112.153015 
112.151489 
112.151794 
112.151794 
112.152405 
112.152405 
112.153015 
112.153320 
112.153320 
112.153625 
112.153625 
112.153320 
112.153931 
112.153931 
112.153625 
112.153015 
112.152710 
112.152100 
112.151794 
112.152405 
112.153931 
112.154846 
112.155151 
112.154846 
112.154541 
112.153931 
112.153931 
112.153625 
112.153320 
112.153320 
112.153320 
112.153015 
112.153015 
112.153320 
112.153015 
112.153931 
112.154236 
112.154541 
112.154846 
112.154236 
112.152710 
112.151794 
112.151794 
112.152100 
112.152405 
112.153015 
112.153015 
112.153625 
112.153320 
112.153625 
112.153320 
112.153931 
112.153320 
112.153320 
112.153931 
112.153015 
112.152405 
112.152100 
112.152405 
112.153015 
112.153931 
112.155457 
112.155151 
112.154846 
112.154846 
112.154236 
112.153931 
112.153625 
112.153625 
112.153015 
112.153015 
112.153320 
112.153320 
112.153015 
112.153320 
112.153625 
112.153931 
112.154541 
112.155151 
112.154541 
112.152710 
112.152100 
112.151794 
112.151794 
112.152100 
112.152710 
112.153320 
112.153015 
112.153625 
112.153931 
112.153320 
112.153625 
112.153625 
112.153625 
112.153015 
112.153320 
112.152710 
112.152100 
112.151794 
112.152710 
112.153931 
112.155151 
112.155457 
112.154846 
112.154846 
112.154236 
112.154236 
112.153625 
112.153625 
112.153320 
112.153625 
112.153015 
112.153320 
112.153320 
112.153625 
112.153625 
112.154236 
112.154846 
112.154846 
112.154541 
112.153015 
112.151489 
112.151794 
112.152100 
112.152100 
112.152100 
112.152405 
112.153320 
112.153625 
112.153320 
112.153931 
112.153320 
112.153625 
112.153015 
112.153320 
112.152710 
112.152405 
112.152100 
112.152100 
112.152405 
112.153931 
112.155151 
112.155457 
112.154846 
112.154846 
112.154541 
112.153931 
112.153320 
112.153320 
112.153625 
112.153320 
112.153320 
112.153320 
112.153320 
112.153625 
112.154236 
112.154541 
112.154541 
112.154846 
112.154541 
112.153015 
112.151489 
112.151794 
112.151794 
112.152100 
112.152710 
112.153015 
112.153015 
112.153625 
112.153625 
112.153320 
112.153625 
112.153625 
112.153625 
112.153015 
112.153015 
112.152405 
112.152405 
112.152100 
112.152710 
112.154236 
112.154846 
112.155457 
112.155151 
112.154846 
112.154541 
112.154236 
112.153931 
112.153625 
112.153320 
112.153320 
112.153015 
112.153320 
112.153320 
112.153320 
112.153931 
112.154236 
112.154541 
112.155151 
112.154236 
112.152710 
112.152100 
112.151794 
112.152100 
112.152405 
112.152710 
112.152710 
112.153015 
112.153625 
112.153320 
112.153931 
112.153625 
112.153625 
112.153625 
112.153625 
112.153320 
112.152100 
112.152405 
112.152100 
112.152710 
112.154236 
112.155151 
112.154846 
112.155151 
112.154541 
112.154846 
112.153931 
112.153625 
112.153931 
112.153320 
112.153320 
112.153320 
112.153320 
112.153015 
112.153015 
112.153931 
112.154236 
112.154541 
112.154846 
112.153931 
112.153015 
112.151794 
112.151794 
112.151794 
112.152100 
112.152405 
112.153015 
112.153625 
112.153625 
112.153625 
112.153320 
112.153625 
112.153625 
112.153931 
112.153320 
112.153015 
112.153320 
112.152405 
112.151794 
112.152710 
112.154236 
112.154846 
112.155457 
112.154846 
112.154236 
112.154541 
112.154236 
112.153931 
112.153320 
112.153015 
112.153320 
112.153625 
112.153015 
112.153625 
112.153320 
112.153625 
112.153931 
112.154541 
112.154846 
112.154236 
112.153015 
112.151794 
112.151489 
112.152100 
112.152405 
112.152710 
112.153320 
112.153625 
112.153320 
112.153320 
112.153625 
112.153625 
112.153320 
112.153320 
112.153625 
112.153015 
112.152710 
112.151794 
112.151794 
112.153015 
112.153931 
112.155457 
112.155151 
112.155151 
112.154846 
112.154236 
112.153931 
112.153931 
112.153625 
112.153015 
112.153320 
112.153625 
112.153320 
112.153931 
112.153320 
112.153931 
112.154236 
112.154846 
112.155151 
112.154236 
112.153015 
112.152405 
112.152100 
112.152100 
112.152405 
112.152710 
112.153015 
112.153320 
112.153625 
112.153320 
112.153931 
112.153931 
112.153625 
112.153320 
112.153320 
112.153015 
112.153015 
112.152100 
112.152405 
112.152710 
112.153625 
112.154846 
112.155151 
112.154541 
112.154846 
112.154541 
112.154236 
112.153625 
112.153320 
112.153320 
112.153320 
112.153320 
112.153320 
112.153320 
112.153320 
112.153931 
112.154236 
112.154541 
112.155151 
112.154236 
112.152710 
112.151794 
112.152100 
112.151794 
112.152100 
112.152405 
112.152710 
112.153015 
112.153625 
112.153931 
112.153625 
112.153625 
112.153931 
112.153625 
112.153320 
112.152710 
112.152100 
112.152100 
112.151489 
112.152710 
112.153931 
112.154846 
112.155151 
112.155151 
112.154541 
112.154541 
112.153931 
112.153931 
112.153320 
112.153320 
112.153625 
112.153320 
112.153320 
112.153625 
112.153625 
112.153931 
112.154236 
112.155151 
112.155151 
112.153931 
112.152710 
112.152100 
112.151489 
112.151794 
112.152100 
112.152710 
112.152710 
112.153015 
112.153625 
112.153625 
112.153320 
112.153931 
112.153625 
112.153625 
112.153015 
112.152710 
112.152405 
112.152100 
112.151794 
112.152710 
112.153931 
112.155151 
112.155457 
112.155151 
112.154846 
112.154541 
112.154236 
112.153931 
112.153320 
112.153625 
112.153320 
112.153320 
112.153625 
112.153625 
112.153320 
112.153625 
112.154541 
112.154846 
112.154541 
112.154236 
112.153015 
112.152100 
112.151794 
112.152100 
112.152405 
112.153015 
112.153015 
112.153320 
112.153320 
112.153931 
112.153625 
112.153625 
112.153625 
112.153320 
112.153625 
112.152710 
112.152710 
112.151794 
112.152100 
112.153015 
112.154236 
112.155151 
112.155151 
112.154846 
112.154541 
112.154541 
112.153625 
112.153625 
112.153320 
112.153320 
112.153320 
112.153320 
112.153015 
112.153320 
112.153625 
112.153931 
112.154236 
112.154846 
112.154541 
112.154236 
112.152710 
112.151794 
112.152100 
112.151794 
112.152100 
112.152405 
112.153015 
112.153320 
112.153320 
112.153320 
112.153320 
112.153320 
112.153625 
112.153320 
112.153015 
112.153015 
112.152405 
112.152405 
112.151794 
112.152405 
112.153625 
112.154541 
112.155151 
112.154541 
112.154236 
112.154541 
112.153931 
112.153320 
112.153015 
112.153015 
112.153320 
112.152710 
112.153015 
112.153320 
112.153320 
112.153625 
112.154236 
112.154541 
112.155151 
112.154541 
112.152710 
112.152100 
112.152100 
112.152100 
112.152405 
112.152405 
112.153015 
112.153320 
112.153625 
112.153320 
112.153320 
112.153320 
112.153625 
112.153931 
112.153320 
112.153015 
112.152405 
112.152405 
112.151794 
112.152405 
112.153931 
112.155151 
112.155457 
112.154846 
112.154541 
112.154541 
112.154236 
112.153931 
112.153625 
112.153015 
112.153015 
112.153015 
112.153320 
112.153320 
112.153625 
112.154236 
112.154236 
112.154541 
112.155151 
112.154541 
112.152710 
112.152100 
112.151794 
112.151794 
112.152100 
112.152405 
112.152710 
112.153015 
112.153320 
112.153015 
112.153015 
112.153320 
112.153320 
112.152405 
112.152405 
112.151489 
112.150879 
112.149963 
112.149048 
112.149353 
112.150269 
112.150574 
112.150269 
112.149353 
112.148438 
112.147217 
112.145996 
112.144775 
112.143250 
112.142639 
112.141113 
112.139893 
112.138672 
112.137756 
112.136536 
112.135315 
112.134705 
112.133789 
112.131653 
112.129517 
112.126770 
112.123413 
112.121277 
112.119446 
112.117615 
112.116089 
112.114258 
112.111511 
112.109375 
112.107849 
112.105103 
112.102356 
112.099609 
112.097168 
112.093506 
112.090759 
112.087402 
112.083740 
112.080688 
112.077942 
112.076111 
112.073669 
112.070618 
112.066956 
112.063293 
112.059326 
112.055054 
112.051086 
112.047119 
112.042847 
112.038879 
112.035217 
112.030945 
112.026672 
112.022400 
112.018433 
112.014160 
112.010193 
112.005920 
112.000427 
111.994934 
111.989441 
111.983643 
111.979370 
111.974487 
111.969604 
111.964417 
111.959839 
111.954651 
111.949158 
111.944275 
111.938477 
111.932983 
111.927795 
111.921692 
111.914673 
111.908875 
111.902466 
111.896362 
111.891174 
111.886292 
111.881714 
111.875305 
111.868591 
111.862183 
111.855774 
111.848755 
111.841736 
111.835327 
111.828003 
111.820984 
111.814575 
111.807556 
111.800842 
111.793823 
111.787415 
111.780701 
111.773987 
111.767578 
111.759033 
111.750488 
111.742249 
111.734619 
111.726685 
111.719666 
111.712036 
111.704712 
111.697388 
111.690369 
111.682739 
111.674500 
111.666260 
111.657715 
111.650085 
111.641541 
111.632385 
111.623535 
111.614685 
111.605530 
111.598206 
111.590271 
111.582642 
111.574097 
111.565552 
111.556396 
111.546936 
111.537781 
111.528015 
111.518555 
111.508789 
111.499329 
111.490173 
111.480408 
111.470947 
111.460876 
111.452332 
111.442871 
111.433716 
111.424255 
111.413574 
111.402283 
111.391602 
111.380615 
111.371155 
111.361389 
111.351318 
111.341553 
111.331787 
111.321716 
111.311340 
111.301270 
111.291199 
111.280518 
111.270142 
111.259155 
111.248169 
111.237488 
111.226196 
111.215820 
111.206055 
111.197205 
111.187439 
111.177063 
111.166992 
111.156921 
111.145630 
111.135254 
111.124878 
111.114197 
111.103516 
111.093750 
111.083679 
111.073303 
111.063538 
111.053772 
111.043091 
111.034241 
111.024475 
111.014404 
111.003113 
110.991821 
110.981140 
110.970154 
110.960083 
110.950317 
110.940247 
110.930481 
110.920715 
110.910950 
110.901184 
110.890503 
110.881042 
110.870972 
110.860291 
110.850220 
110.839844 
110.829773 
110.819397 
110.809326 
110.799561 
110.791626 
110.783386 
110.773926 
110.764465 
110.755005 
110.744934 
110.735779 
110.726318 
110.716858 
110.707703 
110.698242 
110.689392 
110.680847 
110.672607 
110.664368 
110.655823 
110.648193 
110.639954 
110.632629 
110.623474 
110.614319 
110.604858 
110.596924 
110.589294 
110.581970 
110.573730 
110.566711 
110.559692 
110.552063 
110.544739 
110.537109 
110.529785 
110.522461 
110.515747 
110.508118 
110.500488 
110.493164 
110.485229 
110.478210 
110.472107 
110.466614 
110.460815 
110.454407 
110.447693 
110.441284 
110.434570 
110.427551 
110.420837 
110.414124 
110.408020 
110.401611 
110.395508 
110.389404 
110.383606 
110.377808 
110.372314 
110.367126 
110.361328 
110.356140 
110.350342 
110.343323 
110.336914 
110.331421 
110.326233 
110.320435 
110.316162 
110.311279 
110.306702 
110.302124 
110.297546 
110.292664 
110.287781 
110.283203 
110.278320 
110.273132 
110.268555 
110.263367 
110.258789 
110.253906 
110.250244 
110.247498 
110.243835 
110.240173 
110.236511 
110.231628 
110.227356 
110.223083 
110.219116 
110.214844 
110.211792 
110.207520 
110.203857 
110.200500 
110.197449 
110.194397 
110.191345 
110.188293 
110.186157 
110.183105 
110.179443 
110.175171 
110.171509 
110.168457 
110.165710 
110.163269 
110.160828 
110.158997 
110.156860 
110.154419 
110.152588 
110.150146 
110.147705 
110.145874 
110.143738 
110.140991 
110.138550 
110.136108 
110.133972 
110.131836 
110.130615 
110.130920 
110.130005 
110.128479 
110.126953 
110.125427 
110.123901 
110.121765 
110.120544 
110.118713 
110.117493 
110.115967 
110.115662 
110.114136 
110.113525 
110.113220 
110.112305 
110.112305 
110.112000 
110.112000 
110.110779 
110.108948 
110.107727 
110.107117 
110.106812 
110.107117 
110.107422 
110.106812 
110.107727 
110.107727 
110.107727 
110.107727 
110.107727 
110.108032 
110.107727 
110.107422 
110.107422 
110.106506 
110.105896 
110.106506 
110.106812 
110.108337 
110.109253 
110.109558 
110.109253 
110.108948 
110.108643 
110.108337 
110.108337 
110.108337 
110.107727 
110.107727 
110.108032 
110.107727 
110.107727 
110.108032 
110.108337 
110.109253 
110.109253 
110.109558 
110.109253 
110.107727 
110.107117 
110.106812 
110.107422 
110.107117 
110.107727 
110.108643 
110.108643 
110.108948 
110.108948 
110.109558 
110.109253 
110.108948 
110.109253 
110.108643 
110.108643 
110.108337 
110.107727 
110.107117 
110.108337 
110.109863 
110.110474 
110.110474 
110.110474 
110.110474 
110.110168 
110.109558 
110.109863 
110.108948 
110.109253 
110.108643 
110.108948 
110.109253 
110.109253 
110.109253 
110.109253 
110.110168 
110.110779 
110.110779 
110.109863 
110.108643 
110.108032 
110.107422 
110.108032 
110.108032 
110.108337 
110.108643 
110.109558 
110.109253 
110.109558 
110.109863 
110.109558 
110.109863 
110.109558 
110.109863 
110.109253 
110.108643 
