Blum, K. P., D’Incamps, B. L., Zytnicki, D., & Ting, L. H. (2017).
Force encoding in muscle spindles during stretch of
passive muscle. PLoS computational biology, 13(9), 
e1005767. <https://journals.plos.org/ploscompbiol/article?
id=10.1371/journal.pcbi.1005767>

cat medial gastrocnemius muscle lengths over t  (in 0.0005 s increments)
110.110168 
110.110474 
110.110779 
110.111389 
110.111694 
110.111389 
110.110474 
110.109863 
110.108948 
110.109253 
110.108948 
110.109558 
110.109863 
110.109863 
110.109863 
110.110168 
110.110168 
110.110474 
110.109863 
110.110474 
110.109863 
110.109558 
110.109863 
110.109253 
110.108948 
110.109253 
110.109558 
110.110474 
110.111084 
110.111389 
110.111389 
110.111084 
110.110779 
110.110474 
110.110474 
110.110168 
110.109863 
110.110168 
110.110168 
110.109863 
110.110474 
110.110474 
110.110779 
110.110474 
110.111389 
110.111084 
110.110474 
110.109253 
110.108948 
110.108948 
110.108948 
110.109253 
110.109863 
110.109558 
110.109558 
110.110168 
110.110168 
110.110168 
110.110168 
110.110168 
110.109863 
110.109863 
110.109253 
110.109558 
110.109253 
110.108948 
110.109558 
110.110779 
110.111389 
110.111084 
110.111389 
110.110779 
110.110779 
110.111084 
110.110168 
110.110168 
110.109863 
110.110168 
110.110474 
110.110168 
110.110168 
110.110779 
110.110779 
110.111084 
110.111694 
110.111084 
110.110474 
110.109558 
110.108643 
110.108948 
110.109253 
110.109558 
110.109558 
110.109558 
110.109863 
110.109863 
110.109863 
110.109863 
110.110168 
110.109863 
110.110168 
110.109558 
110.109558 
110.109253 
110.108948 
110.108948 
110.109558 
110.110779 
110.111389 
110.112305 
110.111694 
110.112000 
110.112305 
110.112915 
110.113525 
110.114441 
110.115967 
110.117798 
110.119629 
110.121765 
110.124512 
110.127258 
110.131531 
110.134888 
110.139771 
110.144043 
110.147705 
110.151978 
110.157471 
110.163269 
110.169373 
110.176392 
110.183716 
110.191345 
110.198975 
110.207825 
110.215454 
110.223999 
110.232544 
110.242310 
110.250549 
110.260010 
110.269165 
110.278320 
110.287781 
110.297546 
110.307922 
110.319214 
110.330200 
110.340576 
110.351563 
110.361633 
110.372314 
110.382996 
110.393982 
110.405579 
110.417480 
110.429382 
110.441284 
110.454407 
110.467224 
110.480042 
110.493774 
110.507813 
110.521851 
110.535583 
110.548706 
110.560608 
110.573120 
110.585632 
110.598450 
110.610962 
110.622864 
110.635376 
110.646667 
110.657654 
110.668640 
110.678711 
110.689392 
110.699158 
110.709534 
110.718994 
110.728455 
110.737610 
110.746460 
110.755615 
110.765686 
110.776367 
110.786133 
110.795593 
110.805054 
110.813904 
110.823364 
110.832214 
110.841064 
110.850220 
110.859680 
110.869446 
110.878906 
110.888367 
110.898438 
110.907898 
110.917664 
110.928040 
110.938110 
110.947876 
110.957642 
110.966187 
110.975342 
110.984802 
110.995178 
111.005249 
111.015625 
111.026306 
111.036682 
111.046753 
111.056824 
111.067200 
111.077576 
111.087341 
111.097717 
111.107788 
111.117554 
111.127625 
111.137390 
111.147461 
111.158447 
111.169739 
111.181030 
111.192017 
111.202393 
111.212769 
111.222534 
111.232605 
111.242676 
111.253052 
111.263428 
111.273804 
111.284180 
111.294861 
111.305237 
111.315613 
111.326599 
111.337891 
111.348572 
111.358948 
111.369019 
111.378479 
111.387939 
111.398315 
111.408691 
111.419067 
111.429749 
111.440430 
111.451416 
111.462097 
111.472778 
111.482849 
111.493530 
111.504211 
111.514282 
111.524353 
111.534729 
111.544495 
111.554565 
111.564941 
111.575623 
111.587219 
111.598511 
111.609192 
111.619263 
111.629028 
111.638794 
111.649170 
111.658936 
111.669312 
111.678772 
111.688538 
111.698608 
111.708984 
111.719055 
111.729126 
111.739502 
111.749878 
111.760559 
111.770325 
111.780090 
111.788940 
111.798401 
111.808472 
111.818542 
111.828918 
111.839294 
111.849060 
111.859741 
111.869812 
111.880493 
111.890259 
111.900330 
111.910706 
111.920471 
111.930542 
111.940308 
111.950073 
111.960144 
111.970215 
111.980896 
111.991882 
112.002869 
112.013245 
112.023010 
112.033386 
112.043152 
112.052612 
112.062378 
112.072449 
112.082520 
112.092285 
112.102661 
112.112427 
112.123413 
112.133789 
112.144165 
112.154236 
112.164917 
112.175293 
112.184448 
112.193909 
112.203064 
112.213135 
112.223511 
112.234192 
112.244263 
112.254639 
112.265320 
112.276001 
112.286072 
112.296753 
112.306824 
112.317200 
112.327271 
112.337646 
112.347412 
112.357178 
112.366943 
112.377014 
112.387390 
112.399292 
112.410278 
112.420959 
112.431335 
112.441406 
112.451477 
112.461243 
112.471313 
112.481079 
112.491150 
112.501526 
112.511597 
112.521973 
112.532349 
112.542419 
112.553406 
112.563782 
112.574768 
112.585144 
112.594910 
112.604370 
112.613220 
112.623291 
112.633972 
112.644348 
112.654419 
112.665100 
112.675781 
112.686157 
112.696533 
112.706604 
112.716980 
112.727051 
112.736511 
112.747803 
112.757568 
112.767334 
112.777405 
112.787170 
112.797852 
112.809143 
112.820129 
112.830811 
112.840576 
112.850342 
112.860107 
112.870178 
112.880249 
112.889404 
112.900391 
112.910156 
112.919617 
112.930298 
112.940063 
112.950439 
112.960815 
112.971191 
112.981873 
112.991943 
113.001709 
113.010254 
113.019714 
113.029175 
113.039246 
113.048706 
113.058472 
113.068237 
113.077087 
113.086243 
113.095093 
113.103027 
113.111572 
113.119202 
113.126526 
113.133240 
113.139954 
113.145752 
113.152161 
113.157654 
113.163147 
113.168945 
113.174744 
113.179626 
113.183899 
113.187256 
113.189697 
113.192139 
113.194885 
113.196716 
113.198547 
113.199768 
113.200684 
113.201294 
113.201904 
113.201599 
113.201599 
113.201294 
113.200989 
113.199463 
113.197021 
113.193970 
113.190918 
113.186951 
113.184204 
113.180847 
113.176270 
113.172302 
113.167419 
113.162537 
113.156738 
113.150940 
113.144226 
113.136902 
113.129883 
113.121643 
113.113403 
113.104858 
113.095703 
113.086243 
113.077393 
113.069153 
113.059998 
113.049927 
113.039856 
113.029480 
113.018494 
113.007813 
112.996216 
112.984924 
112.973633 
112.962341 
112.951355 
112.939453 
112.928772 
112.916870 
112.905884 
112.894287 
112.883301 
112.871704 
112.859802 
112.847290 
112.834167 
112.822571 
112.811584 
112.800293 
112.788696 
112.777710 
112.767029 
112.755432 
112.744751 
112.733154 
112.721558 
112.710571 
112.699585 
112.687988 
112.676697 
112.666016 
112.654419 
112.643127 
112.632751 
112.622681 
112.612610 
112.602844 
112.591858 
112.580566 
112.569885 
112.558899 
112.547913 
112.536621 
112.526245 
112.515564 
112.504883 
112.494507 
112.483826 
112.473450 
112.463684 
112.453308 
112.443542 
112.433167 
112.422180 
112.410278 
112.399597 
112.388916 
112.378235 
112.367859 
112.357788 
112.347412 
112.337341 
112.327576 
112.317200 
112.307129 
112.296448 
112.286377 
112.275696 
112.265320 
112.254333 
112.243652 
112.232971 
112.221985 
112.211914 
112.202759 
112.193604 
112.182922 
112.172852 
112.162781 
112.151794 
112.141113 
112.130432 
112.119751 
112.108765 
112.098389 
112.088013 
112.077637 
112.066956 
112.056580 
112.046509 
112.036438 
112.026672 
112.016296 
112.005615 
111.993713 
111.982422 
111.971741 
111.961365 
111.950684 
111.940613 
111.930237 
111.920166 
111.910095 
111.899414 
111.888733 
111.879272 
111.868591 
111.858521 
111.847534 
111.836853 
111.825867 
111.815186 
111.804810 
111.793823 
111.784668 
111.775513 
111.765442 
111.755066 
111.744690 
111.734009 
111.723328 
111.712952 
111.701965 
111.691589 
111.681519 
111.670837 
111.660461 
111.650391 
111.639709 
111.629639 
111.619873 
111.609802 
111.600037 
111.589661 
111.577759 
111.566772 
111.555786 
111.545715 
111.535339 
111.525574 
111.515808 
111.505432 
111.495361 
111.485291 
111.474915 
111.464233 
111.454468 
111.444397 
111.433716 
111.423035 
111.412659 
111.401978 
111.391296 
111.381226 
111.371765 
111.362610 
111.352844 
111.343079 
111.332703 
111.321716 
111.311035 
111.300964 
111.289978 
111.279602 
111.269226 
111.258850 
111.248779 
111.238403 
111.228027 
111.218262 
111.208496 
111.198425 
111.188660 
111.178284 
111.166687 
111.155701 
111.145020 
111.134338 
111.124268 
111.114502 
111.105042 
111.094971 
111.085205 
111.075439 
111.065063 
111.054993 
111.044922 
111.034546 
111.023865 
111.013184 
111.002197 
110.991821 
110.980835 
110.971069 
110.961609 
110.951843 
110.942078 
110.931702 
110.921326 
110.910645 
110.899048 
110.888367 
110.877991 
110.867004 
110.856018 
110.845642 
110.835266 
110.824585 
110.814514 
110.804138 
110.793762 
110.784302 
110.774231 
110.763855 
110.751953 
110.740967 
110.730286 
110.719910 
110.709839 
110.699463 
110.689087 
110.679321 
110.669861 
110.659180 
110.649414 
110.639038 
110.628967 
110.618286 
110.607605 
110.597229 
110.586548 
110.575867 
110.565186 
110.554810 
110.545349 
110.535889 
110.526428 
110.516052 
110.505371 
110.494995 
110.484009 
110.473938 
110.463257 
110.452881 
110.442505 
110.432739 
110.422058 
110.411682 
110.401917 
110.392151 
110.381470 
110.371704 
110.361938 
110.351868 
110.340576 
110.329590 
110.317688 
110.307922 
110.298157 
110.287781 
110.277710 
110.268250 
110.258484 
110.249023 
110.238647 
110.229187 
110.219727 
110.210571 
110.201721 
110.193176 
110.184937 
110.176697 
110.169678 
110.162048 
110.156555 
110.151672 
110.146484 
110.141296 
110.136108 
110.131531 
110.127258 
110.122986 
110.119324 
110.116272 
110.113831 
110.111389 
110.109558 
110.108337 
110.107422 
110.106812 
110.106812 
110.107117 
110.107727 
110.108337 
110.108032 
110.108337 
110.108948 
110.110779 
110.112915 
110.115662 
110.118713 
110.122681 
110.126648 
110.131226 
110.135803 
110.140686 
110.146790 
110.152283 
110.158997 
110.165405 
110.172119 
110.179138 
110.186768 
110.195007 
110.204468 
110.214233 
110.224609 
110.234680 
110.243530 
110.253906 
110.263672 
110.273438 
110.284424 
110.295105 
110.305786 
110.316467 
110.328674 
110.339661 
110.350952 
110.362549 
110.374451 
110.386047 
110.397644 
110.408936 
110.419006 
110.429077 
110.439453 
110.450134 
110.460815 
110.471802 
110.483093 
110.493164 
110.504150 
110.514526 
110.525208 
110.535583 
110.545959 
110.556030 
110.566406 
110.576172 
110.586243 
110.595703 
110.605774 
110.615845 
110.627136 
110.638123 
110.649109 
110.659180 
110.669556 
110.679321 
110.689087 
110.699158 
110.709534 
110.719299 
110.729675 
110.739441 
110.749512 
110.759888 
110.769958 
110.780334 
110.791321 
110.801392 
110.812683 
110.822449 
110.831909 
110.840759 
110.850525 
110.860596 
110.871277 
110.881348 
110.892029 
110.902710 
110.913086 
110.923462 
110.933533 
110.944214 
110.953979 
110.964355 
110.974121 
110.984192 
110.993958 
111.003723 
111.013489 
111.023865 
111.035156 
111.046448 
111.057129 
111.067810 
111.077881 
111.087341 
111.097717 
111.106873 
111.116638 
111.127014 
111.136780 
111.146851 
111.156616 
111.166687 
111.177368 
111.187744 
111.198120 
111.208496 
111.219177 
111.229248 
111.238403 
111.247559 
111.256714 
111.267090 
111.277161 
111.287537 
111.297913 
111.307983 
111.318970 
111.329346 
111.340027 
111.350403 
111.360474 
111.370850 
111.380615 
111.390381 
111.400757 
111.410522 
111.420898 
111.430969 
111.441956 
111.453552 
111.464844 
111.474915 
111.485291 
111.495056 
111.505737 
111.515808 
111.525574 
111.535645 
111.545715 
111.555786 
111.566467 
111.576843 
111.586914 
111.597290 
111.607971 
111.618347 
111.629028 
111.639404 
111.648865 
111.658020 
111.667786 
111.677856 
111.688232 
111.698303 
111.708984 
111.719055 
111.729736 
111.740112 
111.750793 
111.760864 
111.771545 
111.781006 
111.791382 
111.802063 
111.811829 
111.821594 
111.831360 
111.841125 
111.852112 
111.863708 
111.874390 
111.884766 
111.895142 
111.904907 
111.914673 
111.924744 
111.934814 
111.944885 
111.954346 
111.965332 
111.975098 
111.985168 
111.995239 
112.005920 
112.016602 
112.027283 
112.037354 
112.047424 
112.056885 
112.066040 
112.075500 
112.085266 
112.095337 
112.105713 
112.116394 
112.127075 
112.137146 
112.147522 
112.157898 
112.168274 
112.178345 
112.188416 
112.198181 
112.208557 
112.218933 
112.228699 
112.238159 
112.248535 
112.259216 
112.270813 
112.282104 
112.292480 
112.302246 
112.312317 
112.322388 
112.331848 
112.341919 
112.351990 
112.362061 
112.372131 
112.382507 
112.392578 
112.402649 
112.413025 
112.423706 
112.434387 
112.445068 
112.455444 
112.464600 
112.473450 
112.483215 
112.493591 
112.503662 
112.513733 
112.524414 
112.535095 
112.545776 
112.556152 
112.566528 
112.576599 
112.587585 
112.597351 
112.607422 
112.617798 
112.627563 
112.637634 
112.647400 
112.657776 
112.668152 
112.680054 
112.690735 
112.701111 
112.710876 
112.721558 
112.731018 
112.741394 
112.751770 
112.761230 
112.771301 
112.781372 
112.791748 
112.801514 
112.811890 
112.822266 
112.832642 
112.843323 
112.853699 
112.863464 
112.872925 
112.882690 
112.891846 
112.901917 
112.912292 
112.922668 
112.933044 
112.943420 
112.954102 
112.964172 
112.974548 
112.984924 
112.994995 
113.005066 
113.014832 
113.024902 
113.034058 
113.043518 
113.052673 
113.061829 
113.072205 
113.081970 
113.090820 
113.099976 
113.107910 
113.115540 
113.123169 
113.129578 
113.136292 
113.142700 
113.149109 
113.154907 
113.160400 
113.165894 
113.171082 
113.175354 
113.179932 
113.184204 
113.187866 
113.190918 
113.193054 
113.194275 
113.195801 
113.196716 
113.197937 
113.199158 
113.199463 
113.200073 
113.199768 
113.200073 
113.198547 
113.197632 
113.196106 
113.193970 
113.192139 
113.189392 
113.186340 
113.182983 
113.179321 
113.175659 
113.171997 
113.169250 
113.165894 
113.161316 
113.156738 
113.151550 
113.146667 
113.141174 
113.135681 
113.130188 
113.124695 
113.119507 
113.113708 
113.108215 
113.102417 
113.097229 
113.091736 
113.085938 
113.080444 
113.074646 
113.068237 
113.061218 
113.054504 
113.048096 
113.041992 
113.036804 
113.030701 
113.025208 
113.020020 
113.014221 
113.008118 
113.002319 
112.996521 
112.990723 
112.984619 
112.979126 
112.972412 
112.966614 
112.961121 
112.955017 
112.949524 
112.945557 
112.940674 
112.934875 
112.929993 
112.924194 
112.918396 
112.912598 
112.907104 
112.901306 
112.895813 
112.890320 
112.884521 
112.879333 
112.874451 
112.868958 
112.864075 
112.859192 
112.854614 
112.848816 
112.843323 
112.837219 
112.830811 
112.825012 
112.820435 
112.815247 
112.810364 
112.805786 
112.800903 
112.795715 
112.790833 
112.785645 
112.780762 
112.775269 
112.770081 
112.764587 
112.759094 
112.753601 
112.748108 
112.742615 
112.737427 
112.733765 
112.729187 
112.724609 
112.719421 
112.713623 
112.708130 
112.702637 
112.697449 
112.691650 
112.686462 
112.680969 
112.675476 
112.670593 
112.665710 
112.659912 
112.654724 
112.650452 
112.645264 
112.640686 
112.634277 
112.628174 
112.622070 
112.616272 
112.611084 
112.605896 
112.600708 
112.596130 
112.590942 
112.586060 
112.580261 
112.575378 
112.569885 
112.565002 
112.559204 
112.553711 
112.548523 
112.543030 
112.536926 
112.532043 
112.527161 
112.522888 
112.518616 
112.513428 
112.508240 
112.502747 
112.497559 
112.491455 
112.485962 
112.481079 
112.475586 
112.470398 
112.465210 
112.460327 
112.454529 
112.449646 
112.444763 
112.440186 
112.435303 
112.430420 
112.424622 
112.418213 
112.412415 
112.406921 
112.401733 
112.396545 
112.392273 
112.387085 
112.382202 
112.377625 
112.372131 
112.367249 
112.362061 
112.357178 
112.351685 
112.346802 
112.341003 
112.335510 
112.330627 
112.325134 
112.320251 
112.315979 
112.312622 
112.307129 
112.302246 
112.297058 
112.291565 
112.286072 
112.280884 
112.275391 
112.270203 
112.264709 
112.259521 
112.254333 
112.249451 
112.244568 
112.239990 
112.235107 
112.230225 
112.225037 
112.219238 
112.213440 
112.207336 
112.201538 
112.196960 
112.191162 
112.186584 
112.181702 
112.176819 
112.171631 
112.167053 
112.161865 
112.156372 
112.150879 
112.145386 
112.141113 
112.135315 
112.129822 
112.124329 
112.118835 
112.113647 
112.109680 
112.105408 
112.100525 
112.095032 
112.089844 
112.084351 
112.078552 
112.073669 
112.068176 
112.062683 
112.057495 
112.052002 
112.046814 
112.041931 
112.037048 
112.031860 
112.026978 
112.022400 
112.016907 
112.011414 
112.005310 
111.999512 
111.993408 
111.988525 
111.983643 
111.978455 
111.973572 
111.968689 
111.963501 
111.958923 
111.953125 
111.948242 
111.942749 
111.937561 
111.932373 
111.926880 
111.921387 
111.915588 
111.910400 
111.905518 
111.901550 
111.897278 
111.892700 
111.887817 
111.882324 
111.876831 
111.871643 
111.866150 
111.860657 
111.855774 
111.850281 
111.844788 
111.839905 
111.835022 
111.829529 
111.825256 
111.820679 
111.815796 
111.810303 
111.805420 
111.799011 
111.792603 
111.787109 
111.782227 
111.777039 
111.772156 
111.767578 
111.762390 
111.757813 
111.752319 
111.747742 
111.742554 
111.737671 
111.732178 
111.726990 
111.721497 
111.716309 
111.710510 
111.704712 
111.700439 
111.696472 
111.692200 
111.687012 
111.682129 
111.676941 
111.671143 
111.665955 
111.659851 
111.654968 
111.650085 
111.643982 
111.638489 
111.633606 
111.628723 
111.623535 
111.618958 
111.613770 
111.608887 
111.604004 
111.599121 
111.592102 
111.586609 
111.580811 
111.575623 
111.571045 
111.565552 
111.560974 
111.555786 
111.551208 
111.545715 
111.540833 
111.535950 
111.530762 
111.525269 
111.520081 
111.514893 
111.509094 
111.503601 
111.498413 
111.492920 
111.489258 
111.484985 
111.480103 
111.474609 
111.469421 
111.464233 
111.458740 
111.453857 
111.448364 
111.442871 
111.437683 
111.432190 
111.427307 
111.422119 
111.417236 
111.412048 
111.407776 
111.402588 
111.397705 
111.392212 
111.386719 
111.380310 
111.374817 
111.369324 
111.364441 
111.359863 
111.354980 
111.350098 
111.344910 
111.340027 
111.335144 
111.329346 
111.324768 
111.319885 
111.313782 
111.308899 
111.303406 
111.297913 
111.292419 
111.287537 
111.283569 
111.279297 
111.274719 
111.269836 
111.264038 
111.259155 
111.253357 
111.248474 
111.242676 
111.237793 
111.232605 
111.227112 
111.221619 
111.216736 
111.212158 
111.206970 
111.202393 
111.197815 
111.192627 
111.187744 
111.181641 
111.175232 
111.169434 
111.164246 
111.159363 
111.154480 
111.149597 
111.145020 
111.140137 
111.134949 
111.129761 
111.124573 
111.119690 
111.114807 
111.109619 
111.104126 
111.099243 
111.092834 
111.087646 
111.082764 
111.078491 
111.074219 
111.069946 
111.064758 
111.059265 
111.054077 
111.048889 
111.043091 
111.037598 
111.032410 
111.027222 
111.022034 
111.016541 
111.011353 
111.006165 
111.001892 
110.997009 
110.991821 
110.986938 
110.982056 
110.975342 
110.968933 
110.963745 
110.958557 
110.953064 
110.948792 
110.943604 
110.939026 
110.933838 
110.928650 
110.923462 
110.918884 
110.913696 
110.908203 
110.903320 
110.897827 
110.892029 
110.886536 
110.881042 
110.876160 
110.871582 
110.867615 
110.863037 
110.857239 
110.852356 
110.847168 
110.841370 
110.835876 
110.830383 
110.824890 
110.819397 
110.814819 
110.809631 
110.804749 
110.799255 
110.794678 
110.789795 
110.785217 
110.780334 
110.775146 
110.769043 
110.763245 
110.756836 
110.751648 
110.747070 
110.741882 
110.737000 
110.732422 
110.727539 
110.722351 
110.717773 
110.712585 
110.707397 
110.701599 
110.696411 
110.690918 
110.685730 
110.680237 
110.674438 
110.669250 
110.665894 
110.661316 
110.656433 
110.651855 
110.646667 
110.640869 
110.635986 
110.630493 
110.625000 
110.619507 
110.614319 
110.608826 
110.603638 
110.598755 
110.593872 
110.588684 
110.584106 
110.579529 
110.574341 
110.569458 
110.563049 
110.557251 
110.551453 
110.545654 
110.541077 
110.535889 
110.531311 
110.526428 
110.521545 
110.516357 
110.511475 
110.506897 
110.501404 
110.496216 
110.490723 
110.485535 
110.479736 
110.474548 
110.469055 
110.464172 
110.459900 
110.455627 
110.451355 
110.446167 
110.440674 
110.435486 
110.429993 
110.425110 
110.419312 
110.413818 
110.408630 
110.403137 
110.397949 
110.393372 
110.388184 
110.382996 
110.377808 
110.373535 
110.368347 
110.363770 
110.357666 
110.351257 
110.345459 
110.340271 
110.335693 
110.329895 
110.325623 
110.320740 
110.315857 
110.310669 
110.305786 
110.300598 
110.295715 
110.290833 
110.285034 
110.279541 
110.274658 
110.268555 
110.263367 
110.258179 
110.254211 
110.249939 
110.245361 
110.240784 
110.235596 
110.229797 
110.224304 
110.218506 
110.213623 
110.208130 
110.202332 
110.197449 
110.192566 
110.187378 
110.182495 
110.177307 
110.173035 
110.168152 
110.163574 
110.158691 
110.152893 
110.147095 
110.141907 
110.136719 
110.133057 
110.129395 
110.125732 
110.122681 
110.119934 
110.117188 
110.114746 
110.112610 
110.111389 
110.109863 
110.108643 
110.108032 
110.107422 
110.106812 
110.107117 
110.108032 
110.109558 
110.111694 
110.114441 
110.116272 
110.118713 
110.121460 
110.124207 
110.127869 
110.131836 
110.136108 
110.141296 
110.146484 
110.152588 
110.158997 
110.166016 
110.173035 
110.181274 
110.189819 
110.198364 
110.207214 
110.215149 
110.223694 
110.232849 
110.242310 
110.252686 
110.263367 
110.273743 
110.285034 
110.296326 
110.307007 
110.317688 
110.329285 
110.340271 
110.350647 
110.362244 
110.373230 
110.383301 
110.393982 
110.404663 
110.415344 
110.426941 
110.438843 
110.449829 
110.460510 
110.471191 
110.481262 
110.491638 
110.502014 
110.512085 
110.522461 
110.531616 
110.542297 
110.553284 
110.563354 
110.573730 
110.584717 
110.595093 
110.605774 
110.616455 
110.626526 
110.635986 
110.645142 
110.654907 
110.664368 
110.675049 
110.685425 
110.695496 
110.706787 
110.717163 
110.727844 
110.738220 
110.748596 
110.758972 
110.768738 
110.779114 
110.789185 
110.798950 
110.808411 
110.818787 
110.828552 
110.839844 
110.851135 
110.862122 
110.872498 
110.882568 
110.892944 
110.902710 
110.912781 
110.922546 
110.932312 
110.942383 
110.952454 
110.962219 
110.972595 
110.983582 
110.993042 
111.003723 
111.014099 
111.025085 
111.035461 
111.044922 
111.053772 
111.063232 
111.073608 
111.083374 
111.093750 
111.104126 
111.114807 
111.125488 
111.135559 
111.145630 
111.156006 
111.165771 
111.176758 
111.186829 
111.196594 
111.206665 
111.216431 
111.225891 
111.235962 
111.246948 
111.258240 
111.269226 
111.279602 
111.289673 
111.299744 
111.309814 
111.319580 
111.329346 
111.339417 
111.349792 
111.359863 
111.369934 
111.380005 
111.390991 
111.400757 
111.411438 
111.422119 
111.432495 
111.443176 
111.452332 
111.462097 
111.470947 
111.481628 
111.491699 
111.502380 
111.513367 
111.523438 
111.533813 
111.544189 
111.554871 
111.565247 
111.575317 
111.585693 
111.596069 
111.606140 
111.616211 
111.625977 
111.635437 
111.646118 
111.656799 
111.668396 
111.679077 
111.689453 
111.699829 
111.709900 
111.719666 
111.729431 
111.739502 
111.749573 
111.759338 
111.769409 
111.779785 
111.790161 
111.801147 
111.810913 
111.821289 
111.831665 
111.842651 
111.852417 
111.862183 
111.871338 
111.880798 
111.890869 
111.901245 
111.911316 
111.921692 
111.932373 
111.942749 
111.953125 
111.963806 
111.973572 
111.984253 
111.994324 
112.004395 
112.014465 
112.024231 
112.033997 
112.043457 
112.053528 
112.064819 
112.076111 
112.086487 
112.096863 
112.107239 
112.117004 
112.127686 
112.137146 
112.147217 
112.157288 
112.167053 
112.177124 
112.187195 
112.197571 
112.207642 
112.218323 
112.228394 
112.238464 
112.249451 
112.259827 
112.269592 
112.278748 
112.288208 
112.298279 
112.308350 
112.319031 
112.329407 
112.339783 
112.349854 
112.360840 
112.370911 
112.381287 
112.391357 
112.401428 
112.411499 
112.421570 
112.431946 
112.441711 
112.451477 
112.461853 
112.472534 
112.484131 
112.495422 
112.505798 
112.515259 
112.525635 
112.535400 
112.545471 
112.555237 
112.565308 
112.575378 
112.585449 
112.596130 
112.606201 
112.616272 
112.626953 
112.637939 
112.648010 
112.658691 
112.669373 
112.678833 
112.687988 
112.697449 
112.706909 
112.717285 
112.727661 
112.738037 
112.749023 
112.759399 
112.769470 
112.780151 
112.789917 
112.800598 
112.810364 
112.820435 
112.830505 
112.840271 
112.850342 
112.860413 
112.870483 
112.880859 
112.892151 
112.903748 
112.914124 
112.924194 
112.934265 
112.943726 
112.953796 
112.963562 
112.973938 
112.983398 
112.993469 
113.003540 
113.013306 
113.023376 
113.033752 
113.043213 
113.052673 
113.062744 
113.072205 
113.080444 
113.088074 
113.095703 
113.103333 
113.111877 
113.119507 
113.126831 
113.134155 
113.141174 
113.147278 
113.153381 
113.159485 
113.164673 
113.169861 
113.173523 
113.178406 
113.181763 
113.184204 
113.187866 
113.189697 
113.192749 
113.196106 
113.198547 
113.199768 
113.200073 
113.201294 
113.201294 
113.200378 
113.199768 
113.199158 
113.198242 
113.196411 
113.194885 
113.193359 
113.191528 
113.189087 
113.187256 
113.185120 
113.182983 
113.180237 
113.176575 
113.172302 
113.168030 
113.164368 
113.161011 
113.157654 
113.154297 
113.150940 
113.147278 
113.143921 
113.139648 
113.136597 
113.132324 
113.128662 
113.124390 
113.120422 
113.115845 
113.111572 
113.107300 
113.103333 
113.099670 
113.096313 
113.093567 
113.089905 
113.086243 
113.081665 
113.077087 
113.073120 
113.068848 
113.064270 
113.060303 
113.056335 
113.052368 
113.048096 
113.044434 
113.040466 
113.037720 
113.033752 
113.030396 
113.027039 
113.022766 
113.017883 
113.013306 
113.009033 
113.005981 
113.002014 
112.998657 
112.995300 
112.992554 
112.988586 
112.985229 
112.981567 
112.978210 
112.974243 
112.970886 
112.967529 
112.963257 
112.959595 
112.955933 
112.952271 
112.948914 
112.946777 
112.944336 
112.941589 
112.937927 
112.933960 
112.930603 
112.927246 
112.922974 
112.919617 
112.915955 
112.912292 
112.908936 
112.905273 
112.901917 
112.899170 
112.895203 
112.892151 
112.889099 
112.885437 
112.882080 
112.877502 
112.872925 
112.869263 
112.865601 
112.862244 
112.858887 
112.855835 
112.852173 
112.849426 
112.845764 
112.842407 
112.838745 
112.835388 
112.831421 
112.828064 
112.824097 
112.820129 
112.816467 
112.812500 
112.809448 
112.807007 
112.804260 
112.801208 
112.797546 
112.793579 
112.790222 
112.785950 
112.782288 
112.778320 
112.774963 
112.771301 
112.767639 
112.764282 
112.760925 
112.757568 
112.754211 
112.751160 
112.747803 
112.744446 
112.740784 
112.736206 
112.731323 
112.727661 
112.723999 
112.720642 
112.717590 
112.714844 
112.711182 
112.708130 
112.704773 
112.700806 
112.697754 
112.694397 
112.691345 
112.687378 
112.683411 
112.679749 
112.675781 
112.672119 
112.669373 
112.667236 
112.664490 
112.661743 
112.658386 
112.654419 
112.651062 
112.647400 
112.643433 
112.639465 
112.636414 
112.633057 
112.629700 
112.626038 
112.622681 
112.619629 
112.616272 
112.613525 
112.610168 
112.606812 
112.603760 
112.598877 
112.594604 
112.590637 
112.587280 
112.583923 
112.580872 
112.577820 
112.574768 
112.571411 
112.568054 
112.564697 
112.561340 
112.558289 
112.554626 
112.550659 
112.547607 
112.543030 
112.539673 
112.536011 
112.532959 
112.530212 
112.528076 
112.525024 
112.521362 
112.517700 
112.514038 
112.510376 
112.506409 
112.503357 
112.499084 
112.495728 
112.492371 
112.488403 
112.485352 
112.482300 
112.479248 
112.475586 
112.472534 
112.469177 
112.465515 
112.461243 
112.456360 
112.452698 
112.449036 
112.445984 
112.442627 
112.439270 
112.436218 
112.433167 
112.429504 
112.426758 
112.422485 
112.418823 
112.414856 
112.412109 
112.408142 
112.404480 
112.400513 
112.396851 
112.393188 
112.390747 
112.388611 
112.385254 
112.382202 
112.378235 
112.374878 
112.371216 
112.367249 
112.363586 
112.360229 
112.356262 
112.353210 
112.349548 
112.346802 
112.342834 
112.339478 
112.336731 
112.333679 
112.330322 
112.326660 
112.322388 
112.317505 
112.313843 
112.310791 
112.307434 
112.304077 
112.300720 
112.297668 
112.294312 
112.291565 
112.287903 
112.284851 
112.281189 
112.277832 
112.274170 
112.270508 
112.266846 
112.262878 
112.259521 
112.255859 
112.253723 
112.251587 
112.248535 
112.245178 
112.241516 
112.237854 
112.233887 
112.230530 
112.226868 
112.223206 
112.219849 
112.216187 
112.212830 
112.209473 
112.206116 
112.203064 
112.199402 
112.196655 
112.193909 
112.190247 
112.185364 
112.181702 
112.177429 
112.173767 
112.170715 
112.167358 
112.164001 
112.160950 
112.158203 
112.154541 
112.151489 
112.148132 
112.144470 
112.141113 
112.137146 
112.133789 
112.129517 
112.126465 
112.122803 
112.119141 
112.116699 
112.114868 
112.110596 
112.107544 
112.103882 
112.100830 
112.096558 
112.092590 
112.088928 
112.085571 
112.081604 
112.078552 
112.075195 
112.071533 
112.068481 
112.065125 
112.062073 
112.058716 
112.055664 
112.052002 
112.047424 
112.043152 
112.039185 
112.035217 
112.032471 
112.028809 
112.025452 
112.022705 
112.019653 
112.016296 
112.012634 
112.009583 
112.005615 
112.002563 
111.998901 
111.994934 
111.991272 
111.987915 
111.984253 
111.980896 
111.978455 
111.976318 
111.973267 
111.969604 
111.965942 
111.962585 
111.958618 
111.954956 
111.951294 
111.947327 
111.943970 
111.940613 
111.936646 
111.933899 
111.930237 
111.927185 
111.924133 
111.921082 
111.917725 
111.914368 
111.909790 
111.905823 
111.901550 
111.898193 
111.894531 
111.891479 
111.888428 
111.885376 
111.882019 
111.878967 
111.875610 
111.872559 
111.868591 
111.865540 
111.861877 
111.857910 
111.854553 
111.850891 
111.846619 
111.843262 
111.841431 
111.838684 
111.835938 
111.832581 
111.828918 
111.825562 
111.822510 
111.817932 
111.814575 
111.810608 
111.806946 
111.803589 
111.799927 
111.796570 
111.793213 
111.789856 
111.787109 
111.783752 
111.781006 
111.777344 
111.773071 
111.768188 
111.764526 
111.761169 
111.757507 
111.754150 
111.751404 
111.747742 
111.745300 
111.741638 
111.738281 
111.734619 
111.731567 
111.727905 
111.724243 
111.720886 
111.716919 
111.713257 
111.709595 
111.705933 
111.703186 
111.701050 
111.698608 
111.694641 
111.691589 
111.687927 
111.683655 
111.679993 
111.676636 
111.672668 
111.669006 
111.665649 
111.661987 
111.658630 
111.655884 
111.652527 
111.649170 
111.646423 
111.642761 
111.639404 
111.635437 
111.630554 
111.626587 
111.622925 
111.619568 
111.616516 
111.613159 
111.610107 
111.607056 
111.603699 
111.600647 
111.597290 
111.593933 
111.590271 
111.586609 
111.582947 
111.579590 
111.575317 
111.571655 
111.567993 
111.565552 
111.563416 
111.560059 
111.557312 
111.553955 
111.549683 
111.546631 
111.542664 
111.538696 
111.535339 
111.531982 
111.528320 
111.524963 
111.521912 
111.518555 
111.515503 
111.512146 
111.509094 
111.506042 
111.502686 
111.498413 
111.493530 
111.489563 
111.485901 
111.482544 
111.479187 
111.476440 
111.473389 
111.469727 
111.466675 
111.463623 
111.459961 
111.456604 
111.453552 
111.449585 
111.445923 
111.442261 
111.438599 
111.434937 
111.431274 
111.429138 
111.426392 
111.424255 
111.420593 
111.416931 
111.412964 
111.409912 
111.405640 
111.402283 
111.398926 
111.395264 
111.391602 
111.388550 
111.384583 
111.381226 
111.378479 
111.374817 
111.372070 
111.369324 
111.365967 
111.361084 
111.357117 
111.353149 
111.349182 
111.345825 
111.342773 
111.339417 
111.336365 
111.333313 
111.329651 
111.326294 
111.322937 
111.319885 
111.315918 
111.311951 
111.308899 
111.304932 
111.301575 
111.297607 
111.294556 
111.291504 
111.289368 
111.286621 
111.283264 
111.279907 
111.275940 
111.272583 
111.268616 
111.264954 
111.261292 
111.257324 
111.254578 
111.250916 
111.247559 
111.243896 
111.241150 
111.237793 
111.234741 
111.231689 
111.228333 
111.223755 
111.219788 
111.215515 
111.211548 
111.208496 
111.205444 
111.201782 
111.199036 
111.195679 
111.192627 
111.189575 
111.186523 
111.182861 
111.179504 
111.175842 
111.171875 
111.168213 
111.164246 
111.160889 
111.157227 
111.154785 
111.152039 
111.149597 
111.146240 
111.142883 
111.139221 
111.135864 
111.132202 
111.128540 
111.124573 
111.121216 
111.117554 
111.114502 
111.111145 
111.107788 
111.104126 
111.101074 
111.098328 
111.095276 
111.091614 
111.087341 
111.083069 
111.078491 
111.075134 
111.072083 
111.068115 
111.065369 
111.062317 
111.059265 
111.055908 
111.053162 
111.049194 
111.045837 
111.042786 
111.038818 
111.035767 
111.031799 
111.027832 
111.023865 
111.020508 
111.017456 
111.015320 
111.012573 
111.009216 
111.005554 
111.001892 
110.998230 
110.994873 
110.990906 
110.986938 
110.983276 
110.980225 
110.976563 
110.973206 
110.969849 
110.966797 
110.963135 
110.960388 
110.957642 
110.954285 
110.950012 
110.945435 
110.941162 
110.937805 
110.934143 
110.931091 
110.928040 
110.924683 
110.921631 
110.918274 
110.914917 
110.911865 
110.908508 
110.904541 
110.901794 
110.897522 
110.894165 
110.889893 
110.886536 
110.882568 
110.880127 
110.877991 
110.874939 
110.871887 
110.868530 
110.864563 
110.860901 
110.856934 
110.853271 
110.849304 
110.845947 
110.842590 
110.838928 
110.835571 
110.832520 
110.829163 
110.825806 
110.822754 
110.819702 
110.816650 
110.812378 
110.807495 
110.803833 
110.799866 
110.796814 
110.793457 
110.790100 
110.787354 
110.783997 
110.780945 
110.777588 
110.774536 
110.770569 
110.767517 
110.764160 
110.760498 
110.756836 
110.753174 
110.749512 
110.745544 
110.743103 
110.740356 
110.737915 
110.734863 
110.730896 
110.727539 
110.724182 
110.720215 
110.716248 
110.712585 
110.709229 
110.705872 
110.702209 
110.698547 
110.695190 
110.691833 
110.689087 
110.686035 
110.682678 
110.679626 
110.675354 
110.670471 
110.666809 
110.662842 
110.659180 
110.656433 
110.652771 
110.650024 
110.646667 
110.643921 
110.640259 
110.636902 
110.633545 
110.630188 
110.626831 
110.623474 
110.619507 
110.615234 
110.611877 
110.608215 
110.605774 
110.603638 
110.600586 
110.597534 
110.593872 
110.590515 
110.586548 
110.582886 
110.579224 
110.575562 
110.571899 
110.569153 
110.564575 
110.561523 
110.558472 
110.555115 
110.551758 
110.548706 
110.545654 
110.542297 
110.538330 
110.533447 
110.529480 
110.525818 
110.522461 
110.519104 
110.516052 
110.513000 
110.509644 
110.506287 
110.503235 
110.499573 
110.496216 
110.493164 
110.489197 
110.485840 
110.482178 
110.478210 
110.474548 
110.470886 
110.468140 
110.465698 
110.463257 
110.460510 
110.456848 
110.453186 
110.449524 
110.445557 
110.441895 
110.438232 
110.434875 
110.430908 
110.427551 
110.424194 
110.421143 
110.417786 
110.414734 
110.411682 
110.408936 
110.405579 
110.401306 
110.396729 
110.392761 
110.388489 
110.385132 
110.381775 
110.378723 
110.375366 
110.372620 
110.369263 
110.366211 
110.362549 
110.359497 
110.356140 
110.352478 
110.349426 
110.345459 
110.341492 
110.337524 
110.334167 
110.331116 
110.328369 
110.326233 
110.322571 
110.319824 
110.315857 
110.312500 
110.309143 
110.304871 
110.301514 
110.297546 
110.294495 
110.290833 
110.287476 
110.284119 
110.280762 
110.277710 
110.274963 
110.271912 
110.268250 
110.264282 
110.260010 
110.255737 
110.252075 
110.248413 
110.245361 
110.242310 
110.239258 
110.235596 
110.232239 
110.229187 
110.225525 
110.222473 
110.218811 
110.216064 
110.211792 
110.208435 
110.204468 
110.201111 
110.197144 
110.194397 
110.191650 
110.189209 
110.186157 
110.183105 
110.179443 
110.176086 
110.171814 
110.168457 
110.164490 
110.161133 
110.157776 
110.154114 
110.150757 
110.147095 
110.144043 
110.140991 
110.137939 
110.135193 
110.132141 
110.128174 
110.124512 
110.121155 
110.117493 
110.115662 
110.113525 
110.112000 
110.110474 
110.109558 
110.109253 
110.108337 
110.108948 
110.108948 
110.109558 
110.110168 
110.111084 
110.112000 
110.113220 
110.115051 
110.117188 
110.120239 
110.125427 
110.129395 
110.133972 
110.139465 
110.144653 
110.149841 
110.155640 
110.162048 
110.168457 
110.175781 
110.183716 
110.191345 
110.199585 
110.208130 
110.217896 
110.227661 
110.238647 
110.248413 
110.258789 
110.268860 
110.278625 
110.288086 
110.298767 
110.309448 
110.319824 
110.331116 
110.342407 
110.353394 
110.364685 
110.375671 
110.386963 
110.397949 
110.408936 
110.419617 
110.429993 
110.440369 
110.450439 
110.461121 
110.471191 
110.481873 
110.493774 
110.505066 
110.516052 
110.526123 
110.536804 
110.546570 
110.557251 
110.567017 
110.577393 
110.587158 
110.597534 
110.607910 
110.618286 
110.628357 
110.639038 
110.649109 
110.660095 
110.670471 
110.680847 
110.690613 
110.700073 
110.709534 
110.719299 
110.729675 
110.740051 
110.750427 
110.761108 
110.771484 
110.782166 
110.792236 
110.802002 
110.812683 
110.823059 
110.833435 
110.843201 
110.853271 
110.863647 
110.873413 
110.883179 
110.893860 
110.904846 
110.916138 
110.926819 
110.936890 
110.947571 
110.956726 
110.966797 
110.976563 
110.986328 
110.996399 
111.006470 
111.016541 
111.026917 
111.036987 
111.047668 
111.058044 
111.068420 
111.079102 
111.089478 
111.099243 
111.108398 
111.117554 
111.127625 
111.137390 
111.147766 
111.158142 
111.168518 
111.179504 
111.189575 
111.199951 
111.210632 
111.220398 
111.230774 
111.240234 
111.250305 
111.260681 
111.270447 
111.279907 
111.289673 
111.300964 
111.311951 
111.323242 
111.333923 
111.343994 
111.353760 
111.363831 
111.374207 
111.383362 
111.393738 
111.403809 
111.414185 
111.424255 
111.434631 
111.444702 
111.455383 
111.466064 
111.476746 
111.487122 
111.497803 
111.507568 
111.516724 
111.525879 
111.535950 
111.546021 
111.556702 
111.566772 
111.577454 
111.588135 
111.598511 
111.608887 
111.619263 
111.629944 
111.640015 
111.650391 
111.660767 
111.670532 
111.680298 
111.690369 
111.700134 
111.710510 
111.722107 
111.733093 
111.743164 
111.753845 
111.763916 
111.773987 
111.783752 
111.793823 
111.804199 
111.813965 
111.824341 
111.834106 
111.844482 
111.854553 
111.864624 
111.875610 
111.885986 
111.896667 
111.907043 
111.916809 
111.926270 
111.935120 
111.944885 
111.954956 
111.965637 
111.976013 
111.986694 
111.997070 
112.007446 
112.017517 
112.028198 
112.037964 
112.048645 
112.058716 
112.068481 
112.078247 
112.088013 
112.097778 
112.107544 
112.118530 
112.129517 
112.140503 
112.151489 
112.161255 
112.171326 
112.181396 
112.191467 
112.201233 
112.210999 
112.221375 
112.230835 
112.240906 
112.251587 
112.261353 
112.272034 
112.282715 
112.292786 
112.303772 
112.314148 
112.324524 
112.333069 
112.342224 
112.351990 
112.361755 
112.372742 
112.383118 
112.393494 
112.404175 
112.414856 
112.424927 
112.435913 
112.445984 
112.456055 
112.466125 
112.476196 
112.485657 
112.496338 
112.506104 
112.516174 
112.526550 
112.537537 
112.548828 
112.559509 
112.569885 
112.579956 
112.590332 
112.600098 
112.609863 
112.620239 
112.630005 
112.640381 
112.650757 
112.660828 
112.670898 
112.681274 
112.691345 
112.702332 
112.713013 
112.723389 
112.732849 
112.742615 
112.751770 
112.761841 
112.771606 
112.781677 
112.792053 
112.802429 
112.813721 
112.823486 
112.834167 
112.844238 
112.854614 
112.864685 
112.875061 
112.884827 
112.894592 
112.904663 
112.914734 
112.924194 
112.934570 
112.945862 
112.956848 
112.967529 
112.977600 
112.987976 
112.997437 
113.007202 
113.016968 
113.026123 
113.036194 
113.045959 
113.055420 
113.064575 
113.073730 
113.082581 
113.091431 
113.099976 
113.108826 
113.116760 
113.124084 
113.130188 
113.135986 
113.141785 
113.148193 
113.153992 
113.159790 
113.164978 
113.169861 
113.174744 
113.179016 
113.182983 
113.186340 
113.189087 
113.191528 
113.193665 
113.195190 
113.196716 
113.197327 
113.197632 
113.198547 
113.198853 
113.200073 
113.200378 
113.199768 
113.198547 
113.197632 
113.196106 
113.193970 
113.192444 
113.190002 
113.188782 
113.186646 
113.184204 
113.182068 
113.179321 
113.177185 
113.175049 
113.172913 
113.170471 
113.167419 
113.163757 
113.159485 
113.156128 
113.152771 
113.150330 
113.147888 
113.144836 
113.141785 
113.139343 
113.136292 
113.132935 
113.129883 
113.127136 
113.123779 
113.121033 
113.117371 
113.114014 
113.110657 
113.106995 
113.103943 
113.101807 
113.099976 
113.097839 
113.094788 
113.091736 
113.088074 
113.085022 
113.081665 
113.078308 
113.075562 
113.072510 
113.069458 
113.066711 
113.064270 
113.061829 
113.058167 
113.056335 
113.054199 
113.051147 
113.048096 
113.044434 
113.040771 
113.037720 
113.034973 
113.032837 
113.030090 
113.027954 
113.025513 
113.023071 
113.020630 
113.017883 
113.015747 
113.013000 
113.010254 
113.007507 
113.004761 
113.002014 
112.998962 
112.995911 
112.993469 
112.992249 
112.990112 
112.988586 
112.985840 
112.983398 
112.980042 
112.977295 
112.974243 
112.971802 
112.968750 
112.966309 
112.963562 
112.961121 
112.958679 
112.955627 
112.953491 
112.951050 
112.949219 
112.946777 
112.944031 
112.940369 
112.936707 
112.933655 
112.930908 
112.928467 
112.926025 
112.923279 
112.920837 
112.918396 
112.916565 
112.913513 
112.911072 
112.908325 
112.905273 
112.902527 
112.899780 
112.896729 
112.893372 
112.890625 
112.887878 
112.886353 
112.884216 
112.882080 
112.879944 
112.876892 
112.873840 
112.871094 
112.868042 
112.865295 
112.862244 
112.859497 
112.857056 
112.854309 
112.851257 
112.849426 
112.846680 
112.843933 
112.841797 
112.839661 
112.837219 
112.834167 
112.829590 
112.826843 
112.824097 
112.821960 
112.819214 
112.816772 
112.815247 
112.812500 
112.810364 
112.807617 
112.805176 
112.802429 
112.799988 
112.797546 
112.794189 
112.791748 
112.788696 
112.785950 
112.783813 
112.781982 
112.780151 
112.778320 
112.775879 
112.773438 
112.770081 
112.767639 
112.764893 
112.762146 
112.759399 
112.756653 
112.754517 
112.752075 
112.749329 
112.746887 
112.744446 
112.742615 
112.740173 
112.737732 
112.734985 
112.731628 
112.727966 
112.724915 
112.721863 
112.719727 
112.717590 
112.715149 
112.712708 
112.710571 
112.708130 
112.705994 
112.703247 
112.701111 
112.698059 
112.695313 
112.692871 
112.689514 
112.686768 
112.684021 
112.681274 
112.679443 
112.677917 
112.676086 
112.673340 
112.670593 
112.667542 
112.664795 
112.662048 
112.659302 
112.656250 
112.653503 
112.651062 
112.648010 
112.645264 
112.643127 
112.640686 
112.637939 
112.636108 
112.633972 
112.631226 
112.627869 
112.623901 
112.620544 
112.617798 
112.615662 
112.612915 
112.610779 
112.608337 
112.606201 
112.603455 
112.601013 
112.598572 
112.596436 
112.593079 
112.590637 
112.587891 
112.584839 
112.581482 
112.578735 
112.576294 
112.574158 
112.572632 
112.571106 
112.568665 
112.565918 
112.562561 
112.560425 
112.557373 
112.554016 
112.551880 
112.549133 
112.546387 
112.543640 
112.540894 
112.538757 
112.536316 
112.533569 
112.532043 
112.529907 
112.527161 
112.523804 
112.520142 
112.516479 
112.514343 
112.511597 
112.509155 
112.506714 
112.504883 
112.502441 
112.500000 
112.497253 
112.495117 
112.492981 
112.490540 
112.487488 
112.484741 
112.481689 
112.478943 
112.476196 
112.473450 
112.471924 
112.470093 
112.468567 
112.466431 
112.463379 
112.460938 
112.457581 
112.455139 
112.452087 
112.449341 
112.446594 
112.443848 
112.441101 
112.438660 
112.436523 
112.434082 
112.431641 
112.429810 
112.427368 
112.424622 
112.420959 
112.417603 
112.414246 
112.411194 
112.408752 
112.406616 
112.404175 
112.401733 
112.399597 
112.397156 
112.395020 
112.392273 
112.389526 
112.387085 
112.384033 
112.381592 
112.378845 
112.375793 
112.372437 
112.369995 
112.367859 
112.366943 
112.365112 
112.362671 
112.359924 
112.356873 
112.354126 
112.351685 
112.348022 
112.345581 
112.342834 
112.340393 
112.337341 
112.334595 
112.333069 
112.330322 
112.327881 
112.326050 
112.323608 
112.320557 
112.317810 
112.314453 
112.310486 
112.308044 
112.305298 
112.302856 
112.300415 
112.298279 
112.296448 
112.293396 
112.291565 
112.288513 
112.286377 
112.283630 
112.281189 
112.277832 
112.275391 
112.272339 
112.268982 
112.266541 
112.264709 
112.263489 
112.261353 
112.258911 
112.256470 
112.253418 
112.251282 
112.247620 
112.244873 
112.242432 
112.239685 
112.237549 
112.234192 
112.232056 
112.229614 
112.227173 
112.224731 
112.222900 
112.220459 
112.218018 
112.214966 
112.211304 
112.207642 
112.205200 
112.202454 
112.200317 
112.197571 
112.195740 
112.193298 
112.191162 
112.188416 
112.186279 
112.183533 
112.181396 
112.178345 
112.175903 
112.172852 
112.169800 
112.167358 
112.164307 
112.161865 
112.160950 
112.159119 
112.156677 
112.154236 
112.151489 
112.148438 
112.145386 
112.142639 
112.139893 
112.137146 
112.134705 
112.131958 
112.128906 
112.126770 
112.124329 
112.122192 
112.120056 
112.117920 
112.115173 
112.111816 
112.108459 
112.104492 
112.101746 
112.099304 
112.096558 
112.094421 
112.092285 
112.090149 
112.088013 
112.085876 
112.082825 
112.080078 
112.078247 
112.074890 
112.072449 
112.069702 
112.066345 
112.063293 
112.060547 
112.058716 
112.056885 
112.055664 
112.053223 
112.050476 
112.047424 
112.045288 
112.041931 
112.039185 
112.036438 
112.033386 
112.031250 
112.028503 
112.026062 
112.023010 
112.021179 
112.018433 
112.016602 
112.014465 
112.011719 
112.008057 
112.004700 
112.001648 
111.998596 
111.996155 
111.993408 
111.991577 
111.988831 
111.986694 
111.984558 
111.981812 
111.979675 
111.977234 
111.974792 
111.971741 
111.968994 
111.966248 
111.963196 
111.960754 
111.957703 
111.955566 
111.954041 
111.952209 
111.950073 
111.947327 
111.944580 
111.941833 
111.939392 
111.936035 
111.932983 
111.930542 
111.928101 
111.925049 
111.922302 
111.920166 
111.917725 
111.915894 
111.913452 
111.911316 
111.908875 
111.905823 
111.902466 
111.898499 
111.896057 
111.893311 
111.890564 
111.888428 
111.886292 
111.883850 
111.881714 
111.879272 
111.877136 
111.874084 
111.871643 
111.868896 
111.866455 
111.863708 
111.860962 
111.857605 
111.855164 
111.853027 
111.851501 
111.849670 
111.847534 
111.844788 
111.842346 
111.839600 
111.836853 
111.833496 
111.830750 
111.828003 
111.825256 
111.822205 
111.819763 
111.817627 
111.815186 
111.812439 
111.810608 
111.808472 
111.806030 
111.802673 
111.798401 
111.795349 
111.792297 
111.789856 
111.787720 
111.785278 
111.782837 
111.780396 
111.778564 
111.775818 
111.773071 
111.770935 
111.768494 
111.765747 
111.763306 
111.760254 
111.757202 
111.754456 
111.752014 
111.749268 
111.748352 
111.746521 
111.744080 
111.741943 
111.738586 
111.735840 
111.732788 
111.730652 
111.727295 
111.724548 
111.721802 
111.719666 
111.716919 
111.714172 
111.712036 
111.709595 
111.707153 
111.705017 
111.702881 
111.699524 
111.695862 
111.692810 
111.689453 
111.687012 
111.684265 
111.682434 
111.679993 
111.677856 
111.675720 
111.672668 
111.670837 
111.668091 
111.665344 
111.662598 
111.660461 
111.657104 
111.654358 
111.651611 
111.648560 
111.646729 
111.644897 
111.643677 
111.640930 
111.638489 
111.635742 
111.632690 
111.629944 
111.627197 
111.624451 
111.621704 
111.619263 
111.616211 
111.613770 
111.611633 
111.608582 
111.606750 
111.604309 
111.602478 
111.600037 
111.596985 
111.593018 
111.589966 
111.586914 
111.584167 
111.582031 
111.579590 
111.577454 
111.574707 
111.572876 
111.570435 
111.567688 
111.564941 
111.562805 
111.559753 
111.557312 
111.554565 
111.551819 
111.548462 
111.546021 
111.543274 
111.542053 
111.540833 
111.538086 
111.535645 
111.532898 
111.530151 
111.526794 
111.524048 
111.521912 
111.518860 
111.516113 
111.513672 
111.510620 
111.508789 
111.506348 
111.504211 
111.501160 
111.499329 
111.497192 
111.493835 
111.490173 
111.487122 
111.483765 
111.481018 
111.478882 
111.475830 
111.473999 
111.471863 
111.469727 
111.466675 
111.464844 
111.462097 
111.459656 
111.457214 
111.454468 
111.451416 
111.448364 
111.445618 
111.442566 
111.440125 
111.438904 
111.437073 
111.435242 
111.432495 
111.429749 
111.426697 
111.424255 
111.421509 
111.418762 
111.416016 
111.413574 
111.410522 
111.408081 
111.405945 
111.403198 
111.400757 
111.398621 
111.396484 
111.394043 
111.391296 
111.387634 
111.384277 
111.381531 
111.379089 
111.376343 
111.374207 
111.371765 
111.369019 
111.366882 
111.365051 
111.362305 
111.359863 
111.357117 
111.354675 
111.351624 
111.349182 
111.346130 
111.343384 
111.340637 
111.338501 
111.336670 
111.335144 
111.333008 
111.330261 
111.327515 
111.324768 
111.321716 
111.318970 
111.316223 
111.313477 
111.311035 
111.307983 
111.305237 
111.303101 
111.300354 
111.297607 
111.295776 
111.293640 
111.291504 
111.288757 
111.285095 
111.281738 
111.278381 
111.275635 
111.273193 
111.271057 
111.268921 
111.266479 
111.264343 
111.261902 
111.259155 
111.257019 
111.254272 
111.251831 
111.249084 
111.246338 
111.242981 
111.240234 
111.237488 
111.235352 
111.233521 
111.231995 
111.230164 
111.227112 
111.224670 
111.221619 
111.219177 
111.215820 
111.213379 
111.210327 
111.207886 
111.205444 
111.202698 
111.200256 
111.197815 
111.195374 
111.193237 
111.191101 
111.188354 
111.186218 
111.182556 
111.178894 
111.175842 
111.172791 
111.170349 
111.167908 
111.165466 
111.163635 
111.160889 
111.159058 
111.156311 
111.153870 
111.151428 
111.148987 
111.146240 
111.143494 
111.140442 
111.137390 
111.134644 
111.132202 
111.130676 
111.129456 
111.127319 
111.124573 
111.121826 
111.119385 
111.116638 
111.113586 
111.110840 
111.107788 
111.105042 
111.102905 
111.100159 
111.097412 
111.094971 
111.093140 
111.090393 
111.088257 
111.086426 
111.083374 
111.080017 
111.076050 
111.073303 
111.070251 
111.068420 
111.065979 
111.063538 
111.061096 
111.059265 
111.056213 
111.053467 
111.051331 
111.048889 
111.046448 
111.043701 
111.040649 
111.037903 
111.035156 
111.032104 
111.029053 
111.027832 
111.026611 
111.024475 
111.022034 
111.019592 
111.015930 
111.013184 
111.010742 
111.007385 
111.005249 
111.002197 
110.999451 
110.996704 
110.994568 
110.992126 
110.989685 
110.987244 
110.985718 
110.982666 
110.980530 
110.976868 
110.973206 
110.970154 
110.967407 
110.964966 
110.962524 
110.960388 
110.958252 
110.955811 
110.953369 
110.950928 
110.948486 
110.945740 
110.943298 
110.940552 
110.937500 
110.934753 
110.932007 
110.928650 
110.926514 
110.924683 
110.923157 
110.921326 
110.918884 
110.915833 
110.913086 
110.910339 
110.907593 
110.904541 
110.902100 
110.899048 
110.896301 
110.894165 
110.891724 
110.889282 
110.886230 
110.884705 
110.881958 
110.880127 
110.877380 
110.873718 
110.870361 
110.867310 
110.864868 
110.862122 
110.859070 
110.856934 
110.854797 
110.852966 
110.850220 
110.847778 
110.845032 
110.842896 
110.840454 
110.837402 
110.834656 
110.831604 
110.828857 
110.826111 
110.823364 
110.821838 
110.820618 
110.818481 
110.815735 
110.813293 
110.810547 
110.807495 
110.804749 
110.801697 
110.798645 
110.796204 
110.794067 
110.791016 
110.788574 
110.786438 
110.783997 
110.781555 
110.779419 
110.777283 
110.774536 
110.771179 
110.767517 
110.763855 
110.761414 
110.758972 
110.756836 
110.754395 
110.752258 
110.749817 
110.747681 
110.744934 
110.742798 
110.739746 
110.737610 
110.734863 
110.732117 
110.729065 
110.726013 
110.722961 
110.720825 
110.718689 
110.717773 
110.715637 
110.713196 
110.710449 
110.707397 
110.704346 
110.701599 
110.698547 
110.695801 
110.693359 
110.690918 
110.688477 
110.685425 
110.683289 
110.680542 
110.678406 
110.676575 
110.673828 
110.671387 
110.668030 
110.664673 
110.661011 
110.658569 
110.655518 
110.653687 
110.651245 
110.649109 
110.646973 
110.644226 
110.641785 
110.639343 
110.636902 
110.634460 
110.631409 
110.628967 
110.625916 
110.623169 
110.620117 
110.617676 
110.616150 
110.614624 
110.612488 
110.610046 
110.607300 
110.604248 
110.601807 
110.598755 
110.596008 
110.593262 
110.590820 
110.587769 
110.585632 
110.582886 
110.580750 
110.578308 
110.576172 
110.573425 
110.571594 
110.569153 
110.565796 
110.561829 
110.558777 
110.556030 
110.553284 
110.551453 
110.549011 
110.546570 
110.543823 
110.541687 
110.538940 
110.537109 
110.534668 
110.531616 
110.528870 
110.526123 
110.523376 
110.520020 
110.517578 
110.514832 
110.513306 
110.511780 
110.509338 
110.507202 
110.504150 
110.501404 
110.498962 
110.496216 
110.493164 
110.490417 
110.487671 
110.485229 
110.482483 
110.480042 
110.477600 
110.475464 
110.473022 
110.470886 
110.468140 
110.466003 
110.462341 
110.458984 
110.455627 
110.453186 
110.450439 
110.448608 
110.445862 
110.444031 
110.441895 
110.439453 
110.436707 
110.434265 
110.431824 
110.429077 
110.426636 
110.423584 
110.420837 
110.418091 
110.414734 
110.412598 
110.410461 
110.408936 
110.407410 
110.404968 
110.401917 
110.399170 
110.396118 
110.393677 
110.390625 
110.387268 
110.384827 
110.382080 
110.379639 
110.377197 
110.374451 
110.372314 
110.370178 
110.367737 
110.365906 
110.362854 
110.359802 
110.356140 
110.353088 
110.349731 
110.347900 
110.344849 
110.342712 
110.341187 
110.338745 
110.336304 
110.333862 
110.331116 
110.328674 
110.326233 
110.323181 
110.321045 
110.317688 
110.314941 
110.311584 
110.309753 
110.307617 
110.305786 
110.303955 
110.301819 
110.299377 
110.296326 
110.293274 
110.290527 
110.287476 
110.285034 
110.282593 
110.279846 
110.277100 
110.274963 
110.272217 
110.270081 
110.268250 
110.265503 
110.263367 
110.260620 
110.257568 
110.253601 
110.250244 
110.248108 
110.245056 
110.242920 
110.240784 
110.238037 
110.236206 
110.233459 
110.231323 
110.228271 
110.226135 
110.223389 
110.220947 
110.217590 
110.215149 
110.211792 
110.208740 
110.206604 
110.204773 
110.203247 
110.201416 
110.198975 
110.195923 
110.194092 
110.190735 
110.187683 
110.185242 
110.182495 
110.179443 
110.176697 
110.174255 
110.171814 
110.169678 
110.167236 
110.164795 
110.162659 
110.160217 
110.158081 
110.155029 
110.151062 
110.148010 
110.145569 
110.142517 
110.140381 
110.138245 
110.135498 
110.133362 
110.131226 
110.128784 
110.126648 
110.123901 
110.121765 
110.119629 
110.116882 
110.114746 
110.112610 
110.110779 
110.109558 
110.109558 
110.110168 
110.110779 
110.110474 
110.110474 
110.110474 
110.111389 
110.112000 
110.113525 
110.115051 
110.116882 
110.119934 
110.122986 
110.126648 
110.130615 
110.135803 
110.140686 
110.147095 
110.152893 
110.159302 
110.165405 
110.171204 
110.177917 
110.185852 
110.194397 
110.203247 
110.212402 
110.221863 
110.231628 
110.242004 
110.252075 
110.262451 
110.273438 
110.283813 
110.294189 
110.305176 
110.315247 
110.325928 
110.336609 
110.347290 
110.358276 
110.370789 
110.382080 
110.393677 
110.404358 
110.414734 
110.425110 
110.435486 
110.445862 
110.456238 
110.466919 
110.477295 
110.487671 
110.498657 
110.508728 
110.519714 
110.529785 
110.541077 
110.551758 
110.562439 
110.572205 
110.581665 
110.590820 
110.600891 
110.611267 
110.621643 
110.632324 
110.643005 
110.653381 
110.664063 
110.674438 
110.684509 
110.694885 
110.705566 
110.715942 
110.726013 
110.735779 
110.745544 
110.755310 
110.765381 
110.776367 
110.787354 
110.798340 
110.809021 
110.819397 
110.829468 
110.839539 
110.848999 
110.859070 
110.869446 
110.879211 
110.889282 
110.899658 
110.910034 
110.920105 
110.930481 
110.940552 
110.951233 
110.961609 
110.972290 
110.982056 
110.990906 
111.000366 
111.010437 
111.020508 
111.031189 
111.041565 
111.051941 
111.061707 
111.072998 
111.083679 
111.093140 
111.102905 
111.114197 
111.123352 
111.133728 
111.143799 
111.153564 
111.162720 
111.173401 
111.184387 
111.195374 
111.206360 
111.217041 
111.226807 
111.236877 
111.246643 
111.256714 
111.266479 
111.276550 
111.286316 
111.296692 
111.307068 
111.316833 
111.326904 
111.337891 
111.348572 
111.358643 
111.369629 
111.379700 
111.389771 
111.398315 
111.408081 
111.418152 
111.428223 
111.438904 
111.449280 
111.459351 
111.470032 
111.480713 
111.491699 
111.501465 
111.512146 
111.522217 
111.532593 
111.542664 
111.552124 
111.562195 
111.572571 
111.582336 
111.593018 
111.604614 
111.614990 
111.625977 
111.636047 
111.646423 
111.656189 
111.666260 
111.676331 
111.686096 
111.696167 
111.706543 
111.716309 
111.726990 
111.736755 
111.747131 
111.758118 
111.768494 
111.779175 
111.789551 
111.798706 
111.808472 
111.817932 
111.827698 
111.837769 
111.848450 
111.858521 
111.869202 
111.879883 
111.889954 
111.900330 
111.910706 
111.921387 
111.931152 
111.941223 
111.950989 
111.961670 
111.970825 
111.980896 
111.990967 
112.001648 
112.012634 
112.023926 
112.033997 
112.044373 
112.054443 
112.064209 
112.073975 
112.084351 
112.094116 
112.103577 
112.114258 
112.124329 
112.134094 
112.144470 
112.155151 
112.165527 
112.175903 
112.186279 
112.196960 
112.206116 
112.215271 
112.225037 
112.234802 
112.244873 
112.254944 
112.265625 
112.276306 
112.286987 
112.297363 
112.307434 
112.318115 
112.328491 
112.337952 
112.348633 
112.358704 
112.368469 
112.378845 
112.388000 
112.397766 
112.408752 
112.420349 
112.431641 
112.442322 
112.452393 
112.462158 
112.472229 
112.482300 
112.492371 
112.501831 
112.511902 
112.522278 
112.532043 
112.542419 
112.552795 
112.563171 
112.573853 
112.584534 
112.595520 
112.605591 
112.615662 
112.624207 
112.633972 
112.643738 
112.654419 
112.664490 
112.674866 
112.685547 
112.695618 
112.706299 
112.716675 
112.727051 
112.737122 
112.747803 
112.757874 
112.767639 
112.777710 
112.787476 
112.797241 
112.807007 
112.817993 
112.828979 
112.839966 
112.850952 
112.860718 
112.870483 
112.880554 
112.890320 
112.900696 
112.910461 
112.920227 
112.930603 
112.940674 
112.950745 
112.960815 
112.971191 
112.981567 
112.992249 
113.002625 
113.013306 
113.022461 
113.031006 
113.039856 
113.048706 
113.058472 
113.067627 
113.077087 
113.086243 
113.094482 
113.103333 
113.111572 
113.118896 
113.126526 
113.133240 
113.139343 
113.145752 
113.151550 
113.156738 
113.161926 
113.166504 
113.171387 
113.176880 
113.181763 
113.185425 
113.188171 
113.191223 
113.193359 
113.194885 
113.196106 
113.197327 
113.198242 
113.198547 
113.198853 
113.199158 
113.198547 
113.198853 
113.198547 
113.197937 
113.197937 
113.196716 
113.195496 
113.192749 
113.190613 
113.188171 
113.186646 
113.184814 
113.183594 
113.181458 
113.179932 
113.177490 
113.175354 
113.173218 
113.171082 
113.168335 
113.165894 
113.163452 
113.160400 
113.157654 
113.155212 
113.152161 
113.149414 
113.148804 
113.146667 
113.144531 
113.141785 
113.139343 
113.136597 
113.133850 
113.130493 
113.127747 
113.125305 
113.122559 
113.120422 
113.117676 
113.115540 
113.113098 
113.110962 
113.108826 
113.106995 
113.104858 
113.102112 
113.099060 
113.095398 
113.092957 
113.089905 
113.088074 
113.086243 
113.084412 
113.082275 
113.080139 
113.078308 
113.076477 
113.074036 
113.071899 
113.069458 
113.067017 
113.064880 
113.062744 
113.059998 
113.057556 
113.055725 
113.054810 
113.053589 
113.052063 
113.049622 
113.047180 
113.045044 
113.042603 
113.040466 
113.038025 
113.035889 
113.033752 
113.031616 
113.030090 
113.027954 
113.025208 
113.024292 
113.022766 
113.020630 
113.018799 
113.016663 
113.013306 
113.009949 
113.007813 
113.005676 
113.003845 
113.001404 
113.000183 
112.998047 
112.996216 
112.994690 
112.992554 
112.990112 
112.987976 
112.986145 
112.983704 
112.981567 
112.978821 
112.976074 
112.973938 
112.971802 
112.970581 
112.969666 
112.967529 
112.965698 
112.963257 
112.960815 
112.958374 
112.956238 
112.953796 
112.951660 
112.948914 
112.947083 
112.944946 
112.942810 
112.940674 
112.938843 
112.937012 
112.935486 
112.933960 
112.930908 
112.927551 
112.924500 
112.922058 
112.919922 
112.918091 
112.916565 
112.914429 
112.912598 
112.910767 
112.908630 
112.906799 
112.904968 
112.902527 
112.900391 
112.897949 
112.895813 
112.893066 
112.890930 
112.888184 
112.886353 
112.885437 
112.884216 
112.882690 
112.880859 
112.878723 
112.875977 
112.873840 
112.871704 
112.869568 
112.867737 
112.865295 
112.863159 
112.861328 
112.859192 
112.857666 
112.855835 
112.854309 
112.852478 
112.850647 
112.848511 
112.845154 
112.842407 
112.839966 
112.838135 
112.835999 
112.834167 
112.832336 
112.830811 
112.829285 
112.827148 
112.825317 
112.823181 
112.821350 
112.819214 
112.817078 
112.814941 
112.812195 
112.810059 
112.807922 
112.805786 
112.804871 
112.803955 
112.802124 
112.799988 
112.797852 
112.795410 
112.793274 
112.790527 
112.788391 
112.786255 
112.784424 
112.781982 
112.779846 
112.778015 
112.775879 
112.774048 
112.772522 
112.770691 
112.768860 
112.766418 
112.763062 
112.759705 
112.757568 
112.755432 
112.753296 
112.751465 
112.749634 
112.747803 
112.745972 
112.744141 
112.742004 
112.739868 
112.737427 
112.735291 
112.733154 
112.730408 
112.727966 
112.725525 
112.722778 
112.721558 
112.720337 
112.718811 
112.716980 
112.715454 
112.713013 
112.710876 
112.708435 
112.706299 
112.703857 
112.701721 
112.698975 
112.697144 
112.695313 
112.692871 
112.691345 
112.689209 
112.687988 
112.686462 
112.684021 
112.681885 
112.679138 
112.675781 
112.673645 
112.671204 
112.669373 
112.667847 
112.666016 
112.663879 
112.662354 
112.660522 
112.658691 
112.656860 
112.654419 
112.652588 
112.649841 
112.648315 
112.645569 
112.643127 
112.640991 
112.639160 
112.637634 
112.636719 
112.635803 
112.633057 
112.631226 
112.629395 
112.626648 
112.624207 
112.622070 
112.619934 
112.617798 
112.615662 
112.613831 
112.611694 
112.609558 
112.607727 
112.605896 
112.604675 
112.602844 
112.600708 
112.597961 
112.594910 
112.591858 
112.590027 
112.587585 
112.586060 
112.584229 
112.582397 
112.580261 
112.578735 
112.576904 
112.574768 
112.572327 
112.570496 
112.568359 
112.565918 
112.563477 
112.561035 
112.558594 
112.556458 
112.555847 
112.554016 
112.552795 
112.550659 
112.548828 
112.546082 
112.543945 
112.541504 
112.539063 
112.537231 
112.535095 
112.532654 
112.530518 
112.528687 
112.526550 
112.524719 
112.522888 
112.521362 
112.519531 
112.517395 
112.514343 
112.510986 
112.508850 
112.506409 
112.504272 
112.502441 
112.500916 
112.498779 
112.497253 
112.495422 
112.493286 
112.491455 
112.489014 
112.487488 
112.485046 
112.483215 
112.480164 
112.477722 
112.475586 
112.473450 
112.472229 
112.471313 
112.469788 
112.467651 
112.465820 
112.463379 
112.461243 
112.458496 
112.456360 
112.454224 
112.451782 
112.449951 
112.447815 
112.445984 
112.444153 
112.442322 
112.440186 
112.438965 
112.436829 
112.434998 
112.432251 
112.429199 
112.425537 
112.424011 
112.421875 
112.420349 
112.418823 
112.416687 
112.415161 
112.413025 
112.411194 
112.409058 
112.406921 
112.404785 
112.402954 
112.400818 
112.398376 
112.395630 
112.393494 
112.391663 
112.390137 
112.389526 
112.387695 
112.385559 
112.383728 
112.381287 
112.379150 
112.377014 
112.374573 
112.372437 
112.369995 
112.368164 
112.365723 
112.363892 
112.361755 
112.360229 
112.358398 
112.356567 
112.355042 
112.353210 
112.349854 
112.346802 
112.344055 
112.342224 
112.340088 
112.337646 
112.336426 
112.334900 
112.332764 
112.330627 
112.329102 
112.326660 
112.324829 
112.322693 
112.320557 
112.318115 
112.315979 
112.313232 
112.310791 
112.309265 
112.307739 
112.307129 
112.305298 
112.303467 
112.301025 
112.298889 
112.296448 
112.294312 
112.291870 
112.289429 
112.287598 
112.285156 
112.283020 
112.281189 
112.279358 
112.277222 
112.275391 
112.273560 
112.272339 
112.270203 
112.266541 
112.263489 
112.261047 
112.258911 
112.256470 
112.254639 
112.253418 
112.251587 
112.249451 
112.247925 
112.245789 
112.243958 
112.241821 
112.239685 
112.237549 
112.235718 
112.233276 
112.230835 
112.228088 
112.226257 
112.225037 
112.223816 
112.222595 
112.220764 
112.218628 
112.216492 
112.214050 
112.211609 
112.209473 
112.207336 
112.205200 
112.203064 
112.200623 
112.199097 
112.196655 
112.194824 
112.192993 
112.191162 
112.189636 
112.187805 
112.184753 
112.182007 
112.179260 
112.176819 
112.175293 
112.173462 
112.171021 
112.169495 
112.167358 
112.166138 
112.164307 
112.162170 
112.160339 
112.157898 
112.156067 
112.153625 
112.151489 
112.149048 
112.146912 
112.144470 
112.143250 
112.142334 
112.140808 
112.139282 
112.136841 
112.134705 
112.132263 
112.129822 
112.127380 
112.124939 
112.122803 
112.120972 
112.118835 
112.117004 
112.114868 
112.112732 
112.110596 
112.109070 
112.107239 
112.105408 
112.102051 
112.099304 
112.096558 
112.094116 
112.092285 
112.090454 
112.088318 
112.087097 
112.085266 
112.083130 
112.081604 
112.079468 
112.077332 
112.075500 
112.073059 
112.070923 
112.068481 
112.066345 
112.063904 
112.060852 
112.060242 
112.059631 
112.057800 
112.055969 
112.053528 
112.051392 
112.049561 
112.046814 
112.044373 
112.042236 
112.040100 
112.037964 
112.035828 
112.033691 
112.031860 
112.030029 
112.028198 
112.026672 
112.024841 
112.023010 
112.019958 
112.016602 
112.013855 
112.011719 
112.009583 
112.007751 
112.006226 
112.004395 
112.002869 
112.000427 
111.999207 
111.997070 
111.994629 
111.993103 
111.990356 
111.988525 
111.986389 
111.983643 
111.981201 
111.979065 
111.977539 
111.976624 
111.976013 
111.973267 
111.971436 
111.969299 
111.966858 
111.964722 
111.962280 
111.960144 
111.957703 
111.955566 
111.953430 
111.951599 
111.949463 
111.947937 
111.946411 
111.943970 
111.942444 
111.940308 
111.937561 
111.934509 
111.931458 
111.929626 
111.927490 
111.925964 
111.923828 
111.922302 
111.920471 
111.918945 
111.916504 
111.914673 
111.912842 
111.910400 
111.908569 
111.906433 
111.903687 
111.901550 
111.899414 
111.896667 
111.895447 
111.894531 
111.893616 
111.891479 
111.889343 
111.886597 
111.884460 
111.882019 
111.880188 
111.877747 
111.875610 
111.873474 
111.871338 
111.868896 
111.867065 
111.865234 
111.863098 
111.861877 
111.860352 
111.858215 
111.855469 
111.852722 
111.849670 
111.847229 
111.845398 
111.843262 
111.841431 
111.839600 
111.838074 
111.836243 
111.833801 
111.832581 
111.830139 
111.828308 
111.826172 
111.823730 
111.821594 
111.819153 
111.816406 
111.814270 
111.813049 
111.811829 
111.810608 
111.809082 
111.806946 
111.804810 
111.802063 
111.799622 
111.797485 
111.794739 
111.792908 
111.790771 
111.788330 
111.786804 
111.784668 
111.782837 
111.781311 
111.779480 
111.777344 
111.775818 
111.773376 
111.769714 
111.766663 
111.764526 
111.762695 
111.760864 
111.759033 
111.757202 
111.755676 
111.753845 
111.751404 
111.749878 
111.747742 
111.745911 
111.743469 
111.741638 
111.739197 
111.736450 
111.734619 
111.732178 
111.730652 
111.729431 
111.728821 
111.726685 
111.724243 
111.722412 
111.719971 
111.717529 
111.715393 
111.712952 
111.710815 
111.708679 
111.706543 
111.704407 
111.702881 
111.701050 
111.698914 
111.697388 
111.695557 
111.693420 
111.690674 
111.688232 
111.684875 
111.682129 
111.679993 
111.678772 
111.676331 
111.674805 
111.673279 
111.671448 
111.669312 
111.667480 
111.665955 
111.663513 
111.661377 
111.659241 
111.656799 
111.654358 
111.652527 
111.649780 
111.648254 
111.647339 
111.646423 
111.644592 
111.641846 
111.639404 
111.637268 
111.635132 
111.632996 
111.630249 
111.628113 
111.626282 
111.623840 
111.621704 
111.619873 
111.618042 
111.616211 
111.614990 
111.612854 
111.610718 
111.608582 
111.605225 
111.602478 
111.600037 
111.597900 
111.596069 
111.594238 
111.592712 
111.590576 
111.588745 
111.586914 
111.585388 
111.582947 
111.580811 
111.578979 
111.576538 
111.574097 
111.571960 
111.569214 
111.567078 
111.565552 
111.564331 
111.563416 
111.561890 
111.559753 
111.557312 
111.555176 
111.553040 
111.549988 
111.548157 
111.545715 
111.544189 
111.541748 
111.539612 
111.538086 
111.535645 
111.534424 
111.532288 
111.530762 
111.529236 
111.526489 
111.523132 
111.520081 
111.518250 
111.515808 
111.513977 
111.512451 
111.510315 
111.508789 
111.506653 
111.505127 
111.502991 
111.501465 
111.499023 
111.496582 
111.494446 
111.492615 
111.489868 
111.487122 
111.484680 
111.483154 
111.482239 
111.481018 
111.479492 
111.477356 
111.475220 
111.473083 
111.470642 
111.467896 
111.465454 
111.463928 
111.461487 
111.459656 
111.457520 
111.455688 
111.453857 
111.451721 
111.450195 
111.448364 
111.446838 
111.444092 
111.441040 
111.438293 
111.435852 
111.433716 
111.431580 
111.429443 
111.427917 
111.426392 
111.424561 
111.422424 
111.420288 
111.418762 
111.416321 
111.414185 
111.412354 
111.410217 
111.407471 
111.405029 
111.402893 
111.400757 
111.400452 
111.399231 
111.397400 
111.395264 
111.393433 
111.390686 
111.388550 
111.386108 
111.383667 
111.381836 
111.379395 
111.377563 
111.375427 
111.373596 
111.371155 
111.369324 
111.367493 
111.366272 
111.364441 
111.362000 
111.359253 
111.355896 
111.352844 
111.351624 
111.349487 
111.347656 
111.345825 
111.344299 
111.342468 
111.340332 
111.338806 
111.336670 
111.334534 
111.332397 
111.330261 
111.327515 
111.325378 
111.322937 
111.320496 
111.318665 
111.318054 
111.316528 
111.315002 
111.313171 
111.311035 
111.308594 
111.306152 
111.304016 
111.301575 
111.299438 
111.297302 
111.295166 
111.292725 
111.290894 
111.289063 
111.287537 
111.285706 
111.284180 
111.282349 
111.279907 
111.276550 
111.273499 
111.271362 
111.268921 
111.267395 
111.264954 
111.263733 
111.261902 
111.260071 
111.258545 
111.256409 
111.254578 
111.252136 
111.250000 
111.247864 
111.245422 
111.243286 
111.240540 
111.238098 
111.236572 
111.235352 
111.234741 
111.232910 
111.231079 
111.228638 
111.226501 
111.224060 
111.221924 
111.219482 
111.217346 
111.215210 
111.212769 
111.211243 
111.209106 
111.206970 
111.205444 
111.203613 
111.202087 
111.199951 
111.197815 
111.194458 
111.191711 
111.189575 
111.187439 
111.185303 
111.183472 
111.181641 
111.179504 
111.178284 
111.176453 
111.173706 
111.171875 
111.170044 
111.167297 
111.165466 
111.163330 
111.160583 
111.158142 
111.156006 
111.154480 
111.153259 
111.152344 
111.150818 
111.148376 
111.146545 
111.144104 
111.141968 
111.139526 
111.137390 
111.134949 
111.132813 
111.130981 
111.128235 
111.126404 
111.124878 
111.123047 
111.121216 
111.119385 
111.117554 
111.115417 
111.112366 
111.109619 
111.106873 
111.105042 
111.102600 
111.100769 
111.099243 
111.097412 
111.096191 
111.094055 
111.091919 
111.089783 
111.087646 
111.085815 
111.083679 
111.081238 
111.078796 
111.076660 
111.074219 
111.072083 
111.070862 
111.069946 
111.068420 
111.066589 
111.064148 
111.062012 
111.059875 
111.057434 
111.055298 
111.052856 
111.050720 
111.048584 
111.046753 
111.044617 
111.042786 
111.040955 
111.039734 
111.037598 
111.035461 
111.033630 
111.030579 
111.027222 
111.025085 
111.022949 
111.020508 
111.019287 
111.017151 
111.015015 
111.013184 
111.011353 
111.009521 
111.007690 
111.005554 
111.003418 
111.001282 
110.998840 
110.996094 
110.993958 
110.991516 
110.989685 
110.988770 
110.987244 
110.986328 
110.983887 
110.982056 
110.979614 
110.977173 
110.975037 
110.972900 
110.970154 
110.968018 
110.965881 
110.963745 
110.961914 
110.960083 
110.958252 
110.956421 
110.954895 
110.953369 
110.951233 
110.948181 
110.944519 
110.942383 
110.940552 
110.938416 
110.936584 
110.934753 
110.932922 
110.931091 
110.929260 
110.927124 
110.925598 
110.923462 
110.921021 
110.919189 
110.916748 
110.914307 
110.911865 
110.909424 
110.907593 
110.906677 
110.905457 
110.903625 
110.902100 
110.899658 
110.897522 
110.895081 
110.892944 
110.890503 
110.888367 
110.885925 
110.883789 
110.881958 
110.879822 
110.877991 
110.876465 
110.874329 
110.872803 
110.870972 
110.868835 
110.865784 
110.863037 
110.859680 
110.857849 
110.856018 
110.854187 
110.852051 
110.850525 
110.848694 
110.846558 
110.845032 
110.843201 
110.841064 
110.838928 
110.837097 
110.834656 
110.831909 
110.829773 
110.827332 
110.824890 
110.823975 
110.823059 
110.821838 
110.819092 
110.816956 
110.814819 
110.812683 
110.809937 
110.807800 
110.805664 
110.803833 
110.801392 
110.799561 
110.797119 
110.795898 
110.793762 
110.792236 
110.790100 
110.788269 
110.786438 
110.783081 
110.780334 
110.777893 
110.775452 
110.773621 
110.771790 
110.769653 
110.768433 
110.766602 
110.764465 
110.762329 
110.760803 
110.758667 
110.756531 
110.754395 
110.752563 
110.749817 
110.747070 
110.744629 
110.742798 
110.741882 
110.740662 
110.739136 
110.737305 
110.735474 
110.732727 
110.730286 
110.728149 
110.725403 
110.723267 
110.721436 
110.719299 
110.717468 
110.715332 
110.713196 
110.711365 
110.709534 
110.708313 
110.706177 
110.704041 
110.701294 
110.697632 
110.695496 
110.693359 
110.691223 
110.689392 
110.687866 
110.685730 
110.684204 
110.682373 
110.680237 
110.678406 
110.676270 
110.674133 
110.671997 
110.669861 
110.667419 
110.664978 
110.662537 
110.660706 
110.659180 
110.658264 
110.656738 
110.654602 
110.652466 
110.650330 
110.648193 
110.645447 
110.643616 
110.641174 
110.639038 
110.636597 
110.634766 
110.632629 
110.630493 
110.628662 
110.627136 
110.625305 
110.623779 
110.621948 
110.618896 
110.615845 
110.613098 
110.610962 
110.608826 
110.607300 
110.605164 
110.603638 
110.601807 
110.600281 
110.598450 
110.596313 
110.594482 
110.592651 
110.589905 
110.588074 
110.585022 
110.582886 
110.580444 
110.578613 
110.577393 
110.576172 
110.574951 
110.572815 
110.570374 
110.568237 
110.566406 
110.563660 
110.561523 
110.559082 
110.556946 
110.555115 
110.552673 
110.550842 
110.548706 
110.546875 
110.545044 
110.542603 
110.541382 
110.539246 
110.536499 
110.533142 
110.530701 
110.528870 
110.527039 
110.524902 
110.523071 
110.521545 
110.519714 
110.517578 
110.515442 
110.513916 
110.511475 
110.509644 
110.507507 
110.505371 
110.502930 
110.500488 
110.498352 
110.495911 
110.494995 
110.493774 
110.492249 
110.490417 
110.488281 
110.485840 
110.483704 
110.480957 
110.479126 
110.476685 
110.474243 
110.472717 
110.470581 
110.468140 
110.466919 
110.464478 
110.462646 
110.461121 
110.459595 
110.457458 
110.454407 
110.451355 
110.448303 
110.446777 
110.444946 
110.442810 
110.440979 
110.439148 
110.437622 
110.435486 
110.433960 
110.431824 
110.429688 
110.427856 
110.425720 
110.423584 
110.421143 
110.418701 
110.416260 
110.413818 
110.413208 
110.411682 
110.410156 
110.408630 
110.406189 
110.404053 
110.401611 
110.399780 
110.396729 
110.394592 
110.392761 
110.389709 
110.387878 
110.386047 
110.384216 
110.381775 
110.381165 
110.378418 
110.376892 
110.375366 
110.372314 
110.368958 
110.366211 
110.364075 
110.361938 
110.360413 
110.358582 
110.357056 
110.355225 
110.353699 
110.351257 
110.349426 
110.347900 
110.345459 
110.343323 
110.341187 
110.338440 
110.336304 
110.333862 
110.331421 
110.330200 
110.329285 
110.328064 
110.325928 
110.324097 
110.321960 
110.319214 
110.317383 
110.314636 
110.312500 
110.310364 
110.308533 
110.305786 
110.303650 
110.302124 
110.300293 
110.298157 
110.296631 
110.294800 
110.292969 
110.290222 
110.286865 
110.284119 
110.281982 
110.280151 
110.278320 
110.276184 
110.274658 
110.273132 
110.270996 
110.269165 
110.267334 
110.266113 
110.263062 
110.261536 
110.259094 
110.256653 
110.254211 
110.251770 
110.249634 
110.248413 
110.247192 
110.245972 
110.244141 
110.242004 
110.239563 
110.237122 
110.234985 
110.232544 
110.229797 
110.228271 
110.225830 
110.223694 
110.221863 
110.219421 
110.217896 
110.215759 
110.214233 
110.212708 
110.210571 
110.207825 
110.204773 
110.202026 
110.199890 
110.198059 
110.195923 
110.194397 
110.192566 
110.190430 
110.188904 
110.187378 
110.185242 
110.183105 
110.181274 
110.178833 
110.176697 
110.174255 
110.172119 
110.169678 
110.167542 
110.166321 
110.164795 
110.163879 
110.162354 
110.159607 
110.157776 
110.155334 
110.152893 
110.151062 
110.148315 
110.146179 
110.143738 
110.141907 
110.140076 
110.137939 
110.136108 
110.134583 
110.132446 
110.131226 
110.129395 
110.126343 
110.123291 
110.120544 
110.118103 
110.116272 
110.114746 
110.113525 
110.112305 
110.111084 
110.110474 
110.109253 
110.108643 
110.108032 
110.107422 
110.107117 
110.105896 
110.105591 
110.105286 
110.104675 
110.104065 
110.104980 
110.106201 
110.105896 
110.106812 
110.106506 
110.106201 
110.106201 
110.105896 
110.105591 
110.105286 
110.105591 
110.105896 
110.105591 
110.105286 
110.106201 
110.105896 
110.106201 
110.106812 
110.107117 
110.107422 
110.106506 
110.105591 
110.104980 
110.104675 
110.104675 
110.105286 
110.105591 
110.105896 
110.106506 
110.106506 
110.106812 
110.107117 
110.107117 
110.107117 
110.107117 
110.107117 
110.106506 
110.106506 
110.105896 
110.106201 
110.106812 
110.108032 
110.108337 
110.108948 
110.108948 
110.108337 
110.108337 
110.108337 
110.108337 
110.107727 
110.108032 
110.107727 
110.107422 
110.108032 
110.107727 
110.108032 
110.108032 
110.108948 
110.108643 
110.108948 
110.108643 
110.107117 
110.106201 
110.106506 
110.106506 
110.107117 
110.107117 
110.106812 
110.107422 
110.107422 
110.108032 
110.107727 
110.108032 
110.108032 
110.107422 
110.107727 
110.107422 
110.106506 
110.106506 
110.106506 
110.107117 
110.108337 
110.108948 
