Blum, K. P., D’Incamps, B. L., Zytnicki, D., & Ting, L. H. (2017).
Force encoding in muscle spindles during stretch of
passive muscle. PLoS computational biology, 13(9), 
e1005767. <https://journals.plos.org/ploscompbiol/article?
id=10.1371/journal.pcbi.1005767>

cat medial gastrocnemius muscle lengths over t  (in 0.0005 s increments)
110.106812 
110.107117 
110.107422 
110.107422 
110.107117 
110.108032 
110.108032 
110.107117 
110.106506 
110.105591 
110.105591 
110.105896 
110.105896 
110.106201 
110.105896 
110.106201 
110.106201 
110.106506 
110.106506 
110.106812 
110.106506 
110.106201 
110.106201 
110.105591 
110.105591 
110.105591 
110.105591 
110.105591 
110.107117 
110.107117 
110.107422 
110.108032 
110.107422 
110.107117 
110.107117 
110.107117 
110.106812 
110.106812 
110.106812 
110.106812 
110.107117 
110.106812 
110.107117 
110.107117 
110.107422 
110.107422 
110.108032 
110.106812 
110.105896 
110.105896 
110.105286 
110.106201 
110.105896 
110.106201 
110.106506 
110.106506 
110.106506 
110.106506 
110.106201 
110.106201 
110.105896 
110.106201 
110.105896 
110.106201 
110.105591 
110.105286 
110.105591 
110.105896 
110.106812 
110.107422 
110.107117 
110.107422 
110.107727 
110.107422 
110.107117 
110.106506 
110.106201 
110.106812 
110.106812 
110.106506 
110.106506 
110.107117 
110.106812 
110.107422 
110.107727 
110.107727 
110.107422 
110.107117 
110.106201 
110.105591 
110.105286 
110.106201 
110.105896 
110.105896 
110.105896 
110.106506 
110.106506 
110.106506 
110.106201 
110.106201 
110.106812 
110.106506 
110.106201 
110.105896 
110.105591 
110.104980 
110.105286 
110.105896 
110.106812 
110.108032 
110.107422 
110.107727 
110.108032 
110.107727 
110.107727 
110.107727 
110.107422 
110.107727 
110.108337 
110.108643 
110.109253 
110.110474 
110.110779 
110.111694 
110.112915 
110.113831 
110.114746 
110.115051 
110.114746 
110.115051 
110.115967 
110.116882 
110.118713 
110.120239 
110.121155 
110.122986 
110.124817 
110.126343 
110.127563 
110.129089 
110.130920 
110.132751 
110.134277 
110.136108 
110.137634 
110.138855 
110.140991 
110.144043 
110.146790 
110.149536 
110.151978 
110.155029 
110.157471 
110.159607 
110.162048 
110.163879 
110.166626 
110.169373 
110.172424 
110.174866 
110.178223 
110.181274 
110.184631 
110.187988 
110.191345 
110.195007 
110.198364 
110.201111 
110.204163 
110.206604 
110.210266 
110.214233 
110.217896 
110.221863 
110.226135 
110.230408 
110.234985 
110.239563 
110.243530 
110.248413 
110.252686 
110.256653 
110.261230 
110.265808 
110.270386 
110.274963 
110.279846 
110.285645 
110.292053 
110.297852 
110.303345 
110.309448 
110.314941 
110.320740 
110.326233 
110.332336 
110.337830 
110.344543 
110.350647 
110.357361 
110.364075 
110.371094 
110.378418 
110.385742 
110.393066 
110.400391 
110.407104 
110.414124 
110.420227 
110.426331 
110.433044 
110.440063 
110.446777 
110.453796 
110.461121 
110.467834 
110.474548 
110.481262 
110.487671 
110.494690 
110.501404 
110.508118 
110.514526 
110.521240 
110.527344 
110.534058 
110.541077 
110.548401 
110.556641 
110.564270 
110.571594 
110.578918 
110.586243 
110.593567 
110.599976 
110.607605 
110.614929 
110.622559 
110.630493 
110.638123 
110.646362 
110.654297 
110.662231 
110.670776 
110.679626 
110.687866 
110.696716 
110.704651 
110.711975 
110.720215 
110.728760 
110.737610 
110.746765 
110.755920 
110.764771 
110.774231 
110.783997 
110.793152 
110.802612 
110.812073 
110.821228 
110.830994 
110.839539 
110.849915 
110.859070 
110.868530 
110.878906 
110.889282 
110.899658 
110.910645 
110.920715 
110.931396 
110.941772 
110.950928 
110.961304 
110.971680 
110.981140 
110.991211 
111.001587 
111.012268 
111.022949 
111.033325 
111.043396 
111.053772 
111.065063 
111.075134 
111.085815 
111.095581 
111.104736 
111.114807 
111.124878 
111.135254 
111.145630 
111.156311 
111.166992 
111.177673 
111.188354 
111.199036 
111.209412 
111.219788 
111.230469 
111.240540 
111.250916 
111.260986 
111.271057 
111.281433 
111.291809 
111.302490 
111.313782 
111.324768 
111.336060 
111.346436 
111.356812 
111.367188 
111.377258 
111.387024 
111.397095 
111.407166 
111.417542 
111.427612 
111.437988 
111.448669 
111.458740 
111.469421 
111.479797 
111.490173 
111.500549 
111.510315 
111.519165 
111.528625 
111.539001 
111.549072 
111.559448 
111.569824 
111.580505 
111.590881 
111.600952 
111.611633 
111.621399 
111.631470 
111.641846 
111.652222 
111.662292 
111.671753 
111.681213 
111.691284 
111.701355 
111.711731 
111.722412 
111.733704 
111.744080 
111.754761 
111.763916 
111.773987 
111.784058 
111.793823 
111.804199 
111.814270 
111.824341 
111.834412 
111.844177 
111.854553 
111.864624 
111.874695 
111.885681 
111.895752 
111.906128 
111.915894 
111.925049 
111.934204 
111.944275 
111.954651 
111.965332 
111.975708 
111.985474 
111.996765 
112.006836 
112.016907 
112.027283 
112.037354 
112.047729 
112.057800 
112.067566 
112.077332 
112.087097 
112.097168 
112.106934 
112.118225 
112.129211 
112.140198 
112.150574 
112.160950 
112.171631 
112.180786 
112.190857 
112.201233 
112.210999 
112.220764 
112.231140 
112.240906 
112.251282 
112.261963 
112.272339 
112.282715 
112.293091 
112.303162 
112.313538 
112.323608 
112.332764 
112.341614 
112.351685 
112.361755 
112.372131 
112.381897 
112.392578 
112.402344 
112.412720 
112.422180 
112.432556 
112.442322 
112.451782 
112.461243 
112.470398 
112.479553 
112.488708 
112.497864 
112.507019 
112.516785 
112.526550 
112.536011 
112.545776 
112.554932 
112.563477 
112.572021 
112.580872 
112.588806 
112.597656 
112.606506 
112.614746 
112.622986 
112.631226 
112.639465 
112.648315 
112.656250 
112.664795 
112.673035 
112.680969 
112.688293 
112.695313 
112.702332 
112.709961 
112.717896 
112.725525 
112.733459 
112.741394 
112.748718 
112.756653 
112.763977 
112.771301 
112.778015 
112.785339 
112.792053 
112.799072 
112.805176 
112.812500 
112.818604 
112.825012 
112.832031 
112.839355 
112.846680 
112.853088 
112.859802 
112.865906 
112.872314 
112.878418 
112.883911 
112.889709 
112.896118 
112.901611 
112.908020 
112.913208 
112.919006 
112.925110 
112.930908 
112.936401 
112.942810 
112.947693 
112.952881 
112.957153 
112.961426 
112.966614 
112.972107 
112.976990 
112.982178 
112.987671 
112.992859 
112.997742 
113.002625 
113.006897 
113.011780 
113.016968 
113.020630 
113.024902 
113.028870 
113.033142 
113.037415 
113.041382 
113.045349 
113.050842 
113.055420 
113.059692 
113.064270 
113.067627 
113.071289 
113.074646 
113.077698 
113.081055 
113.084412 
113.088379 
113.091431 
113.094788 
113.098145 
113.102112 
113.104858 
113.108215 
113.111267 
113.114319 
113.116760 
113.118591 
113.120728 
113.123474 
113.125916 
113.128967 
113.131409 
113.134460 
113.136902 
113.139343 
113.141479 
113.143921 
113.146362 
113.147888 
113.149719 
113.151855 
113.153381 
113.154602 
113.156128 
113.157654 
113.159790 
113.162537 
113.164368 
113.166199 
113.168335 
113.169250 
113.170166 
113.170776 
113.171997 
113.172607 
113.173828 
113.174438 
113.175354 
113.176575 
113.177185 
113.178101 
113.178711 
113.179321 
113.180237 
113.180542 
113.180542 
113.180237 
113.179626 
113.179626 
113.179932 
113.180237 
113.180542 
113.181458 
113.181763 
113.182068 
113.182068 
113.181763 
113.182068 
113.181763 
113.181763 
113.181763 
113.181458 
113.181152 
113.180847 
113.180847 
113.181152 
113.181763 
113.182678 
113.182373 
113.182678 
113.182068 
113.181763 
113.181763 
113.181458 
113.181152 
113.180542 
113.180542 
113.180542 
113.180542 
113.180237 
113.180542 
113.180847 
113.180542 
113.180847 
113.180847 
113.180237 
113.178711 
113.178101 
113.177795 
113.178101 
113.177795 
113.178406 
113.178101 
113.178711 
113.178711 
113.179016 
113.177795 
113.179016 
113.178711 
113.178101 
113.178101 
113.178101 
113.177185 
113.177490 
113.177185 
113.177185 
113.178406 
113.179016 
113.179321 
113.179321 
113.179016 
113.178711 
113.179016 
113.178101 
113.178101 
113.178406 
113.178406 
113.178101 
113.178101 
113.178101 
113.178406 
113.178711 
113.178711 
113.179016 
113.179321 
113.178711 
113.177490 
113.176575 
113.176880 
113.177185 
113.177185 
113.176880 
113.177795 
113.177490 
113.177795 
113.178101 
113.177795 
113.177795 
113.177795 
113.177795 
113.177490 
113.177490 
113.177185 
113.177185 
113.176575 
113.177185 
113.178101 
113.178711 
113.179016 
113.179321 
113.179016 
113.179321 
113.178711 
113.178406 
113.178711 
113.178406 
113.178711 
113.178406 
113.178711 
113.178711 
113.179016 
113.178711 
113.178406 
113.179016 
113.179321 
113.178711 
113.177490 
113.177185 
113.176880 
113.177185 
113.177490 
113.177185 
113.177185 
113.177795 
113.177490 
113.178101 
113.177795 
113.177490 
113.177795 
113.177185 
113.176880 
113.177185 
113.176880 
113.176270 
113.176880 
113.176880 
113.178101 
113.178406 
113.178711 
113.178711 
113.178711 
113.178406 
113.178101 
113.178101 
113.177490 
113.178101 
113.177795 
113.177795 
113.177795 
113.178406 
113.178101 
113.177795 
113.178406 
113.178711 
113.178711 
113.178101 
113.177185 
113.176575 
113.176270 
113.176270 
113.176575 
113.176575 
113.176880 
113.177185 
113.176575 
113.177185 
113.177185 
113.176880 
113.176880 
113.177185 
113.176575 
113.176575 
113.176575 
113.175659 
113.175659 
113.176575 
113.177185 
113.178101 
113.177795 
113.178101 
113.178406 
113.178101 
113.177795 
113.177490 
113.177490 
113.177490 
113.177490 
113.177490 
113.177185 
113.177795 
113.177795 
113.177795 
113.178406 
113.178101 
113.178101 
113.178101 
113.177185 
113.176575 
113.176270 
113.176270 
113.176575 
113.176880 
113.176575 
113.177185 
113.177185 
113.177185 
113.177185 
113.177185 
113.176880 
113.176880 
113.177185 
113.176575 
113.176575 
113.176270 
113.175659 
113.176270 
113.177185 
113.178406 
113.178101 
113.178711 
113.178406 
113.178406 
113.177795 
113.177795 
113.177795 
113.177795 
113.177795 
113.177490 
113.177490 
113.178101 
113.178101 
113.178101 
113.178101 
113.178711 
113.178406 
113.178101 
113.177185 
113.176575 
113.176270 
113.176270 
113.176575 
113.176575 
113.176880 
113.177185 
113.177185 
113.176880 
113.177185 
113.177185 
113.176880 
113.177185 
113.177185 
113.176270 
113.176575 
113.176270 
113.175354 
113.176270 
113.177185 
113.177795 
113.178406 
113.178101 
113.178406 
113.178101 
113.177490 
113.177185 
113.177490 
113.177490 
113.177490 
113.177490 
113.177185 
113.177185 
113.177490 
113.178101 
113.177795 
113.177795 
113.178101 
113.177795 
113.176880 
113.175964 
113.175964 
113.176270 
113.176270 
113.176270 
113.176270 
113.176575 
113.176575 
113.176270 
113.176880 
113.176575 
113.176880 
113.176575 
113.176270 
113.175659 
113.175964 
113.175659 
113.175659 
113.175964 
113.177185 
113.177490 
113.178406 
113.178101 
113.178101 
113.177795 
113.177490 
113.177185 
113.177185 
113.176880 
113.176880 
113.177490 
113.177185 
113.177490 
113.177795 
113.177185 
113.177795 
113.177795 
113.178101 
113.177795 
113.176880 
113.176270 
113.176270 
113.176270 
113.176575 
113.176880 
113.176880 
113.177185 
113.177185 
113.177185 
113.176575 
113.177185 
113.177185 
113.176270 
113.176575 
113.176575 
113.176270 
113.175964 
113.175964 
113.176270 
113.177185 
113.178101 
113.178101 
113.178406 
113.178406 
113.178101 
113.178101 
113.178101 
113.177490 
113.177490 
113.177795 
113.177185 
113.177490 
113.177795 
113.177795 
113.177490 
113.177795 
113.178101 
113.178711 
113.177490 
113.177185 
113.175964 
113.176270 
113.176270 
113.176270 
113.176270 
113.176575 
113.176575 
113.177185 
113.176880 
113.176880 
113.176880 
113.176880 
113.176880 
113.176575 
113.176270 
113.175964 
113.175659 
113.175354 
113.175659 
113.176880 
113.177490 
113.177490 
113.177795 
113.177795 
113.177490 
113.177185 
113.176880 
113.176880 
113.176880 
113.177185 
113.176880 
113.176880 
113.176880 
113.177490 
113.177490 
113.177795 
113.177795 
113.178101 
113.177185 
113.176270 
113.176270 
113.175659 
113.175964 
113.175964 
113.176270 
113.176575 
113.176575 
113.176880 
113.176880 
113.176880 
113.176575 
113.176270 
113.176575 
113.176270 
113.176575 
113.175964 
113.175354 
113.175659 
113.175964 
113.177185 
113.177185 
113.177490 
113.178101 
113.177795 
113.177185 
113.177490 
113.177185 
113.177185 
113.177185 
113.177185 
113.176880 
113.177185 
113.177185 
113.177490 
113.177490 
113.177490 
113.177795 
113.178406 
113.177795 
113.177185 
113.176270 
113.175659 
113.175964 
113.176270 
113.176270 
113.176880 
113.176880 
113.176880 
113.177185 
113.176575 
113.176575 
113.176880 
113.176880 
113.176880 
113.176270 
113.176270 
113.175659 
113.175659 
113.176270 
113.176880 
113.177795 
113.177795 
113.178101 
113.177795 
113.177490 
113.177490 
113.177185 
113.177185 
113.176575 
113.177185 
113.176880 
113.176880 
113.177490 
113.177185 
113.177185 
113.177795 
113.177490 
113.177795 
113.177795 
113.176575 
113.175964 
113.175964 
113.176270 
113.176270 
113.176270 
113.176575 
113.176880 
113.176575 
113.177185 
113.176880 
113.176880 
113.176575 
113.176880 
113.176270 
113.176270 
113.175964 
113.175659 
113.175354 
113.175964 
113.176880 
113.176880 
113.177795 
113.178101 
113.177795 
113.177795 
113.177490 
113.176880 
113.177185 
113.177185 
113.176880 
113.177185 
113.176880 
113.176880 
113.177490 
113.177490 
113.177490 
113.177795 
113.178101 
113.177795 
113.176575 
113.175964 
113.176270 
113.176270 
113.176270 
113.176575 
113.176270 
113.176575 
113.176880 
113.176575 
113.176880 
113.176880 
113.176575 
113.176270 
113.176575 
113.176270 
113.175964 
113.176270 
113.175659 
113.175964 
113.176880 
113.177490 
113.177795 
113.178101 
113.177795 
113.177795 
113.177490 
113.177185 
113.177490 
113.177185 
113.177185 
113.177185 
113.176880 
113.177185 
113.176880 
113.177795 
113.177795 
113.178406 
113.177795 
113.177490 
113.177185 
113.175659 
113.175964 
113.175964 
113.176270 
113.176575 
113.176270 
113.176270 
113.176880 
113.176880 
113.176575 
113.177185 
113.176270 
113.176270 
113.176575 
113.176270 
113.175659 
113.175659 
113.175659 
113.175964 
113.176880 
113.177795 
113.177795 
113.178101 
113.177795 
113.177490 
113.177490 
113.177490 
113.176880 
113.176880 
113.176575 
113.176880 
113.177185 
113.177185 
113.177185 
113.176880 
113.177185 
113.177795 
113.177795 
113.177490 
113.176575 
113.175964 
113.175659 
113.175964 
113.175964 
113.176270 
113.175964 
113.176575 
113.176575 
113.176880 
113.176575 
113.176575 
113.176880 
113.176575 
113.176575 
113.176270 
113.175659 
113.175354 
113.175354 
113.175659 
113.176575 
113.177185 
113.177795 
113.177490 
113.177795 
113.177185 
113.177185 
113.176880 
113.176880 
113.176880 
113.176880 
113.176880 
113.176880 
113.176880 
113.177185 
113.177185 
113.177490 
113.178101 
113.177795 
113.177185 
113.176270 
113.175964 
113.175354 
113.175659 
113.176575 
113.176270 
113.176270 
113.176880 
113.176575 
113.176575 
113.176575 
113.176270 
113.176575 
113.176270 
113.176270 
113.176270 
113.176270 
113.175659 
113.175354 
113.176270 
113.176575 
113.177795 
113.177795 
113.178101 
113.177795 
113.177490 
113.177490 
113.177185 
113.176880 
113.176880 
113.177185 
113.176575 
113.176880 
113.177185 
113.177490 
113.177185 
113.177490 
113.177490 
113.177795 
113.177795 
113.175964 
113.175964 
113.175964 
113.175964 
113.176270 
113.176270 
113.176575 
113.176575 
113.176880 
113.176575 
113.176575 
113.176575 
113.176575 
113.176575 
113.176575 
113.176270 
113.175964 
113.175659 
113.175354 
113.175964 
113.176880 
113.177185 
113.177490 
113.177795 
113.177490 
113.177490 
113.177795 
113.176880 
113.176880 
113.176880 
113.176880 
113.176880 
113.176880 
113.176880 
113.177490 
113.177185 
113.177795 
113.177490 
113.177795 
113.177185 
113.176575 
113.175659 
113.175354 
113.175964 
113.175964 
113.175964 
113.176270 
113.176270 
113.176575 
113.176575 
113.176575 
113.176575 
113.176575 
113.176270 
113.176575 
113.176270 
113.175354 
113.175354 
113.175354 
113.175659 
113.176880 
113.177185 
113.177185 
113.177795 
113.177795 
113.177185 
113.177490 
113.177185 
113.177185 
113.177185 
113.176880 
113.177185 
113.177185 
113.177185 
113.176880 
113.177490 
113.177490 
113.177795 
113.178101 
113.177490 
113.176575 
113.175659 
113.175659 
113.175354 
113.175964 
113.175964 
113.176575 
113.176575 
113.176575 
113.176575 
113.176880 
113.176880 
113.177185 
113.176270 
113.176270 
113.176575 
113.176575 
113.175659 
113.175659 
113.175659 
113.176575 
113.177490 
113.177490 
113.177795 
113.177795 
113.177795 
113.177185 
113.177490 
113.177490 
113.176880 
113.177185 
113.177185 
113.176880 
113.177185 
113.177185 
113.176880 
113.177490 
113.177490 
113.178101 
113.177490 
113.176575 
113.175964 
113.175964 
113.175659 
113.175964 
113.176270 
113.176270 
113.176575 
113.176575 
113.176575 
113.176575 
113.176270 
113.176270 
113.176270 
113.176270 
113.175964 
113.175964 
113.175659 
113.175049 
113.175659 
113.176575 
113.177185 
113.177795 
113.177795 
113.177795 
113.177490 
113.177490 
113.177185 
113.176880 
113.176880 
113.177185 
113.176880 
113.176575 
113.177185 
113.177185 
113.177185 
113.177490 
113.178101 
113.177795 
113.177795 
113.176575 
113.175659 
113.175964 
113.175659 
113.176270 
113.175964 
113.175964 
113.176270 
113.176575 
113.176270 
113.176270 
113.176270 
113.176575 
113.176575 
113.176270 
113.175964 
113.175659 
113.175659 
113.175354 
113.175964 
113.176575 
113.177185 
113.177795 
113.178406 
113.177490 
113.177795 
113.177185 
113.176880 
113.177185 
113.176880 
113.177185 
113.177185 
113.177185 
113.177185 
113.177490 
113.176880 
113.177185 
113.177490 
113.177795 
113.177490 
113.176880 
113.175964 
113.175964 
113.175964 
113.175964 
113.176270 
113.176270 
113.176270 
113.176575 
113.176575 
113.175964 
113.176575 
113.176575 
113.176270 
113.176270 
113.176575 
113.175354 
113.175964 
113.175659 
113.175964 
113.176880 
113.177490 
113.177795 
113.177795 
113.177795 
113.177490 
113.177185 
113.176880 
113.176880 
113.176575 
113.176880 
113.176575 
113.176880 
113.176575 
113.177185 
113.176880 
113.177490 
113.177795 
113.177490 
113.177185 
113.176575 
113.175659 
113.175964 
113.175659 
113.175659 
113.176270 
113.176270 
113.176270 
113.176575 
113.176575 
113.176575 
113.176575 
113.176575 
113.176880 
113.176575 
113.176270 
113.175964 
113.175659 
113.175659 
113.175659 
113.176575 
113.177490 
113.177490 
113.177795 
113.177490 
113.177490 
113.177185 
113.176880 
113.176575 
113.176880 
113.176880 
113.176880 
113.176880 
113.177185 
113.177185 
113.177490 
113.177185 
113.177795 
113.177490 
113.177490 
113.176575 
113.175659 
113.175659 
113.175964 
113.175964 
113.176270 
113.176575 
113.176270 
113.176270 
113.176575 
113.176575 
113.176575 
113.176575 
113.176270 
113.176270 
113.175659 
113.175354 
113.175964 
113.175049 
113.175964 
113.176575 
113.176880 
113.177490 
113.178101 
113.178101 
113.177795 
113.176880 
113.177185 
113.176880 
113.176880 
113.176880 
113.176880 
113.176880 
113.176880 
113.177490 
113.177490 
113.177490 
113.177490 
113.177490 
113.177795 
113.176880 
113.175659 
113.175659 
113.175964 
113.175659 
113.175964 
113.176270 
113.176575 
113.176575 
113.176270 
113.176270 
113.176575 
113.176575 
113.176575 
113.176270 
113.176270 
113.175659 
113.175354 
113.175354 
113.175659 
113.176880 
113.177490 
113.177795 
113.177795 
113.177795 
113.177795 
113.177490 
113.176880 
113.177185 
113.176880 
113.176880 
113.176880 
113.176575 
113.177185 
113.176880 
113.177185 
113.177490 
113.177795 
113.178101 
113.177185 
113.176575 
113.175964 
113.175354 
113.175659 
113.175659 
113.175659 
113.176270 
113.176270 
113.176575 
113.175964 
113.176270 
113.176270 
113.176575 
113.176575 
113.176270 
113.175964 
113.175354 
113.175354 
113.175354 
113.175964 
113.176270 
113.177185 
113.177185 
113.177795 
113.177795 
113.177185 
113.177185 
113.176880 
113.176575 
113.176575 
113.176880 
113.176575 
113.176880 
113.176880 
113.176880 
113.177490 
113.177490 
113.177490 
113.177795 
113.177185 
113.176270 
113.175964 
113.175354 
113.175659 
113.175964 
113.175659 
113.176270 
113.176270 
113.176575 
113.176270 
113.176270 
113.176270 
113.176575 
113.176270 
113.176575 
113.176270 
113.175659 
113.175659 
113.175354 
113.175659 
113.176270 
113.177795 
113.177795 
113.177490 
113.177795 
113.177490 
113.177490 
113.176880 
113.176880 
113.176880 
113.176880 
113.177185 
113.177185 
113.177490 
113.176880 
113.177185 
113.177490 
113.177490 
113.177795 
113.177795 
113.176880 
113.175964 
113.175354 
113.175964 
113.176270 
113.176270 
113.176270 
113.176270 
113.176575 
113.176575 
113.176575 
113.176575 
113.176270 
113.176270 
113.176270 
113.176270 
113.175964 
113.175659 
113.175354 
113.175964 
113.176575 
113.177490 
113.177185 
113.177490 
113.177795 
113.177490 
113.177490 
113.176880 
113.177185 
113.176575 
113.176575 
113.176880 
113.176880 
113.176880 
113.177185 
113.176880 
113.177490 
113.177795 
113.177185 
113.177185 
113.176575 
113.175659 
113.175659 
113.175964 
113.175964 
113.175964 
113.175964 
113.175964 
113.176270 
113.176575 
113.176270 
113.176575 
113.175964 
113.176270 
113.176270 
113.175964 
113.175659 
113.175354 
113.175049 
113.175659 
113.176270 
113.176880 
113.177490 
113.177185 
113.177795 
113.177185 
113.177185 
113.176575 
113.176575 
113.176575 
113.176880 
113.177185 
113.176880 
113.176880 
113.176880 
113.177185 
113.177185 
113.177490 
113.177795 
113.177490 
113.176575 
113.175659 
113.175659 
113.176270 
113.175659 
113.175964 
113.176270 
113.176270 
113.176270 
113.176880 
113.176270 
113.176880 
113.175964 
113.176575 
113.176575 
113.176270 
113.175354 
113.175354 
113.175354 
113.175659 
113.176575 
113.177185 
113.177490 
113.178101 
113.177490 
113.177490 
113.177490 
113.176880 
113.177185 
113.176575 
113.176880 
113.176880 
113.177185 
113.176575 
113.177185 
113.176880 
113.177185 
113.177795 
113.177490 
113.177795 
113.176880 
113.175964 
113.175354 
113.175964 
113.175964 
113.175659 
113.176270 
113.176270 
113.176575 
113.176575 
113.176270 
113.176270 
113.176575 
113.175964 
113.176270 
113.176270 
113.175964 
113.175659 
113.175354 
113.175354 
113.176270 
113.177185 
113.177795 
113.177795 
113.177795 
113.177490 
113.177490 
113.176880 
113.176575 
113.176880 
113.176575 
113.177185 
113.177185 
113.176880 
113.176880 
113.177185 
113.177185 
113.177490 
113.178101 
113.177185 
113.176270 
113.175964 
113.175354 
113.175964 
113.175659 
113.176270 
113.176270 
113.176575 
113.176575 
113.176575 
113.176575 
113.176575 
113.176880 
113.175964 
113.176575 
113.176270 
113.175659 
113.175659 
113.175049 
113.175354 
113.176575 
113.177185 
113.177185 
113.178101 
113.177490 
113.177490 
113.177490 
113.177185 
113.176880 
113.176880 
113.177185 
113.176880 
113.176880 
113.176880 
113.176880 
113.177185 
113.177185 
113.177490 
113.177795 
113.177185 
113.176880 
113.175964 
113.175354 
113.175659 
113.175964 
113.175964 
113.175964 
113.176270 
113.176270 
113.176575 
113.176575 
113.176270 
113.176575 
113.176575 
113.176270 
113.176270 
113.175659 
113.175659 
113.175659 
113.175659 
113.176270 
113.177185 
113.177490 
113.177795 
113.177490 
113.177490 
113.177490 
113.176880 
113.176575 
113.177185 
113.177185 
113.176575 
113.177185 
113.177185 
113.177185 
113.177185 
113.177490 
113.177185 
113.178101 
113.177185 
113.176270 
113.175964 
113.175659 
113.175964 
113.175964 
113.175964 
113.176270 
113.176575 
113.176880 
113.176575 
113.176880 
113.176270 
113.176575 
113.176270 
113.176575 
113.175964 
113.175659 
113.175659 
113.175354 
113.175659 
113.176575 
113.177185 
113.177185 
113.177795 
113.177490 
113.177185 
113.176880 
113.176575 
113.176575 
113.176880 
113.176880 
113.176880 
113.176880 
113.177185 
113.177185 
113.177185 
113.177490 
113.177490 
113.177795 
113.177795 
113.177185 
113.176270 
113.175354 
113.175659 
113.175659 
113.175659 
113.176270 
113.176270 
113.176880 
113.176880 
113.176575 
113.176575 
113.176270 
113.175964 
113.176270 
113.175964 
113.175964 
113.175354 
113.175049 
113.175659 
113.176270 
113.177185 
113.177490 
113.177490 
113.178101 
113.177490 
113.177185 
113.176880 
113.176880 
113.176575 
113.176575 
113.176880 
113.176880 
113.177185 
113.177185 
113.177185 
113.177490 
113.177490 
113.177795 
113.177795 
113.176575 
113.175964 
113.175659 
113.175659 
113.176270 
113.176270 
113.176270 
113.176575 
113.176270 
113.176270 
113.176575 
113.176575 
113.176575 
113.176880 
113.176270 
113.175964 
113.176270 
113.175354 
113.175049 
113.176270 
113.176270 
113.176880 
113.177795 
113.177490 
113.177795 
113.177185 
113.177185 
113.177185 
113.176880 
113.176575 
113.176575 
113.176575 
113.176575 
113.177185 
113.176880 
113.176880 
113.177185 
113.177795 
113.177490 
113.177795 
113.176575 
113.175659 
113.175659 
113.175659 
113.175964 
113.175964 
113.175659 
113.176270 
113.176270 
113.176575 
113.176575 
113.176270 
113.176575 
113.176575 
113.175964 
113.175964 
113.175964 
113.175354 
113.175049 
113.175354 
113.176270 
113.177185 
113.177185 
113.177490 
113.177795 
113.177490 
113.176880 
113.176880 
113.176880 
113.176575 
113.177185 
113.176880 
113.176575 
113.176880 
113.176880 
113.176575 
113.177185 
113.177185 
113.177795 
113.176880 
113.176575 
113.175659 
113.175964 
113.175659 
113.175354 
113.175964 
113.176575 
113.176575 
113.176575 
113.176575 
113.176880 
113.176575 
113.176575 
113.176575 
113.176575 
113.175964 
113.175354 
113.175354 
113.175049 
113.175659 
113.176575 
113.177185 
113.177795 
113.177795 
113.177490 
113.177490 
113.177185 
113.176575 
113.176880 
113.176880 
113.176880 
113.177185 
113.176575 
113.176880 
113.177490 
113.177185 
113.176880 
113.177490 
113.177795 
113.177185 
113.176575 
113.175964 
113.175354 
113.175964 
113.175659 
113.175964 
113.175964 
113.176270 
113.176880 
113.176575 
113.176575 
113.176575 
113.176270 
113.176575 
113.176270 
113.175964 
113.175659 
113.175354 
113.175049 
113.175354 
113.175964 
113.177185 
113.177490 
113.177490 
113.177490 
113.177185 
113.177185 
113.176880 
113.176575 
113.176880 
113.176880 
113.176880 
113.176575 
113.176880 
113.177185 
113.177185 
113.176880 
113.177185 
113.177490 
113.177185 
113.175964 
113.175659 
113.175659 
113.175659 
113.175354 
113.175964 
113.176270 
113.175964 
113.176270 
113.176575 
113.176575 
113.176270 
113.176270 
113.176270 
113.176575 
113.176270 
113.175659 
113.175659 
113.175049 
113.175354 
113.176575 
113.177185 
113.177185 
113.177795 
113.177795 
113.177185 
113.176880 
113.177185 
113.176880 
113.176880 
113.176575 
113.176880 
113.176575 
113.176880 
113.177185 
113.177185 
113.177185 
113.177795 
113.177490 
113.177490 
113.176880 
113.175354 
113.175049 
113.175659 
113.175964 
113.176270 
113.176270 
113.176575 
113.176575 
113.176575 
113.176575 
113.176575 
113.176575 
113.176575 
113.176575 
113.176575 
113.176270 
113.175659 
113.175659 
113.175354 
113.176575 
113.177490 
113.177490 
113.177490 
113.177795 
113.177185 
113.177185 
113.176880 
113.177185 
113.176880 
113.176880 
113.176575 
113.176880 
113.176575 
113.176880 
113.177185 
113.177185 
113.177490 
113.177795 
113.177490 
113.176575 
113.175659 
113.175354 
113.175964 
113.175964 
113.175964 
113.176270 
113.176270 
113.176575 
113.176575 
113.176880 
113.176575 
113.176575 
113.176270 
113.175964 
113.176270 
113.176270 
113.175659 
113.175354 
113.175354 
113.176270 
113.177185 
113.177490 
113.177795 
113.177795 
113.177185 
113.177185 
113.176880 
113.176575 
113.176880 
113.176575 
113.176880 
113.176880 
113.176880 
113.176880 
113.177185 
113.177185 
113.177490 
113.177490 
113.177185 
113.176575 
113.175964 
113.175659 
113.175354 
113.176270 
113.175964 
113.175964 
113.176575 
113.176575 
113.176270 
113.176575 
113.176270 
113.176575 
113.176575 
113.176575 
113.175964 
113.175964 
113.175659 
113.175354 
113.175964 
113.175659 
113.176880 
113.177490 
113.177490 
113.178101 
113.177185 
113.177185 
113.177185 
113.176880 
113.176270 
113.176880 
113.176575 
113.176575 
113.176575 
113.177185 
113.177185 
113.177490 
113.177490 
113.177795 
113.177490 
113.176575 
113.175659 
113.175659 
113.175659 
113.175964 
113.175964 
113.175964 
113.176575 
113.176575 
113.176575 
113.176575 
113.176270 
113.176575 
113.175964 
113.175964 
113.175964 
113.175964 
113.175354 
113.175354 
113.175354 
113.176575 
113.177185 
113.177490 
113.177185 
113.177795 
113.177185 
113.176880 
113.177185 
113.176575 
113.177185 
113.176575 
113.176880 
113.176575 
113.176575 
113.176575 
113.176880 
113.176880 
113.177185 
113.177490 
113.177185 
113.176575 
113.175659 
113.175354 
113.175354 
113.175964 
113.175964 
113.175964 
113.176270 
113.176270 
113.176575 
113.176575 
113.176270 
113.176270 
113.176575 
113.175964 
113.176270 
113.175964 
113.175964 
113.175049 
113.175354 
113.176270 
113.176880 
113.177795 
113.177185 
113.177490 
113.177490 
113.177185 
113.176880 
113.177185 
113.176575 
113.176880 
113.176575 
113.177185 
113.176880 
113.176880 
113.177185 
113.176880 
113.177490 
113.177185 
113.177185 
113.176880 
113.175659 
113.175354 
113.175659 
113.175964 
113.176270 
113.175659 
113.175964 
113.176270 
113.175964 
113.176270 
113.176270 
113.175964 
113.176270 
113.176270 
113.175964 
113.175659 
113.175659 
113.175049 
113.175354 
113.176270 
113.177185 
113.177185 
113.177490 
113.177490 
113.177185 
113.177185 
113.177185 
113.177185 
113.176880 
113.176880 
113.177185 
113.176880 
113.177185 
113.177185 
113.177490 
113.176880 
113.177490 
113.177795 
113.177795 
113.176270 
113.175659 
113.175964 
113.175659 
113.175659 
113.176270 
113.175964 
113.176270 
113.176270 
113.176270 
113.176575 
113.176270 
113.176575 
113.176575 
113.176270 
113.176575 
113.175659 
113.175354 
113.175049 
113.175354 
113.175964 
113.177185 
113.177490 
113.177795 
113.177795 
113.177795 
113.177490 
113.177185 
113.176880 
113.177185 
113.176880 
113.177490 
113.177185 
113.177185 
113.176880 
113.177185 
113.177185 
113.177795 
113.177795 
113.177490 
113.176575 
113.175964 
113.175964 
113.175964 
113.175354 
113.175964 
113.175964 
113.176270 
113.176575 
113.176270 
113.175964 
113.176270 
113.176270 
113.176575 
113.176575 
113.175964 
113.175659 
113.175659 
113.175354 
113.175354 
113.176270 
113.176880 
113.177490 
113.177490 
113.177490 
113.177490 
113.177490 
113.176880 
113.176575 
113.176575 
113.177185 
113.177185 
113.176880 
113.176575 
113.176880 
113.176880 
113.177185 
113.177795 
113.177795 
113.177490 
113.176575 
113.175659 
113.175354 
113.175354 
113.175354 
113.175964 
113.176270 
113.175964 
113.176575 
113.176575 
113.176270 
113.176270 
113.176270 
113.176270 
113.175964 
113.176270 
113.175964 
113.175659 
113.175354 
113.175659 
113.176270 
113.177185 
113.177490 
113.177490 
113.177795 
113.177490 
113.177185 
113.177185 
113.176575 
113.176880 
113.176880 
113.176880 
113.176880 
113.176880 
113.177185 
113.177490 
113.177185 
113.177795 
113.177795 
113.177490 
113.176575 
113.176270 
113.175659 
113.175354 
113.175659 
113.175354 
113.175354 
113.175354 
113.175354 
113.175354 
113.174744 
113.174133 
113.173523 
113.173218 
113.172302 
113.171692 
113.170776 
113.169556 
113.168640 
113.168335 
113.168335 
113.167725 
113.167419 
113.166504 
113.165588 
113.164368 
113.162842 
113.161316 
113.159485 
113.157959 
113.156433 
113.154907 
113.153076 
113.151855 
113.150330 
113.148499 
113.146973 
113.144531 
113.143616 
113.141174 
113.138123 
113.135071 
113.132629 
113.129883 
113.127747 
113.125305 
113.122864 
113.120728 
113.118286 
113.115234 
113.112793 
113.109436 
113.106384 
113.103943 
113.100586 
113.096924 
113.093262 
113.089600 
113.085938 
113.082886 
113.080139 
113.077087 
113.074036 
113.070679 
113.066406 
113.062744 
113.058167 
113.053284 
113.049011 
113.044434 
113.040161 
113.035889 
113.031311 
113.027344 
113.023071 
113.018188 
113.013916 
113.009033 
113.004150 
112.999573 
112.993774 
112.987976 
112.982178 
112.976990 
112.971497 
112.966919 
112.961731 
112.956543 
112.951355 
112.945862 
112.940063 
112.934875 
112.929382 
112.922974 
112.917480 
112.911072 
112.904358 
112.898254 
112.891541 
112.885437 
112.880554 
112.874756 
112.868958 
112.862244 
112.856140 
112.849426 
112.842712 
112.835693 
112.828369 
112.821655 
112.814636 
112.807617 
112.800598 
112.793579 
112.786255 
112.779541 
112.772827 
112.765198 
112.758484 
112.750244 
112.742310 
112.733154 
112.725220 
112.717590 
112.709656 
112.702026 
112.694397 
112.686462 
112.678223 
112.670593 
112.662659 
112.654114 
112.645569 
112.637634 
112.629089 
112.620544 
112.611694 
112.602539 
112.593689 
112.585144 
112.576904 
112.568970 
112.560120 
112.551270 
112.542725 
112.533264 
112.523804 
112.514038 
112.504883 
112.494812 
112.485657 
112.476196 
112.466431 
112.456970 
112.446899 
112.438049 
112.428284 
112.417908 
112.408447 
112.398071 
112.387390 
112.376709 
112.366333 
112.355652 
112.345886 
112.335510 
112.325439 
112.315674 
112.304993 
112.295227 
112.284851 
112.274780 
112.264099 
112.253723 
112.243042 
112.232666 
112.221680 
112.210999 
112.200317 
112.190247 
112.180786 
112.171021 
112.161255 
112.150879 
112.141113 
112.130432 
112.119751 
112.108459 
112.098389 
112.087097 
112.077026 
112.066345 
112.055969 
112.045593 
112.035522 
112.025146 
112.014771 
112.004700 
111.994629 
111.984253 
111.972656 
111.961670 
111.950989 
111.940308 
111.929626 
111.919250 
111.908875 
111.898804 
111.889038 
111.878662 
111.868286 
111.857910 
111.847534 
111.837463 
111.827087 
111.816101 
111.805725 
111.794128 
111.783752 
111.773987 
111.764221 
111.754761 
111.744995 
111.734619 
111.724548 
111.713867 
111.703491 
111.693115 
111.682434 
111.672058 
111.661377 
111.651306 
111.640320 
111.629944 
111.620178 
111.610107 
111.599731 
111.589661 
111.579590 
111.569214 
111.557922 
111.546936 
111.535645 
111.525879 
111.515198 
111.504822 
111.494751 
111.484375 
111.474609 
111.464233 
111.454163 
111.443176 
111.433411 
111.423340 
111.412964 
111.402283 
111.391296 
111.380920 
111.370239 
111.360168 
111.350708 
111.340942 
111.331177 
111.320801 
111.310425 
111.300354 
111.290283 
111.278381 
111.268616 
111.257935 
111.247253 
111.237183 
111.227112 
111.216431 
111.206360 
111.195984 
111.185608 
111.176147 
111.165771 
111.154785 
111.144104 
111.132813 
111.122131 
111.112366 
111.101685 
111.091309 
111.081543 
111.071472 
111.061096 
111.051331 
111.040955 
111.030884 
111.020813 
111.010132 
110.999756 
110.989075 
110.978088 
110.968018 
110.957336 
110.947266 
110.938416 
110.928345 
110.918884 
110.909119 
110.899048 
110.888977 
110.879211 
110.868835 
110.858459 
110.848389 
110.838623 
110.828857 
110.819092 
110.809631 
110.800171 
110.790710 
110.781860 
110.772400 
110.763550 
110.754395 
110.744019 
110.734558 
110.724487 
110.715942 
110.707397 
110.697937 
110.689392 
110.681152 
110.672913 
110.664673 
110.655823 
110.647583 
110.639343 
110.631409 
110.623169 
110.614319 
110.606079 
110.598145 
110.589905 
110.581970 
110.574951 
110.567627 
110.560608 
110.553589 
110.545654 
110.538635 
110.530396 
110.523071 
110.515442 
110.507813 
110.500793 
110.493469 
110.486145 
110.479736 
110.473022 
110.466003 
110.459595 
110.452881 
110.446777 
110.440063 
110.432739 
110.425415 
110.418701 
110.412292 
110.406494 
110.400085 
110.393982 
110.388184 
110.382385 
110.377197 
110.370789 
110.365295 
110.359802 
110.354004 
110.348511 
110.342712 
110.336914 
110.331421 
110.325317 
110.320740 
110.315857 
110.311279 
110.306702 
110.302734 
110.297546 
110.292664 
110.287170 
110.282288 
110.277710 
110.272217 
110.267639 
110.263062 
110.258484 
110.254211 
110.250549 
110.245972 
110.241699 
110.238037 
110.233765 
110.229797 
110.225220 
110.220642 
110.216370 
110.212402 
110.209045 
110.205383 
110.202026 
110.198669 
110.195618 
110.192566 
110.188904 
110.185852 
110.183105 
110.179749 
110.176392 
110.173645 
110.170288 
110.167236 
110.163879 
110.161133 
110.159607 
110.157776 
110.155640 
110.153503 
110.151672 
110.148926 
110.146790 
110.144043 
110.140991 
110.139465 
110.137024 
110.134583 
110.133057 
110.131226 
110.129395 
110.127869 
110.126343 
110.125122 
110.123901 
110.122375 
110.120239 
110.117798 
110.115967 
110.115051 
110.113831 
110.113220 
110.112000 
110.111084 
110.110168 
110.109863 
110.109253 
110.108948 
110.108337 
110.107422 
110.106506 
110.106506 
110.105896 
110.104980 
110.104675 
110.104065 
110.104980 
110.105591 
110.105896 
110.106201 
110.105896 
110.105896 
110.105896 
110.104980 
110.105286 
110.104980 
110.104980 
110.104980 
110.105286 
110.104675 
110.104980 
110.105591 
110.105896 
110.105591 
110.106201 
110.105591 
110.105286 
110.104065 
110.103760 
110.104065 
110.104065 
110.104675 
110.104980 
110.104980 
110.105286 
110.105591 
110.105286 
110.105286 
110.105591 
110.105591 
110.105286 
110.105286 
110.104980 
110.104675 
110.104370 
110.104370 
110.105591 
110.106812 
110.106812 
110.107117 
110.107422 
110.107422 
110.106812 
110.107117 
110.106812 
110.106201 
110.106201 
110.106812 
110.106812 
110.106506 
110.106812 
110.106506 
110.106812 
110.107117 
110.107422 
110.107422 
110.106201 
110.105591 
110.105286 
110.104980 
110.105286 
110.105591 
110.105591 
110.105591 
110.106201 
110.105896 
110.106201 
110.105896 
110.106201 
110.106201 
110.105896 
110.106201 
110.105286 
110.104980 
110.105286 
110.105286 
110.106201 
110.106812 
110.107117 
110.107727 
110.107727 
110.107422 
110.106812 
110.107117 
110.106812 
110.106812 
110.107117 
110.106506 
110.106812 
