Blum, K. P., D’Incamps, B. L., Zytnicki, D., & Ting, L. H. (2017).
Force encoding in muscle spindles during stretch of
passive muscle. PLoS computational biology, 13(9), 
e1005767. <https://journals.plos.org/ploscompbiol/article?
id=10.1371/journal.pcbi.1005767>

cat medial gastrocnemius muscle lengths over t  (in 0.0005 s increments)
110.108032 
110.108032 
110.107422 
110.107422 
110.106812 
110.107117 
110.107422 
110.107117 
110.107117 
110.107117 
110.107117 
110.107422 
110.107727 
110.107727 
110.107727 
110.107117 
110.105896 
110.105591 
110.105591 
110.105896 
110.106201 
110.105896 
110.106506 
110.106506 
110.106812 
110.106201 
110.106812 
110.106506 
110.106812 
110.106812 
110.106506 
110.105286 
110.105286 
110.104980 
110.105591 
110.106201 
110.107422 
110.107727 
110.107422 
110.107422 
110.107727 
110.107117 
110.107117 
110.107117 
110.106812 
110.106812 
110.106812 
110.106812 
110.107117 
110.107117 
110.106812 
110.107727 
110.107727 
110.107727 
110.108032 
110.107117 
110.106201 
110.105591 
110.105591 
110.105896 
110.105591 
110.106506 
110.106201 
110.106201 
110.106812 
110.106506 
110.106812 
110.106812 
110.107117 
110.106506 
110.106201 
110.106201 
110.105896 
110.105591 
110.105591 
110.106201 
110.107117 
110.108032 
110.107117 
110.108032 
110.107422 
110.107727 
110.107727 
110.107117 
110.107117 
110.107117 
110.107117 
110.107117 
110.107117 
110.107117 
110.107422 
110.107117 
110.107422 
110.108032 
110.107727 
110.107117 
110.106506 
110.105591 
110.105286 
110.106201 
110.106506 
110.106506 
110.106506 
110.106812 
110.106812 
110.106506 
110.106506 
110.106812 
110.106506 
110.107117 
110.107117 
110.106812 
110.107422 
110.107117 
110.108337 
110.110474 
110.112305 
110.114746 
110.116272 
110.118103 
110.120239 
110.122375 
110.124512 
110.126953 
110.129089 
110.131836 
110.135803 
110.138855 
110.142822 
110.146790 
110.150452 
110.155029 
110.159302 
110.164185 
110.168152 
110.172119 
110.175171 
110.179443 
110.184021 
110.189209 
110.194397 
110.199585 
110.204468 
110.209961 
110.215454 
110.220032 
110.225220 
110.230713 
110.236511 
110.241394 
110.246277 
110.250854 
110.256042 
110.261230 
110.266418 
110.272827 
110.278931 
110.285034 
110.291138 
110.296631 
110.302734 
110.307922 
110.313721 
110.318909 
110.324707 
110.330505 
110.336609 
110.342407 
110.349121 
110.355530 
110.361633 
110.368042 
110.375061 
110.381775 
110.388184 
110.393982 
110.399780 
110.405884 
110.412598 
110.419006 
110.425720 
110.432129 
110.438538 
110.444946 
110.450745 
110.456848 
110.462341 
110.468140 
110.473328 
110.478210 
110.483398 
110.487976 
110.492249 
110.497131 
110.501404 
110.507202 
110.512390 
110.517578 
110.522156 
110.527039 
110.531311 
110.535278 
110.539551 
110.543823 
110.547791 
110.552979 
110.556946 
110.561218 
110.566101 
110.570984 
110.575562 
110.580139 
110.585632 
110.590820 
110.595093 
110.599365 
110.603027 
110.607605 
110.611877 
110.617065 
110.622253 
110.627441 
110.632935 
110.638123 
110.643311 
110.648193 
110.653381 
110.658875 
110.663452 
110.668335 
110.673523 
110.678101 
110.683594 
110.688171 
110.693359 
110.699158 
110.705261 
110.711060 
110.716858 
110.722351 
110.726929 
110.732422 
110.737000 
110.741882 
110.746765 
110.751648 
110.757141 
110.762024 
110.767212 
110.772705 
110.777893 
110.783081 
110.788879 
110.794678 
110.798950 
110.803528 
110.807800 
110.812378 
110.817566 
110.822754 
110.827942 
110.833130 
110.838928 
110.844116 
110.849609 
110.854797 
110.859680 
110.865173 
110.870361 
110.875549 
110.880432 
110.885620 
110.889893 
110.894775 
110.900269 
110.905457 
110.911560 
110.917664 
110.922852 
110.928345 
110.933533 
110.938110 
110.942688 
110.947571 
110.952148 
110.957642 
110.962524 
110.967712 
110.972900 
110.977783 
110.983582 
110.988159 
110.993652 
110.998840 
111.003723 
111.008606 
111.012573 
111.017456 
111.022339 
111.027832 
111.033325 
111.038208 
111.043701 
111.049500 
111.054382 
111.059875 
111.064758 
111.069641 
111.074524 
111.080017 
111.084900 
111.089783 
111.094360 
111.099243 
111.104431 
111.110840 
111.116638 
111.122131 
111.127319 
111.132813 
111.138000 
111.143188 
111.147766 
111.152954 
111.157532 
111.162720 
111.167603 
111.173096 
111.178284 
111.183472 
111.188965 
111.193848 
111.199341 
111.204834 
111.210327 
111.214294 
111.218872 
111.223145 
111.228333 
111.233521 
111.238708 
111.243896 
111.249695 
111.254272 
111.260681 
111.265564 
111.270752 
111.275940 
111.280823 
111.285706 
111.291199 
111.295471 
111.300659 
111.305542 
111.310730 
111.316528 
111.322632 
111.328735 
111.334534 
111.340027 
111.344299 
111.349792 
111.354675 
111.359863 
111.364746 
111.369324 
111.374817 
111.380005 
111.384888 
111.389771 
111.395264 
111.400452 
111.405945 
111.411438 
111.416321 
111.420898 
111.425171 
111.429443 
111.434631 
111.440125 
111.445007 
111.450806 
111.455688 
111.461182 
111.466980 
111.471863 
111.476746 
111.482239 
111.487122 
111.492310 
111.496887 
111.502075 
111.506958 
111.511841 
111.516724 
111.522827 
111.528320 
111.534119 
111.539917 
111.545105 
111.550293 
111.555481 
111.560059 
111.564636 
111.569519 
111.574707 
111.579590 
111.584167 
111.589355 
111.595154 
111.600037 
111.605530 
111.611023 
111.615906 
111.621704 
111.625671 
111.629639 
111.634216 
111.639099 
111.645203 
111.650085 
111.654968 
111.660767 
111.665955 
111.671448 
111.676941 
111.681824 
111.687012 
111.691895 
111.696777 
111.701660 
111.706543 
111.711426 
111.715698 
111.721191 
111.727295 
111.733093 
111.738892 
111.744080 
111.749573 
111.754456 
111.759644 
111.764526 
111.769409 
111.774292 
111.779175 
111.784363 
111.788940 
111.794739 
111.799622 
111.805115 
111.810608 
111.816101 
111.820984 
111.826172 
111.830444 
111.835022 
111.839294 
111.844177 
111.849365 
111.854858 
111.860046 
111.865540 
111.871033 
111.876221 
111.881104 
111.886292 
111.891479 
111.896362 
111.901550 
111.906738 
111.911316 
111.915894 
111.921387 
111.926270 
111.932068 
111.938171 
111.943665 
111.949158 
111.954651 
111.959839 
111.965027 
111.969910 
111.974792 
111.979980 
111.984558 
111.989746 
111.994934 
112.000122 
112.005310 
112.010193 
112.015381 
112.020874 
112.026672 
112.031250 
112.035828 
112.040100 
112.044373 
112.049561 
112.055054 
112.059937 
112.065125 
112.070618 
112.076111 
112.081909 
112.086792 
112.091980 
112.096863 
112.101746 
112.107239 
112.111816 
112.116699 
112.121582 
112.126465 
112.131653 
112.137451 
112.143860 
112.149353 
112.154541 
112.160339 
112.165222 
112.170105 
112.174683 
112.179565 
112.184143 
112.189331 
112.194519 
112.199097 
112.204590 
112.209778 
112.214661 
112.220154 
112.225342 
112.230835 
112.235718 
112.240906 
112.244873 
112.249146 
112.254028 
112.259216 
112.264709 
112.270203 
112.275696 
112.280884 
112.286377 
112.291565 
112.296448 
112.301636 
112.306824 
112.312012 
112.316589 
112.321472 
112.326050 
112.330933 
112.336121 
112.341614 
112.348022 
112.353516 
112.359009 
112.364502 
112.369690 
112.374268 
112.379150 
112.383728 
112.388916 
112.393799 
112.398987 
112.403564 
112.409058 
112.414551 
112.419434 
112.424927 
112.430420 
112.436218 
112.440796 
112.445374 
112.449646 
112.454224 
112.459412 
112.464600 
112.469482 
112.474976 
112.480774 
112.485352 
112.490845 
112.496338 
112.500916 
112.506104 
112.511597 
112.516479 
112.521362 
112.525940 
112.530212 
112.535706 
112.540588 
112.546387 
112.552490 
112.558594 
112.563477 
112.569275 
112.574463 
112.579651 
112.584229 
112.589111 
112.594299 
112.598877 
112.603760 
112.609253 
112.614441 
112.619324 
112.624512 
112.630005 
112.635498 
112.640686 
112.645874 
112.650452 
112.654419 
112.658997 
112.664185 
112.669067 
112.674255 
112.679749 
112.684937 
112.690735 
112.695923 
112.700806 
112.705994 
112.711182 
112.716064 
112.721252 
112.726440 
112.730713 
112.735596 
112.740784 
112.745972 
112.751465 
112.757874 
112.763367 
112.768555 
112.774048 
112.779541 
112.784424 
112.789001 
112.793884 
112.798462 
112.803345 
112.809143 
112.813721 
112.818909 
112.824402 
112.829285 
112.834473 
112.839966 
112.845459 
112.850647 
112.854919 
112.859497 
112.863770 
112.868958 
112.874146 
112.879333 
112.885132 
112.889709 
112.895203 
112.901306 
112.905884 
112.911072 
112.916260 
112.921753 
112.926025 
112.931519 
112.936096 
112.940674 
112.945251 
112.950745 
112.956238 
112.962646 
112.968140 
112.973328 
112.978821 
112.984009 
112.988586 
112.993469 
112.998657 
113.002930 
113.008118 
113.013306 
113.018188 
113.023376 
113.028870 
113.034058 
113.039551 
113.044739 
113.049927 
113.055420 
113.059998 
113.063660 
113.068848 
113.074036 
113.078918 
113.084106 
113.089294 
113.094788 
113.099976 
113.105469 
113.110657 
113.115540 
113.120728 
113.125916 
113.130188 
113.134766 
113.139038 
113.143311 
113.147583 
113.151855 
113.156128 
113.161621 
113.165588 
113.168945 
113.172607 
113.175354 
113.178101 
113.180237 
113.182068 
113.184204 
113.186035 
113.187866 
113.189087 
113.189697 
113.190918 
113.191833 
113.191833 
113.192444 
113.192444 
113.192139 
113.191223 
113.189392 
113.187561 
113.186035 
113.184509 
113.182678 
113.180237 
113.178406 
113.175659 
113.173218 
113.169250 
113.165588 
113.162231 
113.157654 
113.153687 
113.149109 
113.143921 
113.139343 
113.134155 
113.129272 
113.125000 
113.121033 
113.116455 
113.111877 
113.106384 
113.100891 
113.095398 
113.089294 
113.083801 
113.078003 
113.072205 
113.066711 
113.061218 
113.055725 
113.049622 
113.044434 
113.038940 
113.033142 
113.028564 
113.022766 
113.016663 
113.009644 
113.003540 
112.998352 
112.992859 
112.988281 
112.982178 
112.977600 
112.972107 
112.967224 
112.961731 
112.956543 
112.951050 
112.945557 
112.940674 
112.934875 
112.929077 
112.923279 
112.917786 
112.912903 
112.908325 
112.904053 
112.899170 
112.894287 
112.889099 
112.883911 
112.878418 
112.872925 
112.867737 
112.861938 
112.856445 
112.851868 
112.845764 
112.840881 
112.835999 
112.830811 
112.825317 
112.821045 
112.816162 
112.810974 
112.805176 
112.799377 
112.793274 
112.787476 
112.783508 
112.777710 
112.773132 
112.767944 
112.763062 
112.758484 
112.753296 
112.747803 
112.742920 
112.737732 
112.732239 
112.726440 
112.721252 
112.715454 
112.709961 
112.705078 
112.700500 
112.696228 
112.691650 
112.687073 
112.682190 
112.677002 
112.671509 
112.665710 
112.660217 
112.655334 
112.649841 
112.644653 
112.639465 
112.633972 
112.629089 
112.624207 
112.619629 
112.613831 
112.609558 
112.604065 
112.598572 
112.591858 
112.586365 
112.581177 
112.575989 
112.570801 
112.565613 
112.560730 
112.556152 
112.550964 
112.546082 
112.540894 
112.536011 
112.530212 
112.525024 
112.519531 
112.514038 
112.508850 
112.503052 
112.497864 
112.493896 
112.489319 
112.485046 
112.479858 
112.474976 
112.470093 
112.464600 
112.459412 
112.453613 
112.448425 
112.443237 
112.437744 
112.432556 
112.427063 
112.422180 
112.416992 
112.412109 
112.407227 
112.402039 
112.397156 
112.391357 
112.385254 
112.379761 
112.374573 
112.369080 
112.364197 
112.359314 
112.354431 
112.349548 
112.344666 
112.339783 
112.334290 
112.329102 
112.324524 
112.318726 
112.313843 
112.308350 
112.302551 
112.297058 
112.291870 
112.287598 
112.283020 
112.278748 
112.274170 
112.268677 
112.263489 
112.258301 
112.253113 
112.247314 
112.242126 
112.236938 
112.231445 
112.226257 
112.221069 
112.216187 
112.211304 
112.206726 
112.201538 
112.196655 
112.191162 
112.185669 
112.179565 
112.174072 
112.168579 
112.163391 
112.158813 
112.153625 
112.148743 
112.143860 
112.138672 
112.133789 
112.128601 
112.123718 
112.118530 
112.113037 
112.107544 
112.102356 
112.096252 
112.091064 
112.085876 
112.081299 
112.077026 
112.073059 
112.067871 
112.062988 
112.057495 
112.052307 
112.047119 
112.041321 
112.035828 
112.031250 
112.025757 
112.020264 
112.015076 
112.009888 
112.005005 
111.999817 
111.995239 
111.990356 
111.985474 
111.979675 
111.973572 
111.967468 
111.962280 
111.957397 
111.951599 
111.947021 
111.942139 
111.937256 
111.932373 
111.926880 
111.921692 
111.917114 
111.911926 
111.907043 
111.901245 
111.895752 
111.889954 
111.884766 
111.879578 
111.875610 
111.871033 
111.866455 
111.861877 
111.856689 
111.851501 
111.846619 
111.840820 
111.835938 
111.830139 
111.824951 
111.819153 
111.814575 
111.809082 
111.804504 
111.798401 
111.793518 
111.788940 
111.784058 
111.779175 
111.773071 
111.767273 
111.761475 
111.756287 
111.751099 
111.746216 
111.741028 
111.736450 
111.731873 
111.726379 
111.721191 
111.716309 
111.711121 
111.706238 
111.700745 
111.695862 
111.690369 
111.684570 
111.679382 
111.673889 
111.669312 
111.665649 
111.660767 
111.655884 
111.651306 
111.646118 
111.640625 
111.634827 
111.629639 
111.624146 
111.618958 
111.613770 
111.608582 
111.603088 
111.597900 
111.593323 
111.588440 
111.583252 
111.578369 
111.573181 
111.567993 
111.561584 
111.555786 
111.550293 
111.545410 
111.540527 
111.535645 
111.530457 
111.525269 
111.520996 
111.515808 
111.510315 
111.505432 
111.500244 
111.495361 
111.490173 
111.484070 
111.478577 
111.472778 
111.467896 
111.463318 
111.459351 
111.454468 
111.450195 
111.445313 
111.439819 
111.434631 
111.429138 
111.423950 
111.418152 
111.412964 
111.407776 
111.402283 
111.397705 
111.392517 
111.387634 
111.382141 
111.377563 
111.372375 
111.367188 
111.362000 
111.355591 
111.350403 
111.344604 
111.339417 
111.334839 
111.329041 
111.324463 
111.319580 
111.314697 
111.309509 
111.304626 
111.299438 
111.294250 
111.289063 
111.283875 
111.278687 
111.272583 
111.267090 
111.262512 
111.257629 
111.253662 
111.248474 
111.244202 
111.239319 
111.233826 
111.228638 
111.223450 
111.217957 
111.212463 
111.206970 
111.202087 
111.196899 
111.191406 
111.186523 
111.181946 
111.176453 
111.171265 
111.166992 
111.161499 
111.155701 
111.149597 
111.143799 
111.138611 
111.133728 
111.128540 
111.123657 
111.118774 
111.113586 
111.108704 
111.103821 
111.098633 
111.093750 
111.089172 
111.083374 
111.078186 
111.072998 
111.067505 
111.061707 
111.056213 
111.052246 
111.047974 
111.043091 
111.038818 
111.033936 
111.028748 
111.023560 
111.017761 
111.011963 
111.006470 
111.001282 
110.996399 
110.991211 
110.986023 
110.980835 
110.975342 
110.971069 
110.966187 
110.961304 
110.956421 
110.950623 
110.944214 
110.938416 
110.933533 
110.928345 
110.923767 
110.918579 
110.913696 
110.908813 
110.903931 
110.899353 
110.893860 
110.888977 
110.884094 
110.878601 
110.873718 
110.867920 
110.862427 
110.856628 
110.851746 
110.846558 
110.842590 
110.838013 
110.833435 
110.828552 
110.823059 
110.817871 
110.812683 
110.806885 
110.801086 
110.796204 
110.790710 
110.785522 
110.780334 
110.775146 
110.770569 
110.765381 
110.760193 
110.755615 
110.750427 
110.744934 
110.738525 
110.732422 
110.727234 
110.722351 
110.716858 
110.712280 
110.707397 
110.702209 
110.697327 
110.692139 
110.687256 
110.682373 
110.676880 
110.671692 
110.666199 
110.661011 
110.655518 
110.650330 
110.645142 
110.641174 
110.635986 
110.631714 
110.627136 
110.622253 
110.617065 
110.611877 
110.606079 
110.600891 
110.595398 
110.590210 
110.584717 
110.579529 
110.574341 
110.569763 
110.564575 
110.559387 
110.554504 
110.549622 
110.544434 
110.538635 
110.532532 
110.527039 
110.521240 
110.516357 
110.511475 
110.506287 
110.501404 
110.496826 
110.491638 
110.486755 
110.481873 
110.476990 
110.471191 
110.466003 
110.460815 
110.455933 
110.450134 
110.444641 
110.439148 
110.434570 
110.430298 
110.426331 
110.420837 
110.416870 
110.411682 
110.406189 
110.401001 
110.394897 
110.389099 
110.383911 
110.379333 
110.373840 
110.368347 
110.363464 
110.358582 
110.353088 
110.348511 
110.343628 
110.338745 
110.333252 
110.327148 
110.321045 
110.315857 
110.310669 
110.305786 
110.300903 
110.296021 
110.291138 
110.286560 
110.281067 
110.275879 
110.271301 
110.265808 
110.260925 
110.255737 
110.249939 
110.244751 
110.238953 
110.233154 
110.228882 
110.224915 
110.220642 
110.215149 
110.210571 
110.205688 
110.200195 
110.195007 
110.189209 
110.184021 
110.178528 
110.173645 
110.168152 
110.163879 
110.158386 
110.153809 
110.149231 
110.145264 
110.141602 
110.137634 
110.133057 
110.128174 
110.124512 
110.120850 
110.118408 
110.115967 
110.113831 
110.111694 
110.110168 
110.108948 
110.107727 
110.106506 
110.105896 
110.105286 
110.104675 
110.104675 
110.104370 
110.104370 
110.104065 
110.104980 
110.106812 
110.108337 
110.111084 
110.112915 
110.115356 
110.117798 
110.120239 
110.123291 
110.126343 
110.129395 
110.133057 
110.136414 
110.140991 
110.144958 
110.149841 
110.154419 
110.159302 
110.164185 
110.169678 
110.174561 
110.178833 
110.183716 
110.187988 
110.192871 
110.198364 
110.204163 
110.209656 
110.215454 
110.221252 
110.227051 
110.232544 
110.238647 
110.244141 
110.250244 
110.255127 
110.260925 
110.266113 
110.270996 
110.276184 
110.281677 
110.287476 
110.293579 
110.299683 
110.305481 
110.311584 
110.316467 
110.321655 
110.326538 
110.331116 
110.336609 
110.341187 
110.346375 
110.351563 
110.356750 
110.362244 
110.367432 
110.372620 
110.377808 
110.383301 
110.388489 
110.393372 
110.397339 
110.401611 
110.406494 
110.411987 
110.417175 
110.422668 
110.427551 
110.433044 
110.437927 
110.442810 
110.448608 
110.453796 
110.458984 
110.463867 
110.468750 
110.473938 
110.478516 
110.483398 
110.488281 
110.493774 
110.500183 
110.505371 
110.511475 
110.516663 
110.521851 
110.526428 
110.531311 
110.535889 
110.541077 
110.546265 
110.551758 
110.556641 
110.561523 
110.567017 
110.572205 
110.577087 
110.582275 
110.588074 
110.593262 
110.597839 
110.602112 
110.606384 
110.611267 
110.617065 
110.621948 
110.627136 
110.632324 
110.637817 
110.643616 
110.648804 
110.654297 
110.658875 
110.664368 
110.669250 
110.674133 
110.679016 
110.683594 
110.688171 
110.693665 
110.699158 
110.705872 
110.711670 
110.717163 
110.722351 
110.727234 
110.732422 
110.737305 
110.741882 
110.747070 
110.752258 
110.756836 
110.762024 
110.767212 
110.772095 
110.777283 
110.782471 
110.787964 
110.793457 
110.798950 
110.803223 
110.807495 
110.812073 
110.816650 
110.822144 
110.827332 
110.832520 
110.838013 
110.843201 
110.848694 
110.853882 
110.859070 
110.864868 
110.869446 
110.874329 
110.879517 
110.884094 
110.888672 
110.893860 
110.898743 
110.903931 
110.910339 
110.916443 
110.921936 
110.927124 
110.932312 
110.937195 
110.942078 
110.946655 
110.951538 
110.956726 
110.961304 
110.966187 
110.971375 
110.976563 
110.981750 
110.987244 
110.992737 
110.997925 
111.003418 
111.007996 
111.011658 
111.016541 
111.021729 
111.027222 
111.032104 
111.037292 
111.042786 
111.047974 
111.053772 
111.058655 
111.063538 
111.068726 
111.073914 
111.079407 
111.083984 
111.089172 
111.094055 
111.098633 
111.103516 
111.109314 
111.115417 
111.121521 
111.126709 
111.131897 
111.137085 
111.141968 
111.147156 
111.152344 
111.156616 
111.161804 
111.166992 
111.171875 
111.177368 
111.182556 
111.188354 
111.193237 
111.198425 
111.203918 
111.208801 
111.213989 
111.217957 
111.222229 
111.227417 
111.232910 
111.237793 
111.243286 
111.248474 
111.253967 
111.259460 
111.264648 
111.269836 
111.275024 
111.280212 
111.285095 
111.290588 
111.294861 
111.299438 
111.304016 
111.309204 
111.315002 
111.321106 
111.326904 
111.332703 
111.337891 
111.342773 
111.348267 
111.352539 
111.357422 
111.362915 
111.367798 
111.372986 
111.377869 
111.382751 
111.388245 
111.393127 
111.398315 
111.403503 
111.408997 
111.414795 
111.419067 
111.423035 
111.427612 
111.432800 
111.437683 
111.443176 
111.448364 
111.454163 
111.459045 
111.464233 
111.470032 
111.474915 
111.480103 
111.485291 
111.490784 
111.495056 
111.500244 
111.505127 
111.509705 
111.514587 
111.520081 
111.526184 
111.532288 
111.537476 
111.542969 
111.547852 
111.553040 
111.558228 
111.562805 
111.567688 
111.572876 
111.577759 
111.582642 
111.587830 
111.593018 
111.597900 
111.603394 
111.608582 
111.614380 
111.619568 
111.623840 
111.627808 
111.632385 
111.637573 
111.642761 
111.648254 
111.653137 
111.658630 
111.664429 
111.669312 
111.674194 
111.679688 
111.685181 
111.690369 
111.695251 
111.700134 
111.704407 
111.709595 
111.714478 
111.719360 
111.725159 
111.730957 
111.736755 
111.742554 
111.747742 
111.753235 
111.758118 
111.763000 
111.767883 
111.772156 
111.777344 
111.782837 
111.787720 
111.791992 
111.797791 
111.803284 
111.808777 
111.813660 
111.819153 
111.824036 
111.829224 
111.833191 
111.837463 
111.842651 
111.847839 
111.853027 
111.858521 
111.863708 
111.869202 
111.874390 
111.879883 
111.885071 
111.890259 
111.895142 
111.899719 
111.905518 
111.910400 
111.914673 
111.919556 
111.924438 
111.930237 
111.936340 
111.942139 
111.947632 
111.952820 
111.958923 
111.963196 
111.968384 
111.972961 
111.977539 
111.983032 
111.988220 
111.993103 
111.998291 
112.003479 
112.008362 
112.013550 
112.019348 
112.023926 
112.029724 
112.034912 
112.038574 
112.043152 
112.047424 
112.053223 
112.058105 
112.063599 
112.069092 
112.074280 
112.080078 
112.084961 
112.090149 
112.095642 
112.100220 
112.105408 
112.110291 
112.115784 
112.120056 
112.124939 
112.130127 
112.135925 
112.142029 
112.147217 
112.152710 
112.158203 
112.163696 
112.168579 
112.173462 
112.178040 
112.183228 
112.188110 
112.192688 
112.198181 
112.203369 
112.208557 
112.213745 
112.218323 
112.223816 
112.229614 
112.234802 
112.239380 
112.243652 
112.247925 
112.252808 
112.257996 
112.263184 
112.268677 
112.274170 
112.279358 
112.285156 
112.290039 
112.295227 
112.300415 
112.305603 
112.310486 
112.315369 
112.320557 
112.324829 
112.329712 
112.334595 
112.340393 
112.346497 
112.352295 
112.357483 
112.363586 
112.368164 
112.373352 
112.378235 
112.382813 
112.388000 
112.392883 
112.397766 
112.402954 
112.407837 
112.413025 
112.418213 
112.423401 
112.428894 
112.434387 
112.439575 
112.444153 
112.448425 
112.453003 
112.457581 
112.463074 
112.469177 
112.473450 
112.478943 
112.484436 
112.489624 
112.495117 
112.500000 
112.505188 
112.510376 
112.515259 
112.520447 
112.524719 
112.529907 
112.534485 
112.540283 
112.545166 
112.551575 
112.557068 
112.562561 
112.568054 
112.573242 
112.578125 
112.583313 
112.587891 
112.592773 
112.597961 
112.602844 
112.607727 
112.613220 
112.618103 
112.622986 
112.628784 
112.633972 
112.639160 
112.644348 
112.649231 
112.652893 
112.657776 
112.662354 
112.667847 
112.672729 
112.678223 
112.683716 
112.689209 
112.694702 
112.699585 
112.704773 
112.709961 
112.715149 
112.720642 
112.724915 
112.729797 
112.734680 
112.739868 
112.744751 
112.750549 
112.756348 
112.762451 
112.767944 
112.773438 
112.778320 
112.783203 
112.787781 
112.792664 
112.797852 
112.802734 
112.807617 
112.812500 
112.817688 
112.823486 
112.828064 
112.833252 
112.838745 
112.843933 
112.849426 
112.854309 
112.858276 
112.862549 
112.867737 
112.872925 
112.878113 
112.882996 
112.888489 
112.893982 
112.899780 
112.904968 
112.910156 
112.915039 
112.920532 
112.925110 
112.930298 
112.934875 
112.940063 
112.944336 
112.949524 
112.955017 
112.961426 
112.967529 
112.972412 
112.978210 
112.983093 
112.987976 
112.992859 
112.997437 
113.002319 
113.007202 
113.012085 
113.016968 
113.022461 
113.027649 
113.032837 
113.037720 
113.042908 
113.049011 
113.054199 
113.058777 
113.063049 
113.067322 
113.072205 
113.077698 
113.082581 
113.088074 
113.093567 
113.098450 
113.104248 
113.109131 
113.114319 
113.119507 
113.124084 
113.128967 
113.133850 
113.138428 
113.142700 
113.146667 
113.150635 
113.155212 
113.159790 
113.164673 
113.168335 
113.171692 
113.175354 
113.177490 
113.179626 
113.182373 
113.183899 
113.185425 
113.187561 
113.188171 
113.189697 
113.190308 
113.190613 
113.191223 
113.191528 
113.191833 
113.191833 
113.190613 
113.189697 
113.187561 
113.186035 
113.183899 
113.182068 
113.179932 
113.177490 
113.175049 
113.171997 
113.169250 
113.165894 
113.161926 
113.157959 
113.153381 
113.149109 
113.144836 
113.139343 
113.134766 
113.129883 
113.125000 
113.121033 
113.116455 
113.111877 
113.106995 
113.101501 
113.095703 
113.089905 
113.084106 
113.078308 
113.072815 
113.067017 
113.061829 
113.056030 
113.050232 
113.044739 
113.039246 
113.034058 
113.029175 
113.023376 
113.017273 
113.010864 
113.004456 
112.998962 
112.993774 
112.988281 
112.982788 
112.977600 
112.972717 
112.967529 
112.962341 
112.957153 
112.951660 
112.946167 
112.940674 
112.935181 
112.929993 
112.924194 
112.919006 
112.913208 
112.908325 
112.904053 
112.899780 
112.894592 
112.889404 
112.884521 
112.879333 
112.873535 
112.868347 
112.862244 
112.857056 
112.852478 
112.846985 
112.841492 
112.836304 
112.831421 
112.825623 
112.821045 
112.816772 
112.811584 
112.806091 
112.799988 
112.793884 
112.788086 
112.783813 
112.778320 
112.773132 
112.768250 
112.763672 
112.758789 
112.753601 
112.748718 
112.743225 
112.737732 
112.732544 
112.727356 
112.722168 
112.716370 
112.710876 
112.705383 
112.700806 
112.696838 
112.692566 
112.687378 
112.682495 
112.677612 
112.672424 
112.666931 
112.661438 
112.655640 
112.650452 
112.645569 
112.639771 
112.634888 
112.629700 
112.624512 
112.619629 
112.614441 
112.609558 
112.604675 
112.599182 
112.593384 
112.586670 
112.581482 
112.576599 
112.571411 
112.566223 
112.561340 
112.556152 
112.551270 
112.546997 
112.541199 
112.536316 
112.531128 
112.525940 
112.520752 
112.514954 
112.509766 
112.503967 
112.499084 
112.494507 
112.489929 
112.485352 
112.481079 
112.475891 
112.470703 
112.465820 
112.460022 
112.454834 
112.449036 
112.443542 
112.439270 
112.433167 
112.427673 
112.422485 
112.417603 
112.412720 
112.407837 
112.402954 
112.397766 
112.392273 
112.386169 
112.380371 
112.375183 
112.369995 
112.364807 
112.359924 
112.354736 
112.349854 
112.344971 
112.339783 
112.334900 
112.330017 
112.324829 
112.319641 
112.314148 
112.308655 
112.303772 
112.297363 
112.292480 
112.288208 
112.283936 
112.279358 
112.274780 
112.269592 
112.264709 
112.258606 
112.253418 
112.248535 
112.242737 
112.237549 
112.232666 
112.227173 
112.221985 
112.216797 
112.211609 
112.207031 
112.201843 
112.197266 
112.192383 
112.186584 
112.180481 
112.174683 
112.168884 
112.164307 
112.159119 
112.154236 
112.149048 
112.144470 
112.139282 
112.134094 
112.129211 
112.124023 
112.119141 
112.113342 
112.108154 
112.103271 
112.097473 
112.091675 
112.086487 
112.081299 
112.077637 
112.073059 
112.068176 
112.063599 
112.058716 
112.053223 
112.047729 
112.042236 
112.036743 
112.031555 
112.026367 
112.020874 
112.016296 
112.010498 
112.005920 
112.001038 
111.995544 
111.990967 
111.986084 
111.980591 
111.974792 
111.968689 
111.962891 
111.958313 
111.952209 
111.947632 
111.942749 
111.937561 
111.932983 
111.927795 
111.922913 
111.917725 
111.912537 
111.907349 
111.902161 
111.896973 
111.891479 
111.885986 
111.880188 
111.875305 
111.871643 
111.867065 
111.862488 
111.857910 
111.852417 
111.847534 
111.841736 
111.835632 
111.830750 
111.825562 
111.820068 
111.815186 
111.809692 
111.804810 
111.799316 
111.794739 
111.789246 
111.784973 
111.779785 
111.774292 
111.767578 
111.762085 
111.756897 
111.751709 
111.746826 
111.741943 
111.737061 
111.732178 
111.727295 
111.721802 
111.717224 
111.712036 
111.706848 
111.701355 
111.696167 
111.690979 
111.685181 
111.680298 
111.674805 
111.670227 
111.665649 
111.661377 
111.656494 
111.651917 
111.647034 
111.640625 
111.636047 
111.630249 
111.624756 
111.619568 
111.614380 
111.609192 
111.604004 
111.598511 
111.593933 
111.588745 
111.583862 
111.579285 
111.574402 
111.568604 
111.562805 
111.556396 
111.550903 
111.546326 
111.541138 
111.535645 
111.531067 
111.526184 
111.521606 
111.516418 
111.511230 
111.505737 
111.501160 
111.495667 
111.490784 
111.484985 
111.479492 
111.473694 
111.469116 
111.464233 
111.460266 
111.455078 
111.450500 
111.445923 
111.440430 
111.435547 
111.429749 
111.424255 
111.419067 
111.413574 
111.408691 
111.403198 
111.397705 
111.392822 
111.388245 
111.383057 
111.378174 
111.373596 
111.368408 
111.363220 
111.356506 
111.350708 
111.345215 
111.340332 
111.335449 
111.329651 
111.325073 
111.320190 
111.315308 
111.310425 
111.305237 
111.300049 
111.294861 
111.289673 
111.284790 
111.279297 
111.273499 
111.268311 
111.263123 
111.258240 
111.254272 
111.250000 
111.244507 
111.239929 
111.235352 
111.229553 
111.224060 
111.218567 
111.213379 
111.208191 
111.203003 
111.197815 
111.192627 
111.187439 
111.182556 
111.177063 
111.172180 
111.167297 
111.162415 
111.156921 
111.150818 
111.144714 
111.139526 
111.134033 
111.129456 
111.124573 
111.119080 
111.114502 
111.109924 
111.104736 
111.099548 
111.094666 
111.089172 
111.084595 
111.078796 
111.073608 
111.068420 
111.062317 
111.057129 
111.052856 
111.048584 
111.044312 
111.039734 
111.034851 
111.029358 
111.023865 
111.018677 
111.012878 
111.007690 
111.002197 
110.997009 
110.991821 
110.986633 
110.981750 
110.976257 
110.971069 
110.967102 
110.961914 
110.957031 
110.951843 
110.945435 
110.939331 
110.934143 
110.928650 
110.924072 
110.918884 
110.913696 
110.909424 
110.904541 
110.899658 
110.894165 
110.889587 
110.884399 
110.878601 
110.873413 
110.868530 
110.862732 
110.856934 
110.852356 
110.846863 
110.842896 
110.838623 
110.833740 
110.828857 
110.823975 
110.818481 
110.813293 
110.807495 
110.802307 
110.796814 
110.791626 
110.786438 
110.780945 
110.776062 
110.771484 
110.765991 
110.761719 
110.756226 
110.751343 
110.745850 
110.739746 
110.733948 
110.728760 
110.723572 
110.718079 
110.713501 
110.708313 
110.703125 
110.698242 
110.693054 
110.688477 
110.682983 
110.678101 
110.672913 
110.667725 
110.662231 
110.657043 
110.651550 
110.645752 
110.640869 
110.636597 
110.632324 
110.627441 
110.622864 
110.617981 
110.612488 
110.607300 
110.602112 
110.596008 
110.590820 
110.585632 
110.580139 
110.575256 
110.570374 
110.565186 
110.559998 
110.555115 
110.550232 
110.544739 
110.539551 
110.533447 
110.527649 
110.522156 
110.517273 
110.512085 
110.507202 
110.502319 
110.497131 
110.492554 
110.487976 
110.482788 
110.476990 
110.472107 
110.466919 
110.461731 
110.456238 
110.450745 
110.445557 
110.440063 
110.435486 
110.430908 
110.426941 
110.422363 
110.418091 
110.412598 
110.406799 
110.401611 
110.396118 
110.390320 
110.385132 
110.379639 
110.374756 
110.369568 
110.364380 
110.359192 
110.354309 
110.349121 
110.344543 
110.339661 
110.334167 
110.328064 
110.322266 
110.316772 
110.311890 
110.306702 
110.301514 
110.296631 
110.291443 
110.286865 
110.281982 
110.277100 
110.271912 
110.267029 
110.261230 
110.256042 
110.250854 
110.245361 
110.239563 
110.234680 
110.229187 
110.225525 
110.220947 
110.216370 
110.211792 
110.206604 
110.201111 
110.195618 
110.190125 
110.184937 
110.179749 
110.174561 
110.169373 
110.164490 
110.159607 
110.154724 
110.150146 
110.146179 
110.141907 
110.137634 
110.133972 
110.129700 
110.125122 
110.122070 
110.118713 
110.116272 
110.114136 
110.112000 
110.110474 
110.108948 
110.108032 
110.106812 
110.106201 
110.105591 
110.104980 
110.104980 
110.104675 
110.104370 
110.104675 
110.104980 
110.106506 
110.108032 
110.110168 
110.112610 
110.115356 
110.117798 
110.119934 
110.122986 
110.126038 
110.129089 
110.132141 
110.136719 
110.140686 
110.144653 
110.149536 
110.154419 
110.159302 
110.164185 
110.169373 
110.174866 
110.179749 
110.184021 
110.188293 
110.193176 
110.198669 
110.204163 
110.209961 
110.215759 
110.221252 
110.227356 
110.232849 
110.239258 
110.244141 
110.249634 
110.255432 
110.260315 
110.265503 
110.270386 
110.275574 
110.280762 
110.285950 
110.292664 
110.299072 
110.304260 
110.310059 
110.314941 
110.320129 
110.325317 
110.330200 
110.335083 
110.339966 
110.345154 
110.350342 
110.355225 
110.360718 
110.365601 
110.370789 
110.376282 
110.382080 
110.387268 
110.392151 
110.396423 
110.400391 
110.405884 
110.411072 
110.416260 
110.421448 
110.426331 
110.432129 
110.437317 
110.442810 
110.447693 
110.453186 
110.458374 
110.462952 
110.468140 
110.472717 
110.477600 
110.482178 
110.487366 
110.492859 
110.499268 
110.504761 
110.510559 
110.515747 
110.520935 
110.525818 
110.531006 
110.535583 
110.540771 
110.545654 
110.550842 
110.555725 
110.560608 
110.566406 
110.571594 
110.577087 
110.581665 
110.586853 
110.592346 
110.597534 
110.601807 
110.605774 
110.610657 
110.616150 
110.621338 
110.626221 
110.632019 
110.637512 
110.642700 
110.648193 
110.653381 
110.658569 
110.663452 
110.668640 
110.673523 
110.678406 
110.683289 
110.687866 
110.692749 
110.698547 
110.704651 
110.710449 
110.715942 
110.721436 
110.726624 
110.731812 
110.736694 
110.741272 
110.746155 
110.751038 
110.755920 
110.761414 
110.765991 
110.771179 
110.776978 
110.782166 
110.787354 
110.792847 
110.798340 
110.802612 
110.806885 
110.811462 
110.815735 
110.821228 
110.826111 
110.831909 
110.837097 
110.842285 
110.848083 
110.853271 
110.858765 
110.863647 
110.868835 
110.873413 
110.879211 
110.883484 
110.888672 
110.892944 
110.898132 
110.903320 
110.909729 
110.915222 
110.921021 
110.926514 
110.932007 
110.936890 
110.941162 
110.946045 
110.950928 
110.955811 
110.960999 
110.965881 
110.970764 
110.976257 
110.981140 
110.986023 
110.991821 
110.997009 
111.002502 
111.007385 
111.011658 
111.016235 
111.021118 
111.026611 
111.031494 
111.036377 
111.041565 
111.047668 
111.052856 
111.058350 
111.063232 
111.068115 
111.073608 
111.078491 
111.083374 
111.088867 
111.093445 
111.098328 
111.103210 
111.108398 
111.114502 
111.120911 
111.126099 
111.131592 
111.136780 
111.141663 
111.147156 
111.151428 
111.156311 
111.161194 
111.166382 
111.171265 
111.176453 
111.181946 
111.187134 
111.192627 
111.197510 
111.203003 
111.208496 
111.213074 
111.217651 
111.221619 
111.226196 
111.231995 
111.237183 
111.242371 
111.247864 
111.253052 
111.258850 
111.264038 
111.268616 
111.274414 
111.278992 
111.284180 
111.289063 
111.294250 
111.299133 
111.303406 
111.308594 
111.314087 
111.320190 
111.326294 
111.331787 
111.337585 
111.342468 
111.347656 
111.352539 
111.357422 
111.362000 
111.366882 
111.371765 
111.376953 
111.381836 
111.387329 
111.392517 
111.397705 
111.403198 
111.408386 
111.413269 
111.418457 
111.422729 
111.427002 
111.431885 
111.437073 
111.442566 
111.447449 
111.452637 
111.458435 
111.463318 
111.468811 
111.473999 
111.478577 
111.484375 
111.489563 
111.494446 
111.499634 
111.503906 
111.509705 
111.514282 
111.519470 
111.525574 
111.531372 
111.536865 
111.542358 
111.547241 
111.552734 
111.557312 
111.561890 
111.567078 
111.571960 
111.576843 
111.581726 
111.587219 
111.592102 
111.597595 
111.602478 
111.607361 
111.613464 
111.618347 
111.623230 
111.627808 
111.632080 
111.636963 
111.642151 
111.647339 
111.652527 
111.657715 
111.663208 
111.668701 
111.674194 
111.678772 
111.684570 
111.689758 
111.694336 
111.699524 
111.704102 
111.708984 
111.713562 
111.718750 
111.723633 
111.730347 
111.735840 
111.741638 
111.747437 
111.752625 
111.757202 
111.762390 
111.766968 
111.772156 
111.776733 
111.781921 
111.787109 
111.791992 
111.797180 
111.802673 
111.807556 
111.813354 
111.818848 
111.823730 
111.828918 
111.833191 
111.837158 
111.842041 
111.847229 
111.852112 
111.857605 
111.863098 
111.868591 
111.873474 
111.878967 
111.884155 
111.889343 
111.894226 
111.899414 
111.904602 
111.909180 
111.914063 
111.918945 
111.923523 
111.929626 
111.935120 
111.941223 
111.946411 
111.951904 
111.958008 
111.962585 
111.967468 
111.972351 
111.976624 
111.982117 
111.987000 
111.992188 
111.997375 
112.002563 
112.007446 
112.013245 
112.018433 
112.023621 
112.029114 
112.034302 
112.037964 
112.042542 
112.047119 
112.052612 
112.057495 
112.062988 
112.067871 
112.073669 
112.078857 
112.084351 
112.089233 
112.094421 
112.099304 
112.104797 
112.109680 
112.114563 
112.119751 
112.123718 
112.129211 
112.134399 
112.140503 
112.146912 
112.152100 
112.157593 
112.163086 
112.167664 
112.172546 
112.177124 
112.182312 
112.187500 
112.192383 
112.197266 
112.202454 
112.207336 
112.212524 
112.217712 
112.222900 
112.228394 
112.233887 
112.238770 
112.242737 
112.247314 
112.252197 
112.257385 
112.262268 
112.267761 
112.272949 
112.278442 
112.283630 
112.289429 
112.294617 
112.299805 
112.304382 
112.309265 
112.314758 
112.319641 
112.324219 
112.329102 
112.333679 
112.339478 
112.345276 
112.351379 
112.357178 
112.362366 
112.367859 
112.372742 
112.377319 
112.382202 
112.387085 
112.391663 
112.396851 
112.402039 
112.407227 
112.412415 
112.417603 
112.422485 
112.428284 
112.433472 
112.439270 
112.443848 
112.448120 
112.452698 
112.457275 
112.462158 
112.467651 
112.472839 
112.477722 
112.483521 
112.488708 
112.493896 
112.499390 
112.504272 
112.509766 
112.514648 
112.519531 
112.524414 
112.528992 
112.533875 
112.539063 
112.543945 
112.550354 
112.556152 
112.561646 
112.567139 
112.572632 
112.577515 
112.582092 
112.587280 
112.591553 
112.597351 
112.602234 
112.607117 
112.612305 
112.617493 
112.622681 
112.628174 
112.633057 
112.638550 
112.643738 
112.648621 
112.653198 
112.657471 
112.662354 
112.667542 
112.672424 
112.677612 
112.683411 
112.688599 
112.693481 
112.698975 
112.704163 
112.709351 
112.714233 
112.719421 
112.724609 
112.729492 
112.733459 
112.738647 
112.744141 
112.749634 
112.755432 
112.761230 
112.767334 
112.772522 
112.777405 
112.782288 
112.787476 
112.791748 
112.797241 
112.801819 
112.807312 
112.812195 
112.816467 
112.822266 
112.827759 
112.832642 
112.838135 
112.843323 
112.849121 
112.853699 
112.857971 
112.862244 
112.866821 
112.871704 
112.877502 
112.882385 
112.887878 
112.893372 
112.899170 
112.904358 
112.909241 
112.914429 
112.919312 
112.924500 
112.929688 
112.933960 
112.938843 
112.943726 
112.948608 
112.954102 
112.959900 
112.966003 
112.971802 
112.976990 
112.981873 
112.987366 
112.992249 
112.996826 
113.001099 
113.006287 
113.011475 
113.016357 
113.021545 
113.027039 
113.032227 
113.037415 
113.042908 
113.048401 
113.053589 
113.058472 
113.063049 
113.067017 
113.071899 
113.077087 
113.082275 
113.087769 
113.092651 
113.097534 
113.103027 
113.108826 
113.113708 
113.118896 
113.123779 
113.128662 
113.133545 
113.137817 
113.141479 
113.145447 
113.150024 
113.154297 
113.158875 
113.163757 
113.167419 
113.171082 
113.174438 
113.176880 
113.179626 
113.181458 
113.183289 
113.185120 
113.186340 
113.188171 
113.189087 
113.190002 
113.191223 
113.191528 
113.191528 
113.192139 
113.191528 
113.191223 
113.189697 
113.187561 
113.185730 
113.184204 
113.182678 
113.180237 
113.178101 
113.175659 
113.172607 
113.169556 
113.165894 
113.162537 
113.158264 
113.153992 
113.149414 
113.145142 
113.140259 
113.135071 
113.129578 
113.125305 
113.121033 
113.116760 
113.112183 
113.106995 
113.102112 
113.096924 
113.090820 
113.084717 
113.079224 
113.073120 
113.067932 
113.062134 
113.056641 
113.050842 
113.045349 
113.039856 
113.034668 
113.029480 
113.023987 
113.018494 
113.012085 
113.005676 
112.999573 
112.994690 
112.989197 
112.983704 
112.978210 
112.973328 
112.968445 
112.963257 
112.957764 
112.951965 
112.947388 
112.941589 
112.935791 
112.930298 
112.924500 
112.919312 
112.914124 
112.908936 
112.904358 
112.900391 
112.895203 
112.890625 
112.885132 
112.879639 
112.874451 
112.868652 
112.863770 
112.858276 
112.852478 
112.847900 
112.842407 
112.836914 
112.832336 
112.826843 
112.822266 
112.817383 
112.812195 
112.807007 
112.800903 
112.794800 
112.789001 
112.784424 
112.778931 
112.773743 
112.768860 
112.763977 
112.759399 
112.754211 
112.749023 
112.744141 
112.738037 
112.733459 
112.728271 
112.722778 
112.717285 
112.711487 
112.706299 
112.701416 
112.696838 
112.692871 
112.687988 
112.683411 
112.678223 
112.673340 
112.667542 
112.662048 
112.656250 
112.651062 
112.645874 
112.640381 
112.635193 
112.630615 
112.625427 
112.620544 
112.615356 
112.610474 
112.605591 
112.600403 
112.593994 
112.588501 
112.582092 
112.577209 
112.572021 
112.567139 
112.561951 
112.556763 
112.552185 
112.547302 
112.542114 
112.536926 
112.532043 
112.526550 
112.521362 
112.515869 
112.510376 
112.504883 
112.499390 
112.494202 
112.490540 
112.485962 
112.481384 
112.476501 
112.471619 
112.465820 
112.460938 
112.454834 
112.449646 
112.444458 
112.438965 
112.433777 
112.428894 
112.423401 
112.418213 
112.413330 
112.408142 
112.403564 
112.398071 
112.393494 
112.387085 
112.381287 
112.376099 
112.370605 
112.365417 
112.360840 
112.355652 
112.350464 
112.345581 
112.340698 
112.336121 
112.330627 
112.325745 
112.320557 
112.315369 
112.309875 
112.304077 
112.298279 
112.293396 
112.288208 
112.284241 
112.279968 
112.275391 
112.270813 
112.265320 
112.260132 
112.254333 
112.249146 
112.243652 
112.238159 
112.232971 
112.227783 
112.223206 
112.217712 
112.212219 
112.207642 
112.202759 
112.197571 
112.192993 
112.187500 
112.181396 
112.175598 
112.169495 
112.165222 
112.159729 
112.154846 
112.149658 
112.144775 
112.139893 
112.135010 
112.130127 
112.124939 
112.119751 
112.114563 
112.108765 
112.103577 
112.098389 
112.092590 
112.087097 
112.082214 
112.077942 
112.073975 
112.069092 
112.064209 
112.059326 
112.054138 
112.048645 
112.042847 
112.037659 
112.032166 
112.026978 
112.021790 
112.016602 
112.011414 
112.006531 
112.001343 
111.996460 
111.991577 
111.987000 
111.981201 
111.975403 
111.969299 
111.963806 
111.958923 
111.953430 
111.948242 
111.943359 
111.938477 
111.933594 
111.928711 
111.923523 
111.918335 
111.913452 
111.908264 
111.903076 
111.897583 
111.891785 
111.886597 
111.881104 
111.876221 
111.871948 
111.867676 
111.862488 
111.858215 
111.853333 
111.847534 
111.842651 
111.836853 
111.831665 
111.826172 
111.820679 
111.815491 
111.810303 
111.804810 
111.800232 
111.795349 
111.790161 
111.784973 
111.780396 
111.774902 
111.769409 
111.763000 
111.757507 
111.752930 
111.747131 
111.741943 
111.737366 
111.732483 
111.727905 
111.722717 
111.717529 
111.712341 
111.707458 
111.702271 
111.697083 
111.691895 
111.686096 
111.681213 
111.675415 
111.670227 
111.665955 
111.662292 
111.657104 
111.652527 
111.647339 
111.641846 
111.636353 
111.630859 
111.625671 
111.619873 
111.614990 
111.609802 
111.604614 
111.599731 
111.594543 
111.589355 
111.584167 
111.579590 
111.575012 
111.569519 
111.563416 
111.557617 
111.551819 
111.546936 
111.541748 
111.536865 
111.531982 
111.527100 
111.522217 
111.517334 
111.512451 
111.506958 
111.502075 
111.496582 
111.491394 
111.485596 
111.480408 
111.474609 
111.469116 
111.464233 
111.459961 
111.455688 
111.451111 
111.446228 
111.441345 
111.435547 
111.430359 
111.425171 
111.419678 
111.414490 
111.409302 
111.403809 
111.398621 
111.393433 
111.388550 
111.383667 
111.378784 
111.373596 
111.369019 
111.363525 
111.357422 
111.351318 
111.346130 
111.341248 
111.336060 
111.330566 
111.325989 
111.320801 
111.316223 
111.310730 
111.305847 
111.300964 
111.295776 
111.290283 
111.285706 
111.279907 
111.274109 
111.269226 
111.263428 
111.258850 
111.254578 
111.250305 
111.245422 
111.240540 
111.235352 
111.230164 
111.224670 
111.219482 
111.213989 
111.208801 
111.203918 
111.198425 
111.192932 
111.188049 
111.182861 
111.177979 
111.172485 
111.167603 
111.162720 
111.158142 
111.151428 
111.145630 
111.139832 
111.134949 
111.130066 
111.124878 
111.120300 
111.115112 
111.110229 
111.105347 
111.100464 
111.095276 
111.090698 
111.085510 
111.079712 
111.074524 
111.069031 
111.063232 
111.057739 
111.053162 
111.048889 
111.044922 
111.040039 
111.035156 
111.030273 
111.024780 
111.019287 
111.013489 
111.008301 
111.003113 
110.997620 
110.992432 
110.987244 
110.982056 
110.977173 
110.971985 
110.966797 
110.962219 
110.957336 
110.952148 
110.946045 
110.939941 
110.934448 
110.929565 
110.924377 
110.919800 
110.914612 
110.909729 
110.905151 
110.900269 
110.894775 
110.889893 
110.884705 
110.879822 
110.874634 
110.869141 
110.863953 
110.857849 
110.852356 
110.847473 
110.843811 
110.838928 
110.834656 
110.829773 
110.823975 
110.819397 
110.813599 
110.808105 
110.803528 
110.797729 
110.792236 
110.787048 
110.782166 
110.776672 
110.772095 
110.766907 
110.761719 
110.756836 
110.751648 
110.746460 
110.740662 
110.734558 
110.729370 
110.723877 
110.718994 
110.713806 
110.708923 
110.704041 
110.698853 
110.693970 
110.689087 
110.683899 
110.678711 
110.673523 
110.668030 
110.662842 
110.657654 
110.651855 
110.646667 
110.641479 
110.637207 
110.633240 
110.628357 
110.623474 
110.618591 
110.613403 
110.607910 
110.602417 
110.596924 
110.591431 
110.586853 
110.581055 
110.575867 
110.570679 
110.565796 
110.560303 
110.555420 
110.551147 
110.545959 
110.541077 
110.534058 
110.527954 
110.523071 
110.517883 
110.513000 
110.507813 
110.502930 
110.498352 
110.492859 
110.488586 
110.483398 
110.478210 
110.472717 
110.468140 
110.462952 
110.457458 
110.451660 
110.446167 
110.440979 
110.435791 
110.431519 
110.427551 
110.422668 
110.417786 
110.413208 
110.407715 
110.402222 
110.397034 
110.390930 
110.385742 
110.380249 
110.375061 
110.370178 
110.364990 
110.360107 
110.354614 
110.350037 
110.345154 
110.340271 
110.334778 
110.328979 
110.322876 
110.317383 
110.312500 
110.307617 
110.302429 
110.297241 
110.292358 
110.287781 
110.282898 
110.277710 
110.272217 
110.267639 
110.262146 
110.257263 
110.252075 
110.246277 
110.240784 
110.235596 
110.229797 
110.225830 
110.221558 
110.217285 
110.212097 
110.207520 
110.201721 
110.196838 
110.191345 
110.185852 
110.180664 
110.175171 
110.169983 
110.165100 
110.160217 
110.155334 
110.151367 
110.146790 
110.142517 
110.139160 
110.134583 
110.130005 
110.126038 
110.122070 
110.119324 
110.116577 
110.114136 
110.112305 
110.110474 
110.109253 
110.108337 
110.107117 
110.105896 
110.105591 
110.104980 
110.104370 
110.104675 
110.104065 
110.104675 
110.105286 
110.105591 
110.108032 
110.110168 
110.112610 
110.114746 
110.117493 
110.119934 
110.122375 
110.125732 
110.128784 
110.132446 
110.135803 
110.140076 
110.144958 
110.149231 
110.153809 
110.158691 
110.163269 
110.169067 
110.174255 
110.179138 
110.183411 
110.187988 
110.192871 
110.198364 
110.203552 
110.209656 
110.215454 
110.220947 
110.226746 
110.232239 
110.238037 
110.243835 
110.249023 
110.254822 
110.259705 
110.265198 
110.269775 
110.274963 
110.279846 
110.285645 
110.292053 
110.297852 
110.303345 
110.309448 
110.314331 
110.319519 
110.324707 
110.329285 
110.334473 
110.339355 
110.343933 
110.349731 
110.354614 
110.359192 
110.364990 
110.370178 
110.375366 
110.381165 
110.386047 
110.391846 
110.395813 
110.400085 
110.404663 
110.409851 
110.415344 
110.420227 
110.425415 
110.430908 
110.436707 
110.442200 
110.447083 
110.452576 
110.457153 
110.462646 
110.467224 
110.472717 
110.476990 
110.481873 
110.486755 
110.491943 
110.498047 
110.503845 
110.509338 
110.515137 
110.520325 
110.525513 
110.530090 
110.534668 
110.539856 
110.544434 
110.549927 
110.555115 
110.559998 
110.565491 
110.570374 
110.575562 
110.581055 
110.586548 
110.591736 
110.596619 
110.600891 
110.605469 
110.610352 
110.615234 
110.620422 
110.625916 
110.630798 
110.636597 
110.641785 
110.647278 
110.652466 
110.657654 
110.662537 
110.668030 
110.672607 
110.677795 
110.682678 
110.687561 
110.692139 
110.697632 
110.703125 
110.710144 
110.715332 
110.720825 
110.726013 
110.730896 
110.735779 
110.740967 
110.745544 
110.749817 
110.755615 
110.760498 
110.765686 
110.771179 
110.776062 
110.781250 
110.786743 
110.791626 
110.797424 
110.802307 
110.806274 
110.810852 
110.815125 
110.820618 
110.825806 
110.830688 
110.836182 
110.841980 
110.847168 
110.852661 
110.857544 
110.862732 
110.868225 
110.873108 
110.877991 
110.883179 
110.887451 
110.892334 
110.897522 
110.903015 
110.908203 
110.914612 
110.920410 
110.925903 
110.931091 
110.935974 
110.940857 
110.945740 
110.950317 
110.955200 
110.960388 
110.965271 
110.970459 
110.975647 
110.980530 
110.986328 
110.990906 
110.996399 
111.001587 
111.007080 
111.011047 
111.015625 
111.020508 
111.025696 
111.031189 
111.035767 
111.041565 
111.046753 
111.051941 
111.057434 
111.062927 
111.067505 
111.072998 
111.077881 
111.083374 
111.087952 
111.092224 
111.097412 
111.102600 
111.107788 
111.113586 
111.119690 
111.125488 
111.130981 
111.136169 
111.141357 
111.145935 
111.150818 
111.155701 
111.160583 
111.165466 
111.170654 
111.176147 
111.181335 
111.186218 
111.191711 
111.196594 
111.202393 
111.207581 
111.212769 
111.217041 
111.221313 
111.226196 
111.231384 
111.236267 
111.241455 
111.246948 
111.252747 
111.257629 
111.263123 
111.268311 
111.273499 
111.278992 
111.283569 
111.288452 
111.293640 
111.297913 
111.303406 
111.307678 
111.313171 
111.319275 
111.325378 
111.331177 
111.336670 
111.342468 
111.346741 
111.351624 
111.356506 
111.361084 
111.366272 
111.371765 
111.376038 
111.381531 
111.386414 
111.391602 
111.397400 
111.401978 
111.407776 
111.412964 
111.417847 
111.422424 
111.426392 
111.431274 
111.436768 
111.441650 
111.446838 
111.452026 
111.457825 
111.463318 
111.468506 
111.473083 
111.478577 
111.484070 
111.489258 
111.494141 
111.499023 
111.503906 
111.508789 
111.513062 
111.518555 
111.524658 
111.530762 
111.536255 
111.541748 
111.546936 
111.552124 
111.556702 
111.561890 
111.566467 
111.571350 
111.576538 
111.581421 
111.586609 
111.591797 
111.596375 
111.601868 
111.607056 
111.612244 
111.617737 
111.622925 
111.626892 
111.631470 
111.636353 
111.641235 
111.646729 
111.651917 
111.657104 
111.662598 
111.668091 
111.673584 
111.678772 
111.683655 
111.688538 
111.694031 
111.698608 
111.703491 
111.708374 
111.713562 
111.718445 
111.723328 
111.729736 
111.735535 
111.741028 
111.746521 
111.751709 
111.756897 
111.761475 
111.766663 
111.770935 
111.776428 
111.781311 
111.785889 
111.790771 
111.796265 
111.802063 
111.807251 
111.812439 
111.818237 
111.823425 
111.828003 
111.832275 
111.836853 
111.841125 
111.846619 
111.851807 
111.856689 
111.862488 
111.867371 
111.872864 
111.878662 
111.883545 
111.888428 
111.893616 
111.898499 
111.903687 
111.908569 
111.913147 
111.918335 
111.923218 
111.928406 
111.934509 
111.940308 
111.946106 
111.951294 
111.956787 
111.962585 
111.966858 
111.972046 
111.976929 
111.981506 
111.986694 
111.991577 
111.996765 
112.002258 
112.007141 
112.012634 
112.017517 
112.023010 
112.028503 
112.033691 
112.037659 
112.041626 
112.046814 
112.052002 
112.057190 
112.062073 
112.067566 
112.072449 
112.078247 
112.083435 
112.088928 
112.093811 
112.098999 
112.104187 
112.108765 
112.114258 
112.118530 
112.123718 
112.128601 
112.133789 
112.139587 
112.145691 
112.151489 
112.156677 
112.161865 
112.167358 
112.171631 
112.176819 
112.181396 
112.186279 
112.191467 
112.196350 
112.201233 
112.207031 
112.211914 
112.217407 
112.222290 
112.228088 
112.232971 
112.238464 
112.242432 
112.247009 
112.251587 
112.256470 
112.261963 
112.266846 
112.272644 
112.278137 
112.283325 
112.288818 
112.294006 
112.298584 
112.303772 
112.308960 
112.314148 
112.319031 
112.323303 
112.328491 
112.333374 
112.338562 
112.344360 
112.350769 
112.356262 
112.361450 
112.367249 
112.371826 
112.376709 
112.381897 
112.386475 
112.391357 
112.396240 
112.401123 
112.406311 
112.411804 
112.416992 
112.421875 
112.427673 
112.433167 
112.438354 
112.442932 
112.447510 
112.452393 
112.456360 
112.461853 
112.467346 
112.472229 
112.477722 
112.482605 
112.488098 
112.493591 
112.498474 
112.503357 
112.508850 
112.513733 
112.518921 
112.524109 
112.528381 
112.533264 
112.538147 
112.543640 
112.549438 
112.555542 
112.561035 
112.566528 
112.571716 
112.576599 
112.581787 
112.586060 
112.591553 
112.596436 
112.601624 
112.606506 
112.611389 
112.616882 
112.622070 
112.627258 
112.632446 
112.637939 
112.643433 
112.648315 
112.652893 
112.656860 
112.661438 
112.666931 
112.671814 
112.677002 
112.682495 
112.687988 
112.693176 
112.698669 
112.703552 
112.709045 
112.713928 
112.718811 
112.723999 
112.728577 
112.733765 
112.738037 
112.743225 
112.749023 
112.754517 
112.760010 
112.766113 
112.771606 
112.776794 
112.781677 
112.786560 
112.791443 
112.796326 
112.801208 
112.806091 
112.811279 
112.815857 
112.821350 
112.826233 
112.832031 
112.837219 
112.842407 
112.848206 
112.853088 
112.857056 
112.861633 
112.866211 
112.871094 
112.876892 
112.882080 
112.886658 
112.892456 
112.897949 
112.903442 
112.908630 
112.913513 
112.919006 
112.923889 
112.928772 
112.934265 
112.938232 
112.943420 
112.947998 
112.953491 
112.959595 
112.965393 
112.970886 
112.976379 
112.981567 
112.986450 
112.991638 
112.995911 
113.001099 
113.005676 
113.011169 
113.016052 
113.020935 
113.025818 
113.031311 
113.036804 
113.041687 
113.046875 
113.053284 
113.057861 
113.062134 
113.066711 
113.070984 
113.076172 
113.081055 
113.086548 
113.092041 
113.097534 
113.102722 
113.108215 
113.112488 
113.117981 
113.123169 
113.128052 
113.132324 
113.137207 
113.141174 
113.145447 
113.149414 
113.153687 
113.158569 
113.163147 
113.167419 
113.170776 
113.174133 
113.176880 
113.179016 
113.181152 
113.183289 
113.184814 
113.186646 
113.187866 
113.188782 
113.189697 
113.190918 
113.191223 
113.191833 
113.191833 
113.191833 
113.191223 
113.189087 
113.188171 
113.186035 
113.184204 
113.182678 
113.180542 
113.178711 
113.175659 
113.173218 
113.169861 
113.166504 
113.162842 
113.158875 
113.154907 
113.150330 
113.145447 
113.140869 
113.135376 
113.130798 
113.125610 
113.121338 
113.117676 
113.112793 
113.107910 
113.102417 
113.097229 
113.091125 
113.085938 
113.079834 
113.074341 
113.068848 
113.062744 
113.057251 
113.051147 
113.045959 
113.040466 
113.035278 
113.029785 
113.024597 
113.019104 
113.012695 
113.006592 
113.000793 
112.994995 
112.989807 
112.984314 
112.979126 
112.974243 
112.969055 
112.963867 
112.958374 
112.953186 
112.947693 
112.942505 
112.937012 
112.931519 
112.926025 
112.920227 
112.914429 
112.909851 
112.905579 
112.900696 
112.896118 
112.890625 
112.885742 
112.880859 
112.875366 
112.869568 
112.864685 
112.858582 
112.853699 
112.848206 
112.843018 
112.837830 
112.832642 
112.827759 
112.822571 
112.817993 
112.812805 
112.807922 
112.801514 
112.795715 
112.790222 
112.785034 
112.779846 
112.774963 
112.769775 
112.764893 
112.760010 
112.755432 
112.749634 
112.745056 
112.739563 
112.734375 
112.729187 
112.723694 
112.717896 
112.712708 
112.707214 
112.702332 
112.698059 
112.693481 
112.689209 
112.684326 
112.679138 
112.673950 
112.668457 
112.662659 
112.657471 
112.651978 
112.647095 
112.641602 
112.636108 
112.631531 
112.626038 
112.621155 
112.615967 
112.611084 
112.606201 
112.601013 
112.594910 
112.589111 
112.583313 
112.577820 
112.572632 
112.567444 
112.562866 
112.558289 
112.552795 
112.548523 
112.542419 
112.537842 
112.532349 
112.527161 
112.521973 
112.516785 
112.511292 
112.506104 
112.500305 
112.495422 
112.490845 
112.486572 
112.481995 
112.477417 
112.472229 
112.467041 
112.461548 
112.456055 
112.450562 
112.445068 
112.439880 
112.434998 
112.429199 
112.424011 
112.419128 
112.413940 
112.409058 
112.404175 
112.399597 
112.394104 
112.388000 
112.382202 
112.376709 
112.370911 
112.366333 
112.361145 
112.356262 
112.351685 
112.346497 
112.341614 
112.336731 
112.331238 
112.326355 
112.321167 
112.315979 
112.310791 
112.304993 
112.300110 
112.294312 
112.289124 
112.285156 
112.280579 
112.276001 
112.271118 
112.266235 
112.260742 
112.255249 
112.249756 
112.244263 
112.239075 
112.233582 
112.228699 
112.223206 
112.218323 
112.212830 
112.208252 
112.203064 
112.198486 
112.193604 
112.188416 
112.182617 
112.176208 
112.170715 
112.165833 
112.160645 
112.155151 
112.150879 
112.145691 
112.140503 
112.135620 
112.130432 
112.125854 
112.120361 
112.115479 
112.109985 
112.104797 
112.098999 
112.093506 
112.088013 
112.083130 
112.079163 
112.074585 
112.070007 
112.065430 
112.059937 
112.054749 
112.049561 
112.044067 
112.038574 
112.033386 
112.027893 
112.022705 
112.017822 
112.012634 
112.007446 
112.001953 
111.997375 
111.991882 
111.987610 
111.982422 
111.976318 
111.970215 
111.964722 
111.958923 
111.954041 
111.949158 
111.943970 
111.939392 
111.934204 
111.929626 
111.924744 
111.919250 
111.914063 
111.908569 
111.903381 
111.898499 
111.893005 
111.887207 
111.882019 
111.876831 
111.872559 
111.868591 
111.863708 
111.858521 
111.853943 
111.848755 
111.843262 
111.838074 
111.832581 
111.827087 
111.821594 
111.816406 
111.811523 
111.806335 
111.801147 
111.795654 
111.790771 
111.786194 
111.781006 
111.775818 
111.769714 
111.764221 
111.758118 
111.752930 
111.748352 
111.742554 
111.738586 
111.733093 
111.728210 
111.723633 
111.718140 
111.712952 
111.708679 
111.703186 
111.697998 
111.692505 
111.687012 
111.681519 
111.676331 
111.670837 
111.666565 
111.662598 
111.658020 
111.653137 
111.648254 
111.642456 
111.637268 
111.631775 
111.626282 
111.621094 
111.616211 
111.610413 
111.605225 
111.600342 
111.595459 
111.590271 
111.585388 
111.580505 
111.575623 
111.570740 
111.564636 
111.558228 
111.552734 
111.547546 
111.542053 
111.537170 
111.531982 
111.527405 
111.522827 
111.517944 
111.513062 
111.507568 
111.502991 
111.497803 
111.492615 
111.486511 
111.481018 
111.475830 
111.470032 
111.465454 
111.460876 
111.456604 
111.451721 
111.447144 
111.442261 
111.436768 
111.431580 
111.426086 
111.420593 
111.415100 
111.410522 
111.404724 
111.399841 
111.394348 
111.389160 
111.384277 
111.379089 
111.374512 
111.369629 
111.364441 
111.358337 
111.352844 
111.347046 
111.341553 
111.336670 
111.331177 
111.326294 
111.322021 
111.316833 
111.311646 
111.306458 
111.301575 
111.296692 
111.291504 
111.286011 
111.280823 
111.275330 
111.269836 
111.264648 
111.259460 
111.254883 
111.250916 
111.246338 
111.241150 
111.236267 
111.231384 
111.225891 
111.220398 
111.215515 
111.209717 
111.204224 
111.199036 
111.193848 
111.188965 
111.183472 
111.178284 
111.173401 
111.168823 
111.163940 
111.158142 
111.152649 
111.146545 
111.141052 
111.135864 
111.130981 
111.126099 
111.120911 
111.116028 
111.110535 
111.106262 
111.101074 
111.096191 
111.091003 
111.085510 
111.080627 
111.075439 
111.069641 
111.064453 
111.058960 
111.053772 
111.049500 
111.045227 
111.040649 
111.036072 
111.030884 
111.025696 
111.020508 
111.014404 
111.009216 
111.004028 
110.998840 
110.993042 
110.987854 
110.982971 
110.977783 
110.972900 
110.967712 
110.962830 
110.958252 
110.953064 
110.947266 
110.940857 
110.935669 
110.930176 
110.925293 
110.920410 
110.915222 
110.910339 
110.905762 
110.900879 
110.895996 
110.890808 
110.885925 
110.880737 
110.875244 
110.869751 
110.864563 
110.858765 
110.853271 
110.848389 
110.844116 
110.839844 
110.834961 
110.830383 
110.825500 
110.820007 
110.814819 
110.809326 
110.803833 
110.798340 
110.793457 
110.788269 
110.782471 
110.777588 
110.772705 
110.767517 
110.762634 
110.757751 
110.752563 
110.747375 
110.741577 
110.735474 
110.729980 
110.724487 
110.719604 
110.714722 
110.709839 
110.704956 
110.699463 
110.694580 
110.689697 
110.684509 
110.679321 
110.674438 
110.669250 
110.663757 
110.658264 
110.652771 
110.647278 
110.642395 
110.637817 
110.633240 
110.628967 
110.624084 
110.619202 
110.614319 
110.608826 
110.603638 
110.597839 
110.592346 
110.587158 
110.582275 
110.576782 
110.571289 
110.566406 
110.561218 
110.556335 
110.551758 
110.546265 
110.541382 
110.535278 
110.529175 
110.523682 
110.518494 
110.513611 
110.508728 
110.503235 
110.498962 
110.494080 
110.488892 
110.483704 
110.479126 
110.473633 
110.468445 
110.463257 
110.457764 
110.452881 
110.447083 
110.441284 
110.436401 
110.432434 
110.428467 
110.423584 
110.418701 
110.413818 
110.408325 
110.403137 
110.397949 
110.392151 
110.386353 
110.381775 
110.376282 
110.370789 
110.365906 
110.361023 
110.355530 
110.350952 
110.345764 
110.341187 
110.335693 
110.329590 
110.324097 
110.318298 
110.313110 
110.308533 
110.302734 
110.297852 
110.292969 
110.288391 
110.283508 
110.278320 
110.273132 
110.268250 
110.263367 
110.257568 
110.252686 
110.247192 
110.241699 
110.236511 
110.230713 
110.226440 
110.222473 
110.217896 
110.213013 
110.208130 
110.202942 
110.197449 
110.191956 
110.186157 
110.180969 
110.176086 
110.170898 
110.166016 
110.161133 
110.155945 
110.151367 
110.147400 
110.143127 
110.139160 
110.135193 
110.130920 
110.126343 
110.122681 
110.119934 
110.117188 
110.114441 
110.112610 
110.110474 
110.109558 
110.108337 
110.107117 
110.106201 
110.105591 
110.104675 
110.104980 
110.104675 
110.104370 
110.104675 
110.104980 
110.105896 
110.107727 
110.109863 
110.112000 
110.114136 
110.116577 
110.119629 
110.122375 
110.125122 
110.128479 
110.131836 
110.135193 
110.139465 
110.143738 
110.148315 
110.153198 
110.157471 
110.162659 
110.168152 
110.173950 
110.178833 
110.183411 
110.187683 
110.192261 
110.197449 
110.203247 
110.208435 
110.213928 
110.220032 
110.225830 
110.231323 
110.237732 
110.242920 
110.248413 
110.253601 
110.258484 
110.263977 
110.269470 
110.274048 
110.279236 
110.284729 
110.290527 
110.296631 
110.302734 
110.308228 
110.313721 
110.318909 
110.324097 
110.328674 
110.333557 
110.338440 
110.343323 
110.349121 
110.354004 
110.358887 
110.364380 
110.369568 
110.374756 
110.379944 
110.385742 
110.390930 
110.395203 
110.399475 
110.404358 
110.408936 
110.414429 
110.419922 
110.424805 
110.430603 
110.436096 
110.441284 
110.446472 
110.451660 
110.456848 
110.461731 
110.467224 
110.472107 
110.476074 
110.481262 
110.485535 
110.491028 
110.497131 
110.503235 
110.508728 
110.513916 
110.519409 
110.524597 
110.529785 
110.534363 
110.539246 
110.543823 
110.549622 
110.554199 
110.559692 
110.564575 
110.569763 
110.574951 
110.580139 
110.585632 
110.591125 
110.596008 
110.600586 
110.604858 
110.609436 
110.614014 
110.619812 
110.625000 
110.630188 
110.635376 
110.640869 
110.646667 
110.651245 
110.657043 
110.661621 
110.667114 
110.671692 
110.676880 
110.681763 
110.686340 
110.691528 
110.696716 
110.702820 
110.708923 
110.714111 
110.719910 
110.725403 
110.730591 
110.735168 
110.740051 
110.744934 
110.749817 
110.754700 
110.760193 
110.764771 
110.769958 
110.775146 
110.780029 
110.785828 
110.791321 
110.796814 
110.801697 
110.805969 
110.810547 
110.815125 
110.819397 
110.824890 
110.830688 
110.835571 
110.841064 
110.846558 
110.852051 
110.856934 
110.862122 
110.867310 
110.872498 
110.877686 
110.882263 
110.887146 
110.891724 
110.896912 
110.901794 
110.907898 
110.913696 
110.919495 
110.924377 
110.930176 
110.935059 
110.940247 
110.944824 
110.949402 
110.954590 
110.959778 
110.964661 
110.969543 
110.974731 
110.979919 
110.985107 
110.990601 
110.996094 
111.001282 
111.006165 
111.010742 
111.015015 
111.019897 
111.025085 
111.030273 
111.035156 
111.040955 
111.045837 
111.051331 
111.056824 
111.062012 
111.066895 
111.072388 
111.077576 
111.082458 
111.087952 
111.092224 
111.097107 
111.101379 
111.106873 
111.112671 
111.118774 
111.124268 
111.129761 
111.135559 
111.140747 
111.145325 
111.149902 
111.154785 
111.159668 
111.164551 
111.169739 
111.175537 
111.180420 
111.185608 
111.190796 
111.195984 
111.201172 
111.206970 
111.212158 
111.216431 
111.220703 
111.225586 
111.230164 
111.236267 
111.241150 
111.246338 
111.251831 
111.257324 
111.261902 
111.267700 
111.272888 
111.277771 
111.282654 
111.287842 
111.293030 
111.297607 
111.302185 
111.307068 
111.312256 
111.318359 
111.324463 
111.330261 
111.335754 
111.341248 
111.346130 
111.351013 
111.355896 
111.360474 
111.365356 
111.370850 
111.375732 
111.380920 
111.385498 
111.390991 
111.396179 
111.400757 
111.406555 
111.412048 
111.417236 
111.421814 
111.426086 
111.430664 
111.435547 
111.440735 
111.445923 
111.451416 
111.456909 
111.462402 
111.467590 
111.472778 
111.477966 
111.482849 
111.488342 
111.493835 
111.498108 
111.503296 
111.507874 
111.512451 
111.517639 
111.523743 
111.529846 
111.535339 
111.540527 
111.546021 
111.550903 
111.555786 
111.561279 
111.565552 
111.570435 
111.575623 
111.580200 
111.585693 
111.590576 
111.595764 
111.600952 
111.606140 
111.611633 
111.617126 
111.622314 
111.626282 
111.630859 
111.635437 
111.640015 
111.646118 
111.651001 
111.656799 
111.661682 
111.667175 
111.672668 
111.677551 
111.682434 
111.687927 
111.693115 
111.698303 
111.702881 
111.707764 
111.712646 
111.717529 
111.722412 
111.728821 
111.734314 
111.740417 
111.745605 
111.750793 
111.755981 
111.761169 
111.765747 
111.770630 
111.775513 
111.780396 
111.785583 
111.790161 
111.795349 
111.801147 
111.806335 
111.811829 
111.817017 
111.822205 
111.827393 
111.831970 
111.835938 
111.841125 
111.845703 
111.850891 
111.856384 
111.861572 
111.867065 
111.872253 
111.877747 
111.882935 
111.887817 
111.893311 
111.898193 
111.903076 
111.908264 
111.912842 
111.917114 
111.922302 
111.927490 
111.933899 
111.939697 
111.945496 
111.950378 
111.956177 
111.961060 
111.966248 
111.970825 
111.976013 
111.981201 
111.985779 
111.990967 
111.995850 
112.000732 
112.005920 
112.011414 
112.016602 
112.022095 
112.027588 
112.032471 
112.036743 
112.041321 
112.045288 
112.050781 
112.055969 
112.061462 
112.066345 
112.071838 
112.077637 
112.082825 
112.088013 
112.093201 
112.098389 
112.103577 
112.108459 
112.113342 
112.118225 
112.123108 
112.127991 
112.133179 
112.139282 
112.145081 
112.150879 
112.155762 
112.161560 
112.166443 
112.171326 
112.176208 
112.181396 
112.185669 
112.190552 
112.195740 
112.200623 
112.206116 
112.210999 
112.216492 
112.221680 
112.226868 
112.232666 
112.237854 
112.241821 
112.246094 
112.250671 
112.255249 
112.261047 
112.266541 
112.272034 
112.277222 
112.282715 
112.287903 
112.293396 
112.298584 
112.303772 
112.308655 
112.313232 
112.318420 
112.323303 
112.327881 
112.332764 
112.337952 
112.343750 
112.349854 
112.355652 
112.360840 
112.366028 
112.371521 
112.376099 
112.380676 
112.385559 
112.390442 
112.395325 
112.400818 
112.405396 
112.410889 
112.416077 
112.420959 
112.426758 
112.431946 
112.437439 
112.442627 
112.446899 
112.451172 
112.456055 
112.460632 
112.466125 
112.471008 
112.476807 
112.481689 
112.487183 
112.492676 
112.498169 
112.503052 
112.508240 
112.513123 
112.518005 
112.523499 
112.527771 
112.532654 
112.537842 
112.542725 
112.548828 
112.554626 
112.560425 
112.565918 
112.571411 
112.575989 
112.580872 
112.586365 
112.590942 
112.595520 
112.601013 
112.605896 
112.610779 
112.615967 
112.621155 
112.626343 
112.631531 
112.637329 
112.642517 
112.647400 
112.651978 
112.655945 
112.660522 
112.666016 
112.671204 
112.676086 
112.681580 
112.686768 
112.692566 
112.697449 
112.702637 
112.707825 
112.713013 
112.718201 
112.723083 
112.727966 
112.732544 
112.737427 
112.742310 
112.747498 
112.753906 
112.759705 
112.765503 
112.770996 
112.776184 
112.781067 
112.786255 
112.790527 
112.795410 
112.800293 
112.805481 
112.810669 
112.815552 
112.820740 
112.826233 
112.831116 
112.836304 
112.841797 
112.846985 
112.852478 
112.856750 
112.861023 
112.865906 
112.869873 
112.875671 
112.881470 
112.886047 
112.891846 
112.897339 
112.902527 
112.908020 
112.912903 
112.917786 
112.923279 
112.927856 
112.933044 
112.937927 
112.942810 
112.947388 
112.952576 
112.958374 
112.964478 
112.970276 
112.975464 
112.981262 
112.985840 
112.990723 
112.995911 
112.999878 
113.004456 
113.010559 
113.015137 
113.020325 
113.025513 
113.030701 
113.035889 
113.040771 
113.046875 
113.052063 
113.057556 
113.061829 
113.065796 
113.070679 
113.075256 
113.081055 
113.085938 
113.091125 
113.096619 
113.101501 
113.107605 
113.112183 
113.117371 
113.122559 
113.127136 
113.131714 
113.136597 
113.140259 
113.144531 
113.148804 
113.152771 
113.157959 
113.162537 
113.166504 
113.170166 
113.173523 
113.176270 
113.179016 
113.180847 
113.182983 
113.184814 
113.186340 
113.187866 
113.188477 
113.190002 
113.190613 
113.191223 
113.191833 
113.191833 
113.192139 
113.191528 
113.189697 
113.188171 
113.186340 
113.184509 
113.182983 
113.180847 
113.178711 
113.175964 
113.173218 
113.170166 
113.166809 
113.163147 
113.159790 
113.154907 
113.150635 
113.146057 
113.141479 
113.136597 
113.131409 
113.126221 
113.122559 
113.118591 
113.113403 
113.108521 
113.103333 
113.097839 
113.092651 
113.086243 
113.080750 
113.074951 
113.069153 
113.063354 
113.057861 
113.052368 
113.046875 
113.041077 
113.035889 
113.031006 
113.025208 
113.019714 
113.014221 
113.007507 
113.000793 
112.996216 
112.990417 
112.984924 
112.980042 
112.974548 
112.969360 
112.964172 
112.958984 
112.954407 
112.948914 
112.943115 
112.937927 
112.932434 
112.926941 
112.921143 
112.915344 
112.910461 
112.905579 
112.901306 
112.897339 
112.891235 
112.886658 
112.881470 
112.875671 
112.870178 
112.864990 
112.859497 
112.854004 
112.849121 
112.843628 
112.838440 
112.833862 
112.828674 
112.823181 
112.818604 
112.814026 
112.808228 
112.802734 
112.796631 
112.790833 
112.785645 
112.780762 
112.775574 
112.770386 
112.765503 
112.760620 
112.755737 
112.750854 
112.745361 
112.740479 
112.734680 
112.729492 
112.723999 
112.718811 
112.713013 
112.707825 
112.702637 
112.697754 
112.693787 
112.689209 
112.684326 
112.679749 
112.674561 
112.669373 
112.663574 
112.658081 
112.652893 
112.647705 
112.642212 
112.637024 
112.632141 
112.626648 
112.621460 
112.616577 
112.611694 
112.607117 
112.601929 
112.595825 
112.589722 
112.583618 
112.578430 
112.573547 
112.568359 
112.563477 
112.558289 
112.553406 
112.548828 
112.543640 
112.538452 
112.533264 
112.528076 
112.522888 
112.517395 
112.511902 
112.507019 
112.500916 
112.495422 
112.491455 
112.487183 
112.482605 
112.477722 
112.472839 
112.467651 
112.462158 
112.456970 
112.450867 
112.446289 
112.440796 
112.435608 
112.430420 
112.424927 
112.420044 
112.414856 
112.409973 
112.405090 
112.400208 
112.395325 
112.389221 
112.383423 
112.377625 
112.371826 
112.366943 
112.362061 
112.356873 
112.351990 
112.347412 
112.342224 
112.337341 
112.332153 
112.326660 
112.321777 
112.316589 
112.311401 
112.305908 
112.300415 
112.294922 
112.289734 
112.285461 
112.281189 
112.276611 
112.271729 
112.266846 
112.261047 
112.255859 
112.250671 
112.244873 
112.239685 
112.234497 
112.229309 
112.224121 
112.218933 
112.213745 
112.208862 
112.203979 
112.198792 
112.194214 
112.189026 
112.183228 
112.177124 
112.171631 
112.166138 
112.161560 
112.156067 
112.150879 
112.146606 
112.141113 
112.136536 
112.131653 
112.126160 
112.121277 
112.116089 
112.110291 
112.105103 
112.099915 
112.094116 
112.088928 
112.083740 
112.079163 
112.075195 
112.070313 
112.065735 
112.060852 
112.055359 
112.049866 
112.044983 
112.039185 
112.033691 
112.028809 
112.023315 
112.017822 
112.012939 
112.007751 
112.002869 
111.997681 
111.993103 
111.988525 
111.983337 
111.977539 
111.971436 
111.965332 
111.959839 
111.954651 
111.949768 
111.944580 
111.940002 
111.934814 
111.930542 
111.924744 
111.919861 
111.914368 
111.909485 
111.904297 
111.899109 
111.893311 
111.888123 
111.882629 
111.877441 
111.872864 
111.868591 
111.864319 
111.859741 
111.854553 
111.849365 
111.843872 
111.838379 
111.833191 
111.827698 
111.822510 
111.817627 
111.811829 
111.807251 
111.801758 
111.796265 
111.791382 
111.786804 
111.781921 
111.776733 
111.770630 
111.764526 
111.759033 
111.753845 
111.748657 
111.743774 
111.738892 
111.733704 
111.728821 
111.724243 
111.718750 
111.713867 
111.708984 
111.703796 
111.698303 
111.693115 
111.687317 
111.682739 
111.676941 
111.671753 
111.667480 
111.662903 
111.658936 
111.653748 
111.648865 
111.643677 
111.637878 
111.632690 
111.627808 
111.622009 
111.616516 
111.611328 
111.606140 
111.600952 
111.596069 
111.591187 
111.585999 
111.581116 
111.576233 
111.571045 
111.564941 
111.559143 
111.553345 
111.547852 
111.543274 
111.538086 
111.533203 
111.528320 
111.523743 
111.518555 
111.513672 
111.508179 
111.503296 
111.497803 
111.492920 
111.487427 
111.481628 
111.476135 
111.470947 
111.466064 
111.461182 
111.457214 
111.452332 
111.447449 
111.442871 
111.437378 
111.432190 
111.427002 
111.421204 
111.416321 
111.410828 
111.405640 
111.400146 
111.395264 
111.390076 
111.385193 
111.380005 
111.375122 
111.370239 
111.365051 
111.359558 
111.353149 
111.347961 
111.342773 
111.337585 
111.332397 
111.327209 
111.322327 
111.317139 
111.312256 
111.307373 
111.302185 
111.297302 
111.291809 
111.286621 
111.282043 
111.275635 
111.270752 
111.265259 
111.260071 
111.255188 
111.251221 
111.246643 
111.242065 
111.237183 
111.232300 
111.226807 
111.221313 
111.215515 
111.210632 
111.204834 
111.200256 
111.195068 
111.189575 
111.184692 
111.179504 
111.174011 
111.169128 
111.164551 
111.159363 
111.153564 
111.147766 
111.141663 
111.136475 
111.131592 
111.126404 
111.121521 
111.116333 
111.111755 
111.107178 
111.101685 
111.096802 
111.091919 
111.086426 
111.080933 
111.075745 
111.070251 
111.065063 
111.059570 
111.054077 
111.049805 
111.045837 
111.041260 
111.036377 
111.031189 
111.026306 
111.021118 
111.015320 
111.009827 
111.004028 
110.999146 
110.993958 
110.988464 
110.983582 
110.978394 
110.973206 
110.968323 
110.963440 
110.958557 
110.953979 
110.947876 
110.942078 
110.936279 
110.930786 
110.925903 
110.921021 
110.915833 
110.911255 
110.906372 
110.901489 
110.896606 
110.891724 
110.886230 
110.881042 
110.876160 
110.870361 
110.865479 
110.859070 
110.853577 
110.848999 
110.844116 
110.840149 
110.835876 
110.830383 
110.825806 
110.820923 
110.815735 
110.809937 
110.804443 
110.799255 
110.794373 
110.788574 
110.783691 
110.778198 
110.773315 
110.768127 
110.762939 
110.758057 
110.753479 
110.747986 
110.742188 
110.736389 
110.730896 
110.725098 
110.720825 
110.715332 
110.710449 
110.705872 
110.700073 
110.695801 
110.690002 
110.685730 
110.680542 
110.675354 
110.669861 
110.664063 
110.659180 
110.653381 
110.648193 
110.642700 
110.638428 
110.634155 
110.629578 
110.624390 
110.620117 
110.614929 
110.609436 
110.604248 
110.598450 
110.593262 
110.588074 
110.582275 
110.577698 
110.572205 
110.567017 
110.562134 
110.556946 
110.552368 
110.547180 
110.542297 
110.536194 
110.530396 
110.524292 
110.519409 
110.514526 
110.509338 
110.504456 
110.499573 
110.494690 
110.489807 
110.484924 
110.479431 
110.474548 
110.469055 
110.463867 
110.458374 
110.453186 
110.447693 
110.442505 
110.437012 
110.432739 
110.428467 
110.423889 
110.419312 
110.414429 
110.408936 
110.404053 
110.398254 
110.393066 
110.387573 
110.381775 
110.377197 
110.371704 
110.366211 
110.361328 
110.356140 
110.350952 
110.346375 
110.341797 
110.336304 
110.330811 
110.325012 
110.319214 
110.313721 
110.308838 
110.303955 
110.298767 
110.293579 
110.289001 
110.284119 
110.279236 
110.274353 
110.269470 
110.263977 
110.259094 
110.253601 
110.247803 
110.242310 
110.236816 
110.231934 
110.227356 
110.222778 
110.217896 
110.213623 
110.208740 
110.203552 
110.198364 
110.192871 
110.187073 
110.181885 
110.176697 
110.171509 
110.166016 
110.161743 
110.156555 
110.152283 
110.147705 
110.143738 
110.139771 
110.136108 
110.131226 
110.126953 
110.123291 
110.119934 
110.117493 
110.115051 
110.112915 
110.111084 
110.109558 
110.108643 
110.107422 
110.105896 
110.104980 
110.104980 
110.104370 
110.104065 
110.103149 
110.102844 
110.102234 
110.102234 
110.102844 
110.103455 
110.104065 
110.104675 
110.104675 
110.104675 
110.104675 
110.104675 
110.104370 
110.104065 
110.104065 
110.104065 
110.104370 
110.104675 
110.104675 
110.104980 
110.105286 
110.105591 
110.106201 
110.105896 
110.105286 
110.104980 
110.104675 
110.104370 
110.104980 
110.104675 
110.104980 
110.105591 
110.105896 
110.106201 
110.106201 
110.105896 
110.106201 
110.106201 
110.106201 
110.106201 
110.105591 
110.105591 
110.104980 
110.104980 
110.105896 
110.106506 
110.107117 
110.107727 
110.107727 
110.107727 
110.107422 
110.107727 
110.107117 
110.106812 
110.107117 
110.106812 
110.106812 
110.106812 
110.107422 
110.107117 
110.106812 
110.107422 
110.107422 
110.107727 
110.106812 
110.105896 
110.105896 
110.105591 
110.105896 
110.106201 
110.105896 
110.105591 
110.106506 
110.106812 
110.106506 
110.106506 
110.105896 
110.106201 
110.106201 
110.106201 
110.105591 
110.105286 
110.105286 
110.105286 
110.105896 
110.106812 
110.107422 
110.108032 
110.107422 
