Blum, K. P., D’Incamps, B. L., Zytnicki, D., & Ting, L. H. (2017).
Force encoding in muscle spindles during stretch of
passive muscle. PLoS computational biology, 13(9), 
e1005767. <https://journals.plos.org/ploscompbiol/article?
id=10.1371/journal.pcbi.1005767>

cat medial gastrocnemius muscle lengths over t  (in 0.0005 s increments)
110.108643 
110.108948 
110.109863 
110.111389 
110.112000 
110.112305 
110.112000 
110.112000 
110.111694 
110.111694 
110.111084 
110.111084 
110.110779 
110.110779 
110.111084 
110.111389 
110.111084 
110.111389 
110.112000 
110.112000 
110.112610 
110.112915 
110.111389 
110.110168 
110.109558 
110.109253 
110.109253 
110.109863 
110.109863 
110.110474 
110.110168 
110.110474 
110.110474 
110.110168 
110.110168 
110.110474 
110.109863 
110.109863 
110.109558 
110.108643 
110.108948 
110.108643 
110.109863 
110.111389 
110.112000 
110.112000 
110.112000 
110.111084 
110.110779 
110.111084 
110.111084 
110.110779 
110.110779 
110.111084 
110.110779 
110.111389 
110.111084 
110.111389 
110.112000 
110.112305 
110.112305 
110.112610 
110.111694 
110.110168 
110.108948 
110.108948 
110.109558 
110.109863 
110.109863 
110.110168 
110.110168 
110.110474 
110.110168 
110.110474 
110.110474 
110.110168 
110.110168 
110.110168 
110.109558 
110.108948 
110.108948 
110.108948 
110.109558 
110.111389 
110.112000 
110.112305 
110.112000 
110.111694 
110.111389 
110.111389 
110.111694 
110.111084 
110.110779 
110.111084 
110.111084 
110.111389 
110.111389 
110.111389 
110.111389 
110.112610 
110.112610 
110.112305 
110.111694 
110.110474 
110.109558 
110.108643 
110.109558 
110.109863 
110.110168 
110.111084 
110.111389 
110.111694 
110.113220 
110.114441 
110.115662 
110.117493 
110.119934 
110.122986 
110.125122 
110.129089 
110.132446 
110.137329 
110.143738 
110.151062 
110.158691 
110.166016 
110.173035 
110.180664 
110.188904 
110.196838 
110.204468 
110.213318 
110.222168 
110.231323 
110.240784 
110.249939 
110.260315 
110.269775 
110.280151 
110.290833 
110.300903 
110.311279 
110.320435 
110.329285 
110.338135 
110.348511 
110.359192 
110.370178 
110.380859 
110.392456 
110.403442 
110.414734 
110.425720 
110.437012 
110.447693 
110.459290 
110.470581 
110.481873 
110.493164 
110.504761 
110.516968 
110.529175 
110.543213 
110.557861 
110.571899 
110.585327 
110.599060 
110.611877 
110.625000 
110.637817 
110.650635 
110.663147 
110.675354 
110.687561 
110.698853 
110.710449 
110.721130 
110.731812 
110.742188 
110.752258 
110.762024 
110.771179 
110.779419 
110.787048 
110.794373 
110.803223 
110.812073 
110.820923 
110.829773 
110.838623 
110.847778 
110.857239 
110.866394 
110.876160 
110.884399 
110.893860 
110.902710 
110.911560 
110.920105 
110.928345 
110.937195 
110.945740 
110.955811 
110.966797 
110.976868 
110.986328 
110.996094 
111.005554 
111.014709 
111.024170 
111.033936 
111.043396 
111.052856 
111.062927 
111.072388 
111.083069 
111.092834 
111.103210 
111.113586 
111.124573 
111.135254 
111.145630 
111.154480 
111.164246 
111.173096 
111.183472 
111.194153 
111.204834 
111.214905 
111.225586 
111.235962 
111.246948 
111.257324 
111.267700 
111.278076 
111.288452 
111.298523 
111.308899 
111.318665 
111.328430 
111.338806 
111.349182 
111.360474 
111.371765 
111.383362 
111.394043 
111.404114 
111.414490 
111.424561 
111.434326 
111.444397 
111.454163 
111.464539 
111.474609 
111.484680 
111.495361 
111.506042 
111.516418 
111.526489 
111.537170 
111.548462 
111.558533 
111.567993 
111.577148 
111.586304 
111.595764 
111.606750 
111.616821 
111.627197 
111.637573 
111.648560 
111.659241 
111.669312 
111.679688 
111.690063 
111.700134 
111.710510 
111.720276 
111.730347 
111.740112 
111.750183 
111.760254 
111.771240 
111.783142 
111.794128 
111.804810 
111.815186 
111.825562 
111.835327 
111.845093 
111.855164 
111.865234 
111.875305 
111.885376 
111.895447 
111.905518 
111.915894 
111.926575 
111.937561 
111.948242 
111.959229 
111.969604 
111.978760 
111.987915 
111.997375 
112.006836 
112.017517 
112.027588 
112.037964 
112.048950 
112.059326 
112.070313 
112.080078 
112.090454 
112.101135 
112.111206 
112.121887 
112.131958 
112.141724 
112.151489 
112.161255 
112.171631 
112.182922 
112.194824 
112.206116 
112.216797 
112.227173 
112.237549 
112.247620 
112.257690 
112.268066 
112.277527 
112.288208 
112.298889 
112.308960 
112.319336 
112.329712 
112.341003 
112.351379 
112.362366 
112.372742 
112.383728 
112.392578 
112.402039 
112.411499 
112.421875 
112.432251 
112.442627 
112.453613 
112.464294 
112.475281 
112.485657 
112.496338 
112.506714 
112.517395 
112.527771 
112.537537 
112.547913 
112.557678 
112.567749 
112.578125 
112.588806 
112.599792 
112.611694 
112.623291 
112.633667 
112.644043 
112.654419 
112.664185 
112.674561 
112.684326 
112.694702 
112.704773 
112.715149 
112.725525 
112.735596 
112.746887 
112.757263 
112.767639 
112.778931 
112.789307 
112.799683 
112.809448 
112.818604 
112.827454 
112.837830 
112.848206 
112.859192 
112.868958 
112.879639 
112.890625 
112.901001 
112.911682 
112.922363 
112.932739 
112.942505 
112.952881 
112.963257 
112.973022 
112.983093 
112.993164 
113.003235 
113.014221 
113.025818 
113.037109 
113.048096 
113.058472 
113.068542 
113.078308 
113.087769 
113.097229 
113.106689 
113.115540 
113.124084 
113.132935 
113.140869 
113.149109 
113.156738 
113.164368 
113.170776 
113.177490 
113.182983 
113.187561 
113.190918 
113.193970 
113.197632 
113.200684 
113.203125 
113.205566 
113.207703 
113.208923 
113.210144 
113.209839 
113.209534 
113.208313 
113.207092 
113.204956 
113.202209 
113.199158 
113.194885 
113.190918 
113.185730 
113.180847 
113.176880 
113.171082 
113.164673 
113.157043 
113.149109 
113.140259 
113.130798 
113.121948 
113.111877 
113.101807 
113.091736 
113.081360 
113.071289 
113.060913 
113.049927 
113.039246 
113.028870 
113.018494 
113.007202 
112.994995 
112.983093 
112.970581 
112.959290 
112.947693 
112.937317 
112.925720 
112.914734 
112.903748 
112.892151 
112.881470 
112.870483 
112.859192 
112.847900 
112.836914 
112.825928 
112.813721 
112.802734 
112.791443 
112.779846 
112.770386 
112.761230 
112.751160 
112.740173 
112.729492 
112.718506 
112.707520 
112.696533 
112.686157 
112.674866 
112.663879 
112.653503 
112.642517 
112.631836 
112.621460 
112.611389 
112.601013 
112.590942 
112.580872 
112.570190 
112.559204 
112.546997 
112.535706 
112.524719 
112.514343 
112.503967 
112.493591 
112.483826 
112.473755 
112.463074 
112.453613 
112.442932 
112.432556 
112.421875 
112.411194 
112.400513 
112.390137 
112.379150 
112.367859 
112.357483 
112.348022 
112.339478 
112.329407 
112.319641 
112.309265 
112.299194 
112.287903 
112.277527 
112.266235 
112.255859 
112.245178 
112.234497 
112.223816 
112.213745 
112.203674 
112.193298 
112.182922 
112.173462 
112.163391 
112.153015 
112.142029 
112.130432 
112.118835 
112.107849 
112.097473 
112.087402 
112.076721 
112.067566 
112.057190 
112.046814 
112.037048 
112.026672 
112.016602 
112.005920 
111.995850 
111.984863 
111.974487 
111.963806 
111.952515 
111.941528 
111.932678 
111.923523 
111.914673 
111.904602 
111.894531 
111.883545 
111.873169 
111.862488 
111.851807 
111.841431 
111.830750 
111.819763 
111.809387 
111.799011 
111.788940 
111.778564 
111.768494 
111.758118 
111.748657 
111.738586 
111.727295 
111.715698 
111.704407 
111.694031 
111.683655 
111.673279 
111.663208 
111.653442 
111.642761 
111.632996 
111.622925 
111.613159 
111.602173 
111.592102 
111.582031 
111.571350 
111.560669 
111.549988 
111.539307 
111.528625 
111.519165 
111.510315 
111.501160 
111.491699 
111.481323 
111.470032 
111.459656 
111.449585 
111.438599 
111.428223 
111.417847 
111.406860 
111.396790 
111.386719 
111.376343 
111.366577 
111.356201 
111.346741 
111.336365 
111.325989 
111.315308 
111.303406 
111.292114 
111.281433 
111.271057 
111.260986 
111.250916 
111.241150 
111.231079 
111.221008 
111.210938 
111.200867 
111.190796 
111.180420 
111.169739 
111.159668 
111.148682 
111.138306 
111.127625 
111.117249 
111.107483 
111.098938 
111.090088 
111.080017 
111.069946 
111.059265 
111.049194 
111.038513 
111.028137 
111.017456 
111.007080 
110.996704 
110.986023 
110.976257 
110.965576 
110.955505 
110.945129 
110.935364 
110.925598 
110.915527 
110.904541 
110.892639 
110.880737 
110.870056 
110.859375 
110.848999 
110.838623 
110.829163 
110.818787 
110.808411 
110.798340 
110.788269 
110.778198 
110.767517 
110.756836 
110.746460 
110.735779 
110.725403 
110.714417 
110.703125 
110.693970 
110.685120 
110.675964 
110.665894 
110.656128 
110.645752 
110.635071 
110.624695 
110.614319 
110.603333 
110.592957 
110.582581 
110.572205 
110.561829 
110.551453 
110.541077 
110.531006 
110.521240 
110.512085 
110.501404 
110.490723 
110.479126 
110.468140 
110.456848 
110.447083 
110.436707 
110.426636 
110.416870 
110.407104 
110.396729 
110.386658 
110.376282 
110.366516 
110.355835 
110.346069 
110.335388 
110.324402 
110.314331 
110.303345 
110.292664 
110.283203 
110.274353 
110.265198 
110.255432 
110.245056 
110.234985 
110.224304 
110.214844 
110.204163 
110.195313 
110.186157 
110.177002 
110.168762 
110.161438 
110.154419 
110.147705 
110.141907 
110.136414 
110.131836 
110.128174 
110.123291 
110.118713 
110.114746 
110.111694 
110.110168 
110.108948 
110.107727 
110.108032 
110.108337 
110.108948 
110.109863 
110.111084 
110.112610 
110.114441 
110.117188 
110.120239 
110.123291 
110.127258 
110.131531 
110.136414 
110.143433 
110.151978 
110.159912 
110.168152 
110.176392 
110.184631 
110.193481 
110.202637 
110.211792 
110.221558 
110.231018 
110.241699 
110.251770 
110.262451 
110.273132 
110.284424 
110.295715 
110.307007 
110.318909 
110.330505 
110.340881 
110.351257 
110.361328 
110.372009 
110.383301 
110.394897 
110.405884 
110.417480 
110.428467 
110.439758 
110.450134 
110.461121 
110.471497 
110.481873 
110.492554 
110.502625 
110.512390 
110.522461 
110.531616 
110.541687 
110.552979 
110.564575 
110.575867 
110.586548 
110.596924 
110.606689 
110.617065 
110.626831 
110.636597 
110.646667 
110.656128 
110.666504 
110.676270 
110.686340 
110.697021 
110.707703 
110.718079 
110.728455 
110.738831 
110.749207 
110.759277 
110.768433 
110.777283 
110.787048 
110.797424 
110.807190 
110.817261 
110.827942 
110.838623 
110.849304 
110.859680 
110.870361 
110.880127 
110.890503 
110.900879 
110.910950 
110.920715 
110.930786 
110.940247 
110.950317 
110.960693 
110.972900 
110.984192 
110.994568 
111.004944 
111.014709 
111.025085 
111.035156 
111.044922 
111.054688 
111.065369 
111.074829 
111.084900 
111.094666 
111.105347 
111.115723 
111.125793 
111.136780 
111.147156 
111.157532 
111.167297 
111.176758 
111.185608 
111.195679 
111.206360 
111.216736 
111.227417 
111.237488 
111.248169 
111.258850 
111.269226 
111.279907 
111.290588 
111.300659 
111.311035 
111.321411 
111.331482 
111.341858 
111.351318 
111.361389 
111.372681 
111.384583 
111.395264 
111.406250 
111.416626 
111.426697 
111.436462 
111.446533 
111.456909 
111.466980 
111.476746 
111.487122 
111.497192 
111.507263 
111.517334 
111.527710 
111.539001 
111.549377 
111.559753 
111.569824 
111.579590 
111.588745 
111.598206 
111.607971 
111.617737 
111.627808 
111.638489 
111.649170 
111.660156 
111.670227 
111.680603 
111.690979 
111.701355 
111.711121 
111.721497 
111.731873 
111.741943 
111.751709 
111.761475 
111.771240 
111.782227 
111.793823 
111.805725 
111.816101 
111.826477 
111.836243 
111.846619 
111.856689 
111.866455 
111.876526 
111.886292 
111.896362 
111.906433 
111.916504 
111.926880 
111.937256 
111.947632 
111.958618 
111.969299 
111.979675 
111.989136 
111.998291 
112.007446 
112.017212 
112.027283 
112.037659 
112.048035 
112.058105 
112.068787 
112.079468 
112.089844 
112.100220 
112.110596 
112.120972 
112.131348 
112.141418 
112.151489 
112.161255 
112.171326 
112.181091 
112.192078 
112.203369 
112.214966 
112.225952 
112.235718 
112.246399 
112.255859 
112.265625 
112.276306 
112.286377 
112.296448 
112.306824 
112.316895 
112.326965 
112.337341 
112.347412 
112.357788 
112.369080 
112.379456 
112.389832 
112.398987 
112.408752 
112.417297 
112.427368 
112.438049 
112.447815 
112.457886 
112.468872 
112.479248 
112.489624 
112.500000 
112.510376 
112.520447 
112.530823 
112.541199 
112.551270 
112.561035 
112.570801 
112.580872 
112.590942 
112.601624 
112.613220 
112.624817 
112.635193 
112.645874 
112.655945 
112.665710 
112.675781 
112.685547 
112.695313 
112.705383 
112.715454 
112.725525 
112.735901 
112.746277 
112.756958 
112.767334 
112.777710 
112.788391 
112.798767 
112.808228 
112.817078 
112.826233 
112.835999 
112.846069 
112.856140 
112.866516 
112.877197 
112.887878 
112.898560 
112.908936 
112.919312 
112.929993 
112.939758 
112.950134 
112.960205 
112.970276 
112.979736 
112.990112 
112.999573 
113.010254 
113.022156 
113.033142 
113.044434 
113.054810 
113.064575 
113.074646 
113.083801 
113.093567 
113.102112 
113.111267 
113.119812 
113.128052 
113.135681 
113.143616 
113.150330 
113.157349 
113.163757 
113.169861 
113.175354 
113.179626 
113.182068 
113.184509 
113.187256 
113.189697 
113.191528 
113.193359 
113.194580 
113.195801 
113.195801 
113.195190 
113.194275 
113.193359 
113.191528 
113.188782 
113.186340 
113.182678 
113.178101 
113.173523 
113.168640 
113.163147 
113.158569 
113.152466 
113.145752 
113.138123 
113.129578 
113.120728 
113.110962 
113.101196 
113.090820 
113.080444 
113.070374 
113.059692 
113.048401 
113.037720 
113.026733 
113.016052 
113.005371 
112.994995 
112.984009 
112.972412 
112.959595 
112.947693 
112.936096 
112.924805 
112.914124 
112.902832 
112.892761 
112.881470 
112.871704 
112.861328 
112.850647 
112.840271 
112.829285 
112.818909 
112.808533 
112.797241 
112.786560 
112.775879 
112.765503 
112.755127 
112.745972 
112.736816 
112.726746 
112.716980 
112.705994 
112.695618 
112.684631 
112.674255 
112.663879 
112.652893 
112.642822 
112.631836 
112.621460 
112.611389 
112.601318 
112.591553 
112.581177 
112.571106 
112.561035 
112.550049 
112.538757 
112.527161 
112.516174 
112.506104 
112.495728 
112.485657 
112.475586 
112.465515 
112.455750 
112.445679 
112.435303 
112.424927 
112.414551 
112.404480 
112.393799 
112.383118 
112.372742 
112.361755 
112.351379 
112.341919 
112.332764 
112.323608 
112.313843 
112.303467 
112.293091 
112.282410 
112.272339 
112.261047 
112.250671 
112.239990 
112.229614 
112.219238 
112.208862 
112.198792 
112.188416 
112.178345 
112.168579 
112.159119 
112.149353 
112.138367 
112.126465 
112.115173 
112.103882 
112.093506 
112.083740 
112.073364 
112.063293 
112.053223 
112.043762 
112.033081 
112.023315 
112.012939 
112.003174 
111.992493 
111.982422 
111.971436 
111.960754 
111.950073 
111.939697 
111.929626 
111.920471 
111.911926 
111.902161 
111.891479 
111.881409 
111.870728 
111.860352 
111.849670 
111.838989 
111.828308 
111.818237 
111.807556 
111.796875 
111.787109 
111.776123 
111.766968 
111.756592 
111.747131 
111.737061 
111.726379 
111.714783 
111.703186 
111.692505 
111.682129 
111.671753 
111.661682 
111.652222 
111.640930 
111.631470 
111.621399 
111.611328 
111.600952 
111.590576 
111.580505 
111.570435 
111.559753 
111.548462 
111.538391 
111.527405 
111.517944 
111.508789 
111.499634 
111.489868 
111.479492 
111.469116 
111.458740 
111.448059 
111.437988 
111.426697 
111.416626 
111.406250 
111.395569 
111.385498 
111.375427 
111.364746 
111.354980 
111.345520 
111.335449 
111.325378 
111.314697 
111.302795 
111.291504 
111.280518 
111.270447 
111.260376 
111.250000 
111.239929 
111.230164 
111.220093 
111.210327 
111.199951 
111.189880 
111.179810 
111.169128 
111.158752 
111.148682 
111.137390 
111.127319 
111.116638 
111.107178 
111.098022 
111.088867 
111.079407 
111.069641 
111.058960 
111.048584 
111.038208 
111.027527 
111.017151 
111.006165 
110.995483 
110.985107 
110.975342 
110.965271 
110.954590 
110.944824 
110.934753 
110.924988 
110.914917 
110.904236 
110.892944 
110.881042 
110.870361 
110.859375 
110.848999 
110.838928 
110.829163 
110.818787 
110.808716 
110.798645 
110.788574 
110.778198 
110.768127 
110.757751 
110.747070 
110.736389 
110.726013 
110.715332 
110.704346 
110.694885 
110.685730 
110.676575 
110.667114 
110.657043 
110.646362 
110.635986 
110.625610 
110.614929 
110.604248 
110.593872 
110.583496 
110.573120 
110.563049 
110.552063 
110.542297 
110.532227 
110.521851 
110.512085 
110.502319 
110.491638 
110.480042 
110.468750 
110.458069 
110.447388 
110.437317 
110.427246 
110.417175 
110.407715 
110.397339 
110.386658 
110.376892 
110.366821 
110.356750 
110.346069 
110.335999 
110.325623 
110.314941 
110.303955 
110.292969 
110.283508 
110.274353 
110.265503 
110.256042 
110.245667 
110.235901 
110.224915 
110.214844 
110.205383 
110.195618 
110.186462 
110.177612 
110.169373 
110.161743 
110.154724 
110.147705 
110.141907 
110.137024 
110.132446 
110.127869 
110.123901 
110.119019 
110.114746 
110.112305 
110.110168 
110.108948 
110.108337 
110.108032 
110.108337 
110.109253 
110.110168 
110.111389 
110.112915 
110.115051 
110.117188 
110.120544 
110.123291 
110.127563 
110.132446 
110.137329 
110.144348 
110.152283 
110.160522 
110.169067 
110.177002 
110.185852 
110.194702 
110.204163 
110.213013 
110.223083 
110.232849 
110.243530 
110.253906 
110.265198 
110.275269 
110.286255 
110.297852 
110.309448 
110.320740 
110.332336 
110.342712 
110.352173 
110.362244 
110.372620 
110.383606 
110.394592 
110.405579 
110.416565 
110.426941 
110.437622 
110.448608 
110.458679 
110.469360 
110.479431 
110.489807 
110.499573 
110.509644 
110.519409 
110.528870 
110.538940 
110.549927 
110.561218 
110.572815 
110.583801 
110.593872 
110.603943 
110.614014 
110.623779 
110.634155 
110.643921 
110.654297 
110.663757 
110.674133 
110.684204 
110.694580 
110.704956 
110.715637 
110.726013 
110.736694 
110.747681 
110.757446 
110.766296 
110.775146 
110.784607 
110.794983 
110.805359 
110.815735 
110.826111 
110.836487 
110.847473 
110.857849 
110.868530 
110.878906 
110.888977 
110.899048 
110.909119 
110.919495 
110.928955 
110.939026 
110.948792 
110.959167 
110.971069 
110.982056 
110.993347 
111.003418 
111.013489 
111.023865 
111.033936 
111.043701 
111.053772 
111.063538 
111.073608 
111.083679 
111.094055 
111.104431 
111.114197 
111.125183 
111.135254 
111.146240 
111.156921 
111.166687 
111.175842 
111.184998 
111.194458 
111.204834 
111.215210 
111.225891 
111.235962 
111.246643 
111.257324 
111.267700 
111.278076 
111.288757 
111.299133 
111.308899 
111.319580 
111.329651 
111.339417 
111.349487 
111.359558 
111.369934 
111.381531 
111.393433 
111.404419 
111.414490 
111.424866 
111.434631 
111.444702 
111.455078 
111.465149 
111.474609 
111.484985 
111.495667 
111.505737 
111.515808 
111.525879 
111.536865 
111.547241 
111.557922 
111.568604 
111.578369 
111.587219 
111.596069 
111.606140 
111.616211 
111.626282 
111.636963 
111.647644 
111.658325 
111.669006 
111.679077 
111.689758 
111.699829 
111.710205 
111.720276 
111.730652 
111.740417 
111.749878 
111.759644 
111.770020 
111.780701 
111.792297 
111.803589 
111.814575 
111.825256 
111.835327 
111.845398 
111.854858 
111.865234 
111.875000 
111.885071 
111.895142 
111.905212 
111.915283 
111.925659 
111.936035 
111.946716 
111.957397 
111.968384 
111.978455 
111.988525 
111.997375 
112.006836 
112.016296 
112.026672 
112.036438 
112.047119 
112.057190 
112.067871 
112.078552 
112.088928 
112.099609 
112.109375 
112.120361 
112.130127 
112.140808 
112.150879 
112.160645 
112.170105 
112.180176 
112.190552 
112.202454 
112.213745 
112.224731 
112.234802 
112.245483 
112.255249 
112.265320 
112.275085 
112.285767 
112.295837 
112.305603 
112.315979 
112.325745 
112.336121 
112.346802 
112.357483 
112.367554 
112.378235 
112.388916 
112.398987 
112.407837 
112.416992 
112.427368 
112.437134 
112.447815 
112.457886 
112.468262 
112.478638 
112.489624 
112.499695 
112.510071 
112.520752 
112.530212 
112.540283 
112.550659 
112.561035 
112.570801 
112.580261 
112.590942 
112.600708 
112.612610 
112.624207 
112.634583 
112.644958 
112.655640 
112.665405 
112.675476 
112.684937 
112.695007 
112.705078 
112.715149 
112.724915 
112.735291 
112.745361 
112.755737 
112.766724 
112.777100 
112.787170 
112.798157 
112.807922 
112.816772 
112.825928 
112.835693 
112.845459 
112.855835 
112.866211 
112.876587 
112.886963 
112.897949 
112.908020 
112.918091 
112.929077 
112.938843 
112.948914 
112.959290 
112.969055 
112.978821 
112.988586 
112.998657 
113.008728 
113.020935 
113.032227 
113.042908 
113.053284 
113.063660 
113.073120 
113.082886 
113.092041 
113.100891 
113.109741 
113.118591 
113.126221 
113.134766 
113.142395 
113.149109 
113.156128 
113.162537 
113.168945 
113.174133 
113.178711 
113.181458 
113.183594 
113.186035 
113.188782 
113.190308 
113.192139 
113.193359 
113.194580 
113.194580 
113.194275 
113.193665 
113.192749 
113.190308 
113.188782 
113.185425 
113.182068 
113.177795 
113.173218 
113.167725 
113.161926 
113.157043 
113.151550 
113.144836 
113.137512 
113.128967 
113.119812 
113.110352 
113.100281 
113.089905 
113.080139 
113.069153 
113.058777 
113.047485 
113.037109 
113.026123 
113.015442 
113.004456 
112.993469 
112.983093 
112.971497 
112.959595 
112.946777 
112.935486 
112.924500 
112.913818 
112.902832 
112.892151 
112.881775 
112.871094 
112.860718 
112.850647 
112.839966 
112.829285 
112.819519 
112.808533 
112.797852 
112.787170 
112.776184 
112.765198 
112.755127 
112.746277 
112.736511 
112.727051 
112.716675 
112.706299 
112.696228 
112.685852 
112.675171 
112.663879 
112.653809 
112.643433 
112.632751 
112.622986 
112.612000 
112.601929 
112.591858 
112.581787 
112.572021 
112.562256 
112.551270 
112.539673 
112.528381 
112.517090 
112.507019 
112.496643 
112.486572 
112.476807 
112.466736 
112.456970 
112.446289 
112.436218 
112.426147 
112.415771 
112.405396 
112.394714 
112.384644 
112.373962 
112.362976 
112.352600 
112.342224 
112.333374 
112.324524 
112.314758 
112.304993 
112.294617 
112.283630 
112.273560 
112.262573 
112.251587 
112.241211 
112.231140 
112.220154 
112.210083 
112.200317 
112.189941 
112.179260 
112.169495 
112.160034 
112.150269 
112.139587 
112.128296 
112.116089 
112.105408 
112.094727 
112.084656 
112.074280 
112.064514 
112.054749 
112.044983 
112.034607 
112.024536 
112.014160 
112.004089 
111.994019 
111.983337 
111.972961 
111.962280 
111.951294 
111.940308 
111.930542 
111.921997 
111.912537 
111.903076 
111.892700 
111.882629 
111.871948 
111.861572 
111.851196 
111.840210 
111.829834 
111.819458 
111.809082 
111.798706 
111.788635 
111.778259 
111.767883 
111.758118 
111.748352 
111.738281 
111.728210 
111.716309 
111.704712 
111.693726 
111.683655 
111.673279 
111.662598 
111.653137 
111.642761 
111.632996 
111.622925 
111.612549 
111.602478 
111.592407 
111.582031 
111.571655 
111.561279 
111.550598 
111.539612 
111.528931 
111.519165 
111.510315 
111.501160 
111.492004 
111.481018 
111.470337 
111.460266 
111.450195 
111.439209 
111.428833 
111.418457 
111.407776 
111.397095 
111.387024 
111.376343 
111.366577 
111.356506 
111.346741 
111.336975 
111.326599 
111.316223 
111.304626 
111.293335 
111.282349 
111.271667 
111.261292 
111.251526 
111.241455 
111.231689 
111.221924 
111.211548 
111.201477 
111.191406 
111.181030 
111.170654 
111.159973 
111.149902 
111.139221 
111.128540 
111.117554 
111.108093 
111.098938 
111.090088 
111.080322 
111.070557 
111.060181 
111.050110 
111.039734 
111.028442 
111.018066 
111.007080 
110.997009 
110.986633 
110.976257 
110.966187 
110.955505 
110.946045 
110.935974 
110.925903 
110.916138 
110.905762 
110.894165 
110.882263 
110.871887 
110.861206 
110.850830 
110.840149 
110.830078 
110.820313 
110.810547 
110.800476 
110.790100 
110.780029 
110.769653 
110.759277 
110.749512 
110.738831 
110.727844 
110.716858 
110.706482 
110.696106 
110.687256 
110.678101 
110.668335 
110.658569 
110.648193 
110.637512 
110.626831 
110.616760 
110.605774 
110.595398 
110.585022 
110.574646 
110.564270 
110.554199 
110.543213 
110.533447 
110.523682 
110.513916 
110.503845 
110.493469 
110.481873 
110.470276 
110.459290 
110.448914 
110.438843 
110.428467 
110.418701 
110.408630 
110.398865 
110.388489 
110.378418 
110.368347 
110.357971 
110.347595 
110.337219 
110.326843 
110.316162 
110.305481 
110.294800 
110.284729 
110.275879 
110.267029 
110.257263 
110.247803 
110.236816 
110.226746 
110.216675 
110.206604 
110.197449 
110.187683 
110.179138 
110.170898 
110.162964 
110.155640 
110.148926 
110.142822 
110.137939 
110.132751 
110.128784 
110.124207 
110.119934 
110.115356 
110.112610 
110.110168 
110.108948 
110.108032 
110.107727 
110.108337 
110.108643 
110.109558 
110.110779 
110.112610 
110.114441 
110.117188 
110.120239 
110.123596 
110.127563 
110.131836 
110.137329 
110.143433 
110.151062 
110.159607 
110.168152 
110.176697 
110.185242 
110.194092 
110.203247 
110.212708 
110.222473 
110.232849 
110.243225 
110.253601 
110.263977 
110.275269 
110.285950 
110.297546 
110.308228 
110.319824 
110.331116 
110.342102 
110.351563 
110.360718 
110.371094 
110.381775 
110.392456 
110.403442 
110.413818 
110.424805 
110.435486 
110.446472 
110.456848 
110.467224 
110.477295 
110.487061 
110.497742 
110.507507 
110.517578 
110.527344 
110.537109 
110.548096 
110.559082 
110.570984 
110.581360 
110.591736 
110.602722 
110.612793 
110.622559 
110.632324 
110.642090 
110.652466 
110.662537 
110.672607 
110.682678 
110.693054 
110.703125 
110.713806 
110.724792 
110.735168 
110.745850 
110.755920 
110.764771 
110.774231 
110.783997 
110.793762 
110.803833 
110.814514 
110.824585 
110.834961 
110.846252 
110.856018 
110.866699 
110.877075 
110.887451 
110.897827 
110.907898 
110.917969 
110.927124 
110.937805 
110.947571 
110.957336 
110.968933 
110.981140 
110.992126 
111.001892 
111.012268 
111.022339 
111.032410 
111.042786 
111.052551 
111.062622 
111.072693 
111.083069 
111.092834 
111.103210 
111.113586 
111.123962 
111.134338 
111.145020 
111.155701 
111.165771 
111.175537 
111.184387 
111.193848 
111.203918 
111.213989 
111.224670 
111.235046 
111.245422 
111.256104 
111.266785 
111.276855 
111.287537 
111.297607 
111.308289 
111.318359 
111.328430 
111.338501 
111.348572 
111.358337 
111.368408 
111.380005 
111.391602 
111.402893 
111.413269 
111.423645 
111.434021 
111.443787 
111.453552 
111.463623 
111.473389 
111.483765 
111.493835 
111.504211 
111.514282 
111.524658 
111.535034 
111.545715 
111.556702 
111.567078 
111.577148 
111.586609 
111.595154 
111.604919 
111.614685 
111.624756 
111.635437 
111.646118 
111.656494 
111.667480 
111.677856 
111.687927 
111.698608 
111.708679 
111.719055 
111.729126 
111.739197 
111.748962 
111.758728 
111.768494 
111.778564 
111.790466 
111.802063 
111.813049 
111.823425 
111.833801 
111.843262 
111.853638 
111.864014 
111.873474 
111.883545 
111.893616 
111.903687 
111.913757 
111.924133 
111.934509 
111.944580 
111.955566 
111.966553 
111.977234 
111.987305 
111.996460 
112.005310 
112.015076 
112.025146 
112.035217 
112.045898 
112.056274 
112.066650 
112.076721 
112.087708 
112.098083 
112.108459 
112.118835 
112.129211 
112.139282 
112.149353 
112.159119 
112.169495 
112.178650 
112.188721 
112.200928 
112.212219 
112.223206 
112.233582 
112.243958 
112.254333 
112.264404 
112.274170 
112.283936 
112.294312 
112.304688 
112.314453 
112.324219 
112.334900 
112.344971 
112.355652 
112.366333 
112.377319 
112.387695 
112.398071 
112.406921 
112.415771 
112.425232 
112.435913 
112.446289 
112.456665 
112.466736 
112.477417 
112.487793 
112.498779 
112.508850 
112.518921 
112.528992 
112.539063 
112.549744 
112.559509 
112.569275 
112.579041 
112.589417 
112.599792 
112.611084 
112.622986 
112.633667 
112.644043 
112.654419 
112.664490 
112.674255 
112.684326 
112.694092 
112.704163 
112.713928 
112.724304 
112.734375 
112.744751 
112.755432 
112.766113 
112.775879 
112.786865 
112.797241 
112.807007 
112.816162 
112.825317 
112.834473 
112.844238 
112.854309 
112.864990 
112.875061 
112.885742 
112.896118 
112.906494 
112.917175 
112.926941 
112.937622 
112.947388 
112.957458 
112.968140 
112.977295 
112.987366 
112.997131 
113.007202 
113.019104 
113.030701 
113.041382 
113.051453 
113.061829 
113.071899 
113.081055 
113.090515 
113.099365 
113.108215 
113.116760 
113.125610 
113.133240 
113.141174 
113.148193 
113.155212 
113.161621 
113.167725 
113.173523 
113.177490 
113.180542 
113.182983 
113.185425 
113.187866 
113.190002 
113.191528 
113.193054 
113.193970 
113.194275 
113.193970 
113.193359 
113.192444 
113.190918 
113.188477 
113.185730 
113.182068 
113.178406 
113.173218 
113.167419 
113.162231 
113.157654 
113.152466 
113.146057 
113.138123 
113.129883 
113.121033 
113.111572 
113.101501 
113.091431 
113.081055 
113.070984 
113.059998 
113.048706 
113.038025 
113.027649 
113.016663 
113.005371 
112.994995 
112.984619 
112.973328 
112.961121 
112.948608 
112.937012 
112.926025 
112.915344 
112.904663 
112.893677 
112.883301 
112.872925 
112.862854 
112.852173 
112.842102 
112.831116 
112.820740 
112.810059 
112.799683 
112.788696 
112.777710 
112.767029 
112.756653 
112.747498 
112.738037 
112.728882 
112.718201 
112.708130 
112.697144 
112.686768 
112.676392 
112.665405 
112.655029 
112.644958 
112.634277 
112.623901 
112.613525 
112.603455 
112.593384 
112.583618 
112.573547 
112.563171 
112.553406 
112.541504 
112.529907 
112.518921 
112.508240 
112.497864 
112.487793 
112.478027 
112.468262 
112.458191 
112.447815 
112.437744 
112.427673 
112.416992 
112.406616 
112.396545 
112.385864 
112.375183 
112.364502 
112.354126 
112.343445 
112.334290 
112.325439 
112.316284 
112.305908 
112.295837 
112.285461 
112.274475 
112.264404 
112.253418 
112.242737 
112.232666 
112.221680 
112.211914 
112.201538 
112.191162 
112.181396 
112.171021 
112.161255 
112.151794 
112.141113 
112.129822 
112.118225 
112.106628 
112.096252 
112.085876 
112.075806 
112.066345 
112.056274 
112.046204 
112.036133 
112.026062 
112.015686 
112.005310 
111.995544 
111.984863 
111.974792 
111.963806 
111.952820 
111.941833 
111.932068 
111.922913 
111.913757 
111.904602 
111.894531 
111.884155 
111.873779 
111.863098 
111.852417 
111.842041 
111.831665 
111.821289 
111.810608 
111.799622 
111.789551 
111.779175 
111.769409 
111.759644 
111.749573 
111.740112 
111.729431 
111.718140 
111.706543 
111.695557 
111.685181 
111.674805 
111.664734 
111.654358 
111.644897 
111.634521 
111.624146 
111.614075 
111.604004 
111.593628 
111.583557 
111.573181 
111.562805 
111.552429 
111.541443 
111.530762 
111.520691 
111.511230 
111.502380 
111.493225 
111.482544 
111.472168 
111.461792 
111.451111 
111.441040 
111.430054 
111.419678 
111.408997 
111.398621 
111.388245 
111.378174 
111.368408 
111.358032 
111.347961 
111.338806 
111.328735 
111.317749 
111.306458 
111.295166 
111.283569 
111.273193 
111.263123 
111.253052 
111.242981 
111.233215 
111.223145 
111.213074 
111.203003 
111.192932 
111.182556 
111.172180 
111.161804 
111.151123 
111.140442 
111.129761 
111.119385 
111.109314 
111.100159 
111.091309 
111.081848 
111.071777 
111.061707 
111.051331 
111.040649 
111.029968 
111.019592 
111.009216 
110.998230 
110.988159 
110.977783 
110.967712 
110.957031 
110.946960 
110.937195 
110.927429 
110.917358 
110.907288 
110.895691 
110.884094 
110.873108 
110.862427 
110.852356 
110.842285 
110.831909 
110.821838 
110.812073 
110.802002 
110.791321 
110.781860 
110.771179 
110.761108 
110.750732 
110.740662 
110.729980 
110.718994 
110.708008 
110.697327 
110.688171 
110.679321 
110.669861 
110.659790 
110.649414 
110.639343 
110.628662 
110.617981 
110.607605 
110.596924 
110.586548 
110.575867 
110.565491 
110.555420 
110.545349 
110.534668 
110.524597 
110.515137 
110.505066 
110.494690 
110.483704 
110.472107 
110.460815 
110.450745 
110.440063 
110.429993 
110.419617 
110.410461 
110.400391 
110.389709 
110.379639 
110.369568 
110.359802 
110.348816 
110.339050 
110.328674 
110.317993 
110.307312 
110.296326 
110.286255 
110.277405 
110.268555 
110.259094 
110.249023 
110.238647 
110.227966 
110.218201 
110.208130 
110.198669 
110.189209 
110.180664 
110.172119 
110.164185 
110.156555 
110.149841 
110.143738 
110.138245 
110.133362 
110.129089 
110.125122 
110.120544 
110.115662 
110.112915 
110.110474 
110.108948 
110.108032 
110.107727 
110.108337 
110.108643 
110.109863 
110.110779 
110.112305 
110.114136 
110.116577 
110.119934 
110.122986 
110.126648 
110.131531 
110.136414 
110.142212 
110.150146 
110.158691 
110.166931 
110.175476 
110.183716 
110.193176 
110.202332 
110.211792 
110.221863 
110.231323 
110.241699 
110.252686 
110.263062 
110.274048 
110.284729 
110.296021 
110.307007 
110.318604 
110.329285 
110.340881 
110.350342 
110.360107 
110.369873 
110.379944 
110.390625 
110.401611 
110.412598 
110.422668 
110.433960 
110.444946 
110.454712 
110.465393 
110.475769 
110.486145 
110.496216 
110.506287 
110.516357 
110.525513 
110.535583 
110.545349 
110.557251 
110.568848 
110.579834 
110.590515 
110.600891 
110.611267 
110.621338 
110.631104 
110.640869 
110.650940 
110.661011 
110.670776 
110.681152 
110.691528 
110.702209 
110.712280 
110.722961 
110.733643 
110.744629 
110.754700 
110.763855 
110.772705 
110.782166 
110.792236 
110.802307 
110.812988 
110.823364 
110.833435 
110.844421 
110.855103 
110.865173 
110.875854 
110.886536 
110.896301 
110.906677 
110.916443 
110.926514 
110.935974 
110.945740 
110.956726 
110.967712 
110.979004 
110.990601 
111.000671 
111.011047 
111.021118 
111.031189 
111.041260 
111.051331 
111.061096 
111.071167 
111.081238 
111.091309 
111.101685 
111.112366 
111.122131 
111.132813 
111.143799 
111.154480 
111.164856 
111.174011 
111.183167 
111.192627 
111.202393 
111.212769 
111.222839 
111.233521 
111.244202 
111.254578 
111.265259 
111.275635 
111.286011 
111.296692 
111.307068 
111.316833 
111.326904 
111.336975 
111.347351 
111.356506 
111.367188 
111.378479 
111.389771 
111.401062 
111.411743 
111.421814 
111.432190 
111.441956 
111.451721 
111.462402 
111.471863 
111.482239 
111.492615 
111.502686 
111.512756 
111.523132 
111.533813 
111.544189 
111.554871 
111.565857 
111.575623 
111.585083 
111.593933 
111.603394 
111.613159 
111.623535 
111.633911 
111.644592 
111.654663 
111.665649 
111.676025 
111.686401 
111.697083 
111.707458 
111.717529 
111.727600 
111.737671 
111.747742 
111.757202 
111.766968 
111.777649 
111.788635 
111.800232 
111.811523 
111.822510 
111.832275 
111.842346 
111.852722 
111.862488 
111.871948 
111.882019 
111.892090 
111.902161 
111.912537 
111.922913 
111.933289 
111.943359 
111.954346 
111.965027 
111.975708 
111.986084 
111.994934 
112.004395 
112.013855 
112.023621 
112.033997 
112.044067 
112.054443 
112.065125 
112.075806 
112.086182 
112.096558 
112.107239 
112.117310 
112.127686 
112.138062 
112.148132 
112.157898 
112.167664 
112.177734 
112.187500 
112.199097 
112.210999 
112.221985 
112.232361 
112.242737 
112.252808 
112.262878 
112.273560 
112.283020 
112.293091 
112.303162 
112.313232 
112.323303 
112.333679 
112.343750 
112.354431 
112.364807 
112.375488 
112.386169 
112.395935 
112.406006 
112.414551 
112.423706 
112.434082 
112.444458 
112.454834 
112.464600 
112.475891 
112.486267 
112.496948 
112.507324 
112.517395 
112.527466 
112.537842 
112.547913 
112.558289 
112.568054 
112.577820 
112.587891 
112.598267 
112.609253 
112.620850 
112.631836 
112.642517 
112.652588 
112.662659 
112.673035 
112.682495 
112.692566 
112.702026 
112.712402 
112.722778 
112.732239 
112.742615 
112.752991 
112.763062 
112.773743 
112.784424 
112.795105 
112.805176 
112.814636 
112.823181 
112.832336 
112.842407 
112.853088 
112.862854 
112.872925 
112.883606 
112.894287 
112.904968 
112.915344 
112.925720 
112.935791 
112.945862 
112.955627 
112.966003 
112.976074 
112.985229 
112.995300 
113.005371 
113.016968 
113.028259 
113.038940 
113.049927 
113.060303 
113.070068 
113.079529 
113.089294 
113.098145 
113.107300 
113.115845 
113.123779 
113.131714 
113.139954 
113.146667 
113.153992 
113.160706 
113.167114 
113.172302 
113.177185 
113.180237 
113.183289 
113.185120 
113.187256 
113.190002 
113.191223 
113.193054 
113.193970 
113.194275 
113.194275 
113.193665 
113.192749 
113.191223 
113.189087 
113.186646 
113.182983 
113.179016 
113.174133 
113.169250 
113.163147 
113.158264 
113.153076 
113.146362 
113.139648 
113.131409 
113.122253 
113.112793 
113.103638 
113.093567 
113.083496 
113.072815 
113.062439 
113.050842 
113.040161 
113.029480 
113.018188 
113.008118 
112.997742 
112.986450 
112.975464 
112.963562 
112.951355 
112.939148 
112.928162 
112.917480 
112.906189 
112.895508 
112.885132 
112.874756 
112.864380 
112.854309 
112.843628 
112.832947 
112.821960 
112.811890 
112.801208 
112.790222 
112.779541 
112.768860 
112.757874 
112.748718 
112.739258 
112.729797 
112.719727 
112.709351 
112.699280 
112.688599 
112.677917 
112.667542 
112.656555 
112.646484 
112.636414 
112.625122 
112.615051 
112.604980 
112.594604 
112.585144 
112.575073 
112.564392 
112.554626 
112.543335 
112.531738 
112.520447 
112.509766 
112.499695 
112.489624 
112.479248 
112.469482 
112.459412 
112.449646 
112.439270 
112.428894 
112.418518 
112.408142 
112.398071 
112.387390 
112.377014 
112.366028 
112.355347 
112.344971 
112.335510 
112.326965 
112.317505 
112.307434 
112.297058 
112.286682 
112.276306 
112.265625 
112.254639 
112.243958 
112.234192 
112.223511 
112.212830 
112.202759 
112.192688 
112.182312 
112.172241 
112.162781 
112.152710 
112.142639 
112.131348 
112.119751 
112.108154 
112.098083 
112.087708 
112.077637 
112.066956 
112.057495 
112.047119 
112.037659 
112.027283 
112.016907 
112.006836 
111.996765 
111.986389 
111.975708 
111.965332 
111.954346 
111.943359 
111.933289 
111.923523 
111.914978 
111.905518 
111.895447 
111.885376 
111.874695 
111.864319 
111.854248 
111.843262 
111.832886 
111.822205 
111.812134 
111.801453 
111.791382 
111.781006 
111.770630 
111.761169 
111.751099 
111.741028 
111.730957 
111.719971 
111.708374 
111.696777 
111.686096 
111.676331 
111.665955 
111.655884 
111.645813 
111.635742 
111.625671 
111.615295 
111.605530 
111.595154 
111.584778 
111.574402 
111.564331 
111.553650 
111.542969 
111.532288 
111.521606 
111.512451 
111.503296 
111.493835 
111.483765 
111.473694 
111.463013 
111.452332 
111.442261 
111.431274 
111.420898 
111.410522 
111.400146 
111.389771 
111.379395 
111.369629 
111.359253 
111.349182 
111.339417 
111.329346 
111.318970 
111.307983 
111.296692 
111.285400 
111.274719 
111.264648 
111.254578 
111.244202 
111.234436 
111.224060 
111.214294 
111.204529 
111.194153 
111.184082 
111.173401 
111.163330 
111.152649 
111.142273 
111.131592 
111.120605 
111.110229 
111.100769 
111.092529 
111.082764 
111.072998 
111.062622 
111.052551 
111.041870 
111.031799 
111.021118 
111.009827 
110.999756 
110.989075 
110.978699 
110.968628 
110.958557 
110.948486 
110.938110 
110.928955 
110.918579 
110.908813 
110.897827 
110.885620 
110.874939 
110.864258 
110.853882 
110.843201 
110.833435 
110.823364 
110.813293 
110.803223 
110.793457 
110.783081 
110.773010 
110.762329 
110.751953 
110.741272 
110.731201 
110.720215 
110.709229 
110.698853 
110.689392 
110.680237 
110.671082 
110.661316 
110.651245 
110.640564 
110.630188 
110.619812 
110.608826 
110.598450 
110.588074 
110.577393 
110.567017 
110.556641 
110.546265 
110.535583 
110.526123 
110.516357 
110.506897 
110.496521 
110.485229 
110.473633 
110.462036 
110.451965 
110.441895 
110.431213 
110.421448 
110.411377 
110.401611 
110.391541 
110.381165 
110.370789 
110.360718 
110.350342 
110.340576 
110.329895 
110.319519 
110.308533 
110.297546 
110.287476 
110.278015 
110.269470 
110.260010 
110.249939 
110.239868 
110.229492 
110.219727 
110.209656 
110.199890 
110.190430 
110.181274 
110.173340 
110.165405 
110.157776 
110.151062 
110.144348 
110.139465 
110.133972 
110.130005 
110.125427 
110.121155 
110.116272 
110.112915 
110.110779 
110.108948 
110.107422 
110.107422 
110.106812 
110.106506 
110.106812 
110.106812 
110.106506 
110.106812 
110.107117 
110.107117 
110.106812 
110.106506 
110.106201 
110.105896 
110.105896 
110.106812 
110.108032 
110.109558 
110.110168 
110.109863 
110.110168 
110.110168 
110.109558 
110.109253 
110.109558 
110.109253 
110.109558 
110.109558 
110.109863 
110.110168 
110.109863 
110.110779 
110.111084 
110.111694 
110.111694 
110.111389 
110.109558 
110.108337 
110.108643 
110.108643 
110.108948 
110.109253 
110.109253 
110.109558 
110.109863 
110.110168 
110.110168 
110.110168 
110.110168 
110.109863 
110.109558 
110.109558 
110.108643 
110.108337 
110.108643 
110.109558 
110.111084 
110.112000 
110.112305 
110.112305 
110.112000 
110.112000 
110.111694 
110.111084 
110.111084 
110.111084 
110.111084 
110.111084 
110.111084 
110.111389 
110.111694 
110.111084 
110.112305 
110.112610 
110.112610 
110.111694 
110.109863 
110.108948 
110.108948 
110.108948 
110.109558 
110.109253 
110.109863 
110.110168 
110.110168 
110.110168 
110.110168 
110.110168 
110.110474 
110.110168 
110.109863 
110.109558 
110.109253 
