Blum, K. P., D’Incamps, B. L., Zytnicki, D., & Ting, L. H. (2017).
Force encoding in muscle spindles during stretch of
passive muscle. PLoS computational biology, 13(9), 
e1005767. <https://journals.plos.org/ploscompbiol/article?
id=10.1371/journal.pcbi.1005767>

cat medial gastrocnemius muscle lengths over t  (in 0.0005 s increments)
110.108948 
110.109558 
110.109558 
110.110474 
110.110168 
110.110168 
110.110779 
110.110474 
110.110168 
110.110474 
110.110474 
110.110474 
110.109558 
110.109558 
110.108948 
110.108948 
110.109558 
110.110779 
110.111694 
110.111694 
110.111694 
110.111389 
110.111694 
110.111389 
110.111084 
110.110779 
110.110779 
110.110779 
110.110474 
110.111084 
110.111389 
110.111084 
110.111694 
110.112000 
110.112305 
110.112610 
110.112000 
110.110474 
110.108948 
110.108643 
110.109863 
110.109253 
110.109558 
110.110168 
110.110168 
110.110168 
110.110474 
110.110779 
110.110168 
110.110474 
110.110779 
110.110168 
110.109558 
110.109253 
110.108948 
110.108337 
110.109253 
110.110779 
110.111389 
110.112000 
110.111694 
110.111694 
110.111694 
110.110779 
110.111389 
110.110474 
110.110779 
110.111084 
110.110779 
110.111084 
110.111084 
110.110779 
110.111694 
110.112305 
110.112610 
110.112305 
110.112000 
110.110779 
110.109253 
110.109253 
110.109558 
110.109863 
110.109253 
110.109863 
110.110474 
110.110474 
110.110779 
110.110779 
110.110474 
110.110474 
110.109863 
110.110168 
110.109253 
110.109253 
110.109253 
110.108643 
110.109558 
110.111084 
110.111694 
110.112305 
110.112000 
110.111694 
110.111694 
110.111389 
110.110779 
110.111084 
110.111084 
110.111084 
110.111084 
110.111389 
110.112000 
110.112305 
110.113831 
110.115051 
110.115967 
110.117798 
110.119019 
110.120239 
110.120850 
110.123596 
110.126343 
110.130005 
110.134583 
110.139160 
110.144348 
110.149841 
110.155334 
110.161743 
110.168152 
110.175476 
110.182190 
110.189514 
110.197449 
110.204773 
110.211792 
110.220337 
110.229797 
110.240479 
110.250549 
110.260620 
110.269775 
110.279236 
110.288696 
110.298462 
110.307617 
110.317688 
110.328064 
110.337830 
110.348206 
110.358887 
110.369568 
110.380249 
110.391235 
110.401917 
110.412903 
110.424500 
110.434875 
110.444031 
110.454102 
110.465088 
110.476685 
110.487976 
110.500183 
110.512695 
110.524902 
110.538025 
110.551147 
110.563660 
110.576477 
110.589600 
110.602417 
110.614929 
110.627441 
110.640564 
110.652771 
110.665588 
110.678711 
110.692139 
110.705566 
110.717773 
110.728760 
110.739441 
110.750122 
110.759888 
110.769043 
110.778503 
110.787354 
110.796204 
110.805359 
110.814209 
110.823364 
110.832214 
110.841675 
110.850525 
110.859985 
110.869751 
110.877991 
110.886536 
110.894165 
110.903320 
110.912476 
110.921936 
110.931702 
110.942078 
110.951843 
110.961609 
110.971680 
110.981445 
110.991516 
111.001587 
111.011353 
111.021729 
111.031494 
111.041565 
111.051025 
111.061096 
111.072083 
111.083069 
111.094666 
111.105347 
111.116028 
111.126099 
111.136475 
111.146545 
111.156311 
111.166382 
111.176758 
111.186829 
111.197510 
111.208191 
111.218567 
111.228638 
111.239319 
111.250000 
111.260681 
111.271057 
111.280823 
111.290283 
111.299133 
111.308594 
111.318970 
111.329346 
111.340027 
111.350403 
111.360474 
111.371155 
111.380920 
111.390991 
111.401367 
111.411743 
111.421814 
111.430969 
111.441040 
111.449890 
111.459351 
111.468811 
111.479797 
111.491089 
111.501770 
111.512451 
111.522522 
111.531982 
111.542053 
111.551819 
111.561279 
111.571045 
111.581116 
111.590881 
111.600647 
111.610413 
111.621094 
111.631470 
111.641541 
111.652527 
111.662903 
111.673889 
111.683044 
111.691589 
111.701050 
111.710510 
111.720886 
111.731262 
111.741333 
111.752319 
111.763000 
111.773682 
111.783752 
111.793823 
111.805115 
111.815491 
111.824951 
111.835938 
111.845398 
111.855469 
111.865234 
111.875000 
111.885986 
111.897583 
111.909180 
111.919556 
111.929932 
111.939697 
111.950378 
111.960449 
111.970520 
111.979980 
111.990662 
112.000427 
112.010498 
112.020569 
112.031555 
112.041626 
112.052307 
112.062988 
112.073364 
112.084045 
112.093506 
112.102966 
112.112122 
112.121887 
112.131958 
112.142334 
112.152710 
112.163391 
112.174072 
112.184753 
112.194824 
112.205200 
112.215881 
112.226563 
112.236328 
112.246704 
112.256470 
112.266235 
112.276611 
112.286682 
112.297363 
112.309265 
112.320862 
112.331238 
112.341309 
112.351990 
112.362061 
112.371826 
112.381897 
112.391968 
112.402039 
112.411804 
112.422485 
112.433167 
112.443237 
112.453613 
112.464294 
112.474670 
112.485657 
112.496338 
112.506104 
112.514954 
112.524109 
112.534180 
112.544250 
112.554932 
112.565308 
112.576294 
112.586975 
112.597351 
112.608337 
112.618713 
112.628784 
112.639160 
112.649841 
112.659607 
112.669678 
112.679749 
112.689514 
112.699280 
112.710571 
112.722473 
112.733459 
112.744446 
112.755127 
112.765198 
112.775269 
112.785339 
112.795410 
112.805481 
112.815247 
112.825623 
112.835693 
112.846069 
112.856750 
112.867126 
112.877502 
112.888184 
112.898865 
112.909851 
112.919312 
112.928772 
112.937622 
112.947083 
112.957764 
112.968445 
112.978821 
112.988892 
112.999573 
113.009949 
113.020325 
113.031006 
113.041382 
113.051147 
113.061523 
113.070679 
113.079224 
113.088379 
113.096619 
113.104858 
113.114014 
113.122864 
113.132019 
113.139954 
113.146667 
113.153076 
113.159180 
113.164978 
113.169861 
113.174744 
113.179626 
113.183594 
113.186951 
113.190918 
113.193970 
113.196716 
113.199463 
113.201904 
113.203735 
113.205566 
113.206482 
113.205566 
113.204651 
113.205261 
113.204956 
113.205566 
113.206177 
113.206482 
113.206787 
113.206482 
113.206787 
113.206482 
113.205872 
113.205872 
113.205261 
113.205261 
113.204651 
113.203430 
113.202820 
113.202209 
113.202515 
113.203430 
113.204346 
113.204041 
113.203735 
113.202820 
113.202515 
113.201599 
113.200989 
113.200378 
113.200378 
113.199158 
113.199158 
113.199158 
113.198853 
113.198547 
113.198547 
113.198547 
113.198547 
113.199158 
113.197937 
113.196716 
113.195496 
113.194885 
113.194275 
113.194275 
113.194275 
113.194580 
113.194885 
113.194885 
113.194885 
113.195190 
113.194885 
113.194885 
113.194275 
113.194885 
113.194275 
113.193359 
113.193054 
113.193054 
113.193665 
113.194580 
113.195801 
113.196106 
113.196106 
113.195801 
113.195801 
113.195496 
113.194885 
113.195190 
113.195190 
113.195190 
113.195190 
113.194885 
113.195496 
113.195496 
113.195190 
113.195801 
113.196411 
113.196716 
113.195801 
113.194275 
113.193665 
113.193054 
113.192749 
113.192749 
113.193054 
113.193359 
113.193359 
113.193665 
113.193359 
113.193970 
113.193970 
113.193665 
113.193359 
113.193359 
113.193054 
113.192749 
113.191833 
113.191833 
113.192444 
113.194275 
113.195496 
113.195190 
113.195190 
113.194580 
113.194885 
113.194275 
113.194275 
113.193970 
113.193665 
113.193665 
113.193970 
113.193970 
113.194275 
113.193970 
113.194580 
113.194275 
113.194885 
113.195496 
113.194580 
113.193054 
113.192444 
113.191528 
113.191528 
113.191833 
113.191528 
113.192139 
113.192444 
113.192749 
113.192444 
113.192444 
113.192444 
113.192444 
113.192444 
113.192444 
113.192139 
113.191528 
113.191223 
113.190613 
113.192139 
113.193054 
113.194275 
113.194885 
113.194885 
113.194580 
113.194580 
113.194275 
113.193970 
113.193665 
113.193970 
113.193970 
113.193665 
113.193665 
113.193970 
113.194275 
113.194580 
113.194885 
113.195496 
113.195496 
113.194580 
113.193665 
113.193054 
113.192444 
113.192444 
113.193054 
113.193054 
113.193359 
113.193054 
113.193970 
113.193665 
113.193665 
113.193665 
113.193665 
113.193970 
113.193665 
113.193054 
113.193054 
113.192749 
113.191833 
113.193054 
113.194275 
113.195190 
113.195496 
113.196106 
113.196106 
113.195190 
113.195496 
113.194885 
113.194885 
113.195190 
113.194580 
113.194580 
113.194885 
113.194885 
113.194885 
113.195190 
113.195496 
113.196411 
113.196106 
113.195496 
113.194275 
113.193054 
113.192749 
113.192749 
113.192749 
113.193054 
113.193054 
113.193665 
113.193359 
113.193359 
113.193665 
113.193665 
113.193359 
113.193359 
113.193359 
113.193359 
113.192749 
113.192444 
113.191833 
113.192139 
113.193665 
113.194885 
113.195190 
113.195496 
113.194275 
113.194580 
113.194275 
113.193970 
113.193970 
113.193970 
113.193665 
113.193359 
113.193665 
113.193970 
113.194275 
113.193970 
113.195190 
113.195496 
113.195801 
113.194580 
113.193359 
113.192444 
113.191528 
113.192139 
113.192139 
113.192139 
113.193054 
113.193054 
113.193359 
113.193359 
113.193359 
113.193054 
113.193054 
113.193359 
113.193054 
113.192139 
113.192139 
113.192139 
113.191833 
113.192444 
113.193970 
113.194580 
113.195190 
113.195190 
113.195190 
113.194580 
113.194580 
113.194580 
113.193970 
113.194275 
113.194275 
113.193970 
113.194275 
113.194580 
113.194580 
113.194885 
113.195190 
113.195496 
113.195801 
113.195190 
113.193970 
113.192139 
113.192139 
113.192749 
113.192444 
113.192749 
113.193054 
113.193970 
113.193665 
113.193359 
113.194275 
113.193665 
113.193665 
113.193665 
113.193054 
113.193054 
113.192749 
113.192444 
113.191833 
113.192749 
113.193665 
113.194885 
113.195496 
113.195190 
113.194885 
113.194580 
113.194580 
113.194275 
113.194275 
113.194275 
113.194275 
113.193970 
113.194275 
113.194275 
113.194275 
113.194580 
113.194885 
113.194885 
113.195496 
113.194885 
113.193359 
113.192139 
113.192139 
113.191833 
113.191833 
113.192139 
113.192444 
113.192749 
113.193054 
113.192749 
113.193054 
113.193054 
113.193054 
113.192749 
113.192444 
113.192444 
113.192444 
113.191223 
113.191223 
113.191833 
113.193665 
113.194580 
113.194885 
113.194580 
113.194275 
113.193970 
113.193665 
113.193359 
113.193359 
113.193359 
113.193359 
113.193054 
113.193359 
113.193665 
113.193665 
113.193970 
113.194885 
113.195190 
113.195190 
113.194885 
113.193054 
113.192139 
113.191833 
113.191833 
113.192139 
113.192139 
113.192749 
113.192749 
113.193359 
113.193054 
113.193054 
113.192749 
113.193054 
113.192444 
113.192444 
113.192444 
113.192139 
113.191528 
113.191528 
113.192139 
113.193359 
113.194885 
113.195190 
113.194580 
113.194580 
113.194885 
113.193970 
113.193665 
113.193970 
113.193665 
113.193665 
113.193970 
113.193665 
113.193665 
113.193970 
113.194275 
113.194885 
113.195190 
113.195496 
113.194580 
113.193665 
113.192444 
113.191833 
113.192139 
113.192139 
113.192749 
113.192444 
113.193054 
113.193359 
113.193359 
113.193054 
113.192749 
113.193054 
113.192749 
113.192749 
113.192444 
113.191833 
113.191528 
113.190918 
113.191528 
113.193054 
113.194275 
113.194580 
113.194275 
113.193970 
113.194275 
113.193665 
113.193359 
113.193359 
113.193665 
113.193665 
113.193359 
113.193359 
113.193665 
113.193665 
113.194275 
113.194275 
113.195190 
113.194885 
113.193970 
113.192749 
113.191833 
113.191223 
113.190918 
113.191528 
113.191223 
113.191833 
113.192139 
113.192749 
113.192139 
113.192444 
113.192139 
113.192139 
113.192139 
113.192139 
113.191833 
113.191223 
113.191223 
113.190918 
113.191528 
113.193054 
113.193970 
113.194275 
113.194275 
113.193970 
113.193665 
113.193665 
113.193359 
113.192749 
113.193054 
113.193054 
113.193054 
113.192749 
113.193359 
113.193970 
113.193665 
113.194275 
113.194885 
113.195190 
113.193970 
113.193054 
113.191833 
113.191528 
113.191833 
113.191833 
113.191833 
113.192444 
113.192444 
113.192749 
113.192444 
113.192444 
113.192444 
113.192749 
113.192444 
113.192444 
113.191833 
113.191833 
113.190918 
113.190918 
113.191528 
113.192749 
113.194275 
113.194580 
113.194885 
113.194275 
113.193970 
113.193970 
113.193665 
113.193359 
113.193054 
113.193665 
113.193054 
113.193054 
113.193359 
113.193359 
113.193970 
113.193970 
113.194580 
113.194580 
113.194275 
113.192444 
113.191528 
113.190918 
113.191528 
113.191223 
113.191833 
113.192139 
113.192444 
113.192444 
113.192444 
113.192444 
113.192139 
113.192139 
113.192444 
113.192139 
113.191833 
113.191528 
113.191223 
113.190918 
113.191528 
113.192444 
113.193665 
113.194580 
113.194275 
113.193359 
113.193665 
113.193665 
113.193054 
113.192444 
113.193054 
113.192749 
113.192749 
113.193054 
113.192749 
113.193054 
113.193665 
113.193665 
113.193970 
113.194580 
113.193665 
113.192139 
113.191528 
113.190613 
113.190918 
113.191223 
113.190918 
113.191528 
113.191833 
113.191833 
113.192139 
113.192139 
113.192139 
113.192139 
113.191833 
113.191833 
113.191223 
113.191223 
113.190613 
113.190308 
113.191223 
113.192444 
113.193359 
113.193665 
113.193970 
113.193665 
113.193665 
113.193359 
113.193054 
113.192749 
113.193054 
113.192444 
113.192749 
113.192444 
113.193054 
113.193054 
113.193359 
113.193970 
113.193665 
113.194275 
113.193665 
113.192444 
113.191528 
113.190918 
113.191223 
113.190918 
113.191528 
113.192444 
113.192139 
113.192444 
113.192444 
113.192444 
113.192444 
113.192139 
113.192139 
113.191833 
113.191833 
113.191223 
113.191223 
113.190613 
113.191528 
113.192444 
113.193970 
113.194275 
113.194275 
113.193970 
113.193665 
113.193665 
113.193054 
113.192749 
113.192749 
113.193054 
113.192749 
113.193054 
113.193054 
113.193054 
113.193359 
113.193970 
113.194580 
113.194275 
113.193665 
113.192444 
113.191528 
113.191223 
113.191223 
113.190918 
113.191528 
113.191528 
113.192139 
113.192139 
113.192139 
113.192139 
113.191833 
113.192444 
113.191833 
113.191833 
113.191528 
113.191223 
113.190613 
113.190613 
113.191223 
113.192444 
113.193359 
113.193970 
113.193970 
113.193359 
113.193359 
113.193054 
113.193054 
113.192749 
113.192749 
113.192444 
113.192444 
113.192749 
113.192444 
113.192749 
113.193054 
113.193970 
113.193970 
113.193970 
113.193359 
113.192139 
113.191223 
113.190613 
113.190613 
113.190613 
113.191223 
113.191223 
113.191833 
113.192444 
113.191833 
113.192444 
113.192139 
113.192139 
113.192139 
113.191833 
113.191528 
113.191223 
113.190613 
113.190613 
113.191223 
113.192749 
113.193665 
113.194275 
113.193970 
113.193665 
113.193359 
113.193054 
113.193054 
113.192444 
113.192444 
113.192444 
113.192749 
113.192749 
113.193054 
113.193054 
113.193665 
113.193665 
113.194275 
113.194580 
113.193970 
113.192749 
113.191528 
113.190918 
113.191223 
113.191528 
113.191223 
113.191833 
113.192139 
113.192139 
113.192139 
113.191833 
113.192444 
113.192139 
113.191833 
113.191833 
113.191528 
113.191223 
113.190918 
113.190613 
113.191223 
113.192749 
113.193665 
113.193970 
113.193665 
113.193665 
113.193359 
113.193359 
113.192749 
113.192749 
113.192444 
113.192749 
113.192749 
113.193054 
113.192749 
113.192749 
113.192749 
113.193359 
113.193665 
113.193665 
113.193970 
113.192139 
113.190918 
113.190613 
113.191223 
113.190918 
113.191223 
113.191833 
113.191833 
113.191833 
113.191833 
113.191528 
113.191833 
113.191833 
113.191528 
113.191528 
113.191223 
113.190613 
113.190308 
113.190613 
113.190613 
113.192139 
113.193054 
113.193054 
113.193665 
113.193359 
113.193054 
113.193054 
113.192749 
113.192444 
113.192444 
113.192139 
113.192139 
113.192749 
113.193054 
113.192444 
113.193054 
113.193970 
113.193665 
113.194275 
113.193359 
113.192444 
113.190918 
113.190613 
113.190918 
113.190918 
113.190918 
113.191528 
113.191528 
113.191833 
113.192139 
113.192139 
113.191528 
113.191528 
113.191223 
113.191223 
113.191223 
113.191223 
113.190308 
113.190308 
113.191223 
113.192444 
113.193359 
113.193665 
113.193665 
113.193359 
113.193054 
113.193054 
113.193054 
113.192444 
113.192444 
113.192139 
113.192749 
113.192444 
113.193054 
113.192749 
113.193359 
113.193665 
113.193970 
113.193970 
113.193665 
113.192139 
113.191223 
113.190918 
113.190918 
113.191223 
113.191223 
113.191528 
113.191833 
113.191833 
113.191833 
113.192139 
113.191833 
113.191528 
113.191528 
113.191528 
113.191223 
113.190918 
113.190308 
113.190308 
113.191223 
113.192749 
113.193359 
113.193665 
113.193359 
113.193359 
113.193359 
113.193054 
113.192444 
113.192444 
113.192749 
113.192444 
113.192444 
113.192444 
113.192749 
113.193054 
113.192749 
113.193359 
113.193665 
113.194275 
113.193359 
113.191833 
113.190918 
113.190613 
113.190918 
113.190308 
113.190918 
113.190918 
113.191528 
113.192139 
113.191833 
113.191528 
113.191528 
113.191833 
113.191528 
113.191833 
113.190918 
113.190613 
113.190308 
113.190308 
113.190613 
113.192444 
113.193054 
113.193665 
113.193665 
113.193054 
113.193054 
113.193054 
113.192444 
113.192139 
113.192139 
113.192444 
113.192444 
113.192444 
113.192749 
113.192749 
113.193054 
113.193665 
113.193359 
113.193970 
113.193359 
113.191833 
113.190918 
113.190308 
113.190308 
113.190918 
113.191223 
113.191528 
113.191223 
113.191528 
113.191833 
113.191833 
113.192139 
113.191833 
113.191528 
113.191833 
113.191223 
113.190918 
113.190308 
113.190308 
113.190918 
113.192444 
113.193359 
113.193970 
113.193665 
113.193359 
113.193054 
113.192749 
113.192444 
113.192139 
113.192139 
113.192139 
113.192139 
113.192444 
113.192444 
113.192749 
113.192749 
113.193359 
113.193970 
113.194275 
113.193054 
113.192444 
113.190918 
113.190918 
113.190613 
113.190918 
113.190918 
113.191528 
113.191528 
113.191833 
113.191833 
113.191833 
113.191833 
113.191528 
113.191528 
113.191223 
113.191223 
113.190918 
113.190308 
113.189697 
113.190918 
113.192444 
113.193359 
113.193665 
113.193665 
113.193359 
113.193054 
113.192749 
113.192444 
113.192139 
113.192749 
113.192444 
113.192444 
113.192749 
113.192444 
113.193054 
113.193054 
113.193359 
113.193665 
113.193665 
113.193359 
113.191833 
113.190918 
113.190308 
113.190613 
113.190918 
113.190918 
113.191223 
113.191223 
113.191833 
113.191833 
113.191833 
113.191223 
113.191528 
113.191528 
113.191528 
113.190918 
113.190308 
113.190002 
113.190002 
113.190613 
113.192139 
113.193359 
113.193359 
113.193359 
113.193054 
113.193359 
113.192444 
113.192139 
113.192139 
113.192444 
113.192444 
113.192444 
113.192444 
113.192444 
113.192749 
113.193359 
113.193665 
113.193665 
113.193970 
113.193359 
113.191528 
113.190918 
113.190308 
113.190308 
113.190613 
113.190918 
113.191223 
113.190918 
113.191528 
113.192139 
113.191528 
113.191833 
113.191528 
113.191833 
113.191223 
113.191223 
113.190918 
113.190308 
113.190308 
113.190918 
113.191528 
113.192749 
113.193665 
113.193359 
113.193054 
113.192749 
113.191833 
113.192444 
113.192139 
113.192749 
113.192139 
113.192444 
113.192444 
113.192139 
113.192749 
113.193359 
113.193359 
113.193665 
113.194275 
113.193054 
113.191833 
113.190918 
113.190613 
113.190613 
113.190613 
113.190918 
113.190918 
113.191528 
113.191528 
113.191223 
113.191833 
113.191833 
113.191528 
113.191528 
113.191223 
113.190918 
113.190308 
113.190308 
113.190308 
113.190308 
113.191833 
113.193359 
113.193054 
113.193359 
113.193359 
113.193054 
113.192139 
113.192139 
113.192139 
113.192139 
113.192139 
113.192749 
113.192139 
113.192444 
113.192444 
113.192444 
113.192749 
113.193359 
113.193665 
113.193054 
113.191833 
113.190918 
113.189697 
113.190918 
113.190918 
113.190918 
113.191223 
113.191833 
113.192139 
113.191528 
113.191528 
113.191528 
113.191223 
113.191528 
113.191223 
113.190918 
113.190613 
113.190308 
113.190002 
113.190613 
113.192139 
113.193054 
113.193359 
113.193359 
113.193054 
113.192749 
113.192444 
113.192444 
113.192139 
113.192444 
113.192444 
113.192139 
113.192444 
113.192139 
113.192444 
113.192749 
113.193359 
113.193665 
113.193970 
113.192749 
113.191833 
113.190308 
113.190613 
113.190308 
113.190613 
113.190308 
113.190918 
113.191223 
113.191528 
113.191528 
113.191833 
113.191528 
113.191528 
113.191223 
113.190918 
113.190613 
113.190918 
113.190308 
113.189697 
113.190918 
113.192139 
113.193054 
113.193665 
113.193665 
113.193054 
113.192749 
113.192749 
113.192749 
113.192139 
113.192444 
113.191833 
113.192139 
113.192444 
113.192444 
113.192444 
113.192749 
113.193359 
113.193665 
113.193665 
113.193054 
113.192139 
113.190613 
113.190002 
113.190613 
113.190613 
113.190918 
113.191223 
113.191223 
113.191528 
113.191528 
113.191528 
113.191528 
113.191528 
113.191528 
113.191223 
113.191223 
113.190613 
113.190308 
113.190002 
113.190918 
113.192139 
113.193054 
113.193359 
113.193359 
113.193359 
113.192749 
113.193054 
113.192139 
113.192139 
113.192444 
113.192444 
113.192139 
113.192139 
113.192139 
113.192444 
113.193054 
113.193359 
113.193665 
113.193665 
113.193054 
113.191528 
113.190613 
113.190613 
113.190613 
113.190613 
113.190918 
113.191528 
113.191528 
113.191223 
113.192139 
113.191223 
113.191528 
113.191528 
113.191223 
113.191528 
113.190918 
113.190613 
113.190002 
113.189697 
113.190613 
113.191833 
113.193054 
113.193054 
113.193359 
113.193054 
113.192749 
113.192444 
113.191833 
113.192139 
113.192139 
113.192139 
113.192444 
113.192139 
113.192444 
113.192444 
113.193054 
113.193359 
113.193665 
113.193665 
113.193359 
113.191833 
113.190613 
113.190002 
113.190002 
113.190308 
113.190918 
113.191223 
113.191223 
113.191223 
113.191528 
113.191528 
113.191528 
113.191528 
113.191528 
113.191223 
113.190918 
113.190308 
113.190002 
113.189697 
113.190613 
113.192139 
113.192749 
113.193359 
113.193054 
113.193054 
113.192444 
113.192749 
113.192749 
113.192139 
113.191833 
113.192139 
113.192139 
113.192139 
113.192139 
113.192444 
113.192444 
113.192749 
113.193359 
113.193665 
113.193054 
113.191833 
113.190613 
113.190308 
113.190308 
113.190613 
113.190918 
113.191223 
113.191223 
113.191528 
113.191528 
113.191833 
113.191528 
113.191528 
113.191223 
113.191528 
113.191223 
113.190918 
113.190308 
113.190002 
113.190613 
113.192139 
113.193359 
113.193359 
113.193359 
113.193054 
113.193054 
113.193054 
113.192139 
113.192749 
113.192139 
113.192139 
113.192139 
113.192139 
113.192749 
113.192444 
113.192749 
113.193054 
113.193359 
113.193970 
113.193359 
113.191833 
113.190613 
113.190613 
113.190308 
113.190613 
113.190613 
113.191223 
113.191528 
113.191528 
113.191528 
113.191528 
113.191833 
113.191528 
113.191223 
113.191223 
113.190918 
113.190613 
113.190308 
113.190002 
113.190613 
113.191833 
113.193359 
113.193359 
113.193359 
113.193054 
113.192749 
113.192444 
113.192444 
113.192139 
113.192139 
113.192444 
113.192139 
113.192139 
113.191833 
113.192749 
113.192749 
113.193054 
113.193665 
113.193359 
113.193054 
113.191833 
113.190308 
113.190613 
113.190308 
113.190613 
113.190613 
113.191223 
113.191528 
113.191223 
113.191528 
113.191833 
113.191528 
113.191528 
113.191528 
113.191528 
113.190918 
113.190308 
113.189697 
113.189697 
113.190613 
113.191833 
113.193054 
113.193054 
113.193359 
113.193054 
113.192749 
113.192444 
113.192444 
113.192139 
113.192139 
113.192139 
113.192139 
113.191833 
113.192139 
113.192139 
113.192749 
113.193054 
113.193665 
113.193359 
113.192749 
113.191833 
113.190613 
113.190613 
113.190613 
113.190918 
113.190918 
113.191223 
113.191528 
113.191528 
113.191223 
113.191833 
113.191528 
113.191528 
113.191223 
113.191223 
113.190613 
113.190918 
113.190308 
113.190002 
113.190918 
113.191833 
113.192749 
113.193359 
113.193665 
113.193359 
113.192749 
113.192749 
113.192139 
113.192139 
113.192139 
113.191833 
113.191833 
113.192139 
113.192444 
113.192139 
113.192749 
113.193054 
113.193665 
113.193665 
113.193054 
113.191528 
113.190613 
113.190002 
113.190308 
113.190308 
113.190918 
113.191223 
113.191528 
113.191528 
113.191528 
113.191528 
113.191833 
113.191528 
113.191223 
113.190918 
113.191223 
113.190918 
113.190002 
113.189697 
113.190308 
113.191833 
113.192749 
113.193054 
113.193054 
113.193054 
113.193054 
113.192444 
113.192139 
113.192139 
113.191833 
113.191833 
113.192139 
113.192139 
113.192444 
113.192444 
113.192749 
113.193054 
113.193665 
113.193665 
113.193054 
113.191833 
113.190308 
113.190002 
113.190613 
113.190918 
113.190308 
113.190918 
113.191223 
113.191528 
113.191833 
113.191528 
113.191528 
113.191528 
113.190918 
113.191223 
113.191223 
113.190918 
113.190308 
113.190002 
113.190308 
113.191833 
113.193054 
113.193665 
113.193054 
113.193054 
113.192444 
113.192444 
113.192139 
113.192139 
113.192139 
113.192139 
113.192139 
113.192139 
113.192444 
113.192444 
113.192749 
113.193359 
113.193665 
113.193665 
113.193054 
113.192139 
113.190613 
113.190308 
113.190613 
113.190613 
113.191223 
113.191223 
113.191528 
113.191223 
113.191528 
113.191223 
113.191528 
113.191833 
113.191528 
113.191528 
113.191223 
113.190918 
113.190002 
113.189697 
113.190613 
113.192139 
113.193359 
113.193054 
113.193359 
113.193054 
113.192444 
113.192749 
113.192444 
113.191833 
113.192444 
113.192139 
113.192139 
113.192139 
113.192139 
113.192749 
113.192749 
113.193054 
113.193665 
113.193665 
113.193054 
113.192139 
113.190613 
113.190308 
113.190918 
113.190918 
113.190918 
113.191223 
113.191528 
113.191528 
113.191528 
113.191528 
113.191528 
113.191528 
113.191223 
113.190918 
113.190613 
113.190308 
113.190308 
113.189392 
113.190613 
113.191528 
113.192749 
113.193359 
113.193359 
113.193054 
113.192444 
113.192444 
113.192139 
113.192139 
113.192139 
113.192139 
113.192139 
113.191833 
113.192444 
113.192139 
113.192749 
113.193359 
113.193665 
113.193665 
113.193359 
113.191528 
113.190918 
113.190308 
113.190613 
113.190613 
113.190918 
113.191223 
113.190918 
113.191528 
113.191833 
113.191223 
113.191223 
113.191528 
113.191528 
113.191223 
113.190613 
113.190613 
113.190002 
113.189697 
113.190308 
113.192139 
113.192749 
113.193054 
113.193054 
113.193054 
113.192749 
113.192444 
113.192444 
113.192139 
113.192139 
113.192139 
113.192444 
113.192139 
113.192139 
113.192139 
113.193054 
113.193359 
113.193054 
113.193359 
113.193359 
113.191528 
113.190918 
113.190308 
113.190308 
113.190918 
113.190918 
113.191223 
113.191528 
113.191223 
113.191833 
113.191528 
113.191223 
113.191223 
113.191223 
113.190918 
113.190918 
113.190308 
113.190002 
113.189697 
113.190308 
113.191528 
113.193359 
113.193665 
113.193359 
113.193054 
113.192444 
113.192749 
113.192139 
113.191833 
113.192139 
113.192139 
113.192139 
113.192139 
113.192139 
113.192444 
113.192749 
113.193054 
113.193665 
113.193665 
113.193054 
113.191833 
113.190613 
113.190002 
113.190308 
113.190613 
113.190613 
113.190918 
113.191223 
113.191223 
113.191833 
113.191528 
113.191223 
113.191223 
113.191223 
113.191528 
113.191223 
113.190308 
113.189697 
113.189697 
113.190308 
113.191833 
113.192749 
113.193054 
113.193054 
113.193054 
113.192749 
113.192749 
113.192139 
113.192444 
113.191833 
113.192139 
113.192139 
113.191833 
113.192139 
113.192749 
113.192749 
113.193054 
113.193665 
113.193970 
113.193054 
113.191528 
113.190613 
113.190308 
113.190308 
113.190613 
113.190918 
113.191528 
113.191223 
113.191223 
113.191528 
113.191528 
113.191528 
113.191528 
113.191223 
113.191223 
113.190918 
113.190308 
113.190308 
113.190002 
113.190613 
113.192139 
113.192749 
113.193054 
113.193359 
113.193359 
113.192444 
113.192444 
113.191833 
113.191833 
113.192139 
113.192139 
113.191833 
113.192139 
113.192139 
113.192749 
113.193054 
113.192749 
113.193665 
113.193970 
113.193359 
113.191833 
113.190613 
113.190613 
113.190613 
113.190613 
113.190613 
113.190918 
113.191528 
113.191833 
113.191528 
113.191223 
113.191528 
113.191223 
113.191223 
113.191223 
113.190613 
113.190002 
113.189697 
113.190002 
113.190613 
113.191833 
113.193359 
113.193665 
113.193359 
113.193054 
113.192749 
113.192749 
113.192444 
113.192139 
113.192139 
113.192139 
113.192139 
113.192139 
113.192749 
113.192444 
113.192749 
113.193359 
113.193665 
113.193359 
113.193359 
113.191833 
113.190613 
113.190308 
113.190613 
113.190613 
113.190918 
113.190918 
113.190918 
113.191833 
113.191223 
113.191528 
113.191528 
113.190918 
113.191223 
113.191223 
113.190918 
113.190613 
113.190002 
113.189697 
113.190918 
113.191528 
113.192749 
113.193054 
113.193054 
113.193054 
113.192749 
113.192444 
113.192444 
113.192444 
113.192139 
113.192139 
113.192139 
113.192139 
113.192444 
113.192444 
113.192749 
113.193054 
113.193665 
113.193665 
113.192749 
113.191528 
113.190613 
113.190613 
113.190002 
113.190613 
113.190613 
113.190918 
113.191223 
113.191528 
113.191528 
113.191223 
113.191223 
113.191528 
113.191528 
113.190918 
113.190613 
113.190613 
113.190002 
113.189697 
113.190918 
113.191833 
113.193054 
113.193054 
113.193359 
113.192749 
113.192749 
113.192749 
113.192139 
113.191833 
113.192139 
113.192139 
113.192444 
113.192444 
113.192444 
113.192749 
113.192749 
113.193359 
113.193665 
113.193970 
113.193054 
113.191528 
113.190613 
113.190308 
113.190308 
113.190613 
113.191223 
113.191223 
113.191528 
113.191833 
113.191528 
113.191223 
113.191223 
113.191223 
113.191528 
113.190918 
113.191223 
113.190308 
113.190308 
113.190002 
113.190918 
113.191528 
113.193054 
113.193359 
113.193359 
113.193054 
113.193054 
113.192749 
113.192444 
113.192139 
113.192444 
113.192139 
113.192444 
113.191833 
113.192139 
113.192444 
113.192749 
113.193359 
113.193359 
113.193970 
113.193054 
113.191833 
113.190613 
113.190308 
113.190308 
113.190613 
113.190613 
113.190613 
113.191223 
113.191833 
113.191833 
113.191528 
113.191528 
113.191528 
113.190918 
113.191223 
113.191223 
113.190308 
113.190002 
113.189697 
113.190002 
113.191833 
113.192749 
113.193054 
113.193054 
113.193359 
113.193054 
113.192444 
113.192444 
113.192139 
113.191528 
113.191833 
113.192139 
113.192139 
113.192444 
113.192749 
113.192749 
113.192749 
113.193359 
113.193359 
113.192139 
113.190613 
113.188782 
113.187561 
113.186646 
113.185120 
113.184204 
113.182678 
113.180847 
113.178711 
113.175659 
113.172302 
113.168640 
113.164368 
113.159485 
113.154297 
113.148804 
113.142395 
113.135986 
113.128967 
113.122253 
113.116455 
113.110046 
113.102417 
113.093872 
113.084717 
113.075256 
113.065491 
113.055420 
113.044434 
113.033447 
113.022461 
113.011169 
112.999573 
112.987976 
112.976990 
112.965088 
112.953491 
112.942810 
112.931213 
112.919006 
112.906189 
112.893372 
112.881775 
112.870789 
112.860107 
112.849121 
112.839050 
112.828979 
112.818909 
112.808533 
112.798157 
112.788696 
112.778320 
112.767944 
112.758179 
112.747498 
112.736816 
112.726135 
112.715759 
112.706299 
112.697449 
112.688293 
112.678528 
112.668457 
112.658081 
112.647705 
112.637634 
112.626953 
112.615967 
112.605896 
112.595825 
112.585144 
112.574158 
112.564392 
112.554321 
112.544250 
112.534485 
112.524414 
112.514648 
112.503662 
112.491760 
112.480469 
112.470093 
112.459717 
112.449951 
112.439270 
112.429504 
112.419128 
112.409668 
112.399292 
112.389526 
112.379150 
112.368774 
112.358704 
112.348328 
112.337952 
112.327271 
112.315979 
112.305603 
112.296143 
112.286987 
112.277832 
112.267456 
112.257996 
112.247620 
112.237549 
112.226563 
112.216492 
112.205811 
112.195129 
112.185059 
112.174988 
112.164307 
112.154541 
112.144165 
112.134094 
112.124634 
112.114563 
112.104492 
112.093811 
112.082214 
112.070923 
112.060242 
112.050171 
112.039490 
112.029419 
112.019653 
112.009277 
111.999512 
111.989136 
111.979065 
111.968994 
111.958313 
111.947632 
111.937256 
111.926270 
111.915894 
111.904602 
111.894226 
111.884155 
111.875000 
111.865234 
111.856079 
111.845093 
111.835327 
111.824341 
111.813965 
111.803284 
111.792603 
111.781921 
111.771851 
111.760864 
111.750793 
111.741028 
111.730347 
111.720886 
111.710815 
111.701355 
111.690979 
111.680298 
111.668701 
111.656799 
111.646729 
111.636047 
111.625061 
111.615295 
111.606140 
111.595764 
111.585693 
111.575623 
111.565247 
111.555176 
111.545715 
111.535034 
111.524658 
111.514282 
111.503601 
111.493225 
111.481628 
111.472473 
111.463318 
111.454163 
111.444702 
111.434021 
111.423950 
111.413879 
111.403198 
111.392822 
111.382446 
111.371765 
111.361389 
111.351318 
111.340942 
111.329956 
111.319580 
111.309814 
111.300049 
111.290283 
111.280823 
111.269531 
111.258240 
111.246643 
111.236267 
111.225891 
111.215820 
111.206055 
111.196289 
111.185608 
111.175842 
111.165161 
111.155090 
111.145325 
111.135254 
111.125183 
111.114807 
111.104126 
111.093445 
111.083069 
111.072693 
111.063232 
111.054077 
111.044922 
111.035461 
111.025391 
111.014709 
111.004028 
110.993958 
110.982971 
110.972900 
110.961914 
110.951538 
110.941162 
110.930786 
110.920410 
110.910034 
110.900269 
110.889893 
110.879822 
110.870056 
110.858459 
110.846863 
110.835266 
110.824280 
110.814209 
110.804138 
110.793762 
110.783386 
110.773926 
110.763550 
110.753479 
110.743408 
110.733032 
110.722656 
110.712585 
110.702209 
110.691223 
110.680237 
110.669861 
110.659485 
110.649719 
110.640869 
110.631409 
110.621643 
110.611572 
110.601501 
110.590820 
110.580139 
110.569763 
110.559082 
110.549011 
110.538025 
110.527344 
110.517273 
110.506897 
110.497437 
110.487061 
110.476990 
110.467834 
110.457764 
110.446777 
110.435486 
110.424194 
110.413513 
110.402832 
110.393066 
110.382385 
110.372620 
110.362549 
110.352783 
110.342407 
110.332336 
110.322266 
110.312195 
110.301514 
110.291443 
110.281372 
110.270386 
110.260315 
110.249634 
110.240479 
110.231628 
110.223389 
110.215149 
110.206299 
110.198059 
110.189514 
110.181274 
110.173645 
110.166931 
110.159912 
110.153809 
110.147705 
110.142822 
110.137634 
110.133057 
110.129395 
110.126038 
110.123291 
110.120850 
110.117188 
110.114136 
110.111389 
110.109253 
110.108032 
110.107422 
110.106812 
110.106812 
110.106812 
110.107117 
110.106812 
110.107117 
110.106812 
110.107117 
110.107422 
110.107117 
110.106812 
110.106201 
110.106201 
110.106201 
110.106506 
110.107727 
110.108948 
110.109558 
110.109558 
110.109863 
110.109558 
110.109253 
110.108948 
110.108948 
110.108948 
110.108643 
110.109253 
110.109253 
110.109253 
110.110168 
110.110168 
110.110474 
110.111389 
110.110779 
110.110779 
110.109253 
110.108948 
110.108337 
110.108337 
110.108643 
110.108948 
110.109253 
110.109253 
110.109558 
110.109253 
110.110168 
110.109863 
110.109863 
110.109558 
110.109558 
110.109253 
110.108643 
110.108643 
110.108337 
110.108643 
110.110474 
110.111694 
110.112000 
110.112000 
110.112000 
110.111389 
110.111389 
110.111389 
110.110779 
110.110779 
110.111084 
110.110779 
110.110779 
110.111389 
110.110779 
110.111694 
110.112000 
110.112000 
110.112610 
110.112000 
110.110474 
110.109558 
110.108948 
110.109253 
110.109253 
110.109863 
110.109558 
110.110168 
110.110168 
110.110168 
110.110474 
110.110168 
110.110168 
110.110168 
110.110168 
110.109558 
110.108643 
