Blum, K. P., D’Incamps, B. L., Zytnicki, D., & Ting, L. H. (2017).
Force encoding in muscle spindles during stretch of
passive muscle. PLoS computational biology, 13(9), 
e1005767. <https://journals.plos.org/ploscompbiol/article?
id=10.1371/journal.pcbi.1005767>

cat medial gastrocnemius muscle lengths over t  (in 0.0005 s increments)
110.110474 
110.110168 
110.109863 
110.109863 
110.109558 
110.109558 
110.109558 
110.109558 
110.110168 
110.110168 
110.110168 
110.111084 
110.111084 
110.111084 
110.110168 
110.108948 
110.108643 
110.108032 
110.108643 
110.108948 
110.108948 
110.109253 
110.109863 
110.109863 
110.109863 
110.110168 
110.109863 
110.110168 
110.110168 
110.109863 
110.109558 
110.108948 
110.108948 
110.108643 
110.109558 
110.110779 
110.111084 
110.111084 
110.111084 
110.110779 
110.110474 
110.110168 
110.110168 
110.109558 
110.109863 
110.109863 
110.109253 
110.109863 
110.109863 
110.110168 
110.110168 
110.110779 
110.110779 
110.111084 
110.110168 
110.108948 
110.108337 
110.108032 
110.108337 
110.108337 
110.109253 
110.109558 
110.109863 
110.109558 
110.110474 
110.110168 
110.110168 
110.110168 
110.109863 
110.109558 
110.109558 
110.108948 
110.108643 
110.108948 
110.109558 
110.110474 
110.111084 
110.110779 
110.111084 
110.110779 
110.110779 
110.110168 
110.110168 
110.109558 
110.109558 
110.109558 
110.109253 
110.109863 
110.109558 
110.109558 
110.110474 
110.110779 
110.111084 
110.111389 
110.110168 
110.108948 
110.108032 
110.108337 
110.108643 
110.108948 
110.109253 
110.109558 
110.109863 
110.109558 
110.110168 
110.109863 
110.109863 
110.110168 
110.110168 
110.110168 
110.110474 
110.110474 
110.111084 
110.111694 
110.114136 
110.116882 
110.119629 
110.122070 
110.124512 
110.127258 
110.130615 
110.133972 
110.137939 
110.142517 
110.147705 
110.153198 
110.159607 
110.166321 
110.173035 
110.180664 
110.188904 
110.197449 
110.205994 
110.214539 
110.222473 
110.230103 
110.238953 
110.248108 
110.257568 
110.267334 
110.277710 
110.288086 
110.298157 
110.308838 
110.319519 
110.329895 
110.340271 
110.351257 
110.362244 
110.373230 
110.384521 
110.396423 
110.408020 
110.420532 
110.433655 
110.447388 
110.461121 
110.474548 
110.487366 
110.500488 
110.513611 
110.525818 
110.538635 
110.552063 
110.564270 
110.576172 
110.587769 
110.599670 
110.611267 
110.622559 
110.633850 
110.644836 
110.655518 
110.665894 
110.675354 
110.683899 
110.693359 
110.702820 
110.712891 
110.722961 
110.732727 
110.742798 
110.752869 
110.762939 
110.772400 
110.781250 
110.791321 
110.800781 
110.810547 
110.819397 
110.828857 
110.838013 
110.846863 
110.856628 
110.867310 
110.878296 
110.888672 
110.898132 
110.907898 
110.917664 
110.927429 
110.936584 
110.946350 
110.955811 
110.965881 
110.975342 
110.985718 
110.996094 
111.005859 
111.016541 
111.026917 
111.038208 
111.047974 
111.058350 
111.068420 
111.076965 
111.086731 
111.096497 
111.106873 
111.117554 
111.128235 
111.138916 
111.149292 
111.160278 
111.170349 
111.180725 
111.191406 
111.201782 
111.211548 
111.221313 
111.231689 
111.241455 
111.250916 
111.261292 
111.272278 
111.284180 
111.295166 
111.305542 
111.315613 
111.325378 
111.336060 
111.346130 
111.355896 
111.365662 
111.376343 
111.386414 
111.396484 
111.406860 
111.417236 
111.427612 
111.438293 
111.449585 
111.460266 
111.470947 
111.480103 
111.489868 
111.499634 
111.510010 
111.519775 
111.531067 
111.541443 
111.552124 
111.562805 
111.573486 
111.583862 
111.593933 
111.604309 
111.614685 
111.624451 
111.634827 
111.645203 
111.654968 
111.664429 
111.674805 
111.685791 
111.697083 
111.707764 
111.718140 
111.728210 
111.737976 
111.747742 
111.757507 
111.766968 
111.777344 
111.787109 
111.796875 
111.807556 
111.817627 
111.828003 
111.838379 
111.849060 
111.859131 
111.869507 
111.880188 
111.888733 
111.897583 
111.907349 
111.916809 
111.927185 
111.937256 
111.947937 
111.958313 
111.969299 
111.979370 
111.989441 
111.999817 
112.009888 
112.019958 
112.029724 
112.039490 
112.049255 
112.059021 
112.068176 
112.078552 
112.088928 
112.100525 
112.111206 
112.121582 
112.131348 
112.141724 
112.151489 
112.160950 
112.170715 
112.180786 
112.190552 
112.200317 
112.210999 
112.220764 
112.231140 
112.241516 
112.251892 
112.262268 
112.273254 
112.283325 
112.293091 
112.301941 
112.311096 
112.321472 
112.331543 
112.342529 
112.352600 
112.363281 
112.373962 
112.384644 
112.395020 
112.405090 
112.415466 
112.425842 
112.436218 
112.446289 
112.456055 
112.465515 
112.475891 
112.485657 
112.496948 
112.507935 
112.519226 
112.529602 
112.539673 
112.549438 
112.559509 
112.569580 
112.579041 
112.589417 
112.599792 
112.609558 
112.619934 
112.630615 
112.640991 
112.651672 
112.661743 
112.672424 
112.683105 
112.693481 
112.702942 
112.712097 
112.721252 
112.731628 
112.742004 
112.752380 
112.763367 
112.774048 
112.784119 
112.794800 
112.804565 
112.814941 
112.825317 
112.835693 
112.845764 
112.855835 
112.865295 
112.874756 
112.884827 
112.894287 
112.905884 
112.917480 
112.928467 
112.938843 
112.947998 
112.958374 
112.968140 
112.977600 
112.987671 
112.997437 
113.007202 
113.016968 
113.027039 
113.037415 
113.047485 
113.057556 
113.067627 
113.077393 
113.086548 
113.095398 
113.103333 
113.110657 
113.117981 
113.125916 
113.133240 
113.140564 
113.147583 
113.154602 
113.160706 
113.166504 
113.171997 
113.176270 
113.180847 
113.184814 
113.187256 
113.190002 
113.192444 
113.194275 
113.194885 
113.196106 
113.197327 
113.198853 
113.198853 
113.197937 
113.196411 
113.194885 
113.192139 
113.189392 
113.185425 
113.181763 
113.177490 
113.172607 
113.167419 
113.161621 
113.155823 
113.149414 
113.142700 
113.135681 
113.128357 
113.120728 
113.110962 
113.101501 
113.092041 
113.082581 
113.073425 
113.063660 
113.054504 
113.044128 
113.034058 
113.023987 
113.013306 
113.002319 
112.991638 
112.980347 
112.968445 
112.956848 
112.945557 
112.933350 
112.921448 
112.910461 
112.899475 
112.888489 
112.876892 
112.865295 
112.853699 
112.841492 
112.829590 
112.817383 
112.804871 
112.793579 
112.781677 
112.769775 
112.758179 
112.746887 
112.735291 
112.723999 
112.713623 
112.702332 
112.691345 
112.680054 
112.668152 
112.655640 
112.643738 
112.632751 
112.621765 
112.611084 
112.600403 
112.590027 
112.579041 
112.568970 
112.558289 
112.547302 
112.536926 
112.526550 
112.515564 
112.504578 
112.493896 
112.482605 
112.471924 
112.461548 
112.451477 
112.442322 
112.432861 
112.422180 
112.410889 
112.401123 
112.390137 
112.379456 
112.368774 
112.358093 
112.347107 
112.336731 
112.326965 
112.316589 
112.306213 
112.296143 
112.285767 
112.276001 
112.265320 
112.255554 
112.244263 
112.232056 
112.221680 
112.210388 
112.200928 
112.190552 
112.180481 
112.170715 
112.160339 
112.150574 
112.139893 
112.129517 
112.119141 
112.109070 
112.097473 
112.087097 
112.076416 
112.065125 
112.054138 
112.043762 
112.033691 
112.024536 
112.014771 
112.004395 
111.993713 
111.983032 
111.971741 
111.961060 
111.949768 
111.938782 
111.928406 
111.917419 
111.906738 
111.896667 
111.886292 
111.875610 
111.865234 
111.855469 
111.845398 
111.834717 
111.823425 
111.811523 
111.800232 
111.789551 
111.779175 
111.769104 
111.758118 
111.748657 
111.738586 
111.727905 
111.717529 
111.707153 
111.696777 
111.685791 
111.675720 
111.664734 
111.653748 
111.642456 
111.631775 
111.620789 
111.611328 
111.602173 
111.592102 
111.581726 
111.571045 
111.560364 
111.549683 
111.539001 
111.528320 
111.517639 
111.506958 
111.496887 
111.486511 
111.476135 
111.466064 
111.455994 
111.446228 
111.436462 
111.426697 
111.416321 
111.405640 
111.394348 
111.383667 
111.373291 
111.363525 
111.353455 
111.343384 
111.333618 
111.323242 
111.313477 
111.303711 
111.293945 
111.283264 
111.273499 
111.262817 
111.252747 
111.241760 
111.231384 
111.220703 
111.210632 
111.201477 
111.192322 
111.182556 
111.172180 
111.161804 
111.151123 
111.141052 
111.130066 
111.119690 
111.109009 
111.098633 
111.087952 
111.078186 
111.067810 
111.057739 
111.047668 
111.037598 
111.027832 
111.017761 
111.007385 
110.995789 
110.984497 
110.973816 
110.962830 
110.952759 
110.942383 
110.932312 
110.922241 
110.912476 
110.902405 
110.891724 
110.881653 
110.870972 
110.860596 
110.849609 
110.838928 
110.827942 
110.816650 
110.805969 
110.795593 
110.785828 
110.776672 
110.766907 
110.756531 
110.746155 
110.735779 
110.724487 
110.713806 
110.702820 
110.692444 
110.682068 
110.671387 
110.661316 
110.650940 
110.640564 
110.630798 
110.620117 
110.610352 
110.600586 
110.589905 
110.578613 
110.566711 
110.556030 
110.545349 
110.535278 
110.524902 
110.515137 
110.505066 
110.495300 
110.485229 
110.475159 
110.464783 
110.455322 
110.444641 
110.433960 
110.423584 
110.412903 
110.402222 
110.391846 
110.381165 
110.371704 
110.362854 
110.353394 
110.343018 
110.332336 
110.321960 
110.311890 
110.301208 
110.290222 
110.279846 
110.269470 
110.259705 
110.249023 
110.239258 
110.228577 
110.219116 
110.209961 
110.200806 
110.191956 
110.183716 
110.174255 
110.165405 
110.157166 
110.150146 
110.143738 
110.137634 
110.132446 
110.127869 
110.123596 
110.120239 
110.116577 
110.113831 
110.111084 
110.108948 
110.107727 
110.105896 
110.105591 
110.105286 
110.105591 
110.105591 
110.108032 
110.110779 
110.112915 
110.115662 
110.118103 
110.121460 
110.124817 
110.129395 
110.134583 
110.139771 
110.146179 
110.152893 
110.159912 
110.167847 
110.175781 
110.184326 
110.194092 
110.203552 
110.213318 
110.222778 
110.231934 
110.240784 
110.250854 
110.260925 
110.271606 
110.283203 
110.294189 
110.305481 
110.317078 
110.328674 
110.340576 
110.351868 
110.362549 
110.374146 
110.385132 
110.396729 
110.407104 
110.418396 
110.428467 
110.439453 
110.451355 
110.463562 
110.474854 
110.485535 
110.496216 
110.506287 
110.516357 
110.526733 
110.536804 
110.546570 
110.557556 
110.567627 
110.577698 
110.588379 
110.598755 
110.609131 
110.619507 
110.630188 
110.640869 
110.651245 
110.660400 
110.669250 
110.678711 
110.689087 
110.699158 
110.709839 
110.720520 
110.731201 
110.741577 
110.752258 
110.762939 
110.773010 
110.783081 
110.793152 
110.803528 
110.812988 
110.822754 
110.832520 
110.842285 
110.852661 
110.864258 
110.875854 
110.885925 
110.895996 
110.906067 
110.915833 
110.925903 
110.935974 
110.945740 
110.955200 
110.965271 
110.975647 
110.985413 
110.995789 
111.006165 
111.016541 
111.027222 
111.038208 
111.048584 
111.058655 
111.068115 
111.076660 
111.085815 
111.096497 
111.106873 
111.117249 
111.127930 
111.138000 
111.148682 
111.159363 
111.169434 
111.179810 
111.189880 
111.200256 
111.210022 
111.219788 
111.229553 
111.239319 
111.249390 
111.258850 
111.269836 
111.281128 
111.291809 
111.302490 
111.312561 
111.322327 
111.332092 
111.342468 
111.352234 
111.362305 
111.372681 
111.381836 
111.392517 
111.402588 
111.413574 
111.423645 
111.434326 
111.445007 
111.455688 
111.466064 
111.475525 
111.484680 
111.494751 
111.504822 
111.515198 
111.525574 
111.535950 
111.546936 
111.558228 
111.568298 
111.578979 
111.589355 
111.599121 
111.609192 
111.619568 
111.629639 
111.639099 
111.649475 
111.659546 
111.669312 
111.680603 
111.691895 
111.702881 
111.713257 
111.723328 
111.732788 
111.742554 
111.752319 
111.762390 
111.772156 
111.781921 
111.792297 
111.802368 
111.812744 
111.823120 
111.833801 
111.844177 
111.854858 
111.865234 
111.875305 
111.884460 
111.893616 
111.903076 
111.913147 
111.923218 
111.933594 
111.944275 
111.954956 
111.965637 
111.976013 
111.986389 
111.996460 
112.006836 
112.016602 
112.026978 
112.036743 
112.046204 
112.056274 
112.065735 
112.075806 
112.087097 
112.098389 
112.109070 
112.119446 
112.129517 
112.139282 
112.149353 
112.159119 
112.169189 
112.178650 
112.189026 
112.199097 
112.209167 
112.219238 
112.229614 
112.239990 
112.250366 
112.261353 
112.271729 
112.281799 
112.291260 
112.300110 
112.309875 
112.319946 
112.330322 
112.341003 
112.351074 
112.362061 
112.372437 
112.383118 
112.393188 
112.403564 
112.413330 
112.424011 
112.434082 
112.443848 
112.453613 
112.463074 
112.473145 
112.483215 
112.494507 
112.506104 
112.516785 
112.526855 
112.536926 
112.546692 
112.556763 
112.566833 
112.576294 
112.586975 
112.596741 
112.606506 
112.617188 
112.627258 
112.638245 
112.648315 
112.658997 
112.669983 
112.680054 
112.690430 
112.699890 
112.708435 
112.718201 
112.728271 
112.738647 
112.748718 
112.759705 
112.770081 
112.780457 
112.791138 
112.801514 
112.812195 
112.821960 
112.832031 
112.842102 
112.852783 
112.861633 
112.871094 
112.881165 
112.891235 
112.902832 
112.914429 
112.925110 
112.934570 
112.944946 
112.954712 
112.964172 
112.974243 
112.983704 
112.993774 
113.003540 
113.014221 
113.023682 
113.033752 
113.043823 
113.054199 
113.063965 
113.074036 
113.084412 
113.092651 
113.100586 
113.107910 
113.114929 
113.122864 
113.130798 
113.138123 
113.145447 
113.152161 
113.158264 
113.164063 
113.169556 
113.174133 
113.178101 
113.182068 
113.185730 
113.187866 
113.190308 
113.192139 
113.193054 
113.194275 
113.195801 
113.197021 
113.197327 
113.196716 
113.195190 
113.193359 
113.191223 
113.188171 
113.184814 
113.181152 
113.177490 
113.172302 
113.167419 
113.161926 
113.155823 
113.149719 
113.143005 
113.136597 
113.129272 
113.120422 
113.111267 
113.101807 
113.092041 
113.082886 
113.074036 
113.064270 
113.055115 
113.044739 
113.034668 
113.023987 
113.013916 
113.002625 
112.991638 
112.980347 
112.968750 
112.957153 
112.945251 
112.933044 
112.921143 
112.909851 
112.898865 
112.887573 
112.876587 
112.864685 
112.852783 
112.840576 
112.828369 
112.816162 
112.804260 
112.792664 
112.780762 
112.769165 
112.757568 
112.746277 
112.734375 
112.723389 
112.712708 
112.701416 
112.690430 
112.679443 
112.666931 
112.654724 
112.643127 
112.632141 
112.621460 
112.610779 
112.600098 
112.589417 
112.579041 
112.568359 
112.557983 
112.547607 
112.536926 
112.526245 
112.515564 
112.504578 
112.493286 
112.483215 
112.471924 
112.461548 
112.452393 
112.443237 
112.433472 
112.422485 
112.412109 
112.401123 
112.390442 
112.380066 
112.369385 
112.358398 
112.348022 
112.337646 
112.327576 
112.317505 
112.307129 
112.296753 
112.287292 
112.277527 
112.266846 
112.256470 
112.245483 
112.233582 
112.222595 
112.212524 
112.201843 
112.191772 
112.182312 
112.171936 
112.162170 
112.151794 
112.142029 
112.131348 
112.120667 
112.110291 
112.099304 
112.088318 
112.077637 
112.066650 
112.055969 
112.045593 
112.036743 
112.026367 
112.016602 
112.005920 
111.995239 
111.984558 
111.973572 
111.962891 
111.951599 
111.940308 
111.929932 
111.918945 
111.908264 
111.897583 
111.887512 
111.877136 
111.867065 
111.856689 
111.846313 
111.835938 
111.824036 
111.812744 
111.801453 
111.790466 
111.780090 
111.769409 
111.759338 
111.749573 
111.739197 
111.729126 
111.718445 
111.707458 
111.697388 
111.686707 
111.675415 
111.665039 
111.653748 
111.642151 
111.631165 
111.621094 
111.611938 
111.602478 
111.592712 
111.582336 
111.571960 
111.561279 
111.550598 
111.539917 
111.528931 
111.519165 
111.509094 
111.498718 
111.488342 
111.477966 
111.467896 
111.458130 
111.448669 
111.438904 
111.428833 
111.419067 
111.408081 
111.396179 
111.385803 
111.375122 
111.365356 
111.354980 
111.344910 
111.335449 
111.325073 
111.315002 
111.304932 
111.294556 
111.284180 
111.273804 
111.263733 
111.252747 
111.242676 
111.231995 
111.221619 
111.211243 
111.202393 
111.193237 
111.183167 
111.173401 
111.162415 
111.151428 
111.141052 
111.130676 
111.119995 
111.109619 
111.098938 
111.088867 
111.078491 
111.068726 
111.058350 
111.048584 
111.039124 
111.029358 
111.019287 
111.008301 
110.997009 
110.985413 
110.974121 
110.963745 
110.953369 
110.943298 
110.933228 
110.923462 
110.913086 
110.903015 
110.892639 
110.882568 
110.872498 
110.861511 
110.850830 
110.839844 
110.829468 
110.818176 
110.807800 
110.797424 
110.787964 
110.778198 
110.768738 
110.757751 
110.747375 
110.736694 
110.726013 
110.714722 
110.704041 
110.693359 
110.682678 
110.672302 
110.661926 
110.651855 
110.641479 
110.631104 
110.621338 
110.611572 
110.601196 
110.591431 
110.579834 
110.568237 
110.557251 
110.546570 
110.536194 
110.526733 
110.516357 
110.506287 
110.496521 
110.486450 
110.476074 
110.466003 
110.455933 
110.445862 
110.435181 
110.424805 
110.414124 
110.403137 
110.393066 
110.382385 
110.373230 
110.364380 
110.354614 
110.343933 
110.333557 
110.323181 
110.312500 
110.301819 
110.290833 
110.280762 
110.270081 
110.260315 
110.250244 
110.239563 
110.229492 
110.220337 
110.211182 
110.202637 
110.193481 
110.184631 
110.175171 
110.166016 
110.158081 
110.151062 
110.144348 
110.138855 
110.133667 
110.128479 
110.124207 
110.121460 
110.117493 
110.114441 
110.112305 
110.109863 
110.108337 
110.106812 
110.106201 
110.105286 
110.105286 
110.106506 
110.108643 
110.110474 
110.113525 
110.116272 
110.118713 
110.122070 
110.126038 
110.130310 
110.135498 
110.141602 
110.146790 
110.153809 
110.161133 
110.169373 
110.177307 
110.186462 
110.195923 
110.205383 
110.215454 
110.224915 
110.233765 
110.243225 
110.253296 
110.263672 
110.274048 
110.285950 
110.296936 
110.307922 
110.319214 
110.330505 
110.341492 
110.352783 
110.363770 
110.374451 
110.385437 
110.396729 
110.407104 
110.417175 
110.427856 
110.438843 
110.450439 
110.461731 
110.473022 
110.483093 
110.493774 
110.504150 
110.514526 
110.524597 
110.534363 
110.544434 
110.555115 
110.565491 
110.575867 
110.585938 
110.596008 
110.606995 
110.617371 
110.628052 
110.639038 
110.648804 
110.657959 
110.667114 
110.677185 
110.687256 
110.697632 
110.708313 
110.718689 
110.729370 
110.739746 
110.750122 
110.760803 
110.770874 
110.781250 
110.791016 
110.801392 
110.811462 
110.820923 
110.830383 
110.840454 
110.851135 
110.862122 
110.873413 
110.884399 
110.894470 
110.904541 
110.914612 
110.924377 
110.934143 
110.943604 
110.953674 
110.964050 
110.973511 
110.983887 
110.993958 
111.004944 
111.015015 
111.025696 
111.036377 
111.047058 
111.057129 
111.065979 
111.075134 
111.084595 
111.094360 
111.105042 
111.115723 
111.125793 
111.136475 
111.147156 
111.157837 
111.167603 
111.178589 
111.188660 
111.198425 
111.208191 
111.218262 
111.228333 
111.237793 
111.247864 
111.257629 
111.269226 
111.280518 
111.290894 
111.301270 
111.310730 
111.321106 
111.331177 
111.340942 
111.351318 
111.361084 
111.370850 
111.381226 
111.391296 
111.401672 
111.412354 
111.423035 
111.433105 
111.443787 
111.454468 
111.464233 
111.473694 
111.483154 
111.492920 
111.502991 
111.513672 
111.524353 
111.534729 
111.545410 
111.556091 
111.566467 
111.576843 
111.587219 
111.597290 
111.607666 
111.617126 
111.627197 
111.637268 
111.647034 
111.657410 
111.667786 
111.679077 
111.690369 
111.701050 
111.711121 
111.721497 
111.731262 
111.741333 
111.750793 
111.760864 
111.770630 
111.780396 
111.790771 
111.801147 
111.811523 
111.821594 
111.831970 
111.842651 
111.853333 
111.863708 
111.873474 
111.882629 
111.891785 
111.901550 
111.911316 
111.921997 
111.932068 
111.942749 
111.953430 
111.963806 
111.974182 
111.984863 
111.994934 
112.005005 
112.014771 
112.025146 
112.034912 
112.044678 
112.054443 
112.064209 
112.074585 
112.086182 
112.097168 
112.107849 
112.117920 
112.127991 
112.137451 
112.147522 
112.157288 
112.167053 
112.177124 
112.186890 
112.197571 
112.207947 
112.218018 
112.228394 
112.238770 
112.249451 
112.260437 
112.270813 
112.280579 
112.289429 
112.298279 
112.308350 
112.318420 
112.329102 
112.339172 
112.350159 
112.360535 
112.370911 
112.380981 
112.391663 
112.402039 
112.412109 
112.422485 
112.432861 
112.442627 
112.451782 
112.462158 
112.471619 
112.481995 
112.493591 
112.505188 
112.515259 
112.525940 
112.535400 
112.545471 
112.555237 
112.565308 
112.575073 
112.585449 
112.595215 
112.605591 
112.615662 
112.626038 
112.636414 
112.646484 
112.657471 
112.668457 
112.678833 
112.688599 
112.697754 
112.706909 
112.716370 
112.727051 
112.736816 
112.747803 
112.758179 
112.768555 
112.779236 
112.789917 
112.800293 
112.810059 
112.820435 
112.830505 
112.840271 
112.850342 
112.860107 
112.869568 
112.879639 
112.890320 
112.901611 
112.912598 
112.923279 
112.933350 
112.943115 
112.952881 
112.962646 
112.972412 
112.982483 
112.991943 
113.002319 
113.012390 
113.022156 
113.032532 
113.041992 
113.052063 
113.062744 
113.072815 
113.081970 
113.090820 
113.098450 
113.106079 
113.113403 
113.121643 
113.129272 
113.136902 
113.143616 
113.150635 
113.156738 
113.162842 
113.168030 
113.172913 
113.177490 
113.180847 
113.184509 
113.187256 
113.189392 
113.190918 
113.192444 
113.193970 
113.195801 
113.197021 
113.197021 
113.196411 
113.195190 
113.193359 
113.191223 
113.188171 
113.184814 
113.181152 
113.177185 
113.172607 
113.167114 
113.162537 
113.156433 
113.149719 
113.143921 
113.136902 
113.129578 
113.121033 
113.112183 
113.102112 
113.092957 
113.084106 
113.074341 
113.065186 
113.055420 
113.045654 
113.035889 
113.025208 
113.014526 
113.003845 
112.992859 
112.981567 
112.970276 
112.958374 
112.946472 
112.934265 
112.921753 
112.911072 
112.900391 
112.889099 
112.877808 
112.865906 
112.854004 
112.841797 
112.829895 
112.817993 
112.805176 
112.793884 
112.781982 
112.770386 
112.759094 
112.747498 
112.735596 
112.724304 
112.713623 
112.702942 
112.692261 
112.680359 
112.668152 
112.655640 
112.644348 
112.633667 
112.622681 
112.612000 
112.601929 
112.591248 
112.580872 
112.570190 
112.559204 
112.548523 
112.538147 
112.527466 
112.516785 
112.506104 
112.494507 
112.484131 
112.473145 
112.463074 
112.453918 
112.445068 
112.434387 
112.424011 
112.413025 
112.402649 
112.391968 
112.381287 
112.370300 
112.359924 
112.349548 
112.338867 
112.329102 
112.318726 
112.308350 
112.298584 
112.288818 
112.278748 
112.268066 
112.257996 
112.246094 
112.234802 
112.223816 
112.213745 
112.203674 
112.193298 
112.183838 
112.173157 
112.163391 
112.153320 
112.142944 
112.132874 
112.122192 
112.110901 
112.100220 
112.089844 
112.079163 
112.067871 
112.057190 
112.046814 
112.037659 
112.028198 
112.018127 
112.006836 
111.996460 
111.985779 
111.974487 
111.963501 
111.952209 
111.941528 
111.930847 
111.920166 
111.909485 
111.899109 
111.888733 
111.878357 
111.868591 
111.857910 
111.847839 
111.837158 
111.824951 
111.813660 
111.802368 
111.791382 
111.780701 
111.770325 
111.760254 
111.750183 
111.739807 
111.729431 
111.718750 
111.708374 
111.697693 
111.687012 
111.676331 
111.665344 
111.654968 
111.643372 
111.632690 
111.621704 
111.613159 
111.603394 
111.593933 
111.583557 
111.572876 
111.562805 
111.552124 
111.541138 
111.530762 
111.520691 
111.510315 
111.499939 
111.489563 
111.479492 
111.469421 
111.459656 
111.449585 
111.439819 
111.430359 
111.419678 
111.408386 
111.397095 
111.386414 
111.376343 
111.366272 
111.356506 
111.346436 
111.337280 
111.326904 
111.317139 
111.307068 
111.296692 
111.286926 
111.276550 
111.265564 
111.254883 
111.244507 
111.233826 
111.223450 
111.213074 
111.203918 
111.195068 
111.184692 
111.174622 
111.164246 
111.153564 
111.143188 
111.132202 
111.121826 
111.111145 
111.100769 
111.090088 
111.080017 
111.069946 
111.059875 
111.049805 
111.040344 
111.030273 
111.020508 
111.009827 
110.997925 
110.986938 
110.975952 
110.965576 
110.955505 
110.945435 
110.935669 
110.924988 
110.915222 
110.904846 
110.894775 
110.884094 
110.873718 
110.863037 
110.852051 
110.841675 
110.830688 
110.819702 
110.809021 
110.798645 
110.789185 
110.779419 
110.769348 
110.758972 
110.748291 
110.737915 
110.726624 
110.716248 
110.705261 
110.694580 
110.684204 
110.673523 
110.663147 
110.653076 
110.642700 
110.632629 
110.622559 
110.613098 
110.603027 
110.592041 
110.580444 
110.569458 
110.558472 
110.548401 
110.537720 
110.527954 
110.517883 
110.508118 
110.498352 
110.488281 
110.478210 
110.467834 
110.457764 
110.447693 
110.437012 
110.426331 
110.415955 
110.404968 
110.394287 
110.384216 
110.375366 
110.366211 
110.356140 
110.345459 
110.335388 
110.324707 
110.314331 
110.303345 
110.292969 
110.282288 
110.271912 
110.262146 
110.251770 
110.241699 
110.231934 
110.222168 
110.213013 
110.204163 
110.195007 
110.185547 
110.176086 
110.166931 
110.159302 
110.151672 
110.145569 
110.139465 
110.133972 
110.129395 
110.125122 
110.121155 
110.117493 
110.114746 
110.112305 
110.109863 
110.108337 
110.106812 
110.105896 
110.105286 
110.105286 
110.106506 
110.108643 
110.111084 
110.112915 
110.115662 
110.118103 
110.121765 
110.125122 
110.129089 
110.134888 
110.140381 
110.146179 
110.153198 
110.160828 
110.168152 
110.176697 
110.185547 
110.194702 
110.204468 
110.214539 
110.223999 
110.232544 
110.242004 
110.252380 
110.262756 
110.273438 
110.284729 
110.295715 
110.307312 
110.318298 
110.329285 
110.340881 
110.351563 
110.362549 
110.373535 
110.384521 
110.394897 
110.404968 
110.415649 
110.426025 
110.436707 
110.448608 
110.460205 
110.470886 
110.481262 
110.492249 
110.502014 
110.512390 
110.522156 
110.532532 
110.542908 
110.552979 
110.563660 
110.574036 
110.584412 
110.594788 
110.605164 
110.615845 
110.626831 
110.637207 
110.647278 
110.656433 
110.665588 
110.675049 
110.685730 
110.696106 
110.706787 
110.717468 
110.728455 
110.738831 
110.748901 
110.759583 
110.769653 
110.780029 
110.790100 
110.800476 
110.809631 
110.819092 
110.829468 
110.838928 
110.849609 
110.861206 
110.872192 
110.882874 
110.892944 
110.903015 
110.912781 
110.922546 
110.932617 
110.942383 
110.952148 
110.962219 
110.972595 
110.982361 
110.993042 
111.003418 
111.013489 
111.024475 
111.035461 
111.045532 
111.055298 
111.064758 
111.073608 
111.083374 
111.093750 
111.104126 
111.114197 
111.124878 
111.135864 
111.145935 
111.156311 
111.166382 
111.176758 
111.187134 
111.197510 
111.207581 
111.217041 
111.227417 
111.236877 
111.246033 
111.257019 
111.268616 
111.279602 
111.290283 
111.300354 
111.310120 
111.319275 
111.329956 
111.339722 
111.349182 
111.359253 
111.369629 
111.379700 
111.389771 
111.400452 
111.410522 
111.421814 
111.432190 
111.443176 
111.453857 
111.463928 
111.473083 
111.481934 
111.492310 
111.502686 
111.513062 
111.523132 
111.534119 
111.544800 
111.554871 
111.565552 
111.576538 
111.586304 
111.596375 
111.606750 
111.616821 
111.626282 
111.636353 
111.646423 
111.656189 
111.667175 
111.678467 
111.689148 
111.699524 
111.709595 
111.719666 
111.729736 
111.739502 
111.748962 
111.759033 
111.769104 
111.779480 
111.788940 
111.799316 
111.809998 
111.820068 
111.830444 
111.841125 
111.852112 
111.862183 
111.872253 
111.880798 
111.890259 
111.900024 
111.910095 
111.921082 
111.930847 
111.941833 
111.952209 
111.963196 
111.973267 
111.983337 
111.993713 
112.003174 
112.014160 
112.023926 
112.033386 
112.043457 
112.052612 
112.062683 
112.073059 
112.084656 
112.095642 
112.106018 
112.116394 
112.126160 
112.136230 
112.145996 
112.155762 
112.165527 
112.175293 
112.185669 
112.195740 
112.206116 
112.216797 
112.226563 
112.236938 
112.247925 
112.258911 
112.268982 
112.279053 
112.288208 
112.297058 
112.306824 
112.317505 
112.327881 
112.338257 
112.348633 
112.359619 
112.369690 
112.379761 
112.390137 
112.400513 
112.410889 
112.420959 
112.431335 
112.440796 
112.450562 
112.460632 
112.470703 
112.481079 
112.492676 
112.503662 
112.514343 
112.524414 
112.534180 
112.543640 
112.554016 
112.564087 
112.573242 
112.583618 
112.594299 
112.604370 
112.614441 
112.625122 
112.635193 
112.645874 
112.656250 
112.666931 
112.677002 
112.687073 
112.695923 
112.705383 
112.714844 
112.725525 
112.735596 
112.746582 
112.756653 
112.767639 
112.778015 
112.788391 
112.799072 
112.808533 
112.818604 
112.828674 
112.838745 
112.848816 
112.858276 
112.868042 
112.878418 
112.888794 
112.900391 
112.911377 
112.922058 
112.931519 
112.941895 
112.951050 
112.960815 
112.970276 
112.980042 
112.990112 
113.000488 
113.010254 
113.020630 
113.030701 
113.040466 
113.050537 
113.060913 
113.070984 
113.080444 
113.088989 
113.096924 
113.104248 
113.112183 
113.120117 
113.128357 
113.135376 
113.143005 
113.150024 
113.156128 
113.162231 
113.167725 
113.172302 
113.176880 
113.180847 
113.183899 
113.186646 
113.188782 
113.190613 
113.192444 
113.193665 
113.195801 
113.197021 
113.197021 
113.196716 
113.195190 
113.193665 
113.190918 
113.188171 
113.184814 
113.181458 
113.177185 
113.172607 
113.168030 
113.162842 
113.157043 
113.150940 
113.144226 
113.137512 
113.129883 
113.121948 
113.112488 
113.103027 
113.093872 
113.084717 
113.075867 
113.066406 
113.056946 
113.046875 
113.036804 
113.026428 
113.016052 
113.005066 
112.994080 
112.983093 
112.971191 
112.959290 
112.947083 
112.935791 
112.924194 
112.912598 
112.902222 
112.890930 
112.879028 
112.867432 
112.855225 
112.843628 
112.831116 
112.818909 
112.807007 
112.795105 
112.783508 
112.771912 
112.760315 
112.749329 
112.737427 
112.726135 
112.715454 
112.704163 
112.693481 
112.681885 
112.669678 
112.657471 
112.645874 
112.634888 
112.624207 
112.613220 
112.602844 
112.592773 
112.581787 
112.571411 
112.560730 
112.550049 
112.539368 
112.528381 
112.518005 
112.507019 
112.495728 
112.485046 
112.474670 
112.464294 
112.455139 
112.445374 
112.435608 
112.424927 
112.414246 
112.403870 
112.392883 
112.382507 
112.371826 
112.360840 
112.350464 
112.340393 
112.330017 
112.319946 
112.310181 
112.299194 
112.290039 
112.279663 
112.269287 
112.258606 
112.247314 
112.236023 
112.225342 
112.214966 
112.204895 
112.194824 
112.184753 
112.174988 
112.164612 
112.154541 
112.144165 
112.133789 
112.123718 
112.112122 
112.101746 
112.091064 
112.080078 
112.069092 
112.058411 
112.048645 
112.039490 
112.029724 
112.019043 
112.008362 
111.997681 
111.987000 
111.976013 
111.965027 
111.953125 
111.942749 
111.932068 
111.921387 
111.911011 
111.900330 
111.889954 
111.879578 
111.869507 
111.859131 
111.849060 
111.838074 
111.825867 
111.814880 
111.803589 
111.793213 
111.782532 
111.771851 
111.761780 
111.751404 
111.741028 
111.730652 
111.719971 
111.708984 
111.698608 
111.687317 
111.676636 
111.665955 
111.654968 
111.644287 
111.632996 
111.623535 
111.614075 
111.604614 
111.594543 
111.584167 
111.573792 
111.563110 
111.552734 
111.542053 
111.531677 
111.521301 
111.511230 
111.500854 
111.491089 
111.481018 
111.470947 
111.460876 
111.451111 
111.441345 
111.431274 
111.420898 
111.409302 
111.398315 
111.387939 
111.377563 
111.367798 
111.358032 
111.348572 
111.338501 
111.328430 
111.318665 
111.308594 
111.298523 
111.287842 
111.277771 
111.267395 
111.256409 
111.245422 
111.235046 
111.224670 
111.214905 
111.206055 
111.196289 
111.186523 
111.176147 
111.165466 
111.154785 
111.144104 
111.133423 
111.122742 
111.112366 
111.102295 
111.091614 
111.081543 
111.071472 
111.061401 
111.051331 
111.041565 
111.031799 
111.021118 
111.010132 
110.998535 
110.987244 
110.976563 
110.966187 
110.956116 
110.946045 
110.936279 
110.926208 
110.916138 
110.906372 
110.895386 
110.885010 
110.875244 
110.864258 
110.853577 
110.842590 
110.831604 
110.820923 
110.809937 
110.799866 
110.790710 
110.781555 
110.771179 
110.760498 
110.749817 
110.739136 
110.728455 
110.717468 
110.707092 
110.696106 
110.685120 
110.675049 
110.664673 
110.654297 
110.644226 
110.634155 
110.624084 
110.614319 
110.604553 
110.593567 
110.581970 
110.570679 
110.560303 
110.549927 
110.539551 
110.529480 
110.519409 
110.509949 
110.499878 
110.490112 
110.479431 
110.469360 
110.458984 
110.448914 
110.438232 
110.427551 
110.417175 
110.406189 
110.396423 
110.385437 
110.377197 
110.367432 
110.357971 
110.346985 
110.336609 
110.326233 
110.315552 
110.305176 
110.294189 
110.283813 
110.273438 
110.263672 
110.253296 
110.243530 
110.233459 
110.223999 
110.214233 
110.205688 
110.197144 
110.187683 
110.177917 
110.169067 
110.160828 
110.153809 
110.147095 
110.140991 
110.136108 
110.130920 
110.126343 
110.122375 
110.118408 
110.115662 
110.112915 
110.110168 
110.108337 
110.107422 
110.106201 
110.105286 
110.105286 
110.106201 
110.108948 
110.110779 
110.112610 
110.115051 
110.117798 
110.120850 
110.124817 
110.128784 
110.133667 
110.139160 
110.145569 
110.151978 
110.159607 
110.167236 
110.175781 
110.184326 
110.193787 
110.203552 
110.213318 
110.222778 
110.231323 
110.241089 
110.250854 
110.261536 
110.272522 
110.283508 
110.294495 
110.305786 
110.317383 
110.328369 
110.339661 
110.350342 
110.361328 
110.372009 
110.382385 
110.393677 
110.403748 
110.414124 
110.424805 
110.435791 
110.447693 
110.458984 
110.469971 
110.480347 
110.490417 
110.500793 
110.511169 
110.520935 
110.531006 
110.541687 
110.551758 
110.562439 
110.572510 
110.583191 
110.593567 
110.604553 
110.615234 
110.625610 
110.636597 
110.646057 
110.654907 
110.664368 
110.674438 
110.683899 
110.694885 
110.705566 
110.716553 
110.727234 
110.737610 
110.747986 
110.758057 
110.768433 
110.778809 
110.788879 
110.798645 
110.808411 
110.818481 
110.827942 
110.837708 
110.848389 
110.859680 
110.871277 
110.881348 
110.892029 
110.901794 
110.911865 
110.921326 
110.931091 
110.940857 
110.951233 
110.961304 
110.971069 
110.981140 
110.991821 
111.001587 
111.012268 
111.023254 
111.033936 
111.044617 
111.054077 
111.062927 
111.072083 
111.082153 
111.092224 
111.102600 
111.113281 
111.123657 
111.134338 
111.144714 
111.155090 
111.165771 
111.175842 
111.186218 
111.195984 
111.205750 
111.216125 
111.225586 
111.235352 
111.244812 
111.256104 
111.267700 
111.278381 
111.288757 
111.298828 
111.308899 
111.318359 
111.328430 
111.338501 
111.348572 
111.358337 
111.368408 
111.378784 
111.388855 
111.399231 
111.409302 
111.420288 
111.430969 
111.441345 
111.451721 
111.461182 
111.470642 
111.480103 
111.490173 
111.500244 
111.510925 
111.521606 
111.531982 
111.542969 
111.553650 
111.563721 
111.574097 
111.584473 
111.594849 
111.604919 
111.614990 
111.624756 
111.634827 
111.644592 
111.654663 
111.665344 
111.676941 
111.687317 
111.698608 
111.708069 
111.718445 
111.728210 
111.737976 
111.747437 
111.757813 
111.767883 
111.777649 
111.787720 
111.798706 
111.808777 
111.818848 
111.829529 
111.840210 
111.850586 
111.860962 
111.870728 
111.879578 
111.888733 
111.898804 
111.909180 
111.919250 
111.929626 
111.940002 
111.950989 
111.961670 
111.972351 
111.982117 
111.992493 
112.002258 
112.012329 
112.022095 
112.032166 
112.041931 
112.051392 
112.061462 
112.072449 
112.083740 
112.094727 
112.104797 
112.115479 
112.125244 
112.135315 
112.144775 
112.154541 
112.164612 
112.174377 
112.184753 
112.194519 
112.204895 
112.215271 
112.225342 
112.236023 
112.246704 
112.256775 
112.267761 
112.277527 
112.286682 
112.295532 
112.305298 
112.316284 
112.326355 
112.337036 
112.347412 
112.358093 
112.368469 
112.378845 
112.388916 
112.399597 
112.409668 
112.419434 
112.429810 
112.439270 
112.449646 
112.459717 
112.469482 
112.480164 
112.491455 
112.502441 
112.512817 
112.523193 
112.533264 
112.542725 
112.552490 
112.562866 
112.572632 
112.582092 
112.593079 
112.603149 
112.613220 
112.623596 
112.633667 
112.644653 
112.655334 
112.666016 
112.676086 
112.685547 
112.694702 
112.703857 
112.713623 
112.723694 
112.734375 
112.745056 
112.755737 
112.766418 
112.776794 
112.787170 
112.797241 
112.807617 
112.817993 
112.827759 
112.837830 
112.847290 
112.857056 
112.866516 
112.876587 
112.887268 
112.898865 
112.910156 
112.919922 
112.929993 
112.940369 
112.949829 
112.959595 
112.969360 
112.979126 
112.988892 
112.998962 
113.009033 
113.019104 
113.029480 
113.039856 
113.049316 
113.059998 
113.070374 
113.079224 
113.088074 
113.095398 
113.103027 
113.110962 
113.118896 
113.127441 
113.134766 
113.142090 
113.148804 
113.155518 
113.161316 
113.166809 
113.171997 
113.175964 
113.179932 
113.183594 
113.186035 
113.188171 
113.190002 
113.191833 
113.193665 
113.196106 
113.197021 
113.197021 
113.196411 
113.195190 
113.193359 
113.191223 
113.188477 
113.185425 
113.181458 
113.177490 
113.173828 
113.168335 
113.163147 
113.157654 
113.151550 
113.145447 
113.138733 
113.131409 
113.122559 
113.113403 
113.103943 
113.094788 
113.085938 
113.077393 
113.067932 
113.058472 
113.048401 
113.038330 
113.027649 
113.017578 
113.006592 
112.995300 
112.984009 
112.972717 
112.960815 
112.949219 
112.937317 
112.925415 
112.914124 
112.903748 
112.892456 
112.880554 
112.869263 
112.857056 
112.844543 
112.832642 
112.820435 
112.808838 
112.796631 
112.785034 
112.773743 
112.761841 
112.750854 
112.739563 
112.727966 
112.717285 
112.706299 
112.695007 
112.683105 
112.670898 
112.658691 
112.647095 
112.636414 
112.626038 
112.615051 
112.604675 
112.593994 
112.583618 
112.572632 
112.562256 
112.551880 
112.540894 
112.529907 
112.519226 
112.508850 
112.497253 
112.486572 
112.475586 
112.466125 
112.456970 
112.447205 
112.437134 
112.425842 
112.415771 
112.404785 
112.394409 
112.383423 
112.372742 
112.362366 
112.351990 
112.341614 
112.331543 
112.321472 
112.310791 
112.301025 
112.291565 
112.281189 
112.271118 
112.259827 
112.248230 
112.236633 
112.226563 
112.216187 
112.206421 
112.195740 
112.185974 
112.175903 
112.165833 
112.155762 
112.145386 
112.135010 
112.124634 
112.113953 
112.102966 
112.092285 
112.080994 
112.070007 
112.059937 
112.049866 
112.040405 
112.030640 
112.020569 
112.010193 
111.999207 
111.988220 
111.977234 
111.966248 
111.955261 
111.943970 
111.932983 
111.922607 
111.911926 
111.901855 
111.891174 
111.880493 
111.870728 
111.860657 
111.850586 
111.839294 
111.827087 
111.816101 
111.804810 
111.793823 
111.782837 
111.772766 
111.762085 
111.752319 
111.741638 
111.731262 
111.720276 
111.709900 
111.699829 
111.689148 
111.678162 
111.667480 
111.656799 
111.645813 
111.635132 
111.625671 
111.616516 
111.606750 
111.596985 
111.586304 
111.575928 
111.565857 
111.555176 
111.544800 
111.534424 
111.523743 
111.513367 
111.503296 
111.493225 
111.482544 
111.472778 
111.463013 
111.453247 
111.443481 
111.433411 
111.422424 
111.411133 
111.400452 
111.389771 
111.379700 
111.369934 
111.359558 
111.349792 
111.340027 
111.330261 
111.320190 
111.310120 
111.299744 
111.289368 
111.279297 
111.268921 
111.258240 
111.247253 
111.236877 
111.226196 
111.216736 
111.207581 
111.197815 
111.188049 
111.177673 
111.166992 
111.156006 
111.145935 
111.134949 
111.124268 
111.114197 
111.103821 
111.093445 
111.083069 
111.072998 
111.062317 
111.052856 
111.043091 
111.033020 
111.022949 
111.011963 
111.000366 
110.988770 
110.978699 
110.968018 
110.958252 
110.947571 
110.937805 
110.927429 
110.917664 
110.906982 
110.896912 
110.886536 
110.875549 
110.865479 
110.854492 
110.843811 
110.832825 
110.822144 
110.811157 
110.801392 
110.792847 
110.782776 
110.772400 
110.761719 
110.751343 
110.740662 
110.730286 
110.719299 
110.708313 
110.697327 
110.687256 
110.676575 
110.666199 
110.656128 
110.645752 
110.635681 
110.625610 
110.615845 
110.606079 
110.594788 
110.582886 
110.572205 
110.561218 
110.551453 
110.541077 
110.531006 
110.521240 
110.511475 
110.501099 
110.491638 
110.481262 
110.470581 
110.460815 
110.450439 
110.439758 
110.429382 
110.418396 
110.407410 
110.397034 
110.387573 
110.378418 
110.368652 
110.358276 
110.348511 
110.337830 
110.327759 
110.317078 
110.306091 
110.296021 
110.285339 
110.275269 
110.264587 
110.254211 
110.244446 
110.234070 
110.224609 
110.215759 
110.206604 
110.197144 
110.187988 
110.177612 
110.169067 
110.161133 
110.153809 
110.147095 
110.141296 
110.136108 
110.130920 
110.126648 
110.122375 
110.118713 
110.115051 
110.112610 
110.110168 
110.108643 
110.106201 
110.104675 
110.103455 
110.102539 
110.102539 
110.103760 
110.104370 
110.104065 
110.103760 
110.104065 
110.103760 
110.103760 
110.103455 
110.103149 
110.103455 
110.103455 
110.103149 
110.104065 
110.104370 
110.104370 
110.105286 
110.105896 
110.106506 
110.106506 
110.106506 
110.104980 
110.104675 
110.104370 
110.104980 
110.105286 
110.106201 
110.106506 
110.106812 
110.107422 
110.107727 
110.108032 
110.108032 
110.108337 
110.108337 
110.108032 
110.107727 
110.107727 
110.107422 
110.107117 
110.107727 
110.109253 
110.110168 
110.109863 
110.110474 
110.109863 
110.109253 
110.109253 
110.108948 
110.108643 
110.108643 
110.108643 
110.108643 
110.108643 
110.108643 
110.108948 
110.109253 
110.109863 
110.109863 
110.109863 
110.109253 
110.108032 
110.107422 
110.107727 
110.107422 
110.107727 
110.108032 
110.108032 
110.108643 
110.108948 
110.109253 
110.108948 
110.108643 
110.108948 
110.108643 
110.108643 
110.108948 
110.108032 
110.107727 
110.107422 
110.108337 
110.109863 
110.110168 
110.110168 
110.110168 
110.109863 
110.109558 
110.108948 
110.108948 
