Blum, K. P., D’Incamps, B. L., Zytnicki, D., & Ting, L. H. (2017).
Force encoding in muscle spindles during stretch of
passive muscle. PLoS computational biology, 13(9), 
e1005767. <https://journals.plos.org/ploscompbiol/article?
id=10.1371/journal.pcbi.1005767>

cat medial gastrocnemius muscle lengths over t  (in 0.0005 s increments)
110.109863 
110.110168 
110.110168 
110.110168 
110.109863 
110.110168 
110.110168 
110.110474 
110.109863 
110.108948 
110.108948 
110.108337 
110.108643 
110.109253 
110.110474 
110.111389 
110.111389 
110.111389 
110.111389 
110.110779 
110.111084 
110.110779 
110.110474 
110.110474 
110.110168 
110.110779 
110.110168 
110.110779 
110.111084 
110.111084 
110.111694 
110.112305 
110.112305 
110.111389 
110.110168 
110.108948 
110.108948 
110.108948 
110.109253 
110.109558 
110.109558 
110.109863 
110.110474 
110.109863 
110.109558 
110.109863 
110.110474 
110.109863 
110.109863 
110.108948 
110.108948 
110.108948 
110.108032 
110.109253 
110.110779 
110.112000 
110.112305 
110.112000 
110.111389 
110.111389 
110.110474 
110.110779 
110.110779 
110.110474 
110.110779 
110.111084 
110.111084 
110.110779 
110.111084 
110.111389 
110.111389 
110.112305 
110.112305 
110.111084 
110.109863 
110.109253 
110.108948 
110.109253 
110.109863 
110.109253 
110.109558 
110.109863 
110.109863 
110.110168 
110.110168 
110.110168 
110.109863 
110.110168 
110.109253 
110.108948 
110.109253 
110.108643 
110.108337 
110.108948 
110.110779 
110.111694 
110.111694 
110.111389 
110.111694 
110.111084 
110.111084 
110.110779 
110.111084 
110.110779 
110.111084 
110.110779 
110.110779 
110.110779 
110.111084 
110.111694 
110.111694 
110.113220 
110.112305 
110.111694 
110.110779 
110.110168 
110.110779 
110.110779 
110.112000 
110.112610 
110.113831 
110.115356 
110.116577 
110.117493 
110.118713 
110.120544 
110.121765 
110.122986 
110.125122 
110.126038 
110.128174 
110.130310 
110.132141 
110.135193 
110.139771 
110.143127 
110.146179 
110.148926 
110.152283 
110.155640 
110.158386 
110.161743 
110.164795 
110.168457 
110.172424 
110.176392 
110.181274 
110.184937 
110.189514 
110.194702 
110.199890 
110.204773 
110.209961 
110.214233 
110.217590 
110.221863 
110.227051 
110.232239 
110.238953 
110.244751 
110.250854 
110.257874 
110.263977 
110.271301 
110.277405 
110.283813 
110.291138 
110.297546 
110.304871 
110.312500 
110.319824 
110.327148 
110.335999 
110.344543 
110.354919 
110.364685 
110.374451 
110.383606 
110.393372 
110.403442 
110.413513 
110.423279 
110.433960 
110.444031 
110.455017 
110.466309 
110.477295 
110.489197 
110.500793 
110.512695 
110.524597 
110.536194 
110.547791 
110.558472 
110.568542 
110.578003 
110.589294 
110.600586 
110.611877 
110.622864 
110.634460 
110.645447 
110.656738 
110.668335 
110.679016 
110.690308 
110.700989 
110.712585 
110.723572 
110.734253 
110.745239 
110.755920 
110.767517 
110.780029 
110.793152 
110.805664 
110.818176 
110.830383 
110.842285 
110.854492 
110.867004 
110.879211 
110.892029 
110.905457 
110.917664 
110.931702 
110.945740 
110.959473 
110.973511 
110.988159 
111.002808 
111.018066 
111.032715 
111.046448 
111.059570 
111.073303 
111.087952 
111.102905 
111.118164 
111.133423 
111.148987 
111.164246 
111.180420 
111.195984 
111.211243 
111.226501 
111.242065 
111.257629 
111.272583 
111.288147 
111.302490 
111.317444 
111.333008 
111.349792 
111.366882 
111.383362 
111.398926 
111.415100 
111.430054 
111.445618 
111.460876 
111.476135 
111.492004 
111.507568 
111.523132 
111.538391 
111.553955 
111.569824 
111.585693 
111.601563 
111.617126 
111.632996 
111.648865 
111.663818 
111.677856 
111.692200 
111.707458 
111.723022 
111.738281 
111.753845 
111.769409 
111.785278 
111.801453 
111.816406 
111.831970 
111.847534 
111.862793 
111.878052 
111.893005 
111.907654 
111.922302 
111.937561 
111.952515 
111.968994 
111.986084 
112.001953 
112.017212 
112.032776 
112.048035 
112.062988 
112.078247 
112.092896 
112.107239 
112.123108 
112.138672 
112.153931 
112.168579 
112.184143 
112.199097 
112.215271 
112.230530 
112.246094 
112.261047 
112.275696 
112.289124 
112.302856 
112.317505 
112.332764 
112.347412 
112.361755 
112.377014 
112.391357 
112.405701 
112.420349 
112.434387 
112.448425 
112.462769 
112.476501 
112.489929 
112.502747 
112.515869 
112.529297 
112.542114 
112.555847 
112.570801 
112.585144 
112.597656 
112.610779 
112.622681 
112.634583 
112.646790 
112.658997 
112.670898 
112.682495 
112.694092 
112.706299 
112.717590 
112.729187 
112.741089 
112.752075 
112.763367 
112.774963 
112.785950 
112.795410 
112.804260 
112.813721 
112.823181 
112.833557 
112.843628 
112.853699 
112.863159 
112.873535 
112.882690 
112.892456 
112.901917 
112.910461 
112.919922 
112.928162 
112.936401 
112.944641 
112.951965 
112.959595 
112.967834 
112.976379 
112.985840 
112.994080 
113.002319 
113.009644 
113.016357 
113.023376 
113.030090 
113.036499 
113.042908 
113.049622 
113.056030 
113.062439 
113.068542 
113.074341 
113.080444 
113.086548 
113.092651 
113.098755 
113.104248 
113.108215 
113.112183 
113.116455 
113.120728 
113.125610 
113.130188 
113.134460 
113.139648 
113.143921 
113.148499 
113.152466 
113.156128 
113.159790 
113.163452 
113.166809 
113.169556 
113.172607 
113.175354 
113.177795 
113.180542 
113.183899 
113.188171 
113.191528 
113.193970 
113.196106 
113.197632 
113.199463 
113.200684 
113.202515 
113.203430 
113.204956 
113.206482 
113.206787 
113.208618 
113.209839 
113.211060 
113.211670 
113.212891 
113.214111 
113.214417 
113.213806 
113.213196 
113.212585 
113.212280 
113.212891 
113.213196 
113.213501 
113.213806 
113.214111 
113.214722 
113.214417 
113.214417 
113.214417 
113.214111 
113.214111 
113.213806 
113.213501 
113.212585 
113.212280 
113.211975 
113.212585 
113.214111 
113.215027 
113.215027 
113.214417 
113.214417 
113.213501 
113.213196 
113.212891 
113.212280 
113.211975 
113.211670 
113.211365 
113.211365 
113.211060 
113.210449 
113.211060 
113.211060 
113.211670 
113.211365 
113.210144 
113.208618 
113.207397 
113.206787 
113.206482 
113.206787 
113.206482 
113.206482 
113.206787 
113.207092 
113.206482 
113.206787 
113.206177 
113.206177 
113.206177 
113.206177 
113.205261 
113.204956 
113.204041 
113.204041 
113.204956 
113.205872 
113.206787 
113.207092 
113.206787 
113.207092 
113.206177 
113.205872 
113.205261 
113.205566 
113.205566 
113.205261 
113.205566 
113.205261 
113.205261 
113.205566 
113.205872 
113.206177 
113.206177 
113.206787 
113.205261 
113.203735 
113.202820 
113.203125 
113.202820 
113.202820 
113.203125 
113.203430 
113.203430 
113.203430 
113.203735 
113.203430 
113.203125 
113.203430 
113.203735 
113.203125 
113.202515 
113.202209 
113.201294 
113.201904 
113.202209 
113.204041 
113.204651 
113.205261 
113.204956 
113.204956 
113.204651 
113.203735 
113.203735 
113.203430 
113.203735 
113.203735 
113.203125 
113.203430 
113.203735 
113.203735 
113.204041 
113.204651 
113.204346 
113.204651 
113.203735 
113.202820 
113.201294 
113.200989 
113.201294 
113.201599 
113.201599 
113.202209 
113.202209 
113.202515 
113.202515 
113.201904 
113.201904 
113.202515 
113.201904 
113.201904 
113.201294 
113.200989 
113.200989 
113.200684 
113.201599 
113.203125 
113.203735 
113.204041 
113.204041 
113.203735 
113.203430 
113.203430 
113.203125 
113.202820 
113.203125 
113.203125 
113.202820 
113.203125 
113.203430 
113.203125 
113.204041 
113.204346 
113.204346 
113.204651 
113.204041 
113.202209 
113.201599 
113.201599 
113.201599 
113.202209 
113.202209 
113.202515 
113.202515 
113.202820 
113.203125 
113.203125 
113.203125 
113.203125 
113.203125 
113.202820 
113.202209 
113.202209 
113.201599 
113.201599 
113.202515 
113.204346 
113.205261 
113.204956 
113.205566 
113.205261 
113.204956 
113.204651 
113.204346 
113.204651 
113.204346 
113.204346 
113.204346 
113.204041 
113.204651 
113.204651 
113.205261 
113.204956 
113.205566 
113.205566 
113.204651 
113.203735 
113.202820 
113.202209 
113.202820 
113.202515 
113.202515 
113.203125 
113.202820 
113.203735 
113.203125 
113.203430 
113.202820 
113.203125 
113.203125 
113.202515 
113.202209 
113.201904 
113.201294 
113.201599 
113.201904 
113.203430 
113.204346 
113.204346 
113.204346 
113.203735 
113.203735 
113.203735 
113.203125 
113.202820 
113.202820 
113.202820 
113.202820 
113.202820 
113.202820 
113.203125 
113.203125 
113.203125 
113.204041 
113.204041 
113.203125 
113.201599 
113.200989 
113.200073 
113.200378 
113.200684 
113.200684 
113.201294 
113.201599 
113.200989 
113.201599 
113.201294 
113.201599 
113.201294 
113.201294 
113.200989 
113.200684 
113.200378 
113.199768 
113.199768 
113.200684 
113.202515 
113.202820 
113.203125 
113.203430 
113.202820 
113.202820 
113.202515 
113.202209 
113.202209 
113.202209 
113.202515 
113.202515 
113.202209 
113.202820 
113.202209 
113.202820 
113.203735 
113.203735 
113.204041 
113.202820 
113.202209 
113.200989 
113.200684 
113.200989 
113.201294 
113.201294 
113.201599 
113.201904 
113.201599 
113.201904 
113.201904 
113.201904 
113.201904 
113.201904 
113.201294 
113.201294 
113.200989 
113.200684 
113.200378 
113.201294 
113.202820 
113.203430 
113.204041 
113.203735 
113.203430 
113.202820 
113.203125 
113.203125 
113.202515 
113.202820 
113.202820 
113.202820 
113.202515 
113.203125 
113.202820 
113.202820 
113.203735 
113.204346 
113.204041 
113.203125 
113.201904 
113.200684 
113.200684 
113.200684 
113.200684 
113.200684 
113.201599 
113.200989 
113.201599 
113.201294 
113.201294 
113.201294 
113.201294 
113.200989 
113.200989 
113.200378 
113.200073 
113.199463 
113.199463 
113.200378 
113.201599 
113.202820 
113.202820 
113.202209 
113.202515 
113.202209 
113.201294 
113.201599 
113.201294 
113.201294 
113.201904 
113.201599 
113.201599 
113.201599 
113.201599 
113.202209 
113.202209 
113.203125 
113.203430 
113.202209 
113.201294 
113.199768 
113.199768 
113.200073 
113.200073 
113.200073 
113.200684 
113.200684 
113.200989 
113.201294 
113.200989 
113.200684 
113.200684 
113.200989 
113.200989 
113.200378 
113.199768 
113.200073 
113.199463 
113.200684 
113.202209 
113.203125 
113.203125 
113.203125 
113.203125 
113.202515 
113.202515 
113.202515 
113.202209 
113.201904 
113.202515 
113.202515 
113.202209 
113.202515 
113.202820 
113.203125 
113.203430 
113.203735 
113.204041 
113.202820 
113.201904 
113.200989 
113.200378 
113.200378 
113.200989 
113.200989 
113.201599 
113.201904 
113.201904 
113.201599 
113.201294 
113.201904 
113.201599 
113.201599 
113.201599 
113.200684 
113.200073 
113.200073 
113.200073 
113.200378 
113.202515 
113.203125 
113.203430 
113.203125 
113.203125 
113.202515 
113.202209 
113.201904 
113.201904 
113.202209 
113.202209 
113.202209 
113.202209 
113.202515 
113.202209 
113.202515 
113.202820 
113.202820 
113.203125 
113.202515 
113.200684 
113.200378 
113.199463 
113.199768 
113.199463 
113.199768 
113.200073 
113.200378 
113.200989 
113.200684 
113.200684 
113.200989 
113.200684 
113.200073 
113.200378 
113.200073 
113.199158 
113.199158 
113.198547 
113.199463 
113.200989 
113.201904 
113.201904 
113.201904 
113.201904 
113.201599 
113.201904 
113.201294 
113.200989 
113.201294 
113.201294 
113.200989 
113.201294 
113.201294 
113.201904 
113.201294 
113.202209 
113.202820 
113.202820 
113.201904 
113.200989 
113.199768 
113.199463 
113.199768 
113.199768 
113.200073 
113.200989 
113.200684 
113.200378 
113.200684 
113.200684 
113.200684 
113.200378 
113.200378 
113.200073 
113.199768 
113.199768 
113.199158 
113.199463 
113.200073 
113.201599 
113.202820 
113.202515 
113.202515 
113.201904 
113.201904 
113.201599 
113.201904 
113.201599 
113.200989 
113.201599 
113.201599 
113.201294 
113.201599 
113.201599 
113.201904 
113.202820 
113.202820 
113.202820 
113.202209 
113.200378 
113.199463 
113.199158 
113.199463 
113.199768 
113.199768 
113.200073 
113.200684 
113.200684 
113.200684 
113.200684 
113.200378 
113.200378 
113.200684 
113.200378 
113.199463 
113.199158 
113.199158 
113.198547 
113.199768 
113.200684 
113.201599 
113.201904 
113.201599 
113.201599 
113.201294 
113.200989 
113.200684 
113.200684 
113.200684 
113.200989 
113.200684 
113.200684 
113.200684 
113.200684 
113.200989 
113.201294 
113.201599 
113.202209 
113.200989 
113.199768 
113.198853 
113.198242 
113.198547 
113.198853 
113.199158 
113.198853 
113.199463 
113.199768 
113.199158 
113.199768 
113.199768 
113.199158 
113.199463 
113.199158 
113.199158 
113.198242 
113.198242 
113.197937 
113.199158 
113.200073 
113.201599 
113.201599 
113.201294 
113.201599 
113.200684 
113.200684 
113.200378 
113.200378 
113.200378 
113.200378 
113.200684 
113.200989 
113.200684 
113.200989 
113.201294 
113.201904 
113.202515 
113.202515 
113.201294 
113.200073 
113.199158 
113.198853 
113.199158 
113.199463 
113.199463 
113.199768 
113.200073 
113.200073 
113.200073 
113.200073 
113.200073 
113.200073 
113.200073 
113.200073 
113.199158 
113.198853 
113.198547 
113.198853 
113.199158 
113.200989 
113.201904 
113.201904 
113.201599 
113.201904 
113.201294 
113.201294 
113.200684 
113.200378 
113.200378 
113.200684 
113.200989 
113.200684 
113.200989 
113.201294 
113.201294 
113.201599 
113.201904 
113.202209 
113.201294 
113.200073 
113.198853 
113.198547 
113.198853 
113.199158 
113.199158 
113.199463 
113.199768 
113.199768 
113.199463 
113.199463 
113.200073 
113.199768 
113.199463 
113.199158 
113.199158 
113.198242 
113.197937 
113.197632 
113.198853 
113.199768 
113.201294 
113.201294 
113.200989 
113.200989 
113.200684 
113.200684 
113.200684 
113.200378 
113.200378 
113.199768 
113.200378 
113.200073 
113.200378 
113.200378 
113.200989 
113.201294 
113.201294 
113.201904 
113.200378 
113.199768 
113.198547 
113.197937 
113.198242 
113.198853 
113.199158 
113.198547 
113.199158 
113.199463 
113.199463 
113.199463 
113.199463 
113.199158 
113.199463 
113.199463 
113.198853 
113.198853 
113.197937 
113.197937 
113.198853 
113.200378 
113.201294 
113.201294 
113.201599 
113.201294 
113.200989 
113.200989 
113.200073 
113.200378 
113.200378 
113.200378 
113.200378 
113.200378 
113.200378 
113.200684 
113.200684 
113.201294 
113.201599 
113.202209 
113.200989 
113.199768 
113.198853 
113.199158 
113.198547 
113.199158 
113.199463 
113.199158 
113.199463 
113.200073 
113.199463 
113.199768 
113.199463 
113.199768 
113.199463 
113.199463 
113.199158 
113.198547 
113.198242 
113.198242 
113.199463 
113.200684 
113.201599 
113.201294 
113.200989 
113.200684 
113.200989 
113.200378 
113.200073 
113.200073 
113.200378 
113.200073 
113.200073 
113.200073 
113.200378 
113.200684 
113.200989 
113.201294 
113.201599 
113.201904 
113.200989 
113.199463 
113.198547 
113.198242 
113.197937 
113.197937 
113.198242 
113.198853 
113.198853 
113.199463 
113.199463 
113.199158 
113.198853 
113.199463 
113.199158 
113.199463 
113.198547 
113.197937 
113.197632 
113.197327 
113.198242 
113.199768 
113.200989 
113.200989 
113.200989 
113.200378 
113.200073 
113.200378 
113.199768 
113.199768 
113.199768 
113.200073 
113.199768 
113.200073 
113.200073 
113.200073 
113.200684 
113.200989 
113.201904 
113.201294 
113.200684 
113.199463 
113.197937 
113.198242 
113.198242 
113.198547 
113.199158 
113.199158 
113.199768 
113.199463 
113.199158 
113.199158 
113.198853 
113.199158 
113.199158 
113.199158 
113.198853 
113.198853 
113.197632 
113.197937 
113.199158 
113.199768 
113.200989 
113.201904 
113.200989 
113.200989 
113.200989 
113.200378 
113.200073 
113.200378 
113.199768 
113.200073 
113.200073 
113.199768 
113.200378 
113.200378 
113.200378 
113.200684 
113.201904 
113.201599 
113.200684 
113.199768 
113.198547 
113.198547 
113.198547 
113.198547 
113.198547 
113.199158 
113.199158 
113.199463 
113.199463 
113.199463 
113.199463 
113.199158 
113.199158 
113.198853 
113.198547 
113.198547 
113.197632 
113.197632 
113.198853 
113.200073 
113.200989 
113.200989 
113.200684 
113.200378 
113.200378 
113.200378 
113.200073 
113.199463 
113.200073 
113.200073 
113.199768 
113.199768 
113.199768 
113.200378 
113.200073 
113.200989 
113.201294 
113.201294 
113.200684 
113.198853 
113.198242 
113.197632 
113.197632 
113.198242 
113.198242 
113.198853 
113.198853 
113.198853 
113.199158 
113.198547 
113.199158 
113.199158 
113.198547 
113.198853 
113.198242 
113.197937 
113.197937 
113.197327 
113.198242 
113.199768 
113.200684 
113.200684 
113.200989 
113.200684 
113.200073 
113.200378 
113.199768 
113.199768 
113.199768 
113.200073 
113.200073 
113.199768 
113.199768 
113.200073 
113.200073 
113.200684 
113.200989 
113.200989 
113.200073 
113.199158 
113.197937 
113.197937 
113.198242 
113.198242 
113.198547 
113.198853 
113.199158 
113.199463 
113.199463 
113.199158 
113.199158 
113.198853 
113.198853 
113.198853 
113.198242 
113.197937 
113.197937 
113.197327 
113.198547 
113.199768 
113.200684 
113.200989 
113.200989 
113.200378 
113.200378 
113.200073 
113.200073 
113.200378 
113.199768 
113.199768 
113.199768 
113.199768 
113.200378 
113.200073 
113.200073 
113.200684 
113.201294 
113.201294 
113.200684 
113.199158 
113.198547 
113.198242 
113.197937 
113.198547 
113.198853 
113.198547 
113.199158 
113.198853 
113.198853 
113.198547 
113.198853 
113.198547 
113.198853 
113.198547 
113.198242 
113.197632 
113.197021 
113.197021 
113.198242 
113.199463 
113.200684 
113.200378 
113.200378 
113.200378 
113.200073 
113.199463 
113.199768 
113.199768 
113.199158 
113.199463 
113.199463 
113.200073 
113.199463 
113.200073 
113.200073 
113.200378 
113.200989 
113.200989 
113.200073 
113.198547 
113.197632 
113.197632 
113.197632 
113.197937 
113.197937 
113.197937 
113.198547 
113.198547 
113.198547 
113.198547 
113.198547 
113.198853 
113.198853 
113.198547 
113.198242 
113.197327 
113.197327 
113.197021 
113.198242 
113.199158 
113.200073 
113.200684 
113.200684 
113.200073 
113.200073 
113.199463 
113.199158 
113.199158 
113.199463 
113.199768 
113.199768 
113.198853 
113.199158 
113.199768 
113.200073 
113.200378 
113.200989 
113.200989 
113.200073 
113.198547 
113.197632 
113.197327 
113.197632 
113.197937 
113.197937 
113.198242 
113.198242 
113.198853 
113.198853 
113.198853 
113.198853 
113.198547 
113.198242 
113.198242 
113.197937 
113.197632 
113.197327 
113.196716 
113.197937 
113.198853 
113.200684 
113.200378 
113.200378 
113.200378 
113.200073 
113.199463 
113.199463 
113.199158 
113.199463 
113.199463 
113.199463 
113.199463 
113.199463 
113.199768 
113.200073 
113.200378 
113.200684 
113.200684 
113.199768 
113.198547 
113.197327 
113.197632 
113.197632 
113.197632 
113.197937 
113.198242 
113.198547 
113.198547 
113.198547 
113.198547 
113.198547 
113.198547 
113.198547 
113.197937 
113.197937 
113.196716 
113.197327 
113.196716 
113.197937 
113.199158 
113.200073 
113.200378 
113.200378 
113.200073 
113.200073 
113.199768 
113.199158 
113.199463 
113.199463 
113.199158 
113.198853 
113.199158 
113.199463 
113.199463 
113.200073 
113.200073 
113.200684 
113.200989 
113.199768 
113.198547 
113.197632 
113.197632 
113.197632 
113.197632 
113.197937 
113.198242 
113.198242 
113.198242 
113.198547 
113.198242 
113.198242 
113.198547 
113.198242 
113.197937 
113.198242 
113.197327 
113.197021 
113.197021 
113.197937 
113.199158 
113.200073 
113.200073 
113.199768 
113.199768 
113.200073 
113.199463 
113.198853 
113.198853 
113.198853 
113.198853 
113.198853 
113.199158 
113.199158 
113.199463 
113.200073 
113.200073 
113.200684 
113.200684 
113.199768 
113.198547 
113.197327 
113.197021 
113.197632 
113.197632 
113.197632 
113.198242 
113.198242 
113.198242 
113.198547 
113.198547 
113.198547 
113.197937 
113.198547 
113.197937 
113.197632 
113.197327 
113.196716 
113.197021 
113.197937 
113.199158 
113.199768 
113.200073 
113.200073 
113.200073 
113.199768 
113.199463 
113.199463 
113.198853 
113.198853 
113.199463 
113.198853 
113.199158 
113.199463 
113.199463 
113.199463 
113.200684 
113.200378 
113.200378 
113.199158 
113.198547 
113.197632 
113.197021 
113.197632 
113.197632 
113.197632 
113.198242 
113.198242 
113.198242 
113.198242 
113.197937 
113.198242 
113.198242 
113.197937 
113.197937 
113.197327 
113.196716 
113.196716 
113.196716 
113.197632 
113.199158 
113.200378 
113.199768 
113.200378 
113.200378 
113.199158 
113.199158 
113.199463 
113.198853 
113.198853 
113.199158 
113.199158 
113.198853 
113.199158 
113.198853 
113.199463 
113.200378 
113.200378 
113.200684 
113.199463 
113.198547 
113.197327 
113.197021 
113.197632 
113.197632 
113.197632 
113.197937 
113.198547 
113.198242 
113.198242 
113.198547 
113.198242 
113.198242 
113.197937 
113.197937 
113.197937 
113.197021 
113.196411 
113.196411 
113.197632 
113.198853 
113.200073 
113.200378 
113.199768 
113.199768 
113.199768 
113.199158 
113.198547 
113.199158 
113.198547 
113.199158 
113.199158 
113.198547 
113.199158 
113.199463 
113.199463 
113.200073 
113.200378 
113.200378 
113.199463 
113.198547 
113.197327 
113.197632 
113.197327 
113.197632 
113.197632 
113.197937 
113.198242 
113.198242 
113.198242 
113.198242 
113.198547 
113.198242 
113.197937 
113.197632 
113.197327 
113.197327 
113.196716 
113.196716 
113.197327 
113.198547 
113.199768 
113.200378 
113.199463 
113.199463 
113.199463 
113.199158 
113.198853 
113.198853 
113.198853 
113.198853 
113.198547 
113.198853 
113.198853 
113.199158 
113.199463 
113.200378 
113.200073 
113.200378 
113.199463 
113.198242 
113.197327 
113.197021 
113.197021 
113.197327 
113.197632 
113.197937 
113.197632 
113.198242 
113.198242 
113.198242 
113.197937 
113.198242 
113.197937 
113.197632 
113.197327 
113.197327 
113.196716 
113.196716 
113.197327 
113.198853 
113.199158 
113.199768 
113.200073 
113.199463 
113.199463 
113.199463 
113.198853 
113.198853 
113.199158 
113.198547 
113.198853 
113.198853 
113.198853 
113.198853 
113.199158 
113.200073 
113.200378 
113.200378 
113.199768 
113.198242 
113.197021 
113.197327 
113.197021 
113.197632 
113.197632 
113.197937 
113.197937 
113.198242 
113.198242 
113.197937 
113.197937 
113.197937 
113.197937 
113.197632 
113.197327 
113.197021 
113.197021 
113.196411 
113.197327 
113.199463 
113.199463 
113.200073 
113.199463 
113.199463 
113.199158 
113.199158 
113.199158 
113.198853 
113.198547 
113.198853 
113.198853 
113.198853 
113.198547 
113.199158 
113.199463 
113.199463 
113.200378 
113.200073 
113.199463 
113.198242 
113.197021 
113.197021 
113.197327 
113.197632 
113.197327 
113.197632 
113.198242 
113.197937 
113.197937 
113.198242 
113.198242 
113.198242 
113.197632 
113.197632 
113.197327 
113.197021 
113.196411 
113.196411 
113.197632 
113.198853 
113.199463 
113.200073 
113.199768 
113.199463 
113.199463 
113.198853 
113.198853 
113.198853 
113.198853 
113.198853 
113.198853 
113.198853 
113.198547 
113.198853 
113.199463 
113.199768 
113.200073 
113.200073 
113.199463 
113.197937 
113.197632 
113.197021 
113.197632 
113.197632 
113.197632 
113.197937 
113.197937 
113.198242 
113.198242 
113.198547 
113.197632 
113.198242 
113.197937 
113.198242 
113.197632 
113.197021 
113.196716 
113.196716 
113.197937 
113.198853 
113.199158 
113.199768 
113.199768 
113.199768 
113.199463 
113.198853 
113.198853 
113.198242 
113.198853 
113.198853 
113.198547 
113.198853 
113.199463 
113.198853 
113.199768 
113.199768 
113.200378 
113.200378 
113.199463 
113.198242 
113.197021 
113.197021 
113.197021 
113.197632 
113.197937 
113.197937 
113.197937 
113.198242 
113.198242 
113.197937 
113.197937 
113.197937 
113.197937 
113.198242 
113.197021 
113.197021 
113.196411 
113.196106 
113.197327 
113.198547 
113.199768 
113.199463 
113.199463 
113.199463 
113.199158 
113.198547 
113.198853 
113.198547 
113.198853 
113.198547 
113.198242 
113.198853 
113.198853 
113.199463 
113.199158 
113.199768 
113.200378 
113.199768 
113.199463 
113.198242 
113.196716 
113.197021 
113.196716 
113.197021 
113.197632 
113.197632 
113.198242 
113.198242 
113.198242 
113.197937 
113.197632 
113.198242 
113.197937 
113.197327 
113.197632 
113.196716 
113.196716 
113.196716 
113.197327 
113.198547 
113.199463 
113.200073 
113.199768 
113.199158 
113.199463 
113.198853 
113.198547 
113.198547 
113.198853 
113.198242 
113.198547 
113.198853 
113.198853 
113.199158 
113.199158 
113.199158 
113.200378 
113.200684 
113.199463 
113.198242 
113.197021 
113.197327 
113.197327 
113.197021 
113.197327 
113.197937 
113.197937 
113.197937 
113.198242 
113.198242 
113.198242 
113.197937 
113.198242 
113.197632 
113.197327 
113.197327 
113.196716 
113.196716 
113.197327 
113.198242 
113.199463 
113.199768 
113.200073 
113.199158 
113.199463 
113.199158 
113.198242 
113.198547 
113.198547 
113.198547 
113.198242 
113.198853 
113.198547 
113.198853 
113.199463 
113.199768 
113.200073 
113.200073 
113.199158 
113.198242 
113.197021 
113.196716 
113.197021 
113.197021 
113.197327 
113.197327 
113.197937 
113.198242 
113.197937 
113.198242 
113.198242 
113.198242 
113.197937 
113.197632 
113.197327 
113.196716 
113.197021 
113.196411 
113.197327 
113.198547 
113.199768 
113.199768 
113.199463 
113.199158 
113.199158 
113.198547 
113.198853 
113.198547 
113.198547 
113.198547 
113.198242 
113.198547 
113.198853 
113.198547 
113.199158 
113.199463 
113.200073 
113.200073 
113.199158 
113.197937 
113.197021 
113.196716 
113.197021 
113.197327 
113.197327 
113.197937 
113.197937 
113.197937 
113.198242 
113.197937 
113.198242 
113.197937 
113.197632 
113.197632 
113.197021 
113.196411 
113.196716 
113.196106 
113.197327 
113.197937 
113.199463 
113.199463 
113.199158 
113.199158 
113.199158 
113.199158 
113.198547 
113.198853 
113.198242 
113.198547 
113.198547 
113.198547 
113.198547 
113.198853 
113.199463 
113.199768 
113.199768 
113.200073 
113.199158 
113.198242 
113.197327 
113.197021 
113.197021 
113.197021 
113.197327 
113.197632 
113.197632 
113.197937 
113.198242 
113.198242 
113.197937 
113.197937 
113.197327 
113.197632 
113.197327 
113.196716 
113.196716 
113.196106 
113.197021 
113.198547 
113.199463 
113.199463 
113.199463 
113.199463 
113.198853 
113.198853 
113.198547 
113.198242 
113.198547 
113.198547 
113.198242 
113.197937 
113.198547 
113.198853 
113.198853 
113.199768 
113.200073 
113.199768 
113.199158 
113.197937 
113.197021 
113.196411 
113.196716 
113.197327 
113.197021 
113.197632 
113.197937 
113.197937 
113.197937 
113.197937 
113.197632 
113.197632 
113.197632 
113.197632 
113.197327 
113.196716 
113.196411 
113.196411 
113.196716 
113.198547 
113.199158 
113.200073 
113.199158 
113.199463 
113.199463 
113.198853 
113.198547 
113.198547 
113.198547 
113.198547 
113.198242 
113.198547 
113.198547 
113.198853 
113.199158 
113.199768 
113.199768 
113.200073 
113.199463 
113.197632 
113.197021 
113.197021 
113.196716 
113.197327 
113.197327 
113.197327 
113.197937 
113.197937 
113.197632 
113.197937 
113.197937 
113.197937 
113.197937 
113.197632 
113.197021 
113.196716 
113.196411 
113.196411 
113.197021 
113.198547 
113.199768 
113.199768 
113.199463 
113.199158 
113.199463 
113.198853 
113.198853 
113.198242 
113.198853 
113.198547 
113.198547 
113.198547 
113.198242 
113.198853 
113.199158 
113.200073 
113.199463 
113.200073 
113.199158 
113.197632 
113.196716 
113.196716 
113.196411 
113.197021 
113.197327 
113.197632 
113.197632 
113.197632 
113.197937 
113.197937 
113.197937 
113.197937 
113.197632 
113.197327 
113.197021 
113.196716 
113.196106 
113.196106 
113.197021 
113.198853 
113.199463 
113.200073 
113.200073 
113.199158 
113.199158 
113.199158 
113.198547 
113.198547 
113.198547 
113.198547 
113.198547 
113.198853 
113.198547 
113.198853 
113.198853 
113.199768 
113.199768 
113.200073 
113.198853 
113.197937 
113.197021 
113.197021 
113.197327 
113.197021 
113.197327 
113.197632 
113.197632 
113.197937 
113.197632 
113.197937 
113.197937 
113.197632 
113.197632 
113.197327 
113.197327 
113.196716 
113.195801 
113.196106 
113.197327 
113.198547 
113.199158 
113.199768 
113.199463 
113.199158 
113.199158 
113.198853 
113.198853 
113.198547 
113.198547 
113.198242 
113.198547 
113.198547 
113.198853 
113.198547 
113.199158 
113.199463 
113.199768 
113.200073 
113.198547 
113.197937 
113.196716 
113.196411 
113.196716 
113.197021 
113.197021 
113.197327 
113.197632 
113.197937 
113.197937 
113.197937 
113.197632 
113.197632 
113.197632 
113.197327 
113.197021 
113.196716 
113.196411 
113.196106 
113.197327 
113.198547 
113.199463 
113.199768 
113.200073 
113.199463 
113.199158 
113.198853 
113.198242 
113.197937 
113.198853 
113.198547 
113.198547 
113.198547 
113.198547 
113.198547 
113.199158 
113.199463 
113.200073 
113.199768 
113.199158 
113.197632 
113.197021 
113.196716 
113.196716 
113.197327 
113.197327 
113.197021 
113.197632 
113.198242 
113.197632 
113.198242 
113.197937 
113.197632 
113.197632 
113.197632 
113.197021 
113.196411 
113.196411 
113.196106 
113.197327 
113.198547 
113.199768 
113.199768 
113.199768 
113.199768 
113.199463 
113.198853 
113.198547 
113.198547 
113.198547 
113.198547 
113.198547 
113.198242 
113.198853 
113.198547 
113.198547 
113.199768 
113.199463 
113.199463 
113.199158 
113.197632 
113.196716 
113.196716 
113.196411 
113.196716 
113.197327 
113.197021 
113.197327 
113.197632 
113.197937 
113.197937 
113.197937 
113.197632 
113.197632 
113.197632 
113.197632 
113.196716 
113.196106 
113.196106 
113.197021 
113.197937 
113.199463 
113.199768 
113.199158 
113.199158 
113.199158 
113.198853 
113.198853 
113.198547 
113.198242 
113.197937 
113.198547 
113.198242 
113.198547 
113.198853 
113.199158 
113.199158 
113.199768 
113.199158 
113.198547 
113.197021 
113.195496 
113.195190 
113.194275 
113.194275 
113.193665 
113.193359 
113.192444 
113.191833 
113.190918 
113.190002 
113.189087 
113.187561 
113.186035 
113.184509 
113.182373 
113.179932 
113.177185 
113.175049 
113.174133 
113.173218 
113.171997 
113.169556 
113.166809 
113.163757 
113.160706 
113.157349 
113.153992 
113.150024 
113.146667 
113.142395 
113.138733 
113.134766 
113.131104 
113.127136 
113.122864 
113.119202 
113.114929 
113.110046 
113.104248 
113.097839 
113.091431 
113.085938 
113.080444 
113.074951 
113.069153 
113.063354 
113.057251 
113.051147 
113.044434 
113.038025 
113.031311 
113.023987 
113.016663 
113.009338 
113.001404 
112.993469 
112.985535 
112.976990 
112.970581 
112.963562 
112.956848 
112.948303 
112.939758 
112.930908 
112.921753 
112.912292 
112.902832 
112.892761 
112.883301 
112.874146 
112.863770 
112.853699 
112.843933 
112.833862 
112.824097 
112.814026 
112.803650 
112.793274 
112.781067 
112.768860 
112.756958 
112.745056 
112.733459 
112.722473 
112.710876 
112.699890 
112.687988 
112.676392 
112.664185 
112.651978 
112.639465 
112.626953 
112.613831 
112.601318 
112.587891 
112.573853 
112.560425 
112.547302 
112.534790 
112.522278 
112.510071 
112.496643 
112.482605 
112.468567 
112.453918 
112.439270 
112.424622 
112.409973 
112.394714 
112.380371 
112.365723 
112.350159 
112.335815 
112.320557 
112.305603 
112.290649 
112.275696 
112.259827 
112.243347 
112.226563 
112.209778 
112.193909 
112.178345 
112.162781 
112.147217 
112.131653 
112.116394 
112.100525 
112.084656 
112.069092 
112.053528 
112.037354 
112.021484 
112.005615 
111.989441 
111.973267 
111.956787 
111.940613 
111.925659 
111.911621 
111.896973 
111.882019 
111.865845 
111.850281 
111.834412 
111.818542 
111.802063 
111.785889 
111.770020 
111.754456 
111.738281 
111.723022 
111.707153 
111.691895 
111.676636 
111.661377 
111.645813 
111.630554 
111.613159 
111.596680 
111.580200 
111.563721 
111.548157 
111.532593 
111.516724 
111.501770 
111.485901 
111.470642 
111.455078 
111.439819 
111.423645 
111.408081 
111.392517 
111.376648 
111.360779 
111.344604 
111.328735 
111.312256 
111.297607 
111.283875 
111.269226 
111.254272 
111.239319 
111.222839 
111.207275 
111.191406 
111.175842 
111.159668 
111.144409 
111.128845 
111.113281 
111.097717 
111.082764 
111.067505 
111.052551 
111.037598 
111.022949 
111.007385 
110.990906 
110.974731 
110.958862 
110.943298 
110.928955 
110.914307 
110.899658 
110.885620 
110.871887 
110.857544 
110.843811 
110.830078 
110.816040 
110.802612 
110.789185 
110.775146 
110.761414 
110.747986 
110.735168 
110.721741 
110.710144 
110.698547 
110.686951 
110.675049 
110.663147 
110.651245 
110.639038 
110.626831 
110.615540 
110.603638 
110.592346 
110.581055 
110.569763 
110.558777 
110.548096 
110.537720 
110.527344 
110.517273 
110.507507 
110.497437 
110.486450 
110.475464 
110.465088 
110.455017 
110.445557 
110.436401 
110.427551 
110.418396 
110.409546 
110.401306 
110.393066 
110.384216 
110.375671 
110.367432 
110.359192 
110.350952 
110.343018 
110.334473 
110.326843 
110.319519 
110.312500 
110.306396 
110.300903 
110.293884 
110.287476 
110.280457 
110.273743 
110.266724 
110.260620 
110.254211 
110.248108 
110.241699 
110.235901 
110.229492 
110.224609 
110.219116 
110.214233 
110.209656 
110.205383 
110.199890 
110.194702 
110.188599 
110.183105 
110.178833 
110.174255 
110.170288 
110.166626 
110.162964 
110.159607 
110.156250 
110.153809 
110.149841 
110.146484 
110.143433 
110.140381 
110.137329 
110.134277 
110.131836 
110.128479 
110.126038 
110.124817 
110.123596 
110.123291 
110.121765 
110.119629 
110.118713 
110.116577 
110.115051 
110.113831 
110.112305 
110.111084 
110.109253 
110.109558 
110.108337 
110.108337 
110.108032 
110.108032 
110.108337 
110.108643 
110.108032 
110.107422 
110.105896 
110.105286 
110.104675 
110.104980 
110.104980 
110.104980 
110.105286 
110.105591 
110.105591 
110.105896 
110.106201 
110.105896 
110.105896 
110.106201 
110.105896 
110.105591 
110.104980 
110.104980 
110.105286 
110.106201 
110.108032 
110.108948 
110.109253 
110.109558 
110.109253 
110.108948 
110.109558 
110.108948 
110.108643 
110.109253 
110.108948 
110.108643 
110.109253 
110.109253 
110.109253 
110.109863 
110.110474 
110.110779 
110.110474 
110.109863 
110.108948 
110.108337 
110.107727 
110.108032 
110.108032 
110.108337 
110.108643 
110.109253 
110.108948 
110.109253 
110.109558 
110.109253 
110.109558 
110.109253 
110.108948 
110.108643 
110.108337 
110.107727 
110.108032 
110.108337 
110.110168 
110.111084 
110.111084 
110.111389 
110.111084 
110.111084 
110.111084 
110.110474 
110.110474 
110.110779 
110.110474 
110.110474 
110.110168 
110.110474 
110.110474 
110.111084 
110.111389 
110.111084 
110.111694 
110.111084 
110.109558 
110.108643 
110.108337 
110.108032 
110.108643 
110.109253 
110.108948 
