Blum, K. P., D’Incamps, B. L., Zytnicki, D., & Ting, L. H. (2017).
Force encoding in muscle spindles during stretch of
passive muscle. PLoS computational biology, 13(9), 
e1005767. <https://journals.plos.org/ploscompbiol/article?
id=10.1371/journal.pcbi.1005767>

cat medial gastrocnemius muscle lengths over t  (in 0.0005 s increments)
110.107117 
110.106812 
110.106812 
110.107117 
110.107422 
110.107117 
110.107727 
110.108032 
110.107727 
110.106506 
110.106201 
110.105286 
110.104980 
110.105286 
110.105591 
110.105896 
110.105896 
110.106201 
110.106506 
110.106201 
110.106201 
110.106506 
110.106812 
110.106201 
110.106201 
110.105896 
110.105591 
110.105286 
110.105286 
110.105591 
110.107422 
110.107727 
110.107422 
110.108032 
110.107422 
110.106812 
110.107117 
110.106506 
110.106812 
110.107117 
110.106812 
110.106812 
110.106506 
110.106506 
110.106812 
110.106812 
110.107727 
110.107422 
110.107727 
110.106506 
110.105896 
110.105591 
110.105286 
110.105896 
110.105896 
110.106201 
110.106201 
110.106201 
110.106812 
110.106506 
110.105896 
110.106506 
110.106506 
110.106506 
110.106201 
110.105896 
110.105286 
110.104980 
110.105591 
110.106506 
110.107117 
110.108032 
110.108337 
110.108032 
110.107422 
110.107422 
110.106812 
110.106812 
110.106506 
110.107117 
110.106506 
110.107117 
110.107117 
110.107117 
110.107422 
110.107117 
110.107727 
110.107727 
110.107727 
110.106812 
110.106201 
110.104980 
110.105591 
110.105591 
110.105896 
110.106201 
110.106506 
110.106506 
110.106201 
110.106506 
110.106201 
110.106812 
110.106506 
110.106201 
110.105896 
110.105591 
110.105286 
110.104980 
110.105286 
110.105896 
110.107117 
110.108032 
110.108032 
110.108032 
110.108032 
110.107727 
110.107422 
110.107727 
110.108032 
110.108032 
110.108643 
110.108643 
110.108948 
110.109253 
110.110168 
110.110474 
110.111389 
110.112000 
110.112915 
110.113220 
110.112305 
110.112305 
110.113220 
110.114136 
110.115356 
110.116577 
110.117798 
110.119934 
110.121765 
110.122986 
110.125732 
110.127563 
110.130615 
110.133362 
110.135803 
110.138550 
110.140381 
110.143433 
110.145874 
110.149231 
110.152588 
110.155640 
110.158691 
110.161743 
110.164185 
110.166321 
110.169067 
110.171204 
110.173950 
110.177002 
110.180054 
110.183105 
110.185852 
110.189514 
110.193176 
110.196838 
110.200500 
110.204163 
110.207520 
110.209961 
110.213013 
110.215759 
110.219727 
110.223694 
110.227661 
110.231934 
110.236816 
110.241089 
110.245667 
110.249939 
110.253906 
110.258484 
110.263062 
110.267639 
110.272522 
110.276489 
110.281067 
110.285645 
110.291138 
110.296936 
110.302734 
110.309143 
110.314941 
110.320740 
110.325928 
110.331421 
110.336914 
110.342712 
110.348206 
110.354614 
110.360718 
110.367126 
110.373840 
110.380554 
110.387268 
110.394592 
110.401917 
110.409546 
110.416260 
110.422668 
110.428772 
110.435181 
110.442810 
110.449829 
110.457458 
110.464783 
110.472717 
110.480042 
110.487366 
110.494690 
110.502319 
110.509644 
110.516663 
110.523071 
110.530396 
110.537415 
110.543823 
110.550842 
110.558167 
110.566101 
110.574951 
110.582581 
110.589905 
110.597839 
110.605469 
110.611877 
110.619507 
110.626831 
110.634155 
110.641785 
110.650024 
110.657349 
110.665588 
110.674438 
110.682373 
110.690308 
110.699463 
110.708313 
110.716248 
110.724792 
110.731506 
110.740051 
110.748901 
110.758057 
110.766602 
110.776672 
110.785828 
110.794983 
110.804749 
110.814514 
110.823669 
110.833435 
110.843506 
110.852356 
110.862122 
110.871582 
110.880737 
110.890503 
110.900879 
110.911255 
110.922546 
110.933533 
110.943604 
110.953979 
110.964355 
110.974121 
110.983887 
110.993958 
111.003723 
111.013794 
111.024170 
111.034546 
111.045227 
111.055298 
111.065674 
111.076050 
111.087036 
111.097107 
111.107483 
111.116943 
111.126099 
111.135559 
111.145630 
111.156311 
111.166077 
111.177673 
111.187744 
111.198120 
111.208496 
111.219482 
111.229248 
111.239929 
111.249695 
111.259766 
111.270142 
111.279907 
111.289673 
111.299438 
111.310425 
111.321411 
111.332703 
111.343689 
111.354675 
111.364746 
111.374512 
111.384888 
111.394958 
111.404724 
111.414490 
111.424866 
111.435242 
111.445923 
111.455994 
111.466370 
111.476746 
111.487427 
111.498108 
111.508789 
111.518555 
111.528015 
111.537476 
111.546936 
111.557007 
111.567688 
111.577759 
111.588440 
111.598816 
111.609192 
111.620178 
111.630249 
111.640930 
111.651306 
111.661682 
111.671753 
111.681824 
111.691589 
111.701355 
111.711426 
111.721802 
111.733093 
111.744385 
111.755066 
111.765747 
111.776123 
111.786194 
111.796570 
111.806335 
111.816406 
111.826172 
111.836243 
111.846313 
111.856384 
111.867065 
111.876831 
111.887207 
111.897583 
111.908264 
111.918640 
111.929016 
111.938171 
111.947327 
111.956787 
111.966858 
111.977539 
111.987610 
111.997986 
112.008362 
112.018738 
112.029114 
112.039490 
112.049561 
112.059937 
112.069702 
112.079773 
112.090149 
112.099609 
112.109375 
112.119446 
112.129517 
112.140808 
112.151794 
112.162781 
112.173767 
112.183838 
112.193909 
112.203369 
112.213135 
112.222900 
112.232971 
112.242737 
112.252808 
112.263184 
112.274170 
112.283630 
112.294006 
112.304688 
112.315063 
112.325134 
112.335205 
112.344360 
112.353516 
112.362976 
112.372742 
112.382813 
112.392883 
112.402954 
112.413025 
112.423096 
112.433472 
112.442932 
112.453003 
112.462158 
112.471924 
112.481079 
112.490234 
112.499084 
112.507935 
112.516785 
112.525940 
112.536011 
112.546387 
112.556152 
112.565308 
112.574158 
112.583008 
112.591858 
112.600098 
112.608032 
112.615967 
112.624817 
112.633057 
112.640991 
112.649231 
112.657776 
112.666016 
112.673950 
112.682495 
112.691040 
112.698364 
112.705383 
112.712097 
112.719116 
112.726440 
112.734070 
112.741699 
112.749329 
112.756958 
112.765198 
112.772217 
112.779236 
112.786560 
112.793884 
112.800598 
112.807312 
112.814026 
112.820435 
112.826538 
112.833252 
112.839661 
112.846985 
112.854309 
112.861328 
112.867737 
112.875061 
112.880859 
112.886353 
112.891846 
112.897644 
112.903442 
112.909546 
112.915344 
112.920837 
112.926636 
112.932434 
112.938232 
112.943726 
112.949829 
112.955322 
112.960510 
112.964172 
112.968750 
112.973022 
112.978210 
112.983398 
112.988586 
112.994080 
112.998962 
113.003845 
113.008423 
113.013306 
113.017883 
113.022461 
113.027039 
113.031006 
113.034668 
113.038940 
113.042603 
113.046875 
113.050842 
113.055725 
113.061218 
113.065491 
113.069763 
113.073425 
113.076782 
113.080139 
113.083191 
113.086548 
113.089600 
113.093262 
113.096619 
113.099365 
113.103333 
113.106384 
113.109131 
113.112793 
113.116150 
113.118896 
113.121338 
113.123779 
113.125000 
113.127136 
113.129883 
113.132629 
113.135071 
113.137512 
113.139954 
113.142395 
113.144836 
113.147278 
113.149414 
113.151245 
113.153381 
113.154602 
113.156433 
113.157349 
113.159180 
113.160095 
113.162231 
113.164368 
113.166504 
113.168640 
113.170166 
113.171082 
113.172302 
113.173523 
113.173828 
113.174438 
113.175049 
113.175964 
113.176575 
113.177490 
113.177795 
113.178711 
113.179321 
113.180237 
113.180542 
113.181763 
113.181458 
113.181152 
113.180542 
113.179626 
113.179932 
113.180542 
113.180847 
113.180847 
113.181152 
113.181458 
113.181763 
113.181458 
113.182068 
113.181458 
113.181152 
113.181458 
113.181152 
113.180542 
113.180237 
113.179932 
113.179932 
113.180847 
113.181763 
113.182373 
113.182373 
113.182373 
113.181763 
113.181458 
113.181763 
113.181152 
113.180847 
113.180847 
113.180847 
113.180542 
113.180542 
113.180542 
113.180542 
113.180847 
113.180847 
113.181152 
113.180847 
113.179932 
113.178711 
113.178406 
113.177795 
113.178711 
113.178406 
113.178406 
113.179016 
113.179016 
113.179016 
113.179016 
113.178711 
113.178711 
113.178406 
113.178711 
113.178406 
113.177795 
113.177490 
113.177185 
113.177490 
113.178101 
113.178711 
113.179626 
113.179626 
113.179932 
113.179321 
113.178711 
113.179016 
113.178406 
113.178406 
113.178406 
113.178711 
113.178406 
113.178711 
113.178711 
113.178711 
113.178711 
113.179626 
113.179626 
113.179321 
113.178406 
113.177795 
113.176880 
113.176880 
113.177795 
113.177795 
113.177795 
113.177795 
113.177795 
113.178406 
113.178406 
113.178101 
113.178406 
113.177795 
113.177795 
113.177795 
113.177490 
113.177490 
113.176575 
113.176575 
113.177795 
113.179321 
113.179626 
113.179932 
113.179932 
113.179321 
113.179321 
113.179016 
113.178711 
113.178711 
113.178711 
113.178711 
113.178711 
113.179016 
113.178711 
113.179016 
113.179321 
113.179626 
113.179932 
113.179626 
113.178711 
113.177795 
113.177185 
113.177490 
113.177795 
113.177795 
113.178406 
113.178406 
113.178406 
113.178406 
113.178101 
113.177795 
113.178101 
113.178406 
113.178101 
113.178406 
113.177795 
113.177185 
113.177185 
113.177185 
113.178101 
113.179016 
113.179626 
113.179321 
113.179626 
113.179626 
113.179016 
113.178406 
113.178711 
113.178406 
113.178406 
113.178711 
113.178406 
113.178711 
113.179016 
113.178406 
113.178406 
113.179016 
113.179016 
113.179016 
113.178406 
113.177490 
113.176575 
113.177185 
113.176575 
113.176575 
113.177185 
113.177490 
113.177185 
113.177490 
113.176880 
113.176880 
113.177490 
113.177185 
113.177185 
113.176575 
113.176575 
113.175964 
113.175964 
113.175964 
113.177185 
113.177490 
113.178406 
113.178101 
113.178101 
113.178101 
113.177795 
113.177490 
113.177490 
113.177185 
113.177185 
113.177185 
113.177185 
113.177795 
113.177490 
113.177795 
113.177795 
113.178406 
113.178406 
113.178101 
113.177490 
113.175964 
113.175659 
113.175964 
113.176575 
113.176270 
113.176575 
113.176880 
113.176575 
113.176880 
113.176880 
113.176575 
113.176880 
113.176575 
113.176575 
113.176575 
113.176270 
113.176270 
113.175659 
113.175964 
113.177185 
113.178101 
113.178101 
113.178406 
113.178406 
113.177795 
113.177795 
113.177795 
113.177795 
113.177490 
113.177490 
113.177795 
113.177795 
113.178101 
113.178406 
113.178101 
113.178101 
113.178101 
113.179016 
113.178406 
113.177795 
113.176575 
113.176575 
113.175964 
113.176270 
113.176880 
113.177490 
113.177490 
113.177490 
113.177490 
113.177795 
113.177795 
113.177795 
113.177490 
113.176880 
113.177490 
113.176575 
113.176575 
113.176270 
113.176270 
113.177185 
113.178101 
113.178711 
113.179016 
113.178711 
113.178711 
113.178101 
113.178101 
113.178101 
113.177795 
113.177795 
113.177795 
113.177795 
113.178101 
113.178101 
113.178406 
113.178406 
113.178711 
113.178711 
113.178711 
113.178101 
113.176880 
113.176575 
113.176575 
113.176575 
113.176880 
113.177185 
113.177490 
113.176880 
113.177490 
113.177490 
113.177185 
113.177490 
113.177490 
113.177490 
113.177185 
113.176880 
113.175964 
113.176270 
113.176575 
113.177185 
113.178101 
113.178711 
113.178711 
113.178711 
113.178711 
113.178101 
113.177490 
113.177795 
113.177185 
113.177490 
113.178406 
113.177795 
113.177185 
113.177490 
113.177490 
113.177795 
113.178711 
113.178711 
113.178406 
113.177490 
113.176575 
113.175659 
113.176270 
113.176270 
113.175964 
113.176575 
113.176880 
113.176575 
113.176575 
113.177185 
113.176880 
113.176880 
113.177185 
113.176880 
113.176575 
113.175964 
113.176270 
113.175964 
113.175659 
113.176575 
113.177490 
113.178406 
113.178711 
113.178406 
113.178406 
113.178101 
113.177490 
113.177490 
113.177185 
113.177490 
113.177490 
113.177185 
113.177185 
113.177185 
113.177490 
113.177795 
113.178101 
113.178406 
113.178101 
113.177490 
113.176270 
113.175964 
113.175964 
113.175964 
113.176270 
113.176270 
113.176575 
113.176880 
113.176575 
113.176880 
113.176575 
113.176880 
113.176575 
113.176880 
113.176575 
113.176270 
113.175659 
113.175964 
113.175659 
113.177185 
113.177795 
113.178101 
113.179016 
113.178406 
113.178101 
113.177795 
113.177490 
113.177490 
113.177490 
113.177490 
113.177185 
113.177490 
113.177490 
113.177490 
113.177490 
113.177795 
113.178406 
113.178711 
113.178101 
113.177490 
113.176880 
113.176270 
113.176270 
113.176270 
113.176575 
113.176880 
113.177185 
113.177185 
113.176880 
113.177185 
113.177185 
113.177185 
113.177185 
113.177490 
113.176880 
113.176575 
113.175964 
113.176270 
113.175964 
113.177185 
113.178101 
113.178711 
113.178711 
113.178711 
113.178406 
113.178101 
113.178101 
113.177490 
113.177490 
113.177795 
113.177795 
113.177185 
113.177795 
113.177795 
113.178101 
113.178101 
113.178101 
113.178711 
113.178406 
113.177185 
113.176575 
113.175964 
113.176270 
113.176575 
113.176575 
113.176270 
113.176880 
113.176575 
113.177185 
113.177185 
113.176880 
113.177490 
113.176880 
113.176880 
113.176880 
113.176270 
113.175964 
113.175964 
113.175964 
113.176575 
113.177795 
113.178101 
113.178406 
113.178711 
113.178101 
113.177185 
113.177490 
113.177490 
113.177490 
113.177490 
113.177490 
113.177490 
113.176880 
113.177185 
113.177490 
113.177795 
113.178101 
113.178406 
113.178101 
113.177185 
113.176270 
113.175659 
113.175659 
113.176270 
113.175964 
113.176270 
113.176575 
113.176575 
113.176880 
113.176575 
113.176880 
113.176575 
113.176880 
113.176880 
113.176270 
113.175964 
113.175964 
113.175354 
113.175659 
113.176575 
113.177490 
113.178101 
113.178101 
113.178101 
113.178101 
113.178101 
113.177490 
113.177490 
113.177490 
113.177185 
113.177490 
113.177185 
113.177185 
113.177185 
113.177795 
113.177490 
113.178101 
113.177795 
113.178406 
113.176575 
113.175659 
113.175659 
113.175659 
113.175964 
113.176270 
113.176575 
113.176880 
113.176880 
113.176575 
113.176575 
113.176270 
113.176575 
113.176880 
113.176270 
113.176575 
113.176270 
113.175964 
113.175659 
113.175659 
113.176880 
113.177490 
113.178101 
113.178101 
113.178406 
113.177795 
113.177490 
113.178101 
113.177490 
113.177185 
113.177490 
113.177490 
113.177490 
113.177185 
113.178101 
113.177795 
113.178101 
113.178406 
113.178711 
113.178406 
113.177795 
113.176270 
113.176270 
113.175964 
113.176270 
113.176270 
113.176880 
113.176880 
113.176880 
113.177185 
113.177185 
113.177490 
113.177185 
113.176880 
113.176880 
113.176880 
113.176575 
113.176270 
113.175964 
113.176270 
113.176880 
113.178101 
113.178711 
113.178406 
113.178711 
113.178406 
113.178101 
113.177795 
113.177490 
113.177490 
113.177490 
113.177490 
113.177185 
113.177185 
113.178101 
113.177795 
113.177795 
113.178406 
113.178406 
113.178101 
113.177795 
113.176270 
113.175964 
113.175964 
113.176270 
113.176270 
113.176575 
113.176575 
113.176575 
113.176880 
113.176880 
113.176575 
113.176880 
113.176880 
113.177185 
113.176270 
113.176575 
113.175659 
113.175659 
113.175354 
113.175964 
113.177490 
113.178101 
113.178101 
113.178101 
113.178101 
113.177795 
113.177185 
113.177490 
113.176880 
113.177185 
113.177185 
113.176880 
113.176880 
113.177490 
113.177490 
113.177185 
113.178101 
113.178101 
113.177795 
113.176880 
113.175659 
113.175659 
113.175659 
113.175659 
113.175964 
113.176575 
113.176575 
113.176575 
113.176575 
113.177185 
113.176270 
113.176575 
113.176880 
113.176575 
113.176575 
113.176270 
113.175659 
113.175659 
113.175659 
113.176270 
113.177490 
113.177795 
113.178101 
113.178101 
113.178101 
113.177490 
113.177490 
113.177185 
113.177490 
113.177185 
113.177490 
113.177185 
113.177185 
113.177795 
113.177795 
113.177795 
113.178101 
113.178406 
113.178406 
113.177185 
113.175964 
113.175659 
113.175659 
113.176575 
113.175964 
113.176575 
113.176575 
113.176575 
113.176880 
113.176880 
113.176880 
113.176880 
113.177185 
113.176575 
113.176575 
113.176270 
113.175659 
113.175659 
113.175964 
113.176880 
113.177795 
113.178406 
113.178406 
113.178101 
113.178406 
113.177795 
113.177185 
113.177185 
113.177490 
113.177185 
113.177185 
113.177795 
113.177490 
113.177490 
113.178101 
113.178101 
113.178101 
113.178406 
113.178101 
113.177490 
113.176270 
113.175659 
113.176270 
113.175964 
113.176575 
113.176270 
113.176270 
113.176880 
113.176575 
113.176880 
113.177185 
113.176880 
113.176880 
113.176575 
113.176880 
113.176575 
113.175964 
113.175659 
113.175964 
113.176575 
113.177795 
113.178101 
113.178406 
113.178101 
113.177795 
113.177490 
113.177795 
113.177185 
113.177185 
113.177185 
113.177490 
113.177185 
113.177185 
113.177490 
113.177490 
113.177795 
113.178406 
113.178406 
113.178406 
113.177185 
113.176270 
113.175659 
113.175964 
113.175964 
113.176270 
113.176575 
113.176575 
113.176575 
113.176880 
113.176575 
113.177185 
113.176880 
113.176575 
113.176880 
113.176270 
113.175964 
113.175964 
113.175354 
113.175659 
113.176270 
113.177795 
113.177795 
113.178101 
113.178406 
113.177795 
113.177490 
113.177185 
113.177185 
113.177490 
113.177490 
113.177490 
113.176880 
113.177490 
113.177185 
113.177185 
113.177795 
113.178101 
113.178406 
113.178101 
113.177490 
113.175964 
113.175964 
113.175964 
113.175659 
113.175964 
113.176575 
113.176575 
113.176270 
113.176880 
113.176575 
113.176880 
113.176880 
113.176880 
113.176575 
113.176575 
113.176270 
113.175659 
113.175659 
113.175964 
113.176575 
113.177185 
113.178101 
113.178101 
113.178406 
113.178101 
113.177490 
113.177185 
113.177185 
113.177185 
113.177185 
113.177490 
113.177185 
113.177185 
113.177490 
113.177490 
113.177185 
113.178101 
113.178406 
113.178101 
113.177185 
113.176575 
113.175659 
113.175659 
113.176270 
113.176270 
113.176270 
113.177185 
113.176575 
113.176575 
113.176880 
113.176880 
113.176880 
113.176880 
113.176880 
113.176575 
113.176270 
113.175659 
113.175659 
113.175659 
113.176575 
113.177795 
113.178101 
113.178101 
113.178101 
113.177795 
113.177795 
113.177490 
113.177795 
113.177185 
113.177185 
113.177490 
113.177490 
113.177490 
113.177490 
113.177795 
113.177795 
113.178101 
113.178711 
113.178101 
113.177185 
113.176270 
113.175354 
113.175964 
113.175964 
113.176270 
113.176575 
113.176575 
113.176880 
113.176575 
113.176880 
113.176575 
113.176575 
113.176575 
113.176575 
113.176575 
113.176270 
113.175659 
113.175659 
113.175659 
113.176575 
113.177490 
113.178406 
113.178101 
113.178101 
113.177795 
113.177490 
113.177490 
113.177490 
113.177185 
113.177185 
113.176880 
113.177185 
113.177185 
113.177185 
113.177490 
113.177795 
113.177490 
113.178406 
113.177795 
113.177185 
113.176270 
113.175659 
113.175659 
113.176270 
113.176270 
113.176270 
113.176575 
113.176880 
113.176575 
113.176880 
113.176880 
113.176270 
113.176575 
113.176575 
113.176270 
113.176270 
113.175659 
113.175354 
113.175659 
113.176270 
113.177490 
113.178101 
113.178101 
113.178101 
113.177795 
113.177795 
113.177185 
113.177185 
113.177490 
113.177185 
113.177185 
113.177185 
113.177185 
113.177490 
113.177490 
113.177490 
113.178101 
113.177795 
113.178101 
113.177185 
113.176575 
113.175964 
113.175659 
113.176270 
113.176270 
113.176575 
113.176575 
113.176575 
113.176575 
113.176575 
113.176880 
113.176575 
113.176880 
113.176575 
113.176575 
113.175964 
113.175659 
113.175354 
113.175964 
113.176575 
113.177490 
113.177795 
113.178406 
113.178101 
113.178101 
113.177795 
113.177490 
113.177185 
113.177185 
113.177185 
113.177185 
113.177185 
113.177185 
113.177185 
113.177490 
113.177795 
113.178101 
113.178101 
113.178101 
113.177185 
113.175964 
113.175659 
113.175659 
113.175964 
113.176270 
113.176270 
113.176575 
113.176575 
113.176575 
113.176575 
113.176880 
113.176880 
113.176880 
113.176575 
113.176880 
113.176270 
113.175659 
113.175354 
113.175659 
113.176270 
113.177795 
113.178101 
113.178101 
113.178406 
113.177795 
113.177795 
113.177490 
113.177185 
113.176880 
113.177490 
113.177185 
113.177185 
113.177185 
113.177490 
113.177490 
113.177795 
113.177795 
113.178101 
113.178101 
113.177185 
113.176270 
113.175659 
113.175964 
113.175964 
113.175964 
113.176575 
113.176880 
113.176575 
113.176880 
113.176270 
113.176575 
113.176880 
113.176575 
113.176270 
113.176270 
113.176270 
113.175354 
113.175964 
113.175354 
113.176575 
113.177795 
113.178101 
113.177795 
113.177795 
113.177795 
113.177490 
113.177490 
113.176880 
113.177490 
113.177185 
113.176880 
113.176880 
113.177185 
113.177185 
113.177490 
113.177795 
113.177795 
113.178101 
113.177490 
113.176880 
113.176270 
113.175049 
113.175659 
113.176270 
113.176270 
113.176880 
113.176575 
113.176880 
113.177185 
113.176575 
113.176575 
113.176575 
113.176575 
113.176575 
113.176270 
113.175964 
113.175354 
113.175659 
113.175659 
113.176270 
113.177795 
113.178101 
113.178406 
113.178101 
113.178101 
113.177490 
113.177490 
113.177490 
113.176880 
113.177185 
113.177490 
113.177490 
113.176880 
113.177490 
113.177490 
113.177795 
113.177795 
113.178406 
113.178101 
113.177185 
113.176270 
113.175964 
113.175659 
113.176575 
113.176270 
113.175964 
113.176575 
113.176575 
113.176575 
113.176880 
113.176575 
113.176880 
113.176575 
113.176880 
113.176270 
113.175964 
113.175964 
113.175354 
113.175659 
113.176270 
113.177490 
113.178101 
113.178406 
113.178406 
113.178101 
113.177795 
113.177490 
113.177490 
113.177185 
113.177185 
113.177185 
113.177185 
113.176880 
113.177185 
113.177490 
113.177795 
113.178406 
113.178406 
113.177795 
113.176575 
113.176270 
113.175354 
113.175964 
113.175964 
113.176575 
113.176270 
113.176270 
113.176575 
113.176880 
113.176575 
113.176880 
113.176880 
113.176575 
113.176270 
113.176575 
113.175659 
113.175354 
113.175354 
113.175659 
113.176575 
113.177490 
113.178101 
113.178101 
113.177795 
113.178406 
113.177490 
113.177185 
113.177185 
113.176880 
113.177185 
113.177185 
113.177185 
113.177185 
113.177490 
113.177185 
113.177490 
113.177490 
113.178406 
113.178101 
113.177185 
113.175659 
113.175354 
113.175354 
113.176270 
113.176270 
113.176270 
113.176270 
113.176270 
113.176880 
113.176880 
113.176270 
113.176880 
113.176575 
113.176575 
113.176575 
113.175659 
113.175659 
113.175659 
113.175049 
113.176575 
113.177490 
113.178101 
113.178101 
113.178406 
113.177795 
113.177490 
113.177795 
113.177185 
113.176880 
113.177185 
113.176880 
113.177185 
113.177185 
113.177795 
113.177490 
113.177490 
113.177795 
113.178406 
113.177490 
113.177185 
113.175659 
113.175354 
113.175964 
113.175659 
113.175964 
113.176270 
113.176270 
113.176880 
113.176880 
113.176575 
113.176270 
113.176575 
113.176880 
113.176880 
113.176270 
113.175964 
113.175659 
113.175354 
113.175964 
113.176575 
113.177795 
113.178101 
113.178101 
113.178101 
113.178101 
113.177185 
113.177490 
113.177490 
113.177185 
113.177185 
113.177185 
113.176880 
113.177490 
113.177185 
113.177490 
113.177490 
113.178406 
113.178406 
113.178406 
113.177185 
113.175964 
113.175354 
113.175964 
113.176270 
113.176270 
113.176575 
113.176880 
113.176575 
113.176575 
113.176880 
113.176880 
113.176880 
113.176880 
113.176270 
113.176880 
113.176270 
113.175659 
113.175659 
113.175964 
113.176575 
113.177795 
113.178101 
113.178406 
113.178101 
113.178101 
113.177795 
113.177490 
113.177185 
113.177185 
113.176880 
113.176880 
113.177185 
113.177185 
113.177490 
113.177795 
113.177490 
113.178101 
113.178101 
113.177795 
113.177490 
113.175659 
113.175354 
113.175659 
113.175964 
113.176270 
113.176880 
113.176575 
113.176270 
113.176880 
113.176880 
113.176880 
113.176575 
113.176880 
113.176270 
113.175964 
113.175964 
113.175354 
113.175354 
113.175659 
113.176270 
113.177795 
113.178101 
113.178406 
113.178406 
113.178406 
113.177490 
113.177490 
113.176880 
113.177490 
113.177185 
113.177185 
113.177490 
113.177185 
113.177490 
113.177185 
113.177185 
113.178406 
113.178101 
113.177490 
113.177185 
113.176270 
113.175659 
113.175659 
113.176270 
113.176270 
113.176270 
113.176270 
113.176575 
113.176575 
113.176880 
113.176270 
113.176575 
113.176880 
113.176575 
113.176575 
113.175964 
113.175659 
113.175659 
113.175659 
113.176575 
113.177185 
113.178101 
113.178101 
113.178101 
113.177795 
113.177795 
113.177795 
113.177185 
113.177185 
113.177185 
113.177185 
113.177185 
113.177185 
113.177185 
113.177490 
113.177185 
113.177795 
113.178406 
113.178101 
113.177185 
113.176575 
113.175659 
113.175964 
113.176270 
113.176270 
113.176575 
113.176575 
113.176270 
113.176575 
113.176880 
113.176575 
113.176575 
113.176880 
113.176575 
113.176270 
113.175964 
113.175964 
113.175354 
113.175659 
113.176270 
113.177795 
113.178101 
113.178101 
113.178406 
113.178406 
113.178101 
113.177185 
113.177185 
113.177185 
113.177185 
113.177185 
113.177185 
113.177185 
113.177185 
113.177490 
113.177795 
113.177490 
113.178101 
113.177795 
113.176880 
113.175964 
113.175659 
113.175659 
113.175964 
113.176270 
113.176270 
113.176575 
113.176880 
113.176575 
113.176880 
113.176575 
113.176880 
113.176575 
113.176575 
113.176575 
113.176270 
113.175659 
113.175354 
113.175659 
113.176575 
113.177490 
113.178406 
113.178406 
113.178406 
113.178101 
113.177490 
113.177490 
113.176880 
113.177185 
113.177490 
113.177185 
113.177490 
113.177490 
113.177490 
113.177795 
113.177795 
113.177490 
113.177795 
113.178406 
113.176880 
113.175964 
113.175659 
113.175659 
113.176270 
113.176575 
113.176270 
113.176575 
113.175964 
113.176880 
113.176575 
113.176575 
113.176880 
113.176575 
113.176575 
113.176270 
113.175964 
113.175964 
113.175354 
113.175354 
113.176270 
113.177490 
113.178101 
113.178101 
113.178101 
113.177795 
113.177490 
113.177490 
113.176880 
113.176880 
113.177185 
113.177490 
113.177185 
113.177490 
113.176880 
113.177185 
113.177795 
113.177490 
113.178101 
113.178101 
113.176880 
113.176270 
113.175659 
113.175659 
113.176270 
113.175964 
113.176270 
113.176270 
113.176575 
113.176575 
113.176575 
113.176880 
113.176880 
113.176575 
113.176880 
113.176575 
113.175964 
113.175659 
113.175354 
113.175354 
113.176575 
113.177490 
113.177795 
113.178406 
113.178101 
113.178101 
113.177490 
113.177490 
113.176880 
113.177185 
113.176880 
113.177185 
113.177185 
113.177490 
113.177490 
113.177490 
113.177795 
113.178406 
113.178101 
113.177795 
113.177185 
113.176270 
113.175964 
113.175659 
113.175964 
113.175964 
113.176270 
113.176575 
113.176575 
113.176575 
113.176270 
113.176880 
113.176575 
113.176575 
113.176880 
113.176880 
113.175964 
113.175659 
113.175354 
113.175354 
113.176575 
113.177490 
113.178101 
113.178101 
113.178101 
113.177795 
113.177490 
113.177490 
113.176880 
113.177490 
113.177490 
113.177185 
113.176880 
113.177185 
113.177490 
113.177490 
113.177795 
113.177795 
113.178101 
113.178101 
113.176880 
113.175964 
113.175964 
113.175659 
113.175964 
113.176270 
113.176270 
113.176880 
113.176270 
113.176575 
113.176575 
113.176880 
113.176575 
113.176880 
113.176575 
113.176575 
113.176270 
113.175659 
113.175049 
113.175659 
113.176575 
113.177490 
113.177795 
113.178406 
113.178101 
113.177490 
113.177795 
113.177185 
113.177185 
113.176880 
113.176880 
113.176880 
113.176880 
113.177490 
113.177185 
113.177490 
113.177795 
113.177795 
113.177795 
113.177795 
113.176880 
113.176270 
113.175659 
113.175659 
113.176270 
113.175964 
113.175964 
113.176270 
113.176270 
113.176575 
113.176880 
113.176575 
113.176880 
113.176575 
113.176880 
113.176270 
113.175659 
113.175659 
113.175659 
113.175354 
113.176575 
113.177490 
113.177795 
113.178101 
113.178101 
113.177795 
113.177795 
113.177795 
113.177185 
113.176575 
113.177185 
113.177185 
113.177185 
113.177185 
113.176880 
113.177490 
113.177185 
113.177795 
113.178101 
113.177795 
113.177185 
113.175964 
113.175964 
113.175659 
113.175964 
113.175964 
113.176880 
113.176270 
113.176270 
113.176880 
113.176880 
113.176880 
113.176880 
113.176880 
113.176270 
113.176270 
113.175964 
113.175354 
113.175354 
113.175964 
113.176270 
113.177490 
113.177795 
113.178101 
113.178101 
113.177795 
113.177185 
113.177490 
113.176880 
113.176880 
113.176880 
113.177185 
113.177185 
113.177185 
113.177490 
113.177795 
113.177795 
113.178101 
113.178406 
113.178101 
113.177185 
113.176270 
113.175659 
113.175964 
113.175659 
113.176270 
113.176575 
113.176575 
113.176880 
113.177185 
113.176575 
113.176575 
113.176880 
113.176575 
113.176575 
113.176575 
113.175964 
113.175964 
113.175354 
113.175659 
113.176880 
113.177490 
113.178101 
113.178101 
113.178101 
113.178101 
113.177490 
113.177185 
113.177185 
113.176575 
113.176880 
113.177185 
113.177185 
113.176880 
113.177185 
113.177490 
113.177490 
113.178101 
113.178101 
113.177795 
113.176880 
113.175659 
113.175659 
113.175659 
113.176270 
113.176270 
113.176270 
113.176880 
113.176575 
113.176880 
113.176575 
113.176575 
113.176880 
113.176575 
113.176880 
113.176270 
113.175964 
113.175659 
113.175659 
113.175659 
113.176270 
113.177185 
113.177795 
113.178101 
113.177795 
113.177490 
113.177490 
113.177185 
113.177490 
113.177185 
113.176880 
113.177185 
113.177185 
113.177490 
113.177490 
113.177795 
113.177490 
113.178101 
113.178101 
113.178101 
113.177185 
113.176270 
113.175659 
113.175659 
113.176270 
113.176575 
113.176575 
113.176575 
113.176880 
113.176575 
113.176575 
113.176575 
113.176880 
113.176575 
113.176575 
113.175964 
113.176270 
113.175354 
113.175354 
113.175659 
113.176880 
113.177490 
113.178101 
113.178101 
113.178406 
113.177795 
113.177795 
113.177490 
113.177490 
113.177490 
113.177185 
113.177185 
113.177185 
113.177185 
113.177795 
113.177490 
113.177490 
113.178101 
113.178711 
113.178101 
113.177185 
113.176270 
113.175659 
113.175964 
113.175964 
113.176270 
113.176270 
113.176575 
113.176880 
113.176880 
113.176880 
113.176575 
113.176880 
113.176575 
113.176575 
113.176575 
113.175964 
113.175354 
113.175659 
113.175659 
113.176575 
113.177490 
113.177795 
113.178406 
113.177795 
113.177795 
113.177795 
113.177490 
113.176880 
113.176880 
113.177185 
113.177185 
113.176575 
113.177490 
113.177490 
113.177185 
113.177795 
113.177795 
113.178101 
113.178101 
113.177185 
113.176270 
113.175964 
113.175354 
113.176270 
113.176270 
113.175964 
113.176270 
113.176575 
113.176575 
113.176575 
113.176880 
113.176575 
113.176270 
113.176880 
113.176270 
113.175964 
113.175964 
113.175659 
113.175354 
113.176575 
113.177795 
113.177795 
113.178101 
113.177795 
113.177490 
113.177490 
113.177490 
113.177490 
113.176880 
113.177185 
113.176880 
113.177185 
113.177490 
113.177185 
113.177185 
113.177795 
113.177795 
113.178101 
113.177795 
113.176880 
113.175964 
113.175354 
113.175659 
113.176270 
113.175964 
113.176575 
113.176575 
113.176575 
113.177185 
113.177185 
113.176575 
113.177185 
113.176880 
113.176575 
113.176575 
113.175964 
113.175659 
113.175659 
113.175964 
113.176575 
113.177490 
113.178406 
113.178406 
113.178101 
113.177795 
113.177795 
113.177185 
113.177490 
113.177185 
113.177185 
113.177185 
113.177185 
113.177185 
113.177490 
113.177490 
113.177490 
113.178101 
113.178101 
113.177795 
113.176880 
113.176270 
113.175659 
113.175964 
113.175964 
113.175964 
113.176880 
113.176575 
113.176880 
113.176880 
113.176575 
113.176880 
113.176880 
113.176880 
113.176575 
113.176880 
113.175659 
113.175354 
113.175659 
113.175659 
113.176270 
113.177795 
113.178101 
113.178101 
113.178101 
113.178101 
113.177490 
113.176880 
113.177490 
113.177185 
113.177185 
113.177185 
113.176880 
113.177185 
113.177185 
113.177490 
113.177490 
113.177795 
113.178406 
113.177795 
113.176880 
113.175659 
113.175354 
113.175354 
113.175964 
113.175659 
113.175659 
113.175964 
113.175659 
113.175659 
113.175354 
113.175049 
113.175049 
113.173828 
113.174438 
113.172913 
113.172302 
113.171692 
113.171082 
113.170166 
113.170471 
113.170776 
113.170471 
113.169556 
113.168945 
113.168335 
113.165894 
113.164368 
113.162537 
113.160400 
113.158875 
113.156738 
113.154297 
113.151855 
113.150330 
113.147888 
113.146057 
113.144531 
113.142090 
113.139648 
113.136597 
113.132629 
113.129883 
113.127441 
113.124390 
113.121948 
113.119812 
113.117371 
113.114624 
113.112183 
113.109131 
113.106079 
113.102112 
113.099365 
113.096008 
113.092651 
113.088379 
113.084717 
113.081055 
113.077698 
113.074646 
113.071899 
113.068848 
113.064880 
113.061218 
113.056946 
113.052063 
113.047791 
113.042908 
113.037720 
113.033752 
113.029480 
113.024597 
113.020630 
113.016052 
113.011475 
113.006897 
113.002014 
112.997437 
112.991943 
112.986145 
112.980347 
112.974243 
112.969360 
112.964172 
112.958984 
112.953796 
112.948608 
112.943420 
112.937927 
112.932129 
112.926636 
112.920837 
112.915344 
112.908936 
112.902832 
112.896118 
112.889404 
112.882996 
112.877197 
112.872009 
112.866821 
112.861023 
112.854309 
112.847900 
112.841187 
112.833862 
112.826843 
112.819824 
112.812500 
112.805786 
112.798462 
112.791748 
112.784424 
112.777405 
112.770386 
112.763062 
112.756042 
112.749023 
112.741394 
112.732239 
112.723694 
112.715454 
112.707520 
112.700195 
112.692261 
112.684326 
112.676697 
112.668457 
112.661133 
112.652893 
112.644653 
112.636108 
112.627869 
112.619324 
112.610474 
112.601624 
112.592468 
112.583313 
112.574768 
112.566528 
112.558594 
112.550659 
112.542114 
112.532349 
112.523193 
112.513733 
112.503967 
112.494202 
112.484436 
112.474976 
112.464905 
112.455444 
112.445984 
112.436218 
112.426147 
112.415771 
112.406616 
112.397156 
112.386475 
112.375793 
112.364807 
112.353821 
112.343445 
112.333984 
112.323608 
112.313232 
112.303772 
112.293396 
112.283630 
112.272644 
112.262268 
112.251892 
112.241211 
112.231140 
112.220764 
112.209778 
112.199097 
112.188416 
112.178345 
112.168579 
112.159424 
112.149658 
112.139587 
112.129211 
112.118835 
112.108154 
112.097168 
112.086792 
112.075806 
112.065735 
112.055054 
112.044678 
112.034607 
112.024536 
112.014465 
112.003784 
111.994019 
111.983948 
111.972961 
111.961975 
111.950378 
111.939697 
111.929016 
111.918945 
111.908569 
111.898499 
111.888733 
111.878357 
111.868286 
111.857910 
111.847839 
111.837158 
111.827087 
111.816711 
111.806030 
111.794739 
111.784058 
111.773376 
111.763000 
111.754150 
111.744385 
111.734924 
111.724854 
111.714172 
111.703796 
111.693420 
111.682434 
111.672058 
111.661072 
111.650696 
111.640015 
111.629639 
111.619263 
111.609192 
111.598816 
111.588745 
111.578674 
111.568604 
111.558228 
111.546936 
111.535645 
111.524658 
111.514587 
111.504211 
111.494141 
111.483765 
111.473389 
111.463928 
111.453552 
111.443176 
111.433716 
111.423035 
111.412659 
111.401978 
111.391907 
111.381226 
111.370544 
111.359863 
111.350098 
111.340942 
111.331177 
111.321411 
111.311035 
111.300964 
111.290894 
111.280212 
111.269226 
111.258545 
111.247864 
111.238403 
111.227417 
111.216736 
111.206665 
111.196899 
111.186523 
111.176758 
111.166382 
111.155701 
111.145630 
111.134644 
111.123047 
111.112671 
111.101990 
111.091614 
111.082153 
111.071777 
111.062012 
111.051941 
111.041565 
111.031494 
111.021729 
111.010742 
111.000671 
110.990601 
110.979919 
110.968628 
110.958252 
110.947876 
110.937805 
110.928345 
110.919189 
110.909729 
110.899963 
110.890198 
110.880127 
110.869446 
110.859070 
110.848999 
110.839233 
110.829468 
110.819092 
110.809631 
110.800171 
110.790405 
110.781250 
110.772400 
110.763245 
110.754395 
110.745239 
110.735168 
110.725098 
110.715942 
110.706787 
110.697937 
110.689392 
110.681152 
110.672607 
110.664673 
110.656128 
110.648193 
110.639954 
110.631714 
110.623169 
110.614929 
110.606995 
110.599060 
110.590210 
110.582275 
110.574646 
110.567932 
110.560913 
110.554199 
110.546570 
110.538940 
110.531921 
110.523987 
110.516968 
110.508728 
110.501709 
110.494690 
110.487061 
110.480347 
110.473633 
110.466614 
110.459595 
110.453796 
110.447693 
110.440979 
110.434570 
110.426941 
110.419617 
110.412598 
110.406799 
110.400696 
110.394287 
110.388489 
110.382690 
110.376892 
110.371399 
110.365601 
110.359497 
110.355225 
110.348816 
110.343018 
110.337830 
110.332031 
110.325928 
110.320129 
110.315552 
110.310974 
110.307007 
110.302734 
110.298157 
110.292969 
110.288391 
110.283203 
110.278015 
110.273132 
110.268250 
110.263672 
110.258789 
110.254517 
110.250244 
110.245972 
110.242615 
110.238037 
110.234070 
110.230408 
110.226135 
110.221558 
110.216370 
110.212402 
110.208740 
110.205383 
110.201416 
110.198364 
110.195313 
110.191956 
110.189209 
110.186157 
110.182800 
110.179749 
110.177002 
110.173645 
110.170593 
110.167542 
110.164185 
110.161743 
110.159607 
110.157471 
110.155640 
110.153809 
110.151367 
110.149841 
110.147400 
110.144653 
110.142212 
110.139771 
110.137329 
110.135193 
110.133362 
110.131531 
110.129700 
110.127869 
110.126648 
110.125122 
110.123596 
110.122681 
110.120850 
110.118408 
110.116882 
110.114441 
110.113831 
110.112915 
110.111389 
110.111084 
110.110168 
110.109558 
110.108643 
110.108337 
110.107422 
110.107422 
110.106506 
110.106201 
110.105591 
110.104370 
110.104065 
110.103455 
110.103455 
110.104675 
110.105286 
110.106201 
110.105896 
110.106201 
110.105286 
110.105286 
110.104675 
110.104980 
110.104675 
110.104980 
110.104675 
110.104980 
110.104675 
110.104980 
110.104370 
110.104980 
110.105591 
110.105896 
110.105896 
110.104370 
110.103455 
110.103455 
110.103760 
110.103760 
110.104065 
110.103760 
110.104370 
110.104675 
110.104675 
110.104675 
110.104370 
110.104675 
110.104675 
110.104675 
110.104675 
110.104065 
110.103760 
110.103760 
110.103760 
110.104675 
110.106201 
110.106201 
110.106812 
110.106812 
110.106506 
110.106506 
110.105896 
110.105591 
110.105896 
110.105896 
110.105896 
110.105591 
110.105896 
110.106201 
110.106201 
110.106506 
110.106812 
110.107117 
110.106812 
110.105896 
110.104980 
110.104675 
110.104675 
110.104980 
110.105286 
110.105286 
110.105896 
110.105896 
110.105896 
110.105591 
110.105591 
110.105286 
110.105896 
110.105896 
110.104980 
110.105286 
110.104675 
110.104370 
110.104370 
110.105591 
110.107117 
110.107117 
110.107422 
110.107422 
110.107117 
110.107117 
110.106812 
110.106201 
110.106201 
110.106812 
110.106506 
