Blum, K. P., D’Incamps, B. L., Zytnicki, D., & Ting, L. H. (2017).
Force encoding in muscle spindles during stretch of
passive muscle. PLoS computational biology, 13(9), 
e1005767. <https://journals.plos.org/ploscompbiol/article?
id=10.1371/journal.pcbi.1005767>

cat medial gastrocnemius muscle lengths over t  (in 0.0005 s increments)
110.110168 
110.110474 
110.110168 
110.109863 
110.109863 
110.109253 
110.108643 
110.108337 
110.109558 
110.110474 
110.112000 
110.112305 
110.112000 
110.112000 
110.111389 
110.111084 
110.110779 
110.110779 
110.111084 
110.110779 
110.110779 
110.111084 
110.111389 
110.111389 
110.111694 
110.112000 
110.112610 
110.112305 
110.112000 
110.110474 
110.109253 
110.108948 
110.109253 
110.109558 
110.109863 
110.109558 
110.110168 
110.110168 
110.110168 
110.110168 
110.110474 
110.110168 
110.109863 
110.110168 
110.109558 
110.108948 
110.108948 
110.108643 
110.108948 
110.111084 
110.112000 
110.112000 
110.112305 
110.111389 
110.111694 
110.111084 
110.111084 
110.111084 
110.110779 
110.111084 
110.111084 
110.110779 
110.110779 
110.111389 
110.111389 
110.111694 
110.112305 
110.112915 
110.112000 
110.110474 
110.109863 
110.108948 
110.109253 
110.109253 
110.109558 
110.109863 
110.110168 
110.110474 
110.110474 
110.110168 
110.110474 
110.110474 
110.110168 
110.109863 
110.109558 
110.109863 
110.108643 
110.108948 
110.109558 
110.111084 
110.112000 
110.112305 
110.112305 
110.111694 
110.111694 
110.111389 
110.111389 
110.110779 
110.111084 
110.110779 
110.110474 
110.111084 
110.111389 
110.111389 
110.111694 
110.112610 
110.112610 
110.112305 
110.111694 
110.110779 
110.109558 
110.109558 
110.109253 
110.109863 
110.110168 
110.110779 
110.110474 
110.110779 
110.111389 
110.112610 
110.112305 
110.112610 
110.113525 
110.113525 
110.113831 
110.114441 
110.114441 
110.115356 
110.117188 
110.119019 
110.121460 
110.123291 
110.124817 
110.126343 
110.127258 
110.128479 
110.130005 
110.130920 
110.132751 
110.134583 
110.136108 
110.138245 
110.140381 
110.142822 
110.145264 
110.147400 
110.150452 
110.152893 
110.154419 
110.155334 
110.156555 
110.158997 
110.161133 
110.163574 
110.166321 
110.169067 
110.171814 
110.174255 
110.177002 
110.179749 
110.182800 
110.184937 
110.187378 
110.189819 
110.191650 
110.194092 
110.196533 
110.198364 
110.201416 
110.205688 
110.209351 
110.212402 
110.214844 
110.217590 
110.219727 
110.222778 
110.224304 
110.226746 
110.229187 
110.231934 
110.234070 
110.236816 
110.240173 
110.242004 
110.245361 
110.248413 
110.251465 
110.254211 
110.256042 
110.257568 
110.258789 
110.260925 
110.263672 
110.266418 
110.268860 
110.272217 
110.274963 
110.278015 
110.280151 
110.283203 
110.285950 
110.288391 
110.290833 
110.293274 
110.295715 
110.297546 
110.299988 
110.302734 
110.306091 
110.309753 
110.313721 
110.316467 
110.319214 
110.321655 
110.324097 
110.326233 
110.328674 
110.330811 
110.332947 
110.335693 
110.338135 
110.340576 
110.343323 
110.346375 
110.348816 
110.352173 
110.355530 
110.358276 
110.360107 
110.361023 
110.362854 
110.364685 
110.367432 
110.370483 
110.372925 
110.375671 
110.378723 
110.381470 
110.384521 
110.387268 
110.390015 
110.393066 
110.395203 
110.398254 
110.400391 
110.402527 
110.404358 
110.406799 
110.410461 
110.414429 
110.418396 
110.421448 
110.424194 
110.426941 
110.429688 
110.431519 
110.434570 
110.436401 
110.439148 
110.441895 
110.444031 
110.447083 
110.450134 
110.452881 
110.456238 
110.458984 
110.462341 
110.465393 
110.467529 
110.468750 
110.470581 
110.472107 
110.475464 
110.478516 
110.480957 
110.484314 
110.487366 
110.490112 
110.493164 
110.496216 
110.498657 
110.501709 
110.504456 
110.507202 
110.509338 
110.511780 
110.513916 
110.516663 
110.520020 
110.523987 
110.527649 
110.531006 
110.534058 
110.536194 
110.539246 
110.541077 
110.543518 
110.545959 
110.549011 
110.551147 
110.553589 
110.556641 
110.559387 
110.562134 
110.564880 
110.567627 
110.570679 
110.573730 
110.575867 
110.576172 
110.578003 
110.579834 
110.581970 
110.584717 
110.587769 
110.589905 
110.592957 
110.595703 
110.598145 
110.600891 
110.603333 
110.605469 
110.607910 
110.610352 
110.611877 
110.614319 
110.616150 
110.618591 
110.621643 
110.625305 
110.629272 
110.632019 
110.634766 
110.637207 
110.639648 
110.642090 
110.644226 
110.645752 
110.648804 
110.650940 
110.652771 
110.655518 
110.658569 
110.661011 
110.664063 
110.667419 
110.670166 
110.672913 
110.674438 
110.676270 
110.677185 
110.679321 
110.682068 
110.684204 
110.687561 
110.690002 
110.693054 
110.695801 
110.698242 
110.701294 
110.703735 
110.706482 
110.708923 
110.711975 
110.713806 
110.715332 
110.717773 
110.720520 
110.723267 
110.727234 
110.731201 
110.734558 
110.736389 
110.739441 
110.741577 
110.743713 
110.745544 
110.748291 
110.750427 
110.752563 
110.755615 
110.758057 
110.760498 
110.763245 
110.766602 
110.769043 
110.772095 
110.775146 
110.776978 
110.777893 
110.779419 
110.781860 
110.783997 
110.786743 
110.789795 
110.792236 
110.794983 
110.798035 
110.801086 
110.803223 
110.805969 
110.808716 
110.811157 
110.813599 
110.815735 
110.817871 
110.820007 
110.822144 
110.825500 
110.829163 
110.833435 
110.836182 
110.838928 
110.840759 
110.843811 
110.845947 
110.847778 
110.850220 
110.852356 
110.854797 
110.857239 
110.859985 
110.863342 
110.865784 
110.868835 
110.871582 
110.874939 
110.877686 
110.879517 
110.881042 
110.881958 
110.884094 
110.887146 
110.889587 
110.892334 
110.895081 
110.898438 
110.900574 
110.903625 
110.906677 
110.908813 
110.911255 
110.914001 
110.916443 
110.918274 
110.921021 
110.923157 
110.924988 
110.928345 
110.932312 
110.936279 
110.939331 
110.941772 
110.944214 
110.946655 
110.948792 
110.950928 
110.953064 
110.955505 
110.957642 
110.960693 
110.963135 
110.965576 
110.968628 
110.971680 
110.974426 
110.977478 
110.980835 
110.982361 
110.983582 
110.984497 
110.986633 
110.989075 
110.991821 
110.995178 
110.997925 
111.000366 
111.003418 
111.006165 
111.008606 
111.011353 
111.014099 
111.016541 
111.019592 
111.021423 
111.023254 
111.025391 
111.027832 
111.031189 
111.035461 
111.039124 
111.041870 
111.044617 
111.046753 
111.049194 
111.051941 
111.053467 
111.055908 
111.058655 
111.060791 
111.063232 
111.065979 
111.068726 
111.071167 
111.074219 
111.077271 
111.080322 
111.082458 
111.084900 
111.086121 
111.087341 
111.089172 
111.092529 
111.094666 
111.097717 
111.100769 
111.103210 
111.106567 
111.108704 
111.111755 
111.114502 
111.116943 
111.119080 
111.122131 
111.123962 
111.126099 
111.127930 
111.130676 
111.133728 
111.137695 
111.141663 
111.144409 
111.146851 
111.149597 
111.151733 
111.154175 
111.156006 
111.158142 
111.161194 
111.163025 
111.166077 
111.168518 
111.170959 
111.173706 
111.176758 
111.179810 
111.183472 
111.185913 
111.187744 
111.188965 
111.190491 
111.192627 
111.195068 
111.197510 
111.200562 
111.203003 
111.206360 
111.209412 
111.211548 
111.214600 
111.217041 
111.219482 
111.222229 
111.224365 
111.226807 
111.228638 
111.230774 
111.233521 
111.236877 
111.240234 
111.244507 
111.247559 
111.250000 
111.252136 
111.254883 
111.257019 
111.259155 
111.261597 
111.263733 
111.266174 
111.268616 
111.270752 
111.273804 
111.276855 
111.279297 
111.282349 
111.285400 
111.288452 
111.289978 
111.291199 
111.292725 
111.294861 
111.297302 
111.300049 
111.302795 
111.305847 
111.308289 
111.311340 
111.314392 
111.317139 
111.319885 
111.321716 
111.324463 
111.327209 
111.329346 
111.331482 
111.333618 
111.336060 
111.339417 
111.343384 
111.346741 
111.349792 
111.353149 
111.354980 
111.357422 
111.359558 
111.361694 
111.363831 
111.366272 
111.369019 
111.371460 
111.374207 
111.376343 
111.379395 
111.382141 
111.385498 
111.388245 
111.390991 
111.392517 
111.393738 
111.395264 
111.397400 
111.399536 
111.402588 
111.405334 
111.408081 
111.410828 
111.414185 
111.416321 
111.419373 
111.422119 
111.424866 
111.427307 
111.429749 
111.432190 
111.433716 
111.436157 
111.438293 
111.441650 
111.445007 
111.449280 
111.452026 
111.454773 
111.457520 
111.459656 
111.462097 
111.464233 
111.466370 
111.468811 
111.470642 
111.473389 
111.475830 
111.479187 
111.481628 
111.484375 
111.488037 
111.490784 
111.493835 
111.495667 
111.496887 
111.497803 
111.500244 
111.503296 
111.505127 
111.507874 
111.511230 
111.513977 
111.516724 
111.519165 
111.522217 
111.524658 
111.527710 
111.530151 
111.532288 
111.534424 
111.536865 
111.538696 
111.541138 
111.544495 
111.548462 
111.552124 
111.555176 
111.557922 
111.560364 
111.562500 
111.564941 
111.566772 
111.569214 
111.571655 
111.574097 
111.576233 
111.578674 
111.582031 
111.584473 
111.587524 
111.590271 
111.593628 
111.596069 
111.597900 
111.599426 
111.600952 
111.602478 
111.605225 
111.607971 
111.610413 
111.613464 
111.616516 
111.619263 
111.622009 
111.624756 
111.627197 
111.630249 
111.632385 
111.634827 
111.637268 
111.639099 
111.641235 
111.643982 
111.647034 
111.650696 
111.654968 
111.658020 
111.660461 
111.662903 
111.665344 
111.667786 
111.669617 
111.672058 
111.674500 
111.676941 
111.679077 
111.681824 
111.684570 
111.687317 
111.689758 
111.693420 
111.696167 
111.698914 
111.701050 
111.701965 
111.703491 
111.705322 
111.707764 
111.710510 
111.713257 
111.716309 
111.719055 
111.721802 
111.724243 
111.727600 
111.730042 
111.732788 
111.735535 
111.737671 
111.740112 
111.741943 
111.744385 
111.746216 
111.749573 
111.753845 
111.757507 
111.760559 
111.763000 
111.765747 
111.767883 
111.769714 
111.772156 
111.774902 
111.777039 
111.779175 
111.781921 
111.784363 
111.787109 
111.789856 
111.792603 
111.795959 
111.798096 
111.802368 
111.803894 
111.804810 
111.806641 
111.808777 
111.810913 
111.813660 
111.816711 
111.819458 
111.821899 
111.825256 
111.827698 
111.830139 
111.833496 
111.835327 
111.838074 
111.840515 
111.842957 
111.844788 
111.846924 
111.849670 
111.852722 
111.856689 
111.860352 
111.863403 
111.865845 
111.868286 
111.871033 
111.873169 
111.875610 
111.877136 
111.879883 
111.882324 
111.884766 
111.886902 
111.889648 
111.892700 
111.895447 
111.898499 
111.901550 
111.904297 
111.906128 
111.907349 
111.908875 
111.910706 
111.913452 
111.916199 
111.918640 
111.921387 
111.924744 
111.927490 
111.930237 
111.932678 
111.935120 
111.938477 
111.940613 
111.943054 
111.945190 
111.947327 
111.949463 
111.952209 
111.954956 
111.959229 
111.962585 
111.965942 
111.968689 
111.971130 
111.973877 
111.975708 
111.978149 
111.980286 
111.982727 
111.984863 
111.987915 
111.990356 
111.992493 
111.995544 
111.998596 
112.001343 
112.004395 
112.007141 
112.009277 
112.009888 
112.012024 
112.013855 
112.016296 
112.019043 
112.022095 
112.024841 
112.027283 
112.030334 
112.033081 
112.035828 
112.038879 
112.041016 
112.043762 
112.045898 
112.048340 
112.050171 
112.052917 
112.055054 
112.057800 
112.061768 
112.065430 
112.068787 
112.070923 
112.073364 
112.076416 
112.078857 
112.080688 
112.082825 
112.085571 
112.088013 
112.089844 
112.092590 
112.095642 
112.098083 
112.100830 
112.103882 
112.106934 
112.109985 
112.111511 
112.113037 
112.114563 
112.116699 
112.118835 
112.121887 
112.124634 
112.127686 
112.130127 
112.133179 
112.135925 
112.138672 
112.141113 
112.143860 
112.145996 
112.148743 
112.150879 
112.153015 
112.155762 
112.157898 
112.160645 
112.164917 
112.168579 
112.171326 
112.174072 
112.176819 
112.179260 
112.181091 
112.183533 
112.185669 
112.188110 
112.190552 
112.192993 
112.195435 
112.197876 
112.200623 
112.203674 
112.207031 
112.209778 
112.212524 
112.214355 
112.215881 
112.216797 
112.219849 
112.221375 
112.224121 
112.227173 
112.229919 
112.232361 
112.235413 
112.238464 
112.240906 
112.243652 
112.246094 
112.248535 
112.250977 
112.253418 
112.255249 
112.257385 
112.259521 
112.262878 
112.266541 
112.271423 
112.274170 
112.276611 
112.279358 
112.281494 
112.284241 
112.286377 
112.288208 
112.290649 
112.293701 
112.295837 
112.297974 
112.301025 
112.304077 
112.306519 
112.309875 
112.312622 
112.315369 
112.317200 
112.318726 
112.319946 
112.322083 
112.324524 
112.326965 
112.329712 
112.332764 
112.336121 
112.338257 
112.341003 
112.344055 
112.346497 
112.349243 
112.351379 
112.354126 
112.356262 
112.358704 
112.360840 
112.362671 
112.366028 
112.369995 
112.373657 
112.376709 
112.379150 
112.382202 
112.384338 
112.386475 
112.388916 
112.391052 
112.393188 
112.395935 
112.398376 
112.401428 
112.403259 
112.406311 
112.409363 
112.412109 
112.415466 
112.418213 
112.419739 
112.421265 
112.422485 
112.424622 
112.427063 
112.430115 
112.432556 
112.435303 
112.438660 
112.441406 
112.443542 
112.446594 
112.449646 
112.451782 
112.454224 
112.456970 
112.459106 
112.461243 
112.463379 
112.465515 
112.469177 
112.472839 
112.476501 
112.479858 
112.482300 
112.484436 
112.487183 
112.489319 
112.491760 
112.493591 
112.496643 
112.498779 
112.501526 
112.503967 
112.506104 
112.508850 
112.511597 
112.514954 
112.517700 
112.520752 
112.522888 
112.523804 
112.525024 
112.527466 
112.530212 
112.532349 
112.535706 
112.537842 
112.540894 
112.543640 
112.546387 
112.549133 
112.551880 
112.554626 
112.557068 
112.559509 
112.561340 
112.563477 
112.565918 
112.568054 
112.571106 
112.575378 
112.579041 
112.581787 
112.584839 
112.587280 
112.589722 
112.591858 
112.594299 
112.596436 
112.599182 
112.601929 
112.604370 
112.606812 
112.608948 
112.612000 
112.614746 
112.617798 
112.620544 
112.623596 
112.625427 
112.626648 
112.628479 
112.630005 
112.632751 
112.635193 
112.638550 
112.640686 
112.643738 
112.646484 
112.649536 
112.651978 
112.654114 
112.657471 
112.659607 
112.662354 
112.664185 
112.666016 
112.668457 
112.670898 
112.673950 
112.677917 
112.681580 
112.684937 
112.687378 
112.689819 
112.692566 
112.694397 
112.696228 
112.698975 
112.701416 
112.703857 
112.705994 
112.708740 
112.711792 
112.714233 
112.716980 
112.720337 
112.723083 
112.726135 
112.728271 
112.729187 
112.730408 
112.732544 
112.734985 
112.738037 
112.740479 
112.743835 
112.746582 
112.749329 
112.752075 
112.754517 
112.757568 
112.759705 
112.762451 
112.764893 
112.767334 
112.769165 
112.771301 
112.773743 
112.776794 
112.780762 
112.784119 
112.787781 
112.790527 
112.792664 
112.795105 
112.796936 
112.799072 
112.801819 
112.804260 
112.806702 
112.808838 
112.811279 
112.814636 
112.817078 
112.819824 
112.822876 
112.826233 
112.829285 
112.830505 
112.832031 
112.833252 
112.835083 
112.838440 
112.840881 
112.843323 
112.846375 
112.849121 
112.851868 
112.854309 
112.857056 
112.859802 
112.862854 
112.864685 
112.867126 
112.869568 
112.871399 
112.874146 
112.875671 
112.879028 
112.883301 
112.886963 
112.889709 
112.892456 
112.894897 
112.897339 
112.899475 
112.902222 
112.904358 
112.906494 
112.909241 
112.911682 
112.914429 
112.917175 
112.919922 
112.922363 
112.925415 
112.928772 
112.931213 
112.933350 
112.934570 
112.936401 
112.937927 
112.940369 
112.943420 
112.946167 
112.948608 
112.951660 
112.954712 
112.957458 
112.959900 
112.962341 
112.965088 
112.967834 
112.970276 
112.972107 
112.974243 
112.976379 
112.978516 
112.981873 
112.985535 
112.989502 
112.992554 
112.995300 
112.997437 
113.000488 
113.002625 
113.004456 
113.006592 
113.009338 
113.011780 
113.014221 
113.016968 
113.019714 
113.022156 
113.024902 
113.028259 
113.031311 
113.034058 
113.036194 
113.037415 
113.038635 
113.040466 
113.043213 
113.045654 
113.048401 
113.051758 
113.054504 
113.056946 
113.059998 
113.062439 
113.065491 
113.067932 
113.070679 
113.073120 
113.075256 
113.077087 
113.079529 
113.081970 
113.084717 
113.088684 
113.092651 
113.095703 
113.098145 
113.100586 
113.103333 
113.104858 
113.106995 
113.109741 
113.112488 
113.114319 
113.117065 
113.119202 
113.121948 
113.125000 
113.128052 
113.130493 
113.133850 
113.136902 
113.138428 
113.139954 
113.141174 
113.143005 
113.145142 
113.147583 
113.150330 
113.153076 
113.155518 
113.157959 
113.160095 
113.162231 
113.164368 
113.166199 
113.168030 
113.169861 
113.171082 
113.172302 
113.173523 
113.175049 
113.176880 
113.179626 
113.182068 
113.184204 
113.185120 
113.186340 
113.186951 
113.187866 
113.188171 
113.189087 
113.190002 
113.190613 
113.190613 
113.191223 
113.192749 
113.192749 
113.193359 
113.194275 
113.194885 
113.195801 
113.195190 
113.193665 
113.193054 
113.192444 
113.192749 
113.193359 
113.193054 
113.193359 
113.193665 
113.193970 
113.193665 
113.193665 
113.193970 
113.193970 
113.193359 
113.193359 
113.193359 
113.193054 
113.192444 
113.192139 
113.192444 
113.193970 
113.194885 
113.195496 
113.195190 
113.194885 
113.194885 
113.194275 
113.194275 
113.193970 
113.193665 
113.193665 
113.193359 
113.193665 
113.193665 
113.193665 
113.193665 
113.194580 
113.194885 
113.194885 
113.194580 
113.193054 
113.191528 
113.191223 
113.191223 
113.191223 
113.191223 
113.191528 
113.191833 
113.191833 
113.191833 
113.192139 
113.191833 
113.191833 
113.191833 
113.192139 
113.191223 
113.190613 
113.190918 
113.190308 
113.191223 
113.192444 
113.193359 
113.193970 
113.193970 
113.193359 
113.192749 
113.193054 
113.193054 
113.192444 
113.192444 
113.192444 
113.192139 
113.192444 
113.192749 
113.192749 
113.193359 
113.193054 
113.193970 
113.194580 
113.193359 
113.192139 
113.190918 
113.190002 
113.190308 
113.190308 
113.190613 
113.191223 
113.191223 
113.191528 
113.191528 
113.191833 
113.191833 
113.191528 
113.190918 
113.191528 
113.190613 
113.190308 
113.190002 
113.190002 
113.190613 
113.191833 
113.193054 
113.193054 
113.193359 
113.193054 
113.192749 
113.192444 
113.192139 
113.192139 
113.192139 
113.192139 
113.191833 
113.191833 
113.192139 
113.192444 
113.193054 
113.193054 
113.193665 
113.193665 
113.193665 
113.192139 
113.190613 
113.190308 
113.190308 
113.190613 
113.190613 
113.190918 
113.191223 
113.191223 
113.191223 
113.191223 
113.191528 
113.191223 
113.191223 
113.191223 
113.190613 
113.190613 
113.190613 
113.189697 
113.190308 
113.191833 
113.192749 
113.193359 
113.193359 
113.193054 
113.192749 
113.193054 
113.192444 
113.192139 
113.192139 
113.192139 
113.192139 
113.192139 
113.192444 
113.192444 
113.192749 
113.193054 
113.193665 
113.193665 
113.193054 
113.192139 
113.190613 
113.190308 
113.190308 
113.190613 
113.190613 
113.190918 
113.191528 
113.191528 
113.191528 
113.191528 
113.191528 
113.191223 
113.190918 
113.191223 
113.190918 
113.190308 
113.190002 
113.190002 
113.190308 
113.191833 
113.193359 
113.193359 
113.193359 
113.193054 
113.193359 
113.192749 
113.192444 
113.192139 
113.192139 
113.192139 
113.192139 
113.191833 
113.192444 
113.192444 
113.192749 
113.193054 
113.193359 
113.193970 
113.193054 
113.191833 
113.190613 
113.190308 
113.190308 
113.190613 
113.190918 
113.190918 
113.191223 
113.191223 
113.191528 
113.191223 
113.191528 
113.191833 
113.191223 
113.191223 
113.190918 
113.190002 
113.190002 
113.190002 
113.190613 
113.191833 
113.192749 
113.193359 
113.193054 
113.193054 
113.192749 
113.192444 
113.192139 
113.192139 
113.192139 
113.192139 
113.192139 
113.191528 
113.192139 
113.192444 
113.192749 
113.192749 
113.193665 
113.193359 
113.193054 
113.191833 
113.190613 
113.190613 
113.189697 
113.190308 
113.190308 
113.190918 
113.191223 
113.191528 
113.191223 
113.191223 
113.191528 
113.190918 
113.191528 
113.191223 
113.190918 
113.190308 
113.190002 
113.189697 
113.190308 
113.191528 
113.192749 
113.193359 
113.193054 
113.193054 
113.192749 
113.192444 
113.192444 
113.191833 
113.192139 
113.192139 
113.191833 
113.192139 
113.192139 
113.192139 
113.193054 
113.192749 
113.193054 
113.193665 
113.192749 
113.191528 
113.190613 
113.190002 
113.189697 
113.190308 
113.190613 
113.191223 
113.191528 
113.191528 
113.191528 
113.191528 
113.191833 
113.191528 
113.190918 
113.191223 
113.190918 
113.190308 
113.189697 
113.189697 
113.190308 
113.191528 
113.193054 
113.193054 
113.193359 
113.193054 
113.192749 
113.192444 
113.192139 
113.192139 
113.191833 
113.192139 
113.191833 
113.191833 
113.192139 
113.192139 
113.192444 
113.193359 
113.193359 
113.193359 
113.193054 
113.191528 
113.190308 
113.190002 
113.190002 
113.190002 
113.190308 
113.190918 
113.190613 
113.191223 
113.190918 
113.191528 
113.190918 
113.191223 
113.191223 
113.191223 
113.190308 
113.190613 
113.190002 
113.189392 
113.190308 
113.191223 
113.193054 
113.193359 
113.193359 
113.192749 
113.193054 
113.192139 
113.192444 
113.191833 
113.191833 
113.192444 
113.192139 
113.191833 
113.192444 
113.192444 
113.192139 
113.192749 
113.193054 
113.193970 
113.192749 
113.191833 
113.190613 
113.189697 
113.190002 
113.190613 
113.190613 
113.190613 
113.190918 
113.191223 
113.191223 
113.191223 
113.191528 
113.190918 
113.190918 
113.190918 
113.190613 
113.190308 
113.189697 
113.190002 
113.190002 
113.191223 
113.192444 
113.193359 
113.193054 
113.192749 
113.192749 
113.192444 
113.191833 
113.192139 
113.192139 
113.192139 
113.191833 
113.192139 
113.192139 
113.192444 
113.193054 
113.193359 
113.193359 
113.193970 
113.193359 
113.191833 
113.190308 
113.190308 
113.190002 
113.190308 
113.190613 
113.190918 
113.190918 
113.191528 
113.191223 
113.191223 
113.191223 
113.191223 
113.191223 
113.190918 
113.190613 
113.190308 
113.189697 
113.189392 
113.190002 
113.191223 
113.192749 
113.192749 
113.193665 
113.193054 
113.192444 
113.192444 
113.192139 
113.191833 
113.192139 
113.191833 
113.191833 
113.192139 
113.192749 
113.192139 
113.192444 
113.193054 
113.193054 
113.193665 
113.193054 
113.191833 
113.190613 
113.189697 
113.190002 
113.190308 
113.190308 
113.190918 
113.190918 
113.191223 
113.190918 
113.191528 
113.191223 
113.191223 
113.191528 
113.190918 
113.190613 
113.190308 
113.190002 
113.190002 
113.190002 
113.191223 
113.192749 
113.193054 
113.193359 
113.193054 
113.192749 
113.192444 
113.192444 
113.192444 
113.192139 
113.191833 
113.191528 
113.192444 
113.192444 
113.192444 
113.192444 
113.193054 
113.193054 
113.193359 
113.193359 
113.191528 
113.190613 
113.189697 
113.190308 
113.190308 
113.190308 
113.190613 
113.190613 
113.190918 
113.191223 
113.190918 
113.191223 
113.191528 
113.191223 
113.191223 
113.190613 
113.190308 
113.190002 
113.189392 
113.190002 
113.191528 
113.192749 
113.193054 
113.193054 
113.192749 
113.192749 
113.193054 
113.192444 
113.191833 
113.191528 
113.191833 
113.191833 
113.191833 
113.191833 
113.192139 
113.192444 
113.192749 
113.193665 
113.193665 
113.193054 
113.191833 
113.190918 
113.190002 
113.190002 
113.190613 
113.190308 
113.190613 
113.190613 
113.191223 
113.191223 
113.191528 
113.191223 
113.190918 
113.191223 
113.190918 
113.190918 
113.190308 
113.190308 
113.189697 
113.190308 
113.191833 
113.193054 
113.193054 
113.193359 
113.193054 
113.193054 
113.192139 
113.192139 
113.192444 
113.192139 
113.192139 
113.191833 
113.192139 
113.192139 
113.192139 
113.192444 
113.192444 
113.193054 
113.193665 
113.192749 
113.191528 
113.190918 
113.190002 
113.190002 
113.190613 
113.190002 
113.190918 
113.190918 
113.191223 
113.191528 
113.191223 
113.191223 
113.191528 
113.191223 
113.190918 
113.190308 
113.190308 
113.189392 
113.189697 
113.190002 
113.191528 
113.192749 
113.193054 
113.193054 
113.192749 
113.192749 
113.192444 
113.191833 
113.192139 
113.191833 
113.191833 
113.191833 
113.191833 
113.192139 
113.192444 
113.192139 
113.192749 
113.193665 
113.193970 
113.193054 
113.191528 
113.190308 
113.190002 
113.190308 
113.190308 
113.190308 
113.190308 
113.190918 
113.191528 
113.191223 
113.191223 
113.190918 
113.191223 
113.190918 
113.190918 
113.191223 
113.190002 
113.189697 
113.189697 
113.190002 
113.191223 
113.193054 
113.193054 
113.193054 
113.192749 
113.192749 
113.192139 
113.192444 
113.192139 
113.191528 
113.192139 
113.192139 
113.191833 
113.192139 
113.192444 
113.192749 
113.192444 
113.193359 
113.193665 
113.193054 
113.191528 
113.190613 
113.190308 
113.190002 
113.190308 
113.190613 
113.190918 
113.190918 
113.191223 
113.191528 
113.191528 
113.190918 
113.191223 
113.191223 
113.190918 
113.190918 
113.190002 
113.189697 
113.189392 
113.190308 
113.191223 
113.192444 
113.193665 
113.192749 
113.193054 
113.192749 
113.192749 
113.192139 
113.192139 
113.192139 
113.192139 
113.191833 
113.192139 
113.192139 
113.192139 
113.192749 
113.193054 
113.193054 
113.193054 
113.193054 
113.191833 
113.190308 
113.190002 
113.190002 
113.190002 
113.190613 
113.190918 
113.190918 
113.191223 
113.191223 
113.191223 
113.190918 
113.190918 
113.190918 
113.190918 
113.190613 
113.190002 
113.190002 
113.189087 
113.190308 
113.191223 
113.192139 
113.193054 
113.193054 
113.192749 
113.192444 
113.192444 
113.191833 
113.191833 
113.191833 
113.191528 
113.191528 
113.192139 
113.192139 
113.192139 
113.192444 
113.193054 
113.193359 
113.193665 
113.193054 
113.191528 
113.190613 
113.189697 
113.190002 
113.190308 
113.190308 
113.190613 
113.190918 
113.191223 
113.191223 
113.191223 
113.191223 
113.190918 
113.190918 
113.191223 
113.190308 
113.190308 
113.190002 
113.189697 
113.189697 
113.190918 
113.193054 
113.193054 
113.193054 
113.192444 
113.192444 
113.191833 
113.192749 
113.191833 
113.191833 
113.192139 
113.191528 
113.192139 
113.192139 
113.192139 
113.192444 
113.193054 
113.193359 
113.193665 
113.192749 
113.191528 
113.190613 
113.189697 
113.190002 
113.190308 
113.190613 
113.190613 
113.191223 
113.191223 
113.191223 
113.190918 
113.191223 
113.191223 
113.191223 
113.190613 
113.190918 
113.190308 
113.190002 
113.190002 
113.190308 
113.191223 
113.192444 
113.193054 
113.193054 
113.193054 
113.192749 
113.192444 
113.191833 
113.191833 
113.191833 
113.192139 
113.191528 
113.191833 
113.192139 
113.192139 
113.192444 
113.193054 
113.193359 
113.193359 
113.193054 
113.191528 
113.190308 
113.190002 
113.190002 
113.190308 
113.190308 
113.190613 
113.190918 
113.190918 
113.191223 
113.191833 
113.191528 
113.191223 
113.190918 
113.190918 
113.190308 
113.190613 
113.190002 
113.189392 
113.190002 
113.190918 
113.192444 
113.193054 
113.193054 
113.192749 
113.192444 
113.192444 
113.192139 
113.191833 
113.191833 
113.191528 
113.191528 
113.191528 
113.192139 
113.192139 
113.192444 
113.192749 
113.193970 
113.193359 
113.192749 
113.191833 
113.190613 
113.190002 
113.190308 
113.190308 
113.190308 
113.190613 
113.190918 
113.190918 
113.190918 
113.191223 
113.191223 
113.190918 
113.190918 
113.190918 
113.190613 
113.190308 
113.190002 
113.189392 
113.189697 
113.190918 
113.192444 
113.193359 
113.193054 
113.193054 
113.193359 
113.192139 
113.191833 
113.191528 
113.192139 
113.191528 
113.191833 
113.192139 
113.192139 
113.192444 
113.192749 
113.192749 
113.193054 
113.193970 
113.193359 
113.191833 
113.190613 
113.190308 
113.190002 
113.190308 
113.190308 
113.191223 
113.190918 
113.191223 
113.191223 
113.191528 
113.191223 
113.190613 
113.190918 
113.190918 
113.190918 
113.190002 
113.189697 
113.189697 
113.190308 
113.191833 
113.192749 
113.193359 
113.192749 
113.192444 
113.192444 
113.192444 
113.191833 
113.191833 
113.191833 
113.191833 
113.191528 
113.191528 
113.191833 
113.191833 
113.192139 
113.192749 
113.193054 
113.193359 
113.193054 
113.191833 
113.190308 
113.189697 
113.190002 
113.190613 
113.190308 
113.190308 
113.190918 
113.191223 
113.191223 
113.191223 
113.191223 
113.190918 
113.190613 
113.190918 
113.190308 
113.190002 
113.189697 
113.189087 
113.189697 
113.190918 
113.192444 
113.193054 
113.193054 
113.192749 
113.192444 
113.192139 
113.191833 
113.191833 
113.191833 
113.192444 
113.191528 
113.191833 
113.192139 
113.192139 
113.192444 
113.192444 
113.193359 
113.193665 
113.193054 
113.191528 
113.190613 
113.190002 
113.190002 
113.190613 
113.190613 
113.190308 
113.191223 
113.191223 
113.191528 
113.190918 
113.191528 
113.191223 
113.190918 
113.190918 
113.190918 
113.190613 
113.189697 
113.189392 
113.190002 
113.191223 
113.192444 
113.193054 
113.193054 
113.192444 
113.192139 
113.192444 
113.192139 
113.191528 
113.191833 
113.191528 
113.191528 
113.192139 
113.192139 
113.192139 
113.192444 
113.192444 
113.193054 
113.193665 
113.193054 
113.191833 
113.190613 
113.189697 
113.190002 
113.190002 
113.190613 
113.191223 
113.190918 
113.191223 
113.191223 
113.190918 
113.191223 
113.190918 
113.190918 
113.190613 
113.190613 
113.190002 
113.190002 
113.189697 
113.190002 
113.191223 
113.192749 
113.193054 
113.193359 
113.192749 
113.192444 
113.192444 
113.192139 
113.191528 
113.191528 
113.191833 
113.191528 
113.191833 
113.191833 
113.192139 
113.192444 
113.192749 
113.193359 
113.193665 
113.192749 
113.191833 
113.190308 
113.190308 
113.190002 
113.190308 
113.190308 
113.190613 
113.190918 
113.191223 
113.190918 
113.191528 
113.191223 
113.191223 
113.190918 
113.190918 
113.190613 
113.190002 
113.189697 
113.189697 
113.189392 
113.191223 
113.192749 
113.192749 
113.192749 
113.192749 
113.192749 
113.192139 
113.192139 
113.192139 
113.191833 
113.191833 
113.191833 
113.191833 
113.192139 
113.192139 
113.192444 
113.192749 
113.193359 
113.193359 
113.193054 
113.191528 
113.190613 
113.189697 
113.189697 
113.189697 
113.190613 
113.190613 
113.190918 
113.191223 
113.191528 
113.191223 
113.190918 
113.191223 
113.191223 
113.190918 
113.190613 
113.190002 
113.190002 
113.190002 
113.189697 
113.191223 
113.192444 
113.193359 
113.192749 
113.192749 
113.192749 
113.192139 
113.191833 
113.191833 
113.191833 
113.191528 
113.191223 
113.191528 
113.191833 
113.191833 
113.192444 
113.192749 
113.193359 
113.193970 
113.192749 
113.191833 
113.190613 
113.190002 
113.190002 
113.190308 
113.190613 
113.190918 
113.191223 
113.190918 
113.191223 
113.191223 
113.191223 
113.191223 
113.190918 
113.191223 
113.190308 
113.190308 
113.190002 
113.189392 
113.190308 
113.191833 
113.192749 
113.193054 
113.193054 
113.192444 
113.192749 
113.192444 
113.191833 
113.191833 
113.191833 
113.192139 
113.191528 
113.191833 
113.192139 
113.192139 
113.192749 
113.192749 
113.193359 
113.193359 
113.193054 
113.192139 
113.190002 
113.190002 
113.190002 
113.190002 
113.190613 
113.190613 
113.191223 
113.191223 
113.191223 
113.190918 
113.191223 
113.191223 
113.191223 
113.191223 
113.190613 
113.189697 
113.189697 
113.189697 
113.190002 
113.191223 
113.192444 
113.192749 
113.193359 
113.193359 
113.192749 
113.191833 
113.191833 
113.191528 
113.191833 
113.192139 
113.191833 
113.192139 
113.191833 
113.191833 
113.192444 
113.192749 
113.193359 
113.193665 
113.193054 
113.191833 
113.190613 
113.190308 
113.189697 
113.190002 
113.190613 
113.190918 
113.190613 
113.190918 
113.191223 
113.190918 
113.191528 
113.191223 
113.190918 
113.190918 
113.190918 
113.190308 
113.189392 
113.189392 
113.190002 
113.191223 
113.192749 
113.193054 
113.193359 
113.192749 
113.192749 
113.192444 
113.191833 
113.191528 
113.192139 
113.191223 
113.191833 
113.191833 
113.191833 
113.192444 
113.192139 
113.193054 
113.193359 
113.193359 
113.193054 
113.191833 
113.190002 
113.190002 
113.190308 
113.190002 
113.190613 
113.190918 
113.190918 
113.190918 
113.191528 
113.190918 
113.191223 
113.191528 
113.190918 
113.191223 
113.190918 
113.190613 
113.190002 
113.189697 
113.190002 
113.191223 
113.192749 
113.193359 
113.193359 
113.192749 
113.192749 
113.192444 
113.191833 
113.191833 
113.191833 
113.192139 
113.192139 
113.192139 
113.192139 
113.192139 
113.192444 
113.192749 
113.193359 
113.193665 
113.193359 
113.191528 
113.190613 
113.190002 
113.190002 
113.190613 
113.190613 
113.190613 
113.191223 
113.191223 
113.190918 
113.191223 
113.191528 
113.191223 
113.191528 
113.190613 
113.190918 
113.190613 
113.189697 
113.189392 
113.190002 
113.190918 
113.192749 
113.192749 
113.192749 
113.192749 
113.192749 
113.192444 
113.191833 
113.191833 
113.192139 
113.191833 
113.191833 
113.192139 
113.192139 
113.192139 
113.192444 
113.192444 
113.193054 
113.193970 
113.192749 
113.191528 
113.191223 
113.190308 
113.190002 
113.189697 
113.190613 
113.190613 
113.190918 
113.191528 
113.191223 
113.191223 
113.191223 
113.191528 
113.191223 
113.190918 
113.190613 
113.190308 
113.189697 
113.189392 
113.190002 
113.191223 
113.192444 
113.193054 
113.193054 
113.192444 
113.192444 
113.192139 
113.191833 
113.191528 
113.191833 
113.191833 
113.192139 
113.191833 
113.192139 
113.192139 
113.192444 
113.193054 
113.193359 
113.193359 
113.193054 
113.192139 
113.190308 
113.189697 
113.190002 
113.190308 
113.190308 
113.190918 
113.191528 
113.191223 
113.191223 
113.191223 
113.191223 
113.191528 
113.190918 
113.190918 
113.190918 
113.190308 
113.189697 
113.189697 
113.189697 
113.190918 
113.192749 
113.193054 
113.193359 
113.192749 
113.192749 
113.192444 
113.192139 
113.192139 
113.191833 
113.191833 
113.191528 
113.192139 
113.191833 
113.192139 
113.192749 
113.192749 
113.193359 
113.193359 
113.193359 
113.192139 
113.190613 
113.190002 
113.190002 
113.190308 
113.190918 
113.190308 
113.190613 
113.191528 
113.191223 
113.191528 
113.191528 
113.191223 
113.191223 
113.191223 
113.190918 
113.190613 
113.190002 
113.189392 
113.190308 
113.191528 
113.192444 
113.193359 
113.192749 
113.192749 
113.192749 
113.192139 
113.192139 
113.191833 
113.191833 
113.191833 
113.191833 
113.191833 
113.192139 
113.191833 
113.192444 
113.193054 
113.193054 
113.193665 
113.193359 
113.191833 
113.190613 
113.190002 
113.190308 
113.190002 
113.190308 
113.190613 
113.190918 
113.191223 
113.190918 
113.190918 
113.190918 
113.190918 
113.190918 
113.190613 
113.190613 
113.190308 
113.190308 
113.189392 
113.189697 
113.191528 
113.192444 
113.193054 
113.193359 
113.192749 
113.192444 
113.192139 
113.192444 
113.192139 
113.191528 
113.191833 
113.191833 
113.191833 
113.191833 
113.192139 
113.191833 
113.193054 
113.193970 
113.193359 
113.193665 
113.191833 
113.190613 
113.190002 
113.190002 
113.190002 
113.190002 
113.190918 
113.190918 
113.191223 
113.191223 
113.191223 
113.191223 
113.191223 
113.190918 
113.191223 
113.190918 
113.190308 
113.190002 
113.189697 
113.189697 
113.191223 
113.192749 
113.193054 
113.193054 
113.192749 
113.192749 
113.192139 
113.192139 
113.191833 
113.191833 
113.192139 
113.192139 
113.192139 
113.191833 
113.192139 
113.192749 
113.193054 
113.193359 
113.193665 
113.192749 
113.191833 
113.190613 
113.190308 
113.190308 
113.190308 
113.190613 
113.190918 
113.190613 
113.191223 
113.191223 
113.191223 
113.190918 
113.191223 
113.190918 
113.190613 
113.190918 
113.190308 
113.190002 
113.189392 
113.190002 
113.191223 
113.192749 
113.193054 
113.192749 
113.192749 
113.192444 
113.192749 
113.191833 
113.191528 
113.192139 
113.191833 
113.191833 
113.191223 
113.191833 
113.191833 
113.192749 
113.192444 
113.193054 
113.193054 
113.192749 
113.191528 
113.190918 
113.190002 
113.190002 
113.190002 
113.190308 
113.190613 
113.191223 
113.191223 
113.191528 
113.191223 
113.191223 
113.190613 
113.191223 
113.190918 
113.190613 
113.190002 
113.189697 
113.189392 
113.190002 
113.191223 
113.192749 
113.192749 
113.193359 
113.193054 
113.192749 
113.192444 
113.192444 
113.191833 
113.191528 
113.191833 
113.191833 
113.191833 
113.191833 
113.192139 
113.192444 
113.192749 
113.193054 
113.193665 
113.193359 
113.191833 
113.190613 
113.190308 
113.190002 
113.190613 
113.190308 
113.190613 
113.190613 
113.191528 
113.191528 
113.191223 
113.191223 
113.191223 
113.190918 
113.191223 
113.190613 
113.190308 
113.189392 
113.189392 
113.190002 
113.191833 
113.192749 
113.193359 
113.193054 
113.193054 
113.192444 
113.192444 
113.191833 
113.191833 
113.192139 
113.191833 
113.191833 
113.192139 
113.191833 
113.191833 
113.192749 
113.192749 
113.193054 
113.193359 
113.193359 
113.191528 
113.190308 
113.190308 
113.189697 
113.190308 
113.190308 
113.190613 
113.190918 
113.191528 
113.191223 
113.190613 
113.191223 
113.190918 
113.190918 
113.190613 
113.190308 
113.190308 
113.190002 
113.189392 
113.189697 
113.190918 
113.192139 
113.192749 
113.192749 
113.192749 
113.192139 
113.192139 
113.191833 
113.191528 
113.191528 
113.191528 
113.191833 
113.191528 
113.191833 
113.191833 
113.192749 
113.192749 
113.193054 
113.193359 
113.193054 
113.191833 
113.190613 
113.190002 
113.190002 
113.190308 
113.190308 
113.190613 
113.190918 
113.190918 
113.191223 
113.191223 
113.190918 
113.191223 
113.191223 
113.190613 
113.190308 
113.190002 
113.189697 
113.189392 
113.190002 
113.190918 
113.192444 
113.192749 
113.193359 
113.193054 
113.192749 
113.192139 
113.191833 
113.191833 
113.191528 
113.191833 
113.192139 
113.191833 
113.192139 
113.192139 
113.192139 
113.192749 
113.193359 
113.193665 
113.193054 
113.192139 
113.191223 
113.190002 
113.189697 
113.190613 
113.190308 
113.190918 
113.191223 
113.190918 
113.190918 
113.191223 
113.191223 
113.190918 
113.191223 
113.191223 
113.190613 
113.190308 
113.190002 
113.189697 
113.190002 
113.191223 
113.192444 
113.193054 
113.192749 
113.192749 
113.192749 
113.192749 
113.192139 
113.191833 
113.191833 
113.191833 
113.191528 
113.191833 
113.191528 
113.192139 
113.192444 
113.192749 
113.193054 
113.193359 
113.192749 
113.191528 
113.190002 
113.190308 
113.189697 
113.190002 
113.190613 
113.190613 
113.191223 
113.191223 
113.191223 
113.191223 
113.191223 
113.191223 
113.190613 
113.191223 
113.190613 
113.190002 
113.190002 
113.189392 
113.189697 
113.190918 
113.192444 
113.192749 
113.193054 
113.193054 
113.192139 
113.192444 
113.191833 
113.191833 
113.192139 
113.191833 
113.191833 
113.191528 
113.192139 
113.192444 
113.192139 
113.192444 
113.193359 
113.193665 
113.193054 
113.192139 
113.190308 
113.189697 
113.190002 
113.190308 
113.190002 
113.190613 
113.190918 
113.190918 
113.191223 
113.191528 
113.191223 
113.190918 
113.191223 
113.190918 
113.190613 
113.190308 
113.189392 
113.189697 
113.189697 
113.190918 
113.192749 
113.193054 
113.193359 
113.193054 
113.192444 
113.191833 
113.192139 
113.192139 
113.191528 
113.191833 
113.192139 
113.191833 
113.192139 
113.192139 
113.192749 
113.192749 
113.193359 
113.193665 
113.193359 
113.191833 
113.190613 
113.190002 
113.190308 
113.190308 
113.190613 
113.190308 
113.190918 
113.191223 
113.191528 
113.191223 
113.190918 
113.191223 
113.190918 
113.190918 
113.190613 
113.190308 
113.190002 
113.189697 
113.189697 
113.191223 
113.192749 
113.193054 
113.193054 
113.192444 
113.192749 
113.192139 
113.192139 
113.191833 
113.191833 
113.191833 
113.191833 
113.191833 
113.192444 
113.191833 
113.192444 
113.192444 
113.193359 
113.193359 
113.193054 
113.191833 
113.190613 
113.190002 
113.190308 
113.190308 
113.190002 
113.190613 
113.190918 
113.191223 
113.191223 
113.191223 
113.191223 
113.190918 
113.190918 
113.190918 
113.190918 
113.190308 
113.190002 
113.189392 
113.189392 
113.191223 
113.192749 
113.193054 
113.193054 
113.193054 
113.192749 
113.192444 
113.191833 
113.191833 
113.191833 
113.191833 
113.192139 
113.191528 
113.192139 
113.192139 
113.192749 
113.192444 
113.192749 
113.193359 
113.192749 
113.191528 
113.190613 
113.190002 
113.190002 
113.190002 
113.190308 
113.190308 
113.190918 
113.190918 
113.190613 
113.191223 
113.191223 
113.191223 
113.191223 
113.191528 
113.190613 
113.190308 
113.190002 
113.189697 
113.189392 
113.190918 
113.192749 
113.193054 
113.192749 
113.193054 
113.192749 
113.192139 
113.192139 
113.191833 
113.192139 
113.191833 
113.191833 
113.191833 
113.192139 
113.192139 
113.192444 
113.192749 
113.193054 
113.193359 
113.193054 
113.192444 
113.190308 
113.189697 
113.190308 
113.190308 
113.190613 
113.190308 
113.190918 
113.191223 
113.191223 
113.190918 
113.191223 
113.190918 
113.190613 
113.191223 
113.190308 
113.190308 
113.190002 
113.189087 
113.190002 
113.191223 
113.192444 
113.193359 
113.193054 
113.193054 
113.192749 
113.192444 
113.192139 
113.191833 
113.191833 
113.192139 
113.191833 
113.191833 
113.192139 
113.192444 
113.192444 
113.193054 
113.193054 
113.193665 
113.192749 
113.191528 
113.190308 
113.190002 
113.189697 
113.189392 
113.189697 
113.189697 
113.190002 
113.190002 
113.189697 
113.189087 
113.188782 
113.188782 
113.187866 
113.186951 
113.185730 
113.184814 
113.183289 
113.182068 
113.182068 
113.181458 
113.182068 
113.181458 
113.180542 
113.179016 
113.177490 
113.175659 
113.173828 
113.171692 
113.170166 
113.167725 
113.165588 
113.163757 
113.162231 
113.160706 
113.158569 
113.156738 
113.155212 
113.153076 
113.151245 
113.146362 
113.143311 
113.139954 
113.137512 
113.134766 
113.132324 
113.130188 
113.128052 
113.125610 
113.123169 
113.121033 
113.117981 
113.115540 
113.112793 
113.110352 
113.107300 
113.104553 
113.100891 
113.097839 
113.095093 
113.093872 
113.092346 
113.090820 
113.087463 
113.085022 
113.081970 
113.078918 
113.075867 
113.072510 
113.070068 
113.066711 
113.064270 
113.060913 
113.058167 
113.056030 
113.053284 
113.051147 
113.048401 
113.046265 
113.043213 
113.038940 
113.034973 
113.031616 
113.028564 
113.026123 
113.023987 
113.021545 
113.018799 
113.016357 
113.014221 
113.011169 
113.009033 
113.006592 
113.004150 
113.001709 
112.998657 
112.995605 
112.992554 
112.989807 
112.987366 
112.986145 
112.985229 
112.983398 
112.980957 
112.978210 
112.976074 
112.973022 
112.969666 
112.967529 
112.964478 
112.961426 
112.958984 
112.955933 
112.954102 
112.951355 
112.949219 
112.947388 
112.944641 
112.942810 
112.940063 
112.935791 
112.932129 
112.929077 
112.926331 
112.923889 
112.921448 
112.919006 
112.916565 
112.914429 
112.912292 
112.910156 
112.907104 
112.904663 
112.902222 
112.899170 
112.896729 
112.893982 
112.890625 
112.887573 
112.885437 
112.883911 
112.882690 
112.880554 
112.878418 
112.875366 
112.872925 
112.870178 
112.867126 
112.864075 
112.861328 
112.858582 
112.856445 
112.853699 
112.850952 
112.848511 
112.846069 
112.843933 
112.842102 
112.839966 
112.836914 
112.832947 
112.828979 
112.825623 
112.823181 
112.820435 
112.818298 
112.815857 
112.814026 
112.811890 
112.808838 
112.806702 
112.804260 
112.801819 
112.799072 
112.796631 
112.793884 
112.790527 
112.788086 
112.785034 
112.782898 
112.781372 
112.780151 
112.778015 
112.775879 
112.773438 
112.770386 
112.767639 
112.764587 
112.761841 
112.759094 
112.756042 
112.753906 
112.751160 
112.748718 
112.745972 
112.743835 
112.741699 
112.739563 
112.736816 
112.734070 
112.730408 
112.726746 
112.723083 
112.720337 
112.717896 
112.715149 
112.713013 
112.710876 
112.708740 
112.706604 
112.703552 
112.701721 
112.698669 
112.695923 
112.693481 
112.691345 
112.687988 
112.684937 
112.682190 
112.679749 
112.678528 
112.677612 
112.675476 
112.673035 
112.670593 
112.667847 
112.664795 
112.662354 
112.659302 
112.655945 
112.653503 
112.650757 
112.648315 
112.646179 
112.643127 
112.640991 
112.638855 
112.636719 
112.634277 
112.631836 
112.627869 
112.623901 
112.620850 
112.617798 
112.615051 
112.613220 
112.610779 
112.608337 
112.606506 
112.603760 
112.601624 
112.599182 
112.596436 
112.593994 
112.591248 
112.588806 
112.585449 
112.582092 
112.579346 
112.576599 
112.575684 
112.574158 
112.572632 
112.570190 
112.567749 
112.564697 
112.561951 
112.558899 
112.556152 
112.553406 
112.550354 
112.548218 
112.545166 
112.543030 
112.540588 
112.537842 
112.536011 
112.533264 
112.531433 
112.528687 
112.524414 
112.521057 
112.517700 
112.515564 
112.512512 
112.510071 
112.507935 
112.505493 
112.503357 
112.501221 
112.498779 
112.496338 
112.493591 
112.490845 
112.488708 
112.485657 
112.482605 
112.480164 
112.476501 
112.474670 
112.473145 
112.471924 
112.470398 
112.467957 
112.464905 
112.461853 
112.459412 
112.456970 
112.453613 
112.451172 
112.448425 
112.445679 
112.442627 
112.440186 
112.437744 
112.435913 
112.433472 
112.431335 
112.429199 
112.426453 
112.422485 
112.418518 
112.415161 
112.411804 
112.409973 
112.407227 
112.405090 
112.402649 
112.401123 
112.398071 
112.395935 
112.392883 
112.391052 
112.388306 
112.385559 
112.383118 
112.379761 
112.376709 
112.374268 
112.371521 
112.370300 
112.368774 
112.367554 
112.364807 
112.361755 
112.359314 
112.356567 
112.354126 
112.350769 
112.348022 
112.345276 
112.342834 
112.340088 
112.337646 
112.334900 
112.333069 
112.330627 
112.328491 
112.326050 
112.323608 
112.319336 
112.315674 
112.312317 
112.309570 
112.306824 
112.304993 
112.302551 
112.299805 
112.297668 
112.295532 
112.293701 
112.290955 
112.287903 
112.285767 
112.282715 
112.280273 
112.276917 
112.274170 
112.271118 
112.268372 
112.267456 
112.265930 
112.264404 
112.261658 
112.259521 
112.256775 
112.253113 
112.250977 
112.247620 
112.245178 
112.242432 
112.239685 
112.237549 
112.234802 
112.232361 
112.229919 
112.227478 
112.225952 
112.223511 
112.220154 
112.217102 
112.213135 
112.209778 
112.206726 
112.204590 
112.201843 
112.199707 
112.197876 
112.195740 
112.192993 
112.190552 
112.187805 
112.185364 
112.183228 
112.180786 
112.177124 
112.174377 
112.171326 
112.168274 
112.166138 
112.165222 
112.164001 
112.162170 
112.159729 
112.156982 
112.154541 
112.151794 
112.148438 
112.145386 
112.142639 
112.139893 
112.137146 
112.135010 
112.132263 
112.129517 
112.127686 
112.125549 
112.123108 
112.120972 
112.118225 
112.114258 
112.109985 
112.107239 
112.104187 
112.101746 
112.099304 
112.096863 
112.095032 
112.092285 
112.089539 
112.087708 
112.084961 
112.082214 
112.080078 
112.077332 
112.073975 
112.071533 
112.068787 
112.065430 
112.062988 
112.062073 
112.060547 
112.058716 
112.056274 
112.053223 
112.050781 
112.048035 
112.045288 
112.042542 
112.039490 
112.036743 
112.033997 
112.031555 
112.029114 
112.026367 
112.024536 
112.022095 
112.020264 
112.017517 
112.014771 
112.011108 
112.007446 
112.004089 
112.001038 
111.998901 
111.996460 
111.993713 
111.991577 
111.989441 
111.987000 
111.984863 
111.982422 
111.979675 
111.977539 
111.974792 
111.971741 
111.968689 
111.965942 
111.962891 
111.960754 
111.959229 
111.957703 
111.955566 
111.953125 
111.950684 
111.948242 
111.944885 
111.942139 
111.939392 
111.936646 
111.933899 
111.931152 
111.929016 
111.926880 
111.923523 
111.921387 
111.919250 
111.916809 
111.914978 
111.912231 
111.907959 
111.904297 
111.901245 
111.898193 
111.895752 
111.893616 
111.891174 
111.889038 
111.886292 
111.884460 
111.881714 
111.879578 
111.876831 
111.874695 
111.871338 
111.868896 
111.866150 
111.862793 
111.859741 
111.857300 
111.856384 
111.855469 
111.853333 
111.850891 
111.848145 
111.845398 
111.842651 
111.839905 
111.836853 
111.834106 
111.831360 
111.828613 
111.825867 
111.824036 
111.820984 
111.818848 
111.817017 
111.814880 
111.812134 
111.809692 
111.806030 
111.802063 
111.798401 
111.795959 
111.793213 
111.790466 
111.788330 
111.786194 
111.784058 
111.781006 
111.778870 
111.776733 
111.773987 
111.771851 
111.768799 
111.766052 
111.763000 
111.759949 
111.757202 
111.754456 
111.753540 
111.752014 
111.750488 
111.747742 
111.745300 
111.742859 
111.739807 
111.736755 
111.734009 
111.731262 
111.728210 
111.725769 
111.723022 
111.720886 
111.718140 
111.716003 
111.714172 
111.711731 
111.709290 
111.706543 
111.702881 
111.698914 
111.695557 
111.692810 
111.690674 
111.687927 
111.685791 
111.683350 
111.681519 
111.679077 
111.676331 
111.673584 
111.671448 
111.669312 
111.666260 
111.663513 
111.660461 
111.657104 
111.654053 
111.652222 
111.650696 
111.649475 
111.647949 
111.645203 
111.642456 
111.639709 
111.636963 
111.633606 
111.631165 
111.628418 
111.625671 
111.622620 
111.620483 
111.617737 
111.615295 
111.612549 
111.611023 
111.608582 
111.606140 
111.603699 
111.600037 
111.595764 
111.593018 
111.590271 
111.587524 
111.585083 
111.583252 
111.580811 
111.578064 
111.575928 
111.573486 
111.571350 
111.568298 
111.566162 
111.563416 
111.560364 
111.557922 
111.554871 
111.551514 
111.549377 
111.548157 
111.546936 
111.544800 
111.542358 
111.539917 
111.537170 
111.534424 
111.531067 
111.528625 
111.525574 
111.523132 
111.520081 
111.517639 
111.515503 
111.512756 
111.510620 
111.508179 
111.506348 
111.504211 
111.501160 
111.497498 
111.493835 
111.490479 
111.487427 
111.484375 
111.482544 
111.480103 
111.477661 
111.475525 
111.473389 
111.470642 
111.467590 
111.465759 
111.463013 
111.460571 
111.458130 
111.455078 
111.451721 
111.448669 
111.446533 
111.445007 
111.443481 
111.442566 
111.439514 
111.437073 
111.434326 
111.431274 
111.428528 
111.425476 
111.423340 
111.419983 
111.417542 
111.414795 
111.412659 
111.409912 
111.407471 
111.405640 
111.403809 
111.401367 
111.398315 
111.394958 
111.390381 
111.387634 
111.384888 
111.382141 
111.380005 
111.377563 
111.375427 
111.372681 
111.371155 
111.368408 
111.365662 
111.363525 
111.361084 
111.358032 
111.354980 
111.352539 
111.349792 
111.346130 
111.343689 
111.342773 
111.341553 
111.339417 
111.337280 
111.334534 
111.332092 
111.329041 
111.325684 
111.323242 
111.319885 
111.317444 
111.314697 
111.312256 
111.309509 
111.307068 
111.304932 
111.302795 
111.300659 
111.298523 
111.295776 
111.291809 
111.288452 
111.284790 
111.282043 
111.279602 
111.276855 
111.274719 
111.272278 
111.270447 
111.267395 
111.265564 
111.263428 
111.260376 
111.257935 
111.255493 
111.253052 
111.249695 
111.246948 
111.243591 
111.241150 
111.239929 
111.238708 
111.236877 
111.234436 
111.231995 
111.228943 
111.226196 
111.223450 
111.220703 
111.217957 
111.214905 
111.212463 
111.210022 
111.206970 
111.204834 
111.202698 
111.200562 
111.198425 
111.195984 
111.193542 
111.189270 
111.185913 
111.182251 
111.179504 
111.177063 
111.174622 
111.171875 
111.169739 
111.167908 
111.165466 
111.162415 
111.160278 
111.157837 
111.155396 
111.152649 
111.149902 
111.146545 
111.144104 
111.141052 
111.138611 
111.137390 
111.135864 
111.134338 
111.132202 
111.129150 
111.126404 
111.123657 
111.120605 
111.118164 
111.115112 
111.112366 
111.109924 
111.106873 
111.104736 
111.101990 
111.099548 
111.097412 
111.095276 
111.093140 
111.091003 
111.086731 
111.082764 
111.079407 
111.076965 
111.073914 
111.072083 
111.069641 
111.067200 
111.064758 
111.062622 
111.060181 
111.057434 
111.055298 
111.052856 
111.050415 
111.047363 
111.044312 
111.041260 
111.038208 
111.035767 
111.034851 
111.033020 
111.031494 
111.029358 
111.026306 
111.023865 
111.021118 
111.018066 
111.014709 
111.011963 
111.009216 
111.007080 
111.004333 
111.001587 
110.999146 
110.996399 
110.994568 
110.992432 
110.990295 
110.987244 
110.983582 
110.979614 
110.976563 
110.973816 
110.971375 
110.968933 
110.966797 
110.964355 
110.961609 
110.959473 
110.957031 
110.954895 
110.952454 
110.949707 
110.946960 
110.944214 
110.941467 
110.938416 
110.935364 
110.932922 
110.931702 
110.930481 
110.928650 
110.925903 
110.923462 
110.920715 
110.917969 
110.914612 
110.912170 
110.909424 
110.906372 
110.903931 
110.901489 
110.898743 
110.896301 
110.894470 
110.892029 
110.889893 
110.887756 
110.885010 
110.880737 
110.877075 
110.874023 
110.871277 
110.868835 
110.866089 
110.863953 
110.861511 
110.859070 
110.856934 
110.854187 
110.852051 
110.849609 
110.846863 
110.844116 
110.841370 
110.838318 
110.835266 
110.832520 
110.829468 
110.828857 
110.827637 
110.825806 
110.823364 
110.820618 
110.817566 
110.815430 
110.812073 
110.809021 
110.806580 
110.803833 
110.801086 
110.798340 
110.795898 
110.793457 
110.791016 
110.789185 
110.786743 
110.784607 
110.781860 
110.778503 
110.773926 
110.770264 
110.768127 
110.765991 
110.763245 
110.761108 
110.758667 
110.756531 
110.754395 
110.751648 
110.749207 
110.746460 
110.744324 
110.741577 
110.738831 
110.735779 
110.732727 
110.729675 
110.727539 
110.726013 
110.724792 
110.722961 
110.720825 
110.718079 
110.715332 
110.712280 
110.709534 
110.706787 
110.703735 
110.700989 
110.698242 
110.695496 
110.693054 
110.690613 
110.688171 
110.686035 
110.683594 
110.681458 
110.679016 
110.675049 
110.671387 
110.668030 
110.664978 
110.662842 
110.660400 
110.658264 
110.655212 
110.653687 
110.651245 
110.648804 
110.646362 
110.643921 
110.641479 
110.638733 
110.635986 
110.632935 
110.629883 
110.627136 
110.624390 
110.623169 
110.621948 
110.620117 
110.617676 
110.615234 
110.612793 
110.609436 
110.606384 
110.603943 
110.600891 
110.598145 
110.595398 
110.592651 
110.590515 
110.588074 
110.585938 
110.583496 
110.581055 
110.578918 
110.576477 
110.572815 
110.568848 
110.565491 
110.562744 
110.559998 
110.557556 
110.555420 
110.553589 
110.551453 
110.549011 
110.545959 
110.543213 
110.541077 
110.538330 
110.536194 
110.533142 
110.530090 
110.527039 
110.523987 
110.521851 
110.520630 
110.518799 
110.517578 
110.515137 
110.512085 
110.509644 
110.506897 
110.504150 
110.500793 
110.498352 
110.495300 
110.492859 
110.489807 
110.487671 
110.484924 
110.482483 
110.480347 
110.478516 
110.476685 
110.473633 
110.469666 
110.465698 
110.462952 
110.459595 
110.457153 
110.454712 
110.452576 
110.450745 
110.448303 
110.445862 
110.443115 
110.440674 
110.438538 
110.435791 
110.433350 
110.430603 
110.426941 
110.424500 
110.421753 
110.419006 
110.417786 
110.416260 
110.414429 
110.412292 
110.409546 
110.407104 
110.403748 
110.401306 
110.398560 
110.395508 
110.392761 
110.390015 
110.387268 
110.384521 
110.382385 
110.380249 
110.377808 
110.375671 
110.373230 
110.370483 
110.366821 
110.363464 
110.359802 
110.357056 
110.354309 
110.352173 
110.349426 
110.347595 
110.345154 
110.343018 
110.340271 
110.338135 
110.335999 
110.333252 
110.330505 
110.327454 
110.324402 
110.321350 
110.318909 
110.316467 
110.314941 
110.313721 
110.312195 
110.309448 
110.306702 
110.304260 
110.301514 
110.298462 
110.295715 
110.292969 
110.290527 
110.286865 
110.284119 
110.282288 
110.279846 
110.277405 
110.274963 
110.273132 
110.270996 
110.268555 
110.264587 
110.260620 
110.257568 
110.254822 
110.251770 
110.249634 
110.247498 
110.245056 
110.242310 
110.240784 
110.237732 
110.235291 
110.232544 
110.230103 
110.227661 
110.224609 
110.222168 
110.218811 
110.215759 
110.213318 
110.212097 
110.211182 
110.209045 
110.206909 
110.204163 
110.201721 
110.198669 
110.195618 
110.192261 
110.190125 
110.187073 
110.184631 
110.181885 
110.179443 
110.176697 
110.174561 
110.172424 
110.170288 
110.168152 
110.165405 
110.162048 
110.158081 
110.154724 
110.152283 
110.150452 
110.147705 
110.145569 
110.144043 
110.142822 
110.140381 
110.138245 
110.136719 
110.134888 
110.133362 
110.131836 
110.129700 
110.127563 
110.125732 
110.123596 
110.122070 
110.122375 
110.122375 
110.122070 
110.120544 
110.119629 
110.118713 
110.117493 
110.116272 
110.115356 
110.114136 
110.113525 
110.112915 
110.112000 
110.111694 
110.111389 
110.110779 
110.111084 
110.111084 
110.111389 
110.111389 
110.109863 
110.108337 
110.107727 
110.107422 
110.107117 
110.108032 
110.108032 
110.107727 
110.108337 
110.108948 
110.108337 
110.108643 
110.108948 
110.108643 
110.108948 
110.108337 
110.108337 
110.107727 
110.107422 
110.107422 
110.108948 
110.110168 
110.111084 
110.111084 
110.111084 
110.110779 
110.110779 
110.110474 
110.110168 
110.110168 
110.110168 
110.110168 
110.110474 
110.110474 
110.110474 
110.110779 
110.111084 
110.111694 
110.112000 
110.112000 
110.110779 
110.109558 
110.108643 
110.108948 
110.108948 
110.109253 
110.109558 
110.109863 
110.109863 
110.110168 
110.109558 
110.110168 
110.109863 
110.109863 
110.110168 
110.110168 
110.109253 
110.109253 
110.108643 
110.108948 
110.110474 
110.111694 
110.112305 
110.112000 
110.112610 
110.112000 
110.112000 
110.111389 
110.111389 
110.111389 
110.111084 
110.110779 
110.110779 
110.111389 
110.111389 
110.111694 
110.111694 
110.112000 
110.112915 
110.112610 
110.111084 
110.110168 
110.109253 
110.109253 
110.109558 
110.109558 
110.109863 
110.110168 
110.110168 
110.109863 
110.110168 
110.110779 
