Blum, K. P., D’Incamps, B. L., Zytnicki, D., & Ting, L. H. (2017).
Force encoding in muscle spindles during stretch of
passive muscle. PLoS computational biology, 13(9), 
e1005767. <https://journals.plos.org/ploscompbiol/article?
id=10.1371/journal.pcbi.1005767>

cat medial gastrocnemius muscle lengths over t  (in 0.0005 s increments)
110.109558 
110.109863 
110.110168 
110.110168 
110.110474 
110.110168 
110.110474 
110.109863 
110.109863 
110.109863 
110.109253 
110.108948 
110.108643 
110.109558 
110.110474 
110.111389 
110.111694 
110.111084 
110.111084 
110.110779 
110.110474 
110.110474 
110.109863 
110.110168 
110.109863 
110.109863 
110.109863 
110.109863 
110.110168 
110.110474 
110.111084 
110.111389 
110.111389 
110.110474 
110.109253 
110.108948 
110.108948 
110.108948 
110.108948 
110.109253 
110.109863 
110.109558 
110.109863 
110.110168 
110.110474 
110.110474 
110.110168 
110.109863 
110.109863 
110.109863 
110.109253 
110.108948 
110.108948 
110.109253 
110.110779 
110.111389 
110.111694 
110.111084 
110.110779 
110.110779 
110.110474 
110.110474 
110.109863 
110.109863 
110.110474 
110.110168 
110.110168 
110.110168 
110.109863 
110.110779 
110.111084 
110.110779 
110.111694 
110.110168 
110.108948 
110.108643 
110.108643 
110.108948 
110.109253 
110.109253 
110.109558 
110.110168 
110.109863 
110.110168 
110.110168 
110.110168 
110.109558 
110.110168 
110.109863 
110.109558 
110.108948 
110.108948 
110.108948 
110.109253 
110.111084 
110.111084 
110.111389 
110.111389 
110.111084 
110.110474 
110.110474 
110.110168 
110.109863 
110.109863 
110.110168 
110.109863 
110.110168 
110.110168 
110.110474 
110.111084 
110.111694 
110.112305 
110.112610 
110.112610 
110.112915 
110.112915 
110.114746 
110.116272 
110.118713 
110.120850 
110.123901 
110.127258 
110.130005 
110.134277 
110.137939 
110.142822 
110.147095 
110.152283 
110.158081 
110.163574 
110.169678 
110.175781 
110.182495 
110.191345 
110.199585 
110.208130 
110.216370 
110.225220 
110.233154 
110.242310 
110.250854 
110.260010 
110.269470 
110.278931 
110.288696 
110.298462 
110.308533 
110.319214 
110.329285 
110.340271 
110.351257 
110.362244 
110.373535 
110.384216 
110.394592 
110.405579 
110.417786 
110.429993 
110.442810 
110.456238 
110.469666 
110.483398 
110.496826 
110.510559 
110.523987 
110.537720 
110.550842 
110.563965 
110.576477 
110.588379 
110.600281 
110.611267 
110.622864 
110.634460 
110.646057 
110.657959 
110.668335 
110.677795 
110.687561 
110.697021 
110.706787 
110.715942 
110.725403 
110.734863 
110.744019 
110.753479 
110.762939 
110.772400 
110.781860 
110.791626 
110.801392 
110.810852 
110.820313 
110.829163 
110.837402 
110.846252 
110.855408 
110.865784 
110.875549 
110.885315 
110.895386 
110.905762 
110.915833 
110.925903 
110.935364 
110.946045 
110.955811 
110.965576 
110.975342 
110.984802 
110.994263 
111.004333 
111.014099 
111.025085 
111.036377 
111.047363 
111.057739 
111.068115 
111.078186 
111.087646 
111.097717 
111.107788 
111.117859 
111.127930 
111.138306 
111.149292 
111.158752 
111.169128 
111.180420 
111.191101 
111.201172 
111.212158 
111.222839 
111.231689 
111.241150 
111.251221 
111.261292 
111.271973 
111.282654 
111.293030 
111.303711 
111.314392 
111.325073 
111.336060 
111.346436 
111.356812 
111.367493 
111.377563 
111.387939 
111.398010 
111.408386 
111.417847 
111.428528 
111.439819 
111.451416 
111.462402 
111.473083 
111.483459 
111.493835 
111.504211 
111.513977 
111.524048 
111.534424 
111.544800 
111.554871 
111.564636 
111.575317 
111.585693 
111.595764 
111.606750 
111.617432 
111.627808 
111.637878 
111.647644 
111.656494 
111.666565 
111.676331 
111.686707 
111.696777 
111.707458 
111.717834 
111.727905 
111.738281 
111.748352 
111.758728 
111.768494 
111.778564 
111.788330 
111.798096 
111.808777 
111.817932 
111.827698 
111.837463 
111.848755 
111.859436 
111.870117 
111.880493 
111.890259 
111.900330 
111.910095 
111.919861 
111.929321 
111.939392 
111.949463 
111.959534 
111.969910 
111.979980 
111.990051 
112.000122 
112.010803 
112.021179 
112.031860 
112.042236 
112.051392 
112.060547 
112.069702 
112.080078 
112.090149 
112.100525 
112.110901 
112.121582 
112.132568 
112.142639 
112.153015 
112.162781 
112.173157 
112.183228 
112.193298 
112.203064 
112.212830 
112.222595 
112.232666 
112.242432 
112.253113 
112.264709 
112.275391 
112.286072 
112.296143 
112.306213 
112.315979 
112.325745 
112.335815 
112.345886 
112.355957 
112.365723 
112.376099 
112.386169 
112.396851 
112.407227 
112.417908 
112.428589 
112.439270 
112.449951 
112.458801 
112.468567 
112.478333 
112.488098 
112.498779 
112.509155 
112.519531 
112.530212 
112.541199 
112.551270 
112.561646 
112.572327 
112.582703 
112.592773 
112.603149 
112.612915 
112.622681 
112.633057 
112.642822 
112.652893 
112.663574 
112.675171 
112.686157 
112.696838 
112.706299 
112.716064 
112.726135 
112.736206 
112.746277 
112.756348 
112.766113 
112.776184 
112.785950 
112.796631 
112.807312 
112.817383 
112.827759 
112.838440 
112.849121 
112.859192 
112.868042 
112.877502 
112.886658 
112.897034 
112.907410 
112.918091 
112.928467 
112.938538 
112.949219 
112.959595 
112.969971 
112.979736 
112.989807 
113.000183 
113.009644 
113.019409 
113.029175 
113.038330 
113.047485 
113.057251 
113.067322 
113.077087 
113.087158 
113.095093 
113.103333 
113.111267 
113.118896 
113.125610 
113.132629 
113.139038 
113.145447 
113.151855 
113.157654 
113.162842 
113.168335 
113.173523 
113.178101 
113.182373 
113.186035 
113.189697 
113.192139 
113.193359 
113.194885 
113.196716 
113.198242 
113.199463 
113.200684 
113.201294 
113.201904 
113.200989 
113.200684 
113.200073 
113.198547 
113.197021 
113.194580 
113.192139 
113.188477 
113.184814 
113.180847 
113.176880 
113.172913 
113.169250 
113.164368 
113.158569 
113.152466 
113.145752 
113.138428 
113.130493 
113.122559 
113.114319 
113.105774 
113.097229 
113.088379 
113.079224 
113.070068 
113.059998 
113.050537 
113.040466 
113.030701 
113.019714 
113.008423 
112.996216 
112.984924 
112.973938 
112.962341 
112.951660 
112.940674 
112.929688 
112.918396 
112.907104 
112.895203 
112.883911 
112.872620 
112.860413 
112.848816 
112.836914 
112.825623 
112.813110 
112.801514 
112.790527 
112.779846 
112.769165 
112.758179 
112.747192 
112.735291 
112.723999 
112.712097 
112.700806 
112.689514 
112.678223 
112.667236 
112.656250 
112.645264 
112.634277 
112.623901 
112.613220 
112.602539 
112.591858 
112.581787 
112.570801 
112.558899 
112.547913 
112.536926 
112.525940 
112.515869 
112.504883 
112.495117 
112.484741 
112.474670 
112.464600 
112.453918 
112.443848 
112.433472 
112.422485 
112.412109 
112.401428 
112.390747 
112.379761 
112.369080 
112.358704 
112.348938 
112.339783 
112.330322 
112.319641 
112.308960 
112.298279 
112.287903 
112.277222 
112.266235 
112.255554 
112.245178 
112.234802 
112.224426 
112.214355 
112.203979 
112.193298 
112.183838 
112.173462 
112.163391 
112.153015 
112.141724 
112.130127 
112.119446 
112.108765 
112.098083 
112.088318 
112.078247 
112.068176 
112.057495 
112.047424 
112.037354 
112.027588 
112.016907 
112.005920 
111.995239 
111.984863 
111.973877 
111.962891 
111.951904 
111.941833 
111.932068 
111.922302 
111.912842 
111.902771 
111.891785 
111.881104 
111.870728 
111.859741 
111.849060 
111.838379 
111.828003 
111.817322 
111.807251 
111.796570 
111.786194 
111.776123 
111.766052 
111.756287 
111.745911 
111.734924 
111.723938 
111.712341 
111.701965 
111.690979 
111.680908 
111.671143 
111.660461 
111.650391 
111.640015 
111.629639 
111.619873 
111.609497 
111.599426 
111.588745 
111.578369 
111.568298 
111.557312 
111.546631 
111.536255 
111.525574 
111.516418 
111.507568 
111.497803 
111.487122 
111.476135 
111.466370 
111.455383 
111.444702 
111.434326 
111.423645 
111.412964 
111.403198 
111.392822 
111.382751 
111.372375 
111.362305 
111.352539 
111.342773 
111.332703 
111.322021 
111.310730 
111.300049 
111.289063 
111.278381 
111.268921 
111.258545 
111.248779 
111.238708 
111.228943 
111.218567 
111.208801 
111.198425 
111.188354 
111.178284 
111.167603 
111.156921 
111.146545 
111.135559 
111.124878 
111.114807 
111.105957 
111.096802 
111.087036 
111.076660 
111.066284 
111.056213 
111.045532 
111.034851 
111.024170 
111.013794 
111.003418 
110.992737 
110.982971 
110.972290 
110.961609 
110.951538 
110.941467 
110.931396 
110.921326 
110.910339 
110.899048 
110.887756 
110.876770 
110.866089 
110.855408 
110.845032 
110.834961 
110.824890 
110.814514 
110.804749 
110.794373 
110.783997 
110.773621 
110.763550 
110.753174 
110.742798 
110.731812 
110.720825 
110.710144 
110.700073 
110.690918 
110.681152 
110.671387 
110.661316 
110.650635 
110.640259 
110.629578 
110.618896 
110.608215 
110.598145 
110.587463 
110.576477 
110.566711 
110.556641 
110.545654 
110.535583 
110.525513 
110.516052 
110.505676 
110.495605 
110.484009 
110.472717 
110.462341 
110.451965 
110.441895 
110.432129 
110.421753 
110.412598 
110.402222 
110.392456 
110.381775 
110.371399 
110.361633 
110.350952 
110.340576 
110.330505 
110.319519 
110.309143 
110.298462 
110.288086 
110.278931 
110.270081 
110.260315 
110.250549 
110.240479 
110.230408 
110.220642 
110.211182 
110.202332 
110.194092 
110.185242 
110.177612 
110.169983 
110.163574 
110.157166 
110.151062 
110.145874 
110.140991 
110.136108 
110.131226 
110.126343 
110.122070 
110.118103 
110.115356 
110.112305 
110.110779 
110.109253 
110.108032 
110.107422 
110.106812 
110.106812 
110.106812 
110.107422 
110.107422 
110.108032 
110.108337 
110.109558 
110.111084 
110.112305 
110.115051 
110.119019 
110.123596 
110.127258 
110.132141 
110.136414 
110.140991 
110.146790 
110.151978 
110.158386 
110.165100 
110.172119 
110.179138 
110.186462 
110.195007 
110.203552 
110.213013 
110.223083 
110.232849 
110.243225 
110.253296 
110.262146 
110.271912 
110.281982 
110.292969 
110.304260 
110.315552 
110.327454 
110.338745 
110.350342 
110.361938 
110.373535 
110.385132 
110.396423 
110.407715 
110.418396 
110.429382 
110.440063 
110.450439 
110.461121 
110.471497 
110.483093 
110.494385 
110.505371 
110.515747 
110.525513 
110.536194 
110.545959 
110.556030 
110.565796 
110.575256 
110.585938 
110.596008 
110.606079 
110.615540 
110.626221 
110.637207 
110.647278 
110.657654 
110.668335 
110.678406 
110.687561 
110.697021 
110.706787 
110.717163 
110.727539 
110.737610 
110.748291 
110.758972 
110.769653 
110.779724 
110.790405 
110.800781 
110.810547 
110.820618 
110.830994 
110.840759 
110.850830 
110.860901 
110.870667 
110.880737 
110.892334 
110.903015 
110.913696 
110.924072 
110.934143 
110.943909 
110.953369 
110.963745 
110.972900 
110.983276 
110.993652 
111.003113 
111.013489 
111.023865 
111.034546 
111.044922 
111.055298 
111.065674 
111.076050 
111.085815 
111.095276 
111.104126 
111.114197 
111.124268 
111.134644 
111.144714 
111.155396 
111.165771 
111.176147 
111.186523 
111.196594 
111.206970 
111.217346 
111.227417 
111.237183 
111.246948 
111.256714 
111.266479 
111.276245 
111.286926 
111.297607 
111.309204 
111.319580 
111.329651 
111.340332 
111.350098 
111.360168 
111.369629 
111.380310 
111.390076 
111.399841 
111.410217 
111.420593 
111.430969 
111.441345 
111.452026 
111.462708 
111.473083 
111.483765 
111.493835 
111.503296 
111.512756 
111.522827 
111.532898 
111.543274 
111.554260 
111.564026 
111.575012 
111.585999 
111.596069 
111.606445 
111.617126 
111.627502 
111.637268 
111.647949 
111.657410 
111.667480 
111.677551 
111.687317 
111.697388 
111.708679 
111.720276 
111.730652 
111.741028 
111.751099 
111.760864 
111.770630 
111.780396 
111.790466 
111.800842 
111.810913 
111.820984 
111.831055 
111.841431 
111.851807 
111.862488 
111.872864 
111.883240 
111.893921 
111.903687 
111.913147 
111.921997 
111.931763 
111.942139 
111.952209 
111.963196 
111.973877 
111.984558 
111.994934 
112.005005 
112.015076 
112.025146 
112.035217 
112.045593 
112.055664 
112.065430 
112.075500 
112.084961 
112.094727 
112.105713 
112.116699 
112.127991 
112.138672 
112.149048 
112.159119 
112.169189 
112.178650 
112.188416 
112.197876 
112.208252 
112.218018 
112.228394 
112.238464 
112.248535 
112.258606 
112.269287 
112.279663 
112.290344 
112.300720 
112.310791 
112.319946 
112.329102 
112.339172 
112.348938 
112.359619 
112.370300 
112.380371 
112.391052 
112.401428 
112.411804 
112.422485 
112.432861 
112.442932 
112.453003 
112.463379 
112.473450 
112.483215 
112.492981 
112.502747 
112.513123 
112.525024 
112.536316 
112.546387 
112.557068 
112.567139 
112.576904 
112.586975 
112.596741 
112.606812 
112.616577 
112.626953 
112.637024 
112.647400 
112.657776 
112.667847 
112.678528 
112.688904 
112.699890 
112.709961 
112.720032 
112.729187 
112.738342 
112.748108 
112.758484 
112.768860 
112.779236 
112.789917 
112.800293 
112.810669 
112.821350 
112.831726 
112.841492 
112.851868 
112.861938 
112.871704 
112.881470 
112.891541 
112.901917 
112.911682 
112.922058 
112.933044 
112.944031 
112.955017 
112.964783 
112.974854 
112.984924 
112.994690 
113.004456 
113.014221 
113.023987 
113.033752 
113.043518 
113.052979 
113.062744 
113.071594 
113.081055 
113.089905 
113.098755 
113.107300 
113.114014 
113.121033 
113.127136 
113.133850 
113.140259 
113.147278 
113.153076 
113.159180 
113.164978 
113.170166 
113.174744 
113.179016 
113.182983 
113.186340 
113.189392 
113.192139 
113.193970 
113.195801 
113.197021 
113.198242 
113.198853 
113.200684 
113.201904 
113.201904 
113.200989 
113.200073 
113.198853 
113.196716 
113.194885 
113.192139 
113.189392 
113.185730 
113.182678 
113.178406 
113.174133 
113.169556 
113.164368 
113.159180 
113.153687 
113.147583 
113.140259 
113.132019 
113.123474 
113.115234 
113.107300 
113.098755 
113.090210 
113.081360 
113.071899 
113.062439 
113.052673 
113.042603 
113.032227 
113.021545 
113.010559 
112.999573 
112.988586 
112.977295 
112.965698 
112.954102 
112.943115 
112.932739 
112.921753 
112.911072 
112.899475 
112.886963 
112.875977 
112.863770 
112.851868 
112.839661 
112.828674 
112.817078 
112.804871 
112.793884 
112.782593 
112.771301 
112.760620 
112.749634 
112.738342 
112.727356 
112.715759 
112.703857 
112.691956 
112.680664 
112.669678 
112.658691 
112.648315 
112.637634 
112.627563 
112.616882 
112.606201 
112.595825 
112.585449 
112.574158 
112.563477 
112.552795 
112.542114 
112.531128 
112.520142 
112.509155 
112.499084 
112.489929 
112.480469 
112.470398 
112.459717 
112.449036 
112.438660 
112.427673 
112.416992 
112.406311 
112.395630 
112.385254 
112.374878 
112.364502 
112.353821 
112.344055 
112.333984 
112.323608 
112.313538 
112.303467 
112.292480 
112.281189 
112.269592 
112.258606 
112.248230 
112.238159 
112.228088 
112.217712 
112.207947 
112.197876 
112.187195 
112.177124 
112.166443 
112.156067 
112.145691 
112.135315 
112.124634 
112.113647 
112.102966 
112.091370 
112.081604 
112.072754 
112.062988 
112.052917 
112.042542 
112.031555 
112.020569 
112.010193 
111.999512 
111.989136 
111.977844 
111.967468 
111.957092 
111.946106 
111.935425 
111.925354 
111.915588 
111.905518 
111.895752 
111.885071 
111.874084 
111.862183 
111.851196 
111.840210 
111.830444 
111.819763 
111.809692 
111.799622 
111.789551 
111.778870 
111.768799 
111.758118 
111.748047 
111.737366 
111.726990 
111.716614 
111.705933 
111.695557 
111.684570 
111.673889 
111.664124 
111.654968 
111.645203 
111.635437 
111.625061 
111.614380 
111.603699 
111.593323 
111.582642 
111.572571 
111.561890 
111.551208 
111.541138 
111.530762 
111.520691 
111.510620 
111.500549 
111.490479 
111.480103 
111.470642 
111.459656 
111.448364 
111.437378 
111.426697 
111.416931 
111.406250 
111.396790 
111.386719 
111.376648 
111.367188 
111.356506 
111.346130 
111.336365 
111.325989 
111.315308 
111.304932 
111.294861 
111.283569 
111.272888 
111.262512 
111.252747 
111.243286 
111.234131 
111.224060 
111.213684 
111.202698 
111.192017 
111.181946 
111.171265 
111.160889 
111.150208 
111.139832 
111.129761 
111.119690 
111.109314 
111.099548 
111.089478 
111.079712 
111.069641 
111.059570 
111.049194 
111.037598 
111.026917 
111.015625 
111.005249 
110.995178 
110.985413 
110.975037 
110.965576 
110.954895 
110.945129 
110.934753 
110.924377 
110.914001 
110.903320 
110.892944 
110.882263 
110.871887 
110.860291 
110.850220 
110.839539 
110.830688 
110.820923 
110.810547 
110.800476 
110.789490 
110.779114 
110.768738 
110.758057 
110.747070 
110.736694 
110.726013 
110.715942 
110.705566 
110.694885 
110.685120 
110.674438 
110.664673 
110.654907 
110.645142 
110.634155 
110.622559 
110.611572 
110.601196 
110.590515 
110.580444 
110.570679 
110.560303 
110.550537 
110.539856 
110.529785 
110.519714 
110.509644 
110.499268 
110.488892 
110.478516 
110.467529 
110.457153 
110.446472 
110.436096 
110.426636 
110.417175 
110.407715 
110.397339 
110.386963 
110.376892 
110.366211 
110.355530 
110.345154 
110.334778 
110.324707 
110.314026 
110.303955 
110.293579 
110.283508 
110.273132 
110.263672 
110.253906 
110.244751 
110.235291 
110.225220 
110.215149 
110.205078 
110.196533 
110.188293 
110.180664 
110.173340 
110.166626 
110.160522 
110.154114 
110.148315 
110.143127 
110.137634 
110.133667 
110.128784 
110.124512 
110.120850 
110.117493 
110.114136 
110.111084 
110.110168 
110.109253 
110.108643 
110.108032 
110.108032 
110.107422 
110.107422 
110.107422 
110.107422 
110.108643 
110.110168 
110.110779 
110.112305 
110.115051 
110.117798 
110.121155 
110.126038 
110.130310 
110.134888 
110.140076 
110.144958 
110.150146 
110.155640 
110.162048 
110.168762 
110.177002 
110.184631 
110.193176 
110.202637 
110.211792 
110.220642 
110.230408 
110.240784 
110.250549 
110.260620 
110.271301 
110.281982 
110.291443 
110.302124 
110.312805 
110.324097 
110.336304 
110.348206 
110.359192 
110.370178 
110.381165 
110.392151 
110.402832 
110.412903 
110.423279 
110.433655 
110.444946 
110.454712 
110.465698 
110.476379 
110.487061 
110.497742 
110.508423 
110.519714 
110.530090 
110.539856 
110.549316 
110.558777 
110.569153 
110.579224 
110.589905 
110.600281 
110.610962 
110.621338 
110.632324 
110.642395 
110.652466 
110.663147 
110.673523 
110.683289 
110.693359 
110.703430 
110.713806 
110.723267 
110.733337 
110.744019 
110.755615 
110.766296 
110.776672 
110.787048 
110.797119 
110.807190 
110.816650 
110.827026 
110.836487 
110.846863 
110.856934 
110.867310 
110.877380 
110.888062 
110.897827 
110.908508 
110.919495 
110.930176 
110.940247 
110.949707 
110.958862 
110.968018 
110.978394 
110.988159 
110.998535 
111.008911 
111.020203 
111.030884 
111.040649 
111.051025 
111.061401 
111.071472 
111.081848 
111.091309 
111.101685 
111.111450 
111.120911 
111.130676 
111.140442 
111.152039 
111.162720 
111.173706 
111.184082 
111.194153 
111.204224 
111.213989 
111.224060 
111.233826 
111.243286 
111.253357 
111.263428 
111.273804 
111.283569 
111.294250 
111.304321 
111.315308 
111.325378 
111.336365 
111.347046 
111.356506 
111.365356 
111.374817 
111.384888 
111.395264 
111.405640 
111.416321 
111.426697 
111.437073 
111.447449 
111.458435 
111.468506 
111.478882 
111.489258 
111.499634 
111.509705 
111.519470 
111.529541 
111.539001 
111.549377 
111.560059 
111.571350 
111.582947 
111.593018 
111.603394 
111.613464 
111.623535 
111.633301 
111.642761 
111.653137 
111.663513 
111.673584 
111.683655 
111.693726 
111.704102 
111.714783 
111.725159 
111.736145 
111.746521 
111.756897 
111.766052 
111.775208 
111.784668 
111.794739 
111.805115 
111.815796 
111.826477 
111.836548 
111.847839 
111.857605 
111.868286 
111.878357 
111.888733 
111.898804 
111.909180 
111.918945 
111.928711 
111.938171 
111.948242 
111.958923 
111.969299 
111.980286 
111.991882 
112.001953 
112.012634 
112.022095 
112.031555 
112.041931 
112.051697 
112.061462 
112.071533 
112.081909 
112.091675 
112.102051 
112.112732 
112.123108 
112.133179 
112.143860 
112.154541 
112.164612 
112.174072 
112.183228 
112.192383 
112.202454 
112.212830 
112.222595 
112.233582 
112.243958 
112.254028 
112.264709 
112.275391 
112.285767 
112.295837 
112.305908 
112.316284 
112.326050 
112.335815 
112.345581 
112.355347 
112.365417 
112.376404 
112.387390 
112.398376 
112.408752 
112.418823 
112.428894 
112.438965 
112.449036 
112.458801 
112.468872 
112.479553 
112.489319 
112.499390 
112.509766 
112.519836 
112.530212 
112.540894 
112.551575 
112.561951 
112.572632 
112.582092 
112.591858 
112.601013 
112.610779 
112.621460 
112.631531 
112.642212 
112.652893 
112.662964 
112.673645 
112.683716 
112.694092 
112.704163 
112.714844 
112.724915 
112.734680 
112.745056 
112.754822 
112.764282 
112.774658 
112.785339 
112.796326 
112.807617 
112.818298 
112.828064 
112.837830 
112.848206 
112.857361 
112.867432 
112.877502 
112.887573 
112.897949 
112.908630 
112.918091 
112.928467 
112.939148 
112.949829 
112.960205 
112.970276 
112.980652 
112.990112 
112.999268 
113.008728 
113.017883 
113.027954 
113.038330 
113.048401 
113.058472 
113.067627 
113.077087 
113.085938 
113.094482 
113.103027 
113.110352 
113.117981 
113.125610 
113.132324 
113.138428 
113.144531 
113.150635 
113.156738 
113.163452 
113.169556 
113.174133 
113.177795 
113.182373 
113.185425 
113.188171 
113.190613 
113.193359 
113.195190 
113.197021 
113.198242 
113.199463 
113.200073 
113.200684 
113.200684 
113.200684 
113.200378 
113.199158 
113.197021 
113.193970 
113.191223 
113.188782 
113.186035 
113.182983 
113.179626 
113.175049 
113.171082 
113.166199 
113.161011 
113.154907 
113.148804 
113.142395 
113.134766 
113.127441 
113.119202 
113.110657 
113.101807 
113.092957 
113.084412 
113.076172 
113.067322 
113.057556 
113.047180 
113.036499 
113.026123 
113.015137 
113.003845 
112.992859 
112.981567 
112.970276 
112.959290 
112.947693 
112.936707 
112.925415 
112.913818 
112.902832 
112.891541 
112.879944 
112.867737 
112.855530 
112.843323 
112.831726 
112.820435 
112.808838 
112.797852 
112.786865 
112.775574 
112.764893 
112.753296 
112.742004 
112.731018 
112.719727 
112.708740 
112.697144 
112.686157 
112.674561 
112.663269 
112.652283 
112.642212 
112.632446 
112.622375 
112.612000 
112.601013 
112.590332 
112.579041 
112.568359 
112.557373 
112.546082 
112.536011 
112.525330 
112.514954 
112.504272 
112.493896 
112.483826 
112.473450 
112.463684 
112.453613 
112.443237 
112.431946 
112.420654 
112.409058 
112.398682 
112.388000 
112.378235 
112.368164 
112.358093 
112.348022 
112.337952 
112.327576 
112.317200 
112.306824 
112.296753 
112.285767 
112.275085 
112.264404 
112.253113 
112.242432 
112.231750 
112.222290 
112.212830 
112.203064 
112.192993 
112.182007 
112.171936 
112.161255 
112.150269 
112.138977 
112.128296 
112.117920 
112.107239 
112.096863 
112.086182 
112.075806 
112.065735 
112.055664 
112.045593 
112.035522 
112.025146 
112.013855 
112.002258 
111.990967 
111.980591 
111.970520 
111.960144 
111.949768 
111.940002 
111.929321 
111.919250 
111.908569 
111.898804 
111.888123 
111.878052 
111.867371 
111.856689 
111.845703 
111.834717 
111.824036 
111.813660 
111.803589 
111.794128 
111.784058 
111.773682 
111.763306 
111.752625 
111.742249 
111.731873 
111.720886 
111.710510 
111.700439 
111.689758 
111.679382 
111.669312 
111.659241 
111.648865 
111.638489 
111.629028 
111.618958 
111.608887 
111.597900 
111.586609 
111.575012 
111.564636 
111.555176 
111.544495 
111.534729 
111.524963 
111.515198 
111.504822 
111.494751 
111.484375 
111.473694 
111.463623 
111.452942 
111.442566 
111.431885 
111.421509 
111.410828 
111.400452 
111.390991 
111.381531 
111.372070 
111.362305 
111.351929 
111.341248 
111.330261 
111.320190 
111.308899 
111.298523 
111.288452 
111.277771 
111.267395 
111.257629 
111.247864 
111.237183 
111.227417 
111.217957 
111.207581 
111.197205 
111.186523 
111.175232 
111.163940 
111.153870 
111.143494 
111.133728 
111.123352 
111.113586 
111.103516 
111.093445 
111.083679 
111.073303 
111.062927 
111.052856 
111.042175 
111.031799 
111.020813 
111.010132 
110.999146 
110.989075 
110.979919 
110.970459 
110.960083 
110.950012 
110.939636 
110.929260 
110.918579 
110.907898 
110.896912 
110.886841 
110.875854 
110.865479 
110.854492 
110.844421 
110.834351 
110.823975 
110.814209 
110.804138 
110.793762 
110.783997 
110.772400 
110.761108 
110.750427 
110.739746 
110.729370 
110.719604 
110.709229 
110.699158 
110.689087 
110.679016 
110.668945 
110.658264 
110.648193 
110.637817 
110.627441 
110.617065 
110.606079 
110.595398 
110.584412 
110.574341 
110.564880 
110.555115 
110.545349 
110.535278 
110.524902 
110.514832 
110.504150 
110.493164 
110.482788 
110.472412 
110.462341 
110.451355 
110.441589 
110.431519 
110.420837 
110.411072 
110.401306 
110.391235 
110.381165 
110.371399 
110.359802 
110.348206 
110.337830 
110.327759 
110.317078 
110.307617 
110.297546 
110.287476 
110.277405 
110.268250 
110.257568 
110.248413 
110.238342 
110.228577 
110.219727 
110.210266 
110.201416 
110.192261 
110.184021 
110.176697 
110.169983 
110.164185 
110.158386 
110.152283 
110.146179 
110.140686 
110.135803 
110.130920 
110.126038 
110.122375 
110.118713 
110.115967 
110.113220 
110.111389 
110.109863 
110.108643 
110.108032 
110.107117 
110.107422 
110.107727 
110.107117 
110.106506 
110.106812 
110.107422 
110.108948 
110.111084 
110.114136 
110.117188 
110.120239 
110.123901 
110.127869 
110.132751 
110.137634 
110.142822 
110.148010 
110.154724 
110.160522 
110.167236 
110.174255 
110.181885 
110.190735 
110.199890 
110.209656 
110.218811 
110.227966 
110.237732 
110.247498 
110.257263 
110.267639 
110.277710 
110.288086 
110.299072 
110.309753 
110.321045 
110.332031 
110.342712 
110.354309 
110.365601 
110.376587 
110.387573 
110.397644 
110.407104 
110.417175 
110.427856 
110.438538 
110.449524 
110.460205 
110.471191 
110.481873 
110.493164 
110.503845 
110.514221 
110.524902 
110.534973 
110.545044 
110.555725 
110.565796 
110.575256 
110.585327 
110.595703 
110.606995 
110.618286 
110.628662 
110.639343 
110.649414 
110.659485 
110.669556 
110.679016 
110.689087 
110.699158 
110.709839 
110.719604 
110.730286 
110.740356 
110.750427 
110.761108 
110.771790 
110.782471 
110.793152 
110.803223 
110.812988 
110.821533 
110.831299 
110.841980 
110.852051 
110.862122 
110.873108 
110.883789 
110.893860 
110.904541 
110.915222 
110.925293 
110.935364 
110.945435 
110.955505 
110.965576 
110.975342 
110.985107 
110.994568 
111.005249 
111.015930 
111.027527 
111.038208 
111.047974 
111.058044 
111.068115 
111.078186 
111.087952 
111.097717 
111.107483 
111.117554 
111.127930 
111.137695 
111.147766 
111.157837 
111.168213 
111.179199 
111.189880 
111.200562 
111.210632 
111.219788 
111.228638 
111.238403 
111.247864 
111.258545 
111.269226 
111.279907 
111.289978 
111.300659 
111.310730 
111.321106 
111.332092 
111.341858 
111.351929 
111.362000 
111.372070 
111.381531 
111.392212 
111.401978 
111.412048 
111.422424 
111.434021 
111.445007 
111.455078 
111.465759 
111.475220 
111.485291 
111.495667 
111.505737 
111.515808 
111.525574 
111.535339 
111.546021 
111.556702 
111.566772 
111.576843 
111.588135 
111.598511 
111.609497 
111.619263 
111.628723 
111.637878 
111.647644 
111.657715 
111.667786 
111.678772 
111.689453 
111.699829 
111.710205 
111.720581 
111.730957 
111.741638 
111.751709 
111.761780 
111.771545 
111.781616 
111.791382 
111.802368 
111.811523 
111.821594 
111.832886 
111.843872 
111.854858 
111.865234 
111.875000 
111.885071 
111.895142 
111.904602 
111.914673 
111.924744 
111.934204 
111.944885 
111.954651 
111.965942 
111.975708 
111.986084 
111.996765 
112.007751 
112.017822 
112.028198 
112.037354 
112.046204 
112.055969 
112.066040 
112.076416 
112.086792 
112.097473 
112.108154 
112.118835 
112.129211 
112.139587 
112.149658 
112.160034 
112.169800 
112.179565 
112.189941 
112.199402 
112.209167 
112.219543 
112.229309 
112.240295 
112.251282 
112.261963 
112.272644 
112.282104 
112.292480 
112.302246 
112.312012 
112.322083 
112.331848 
112.341919 
112.352295 
112.362061 
112.372437 
112.382813 
112.393188 
112.403564 
112.414246 
112.424927 
112.434998 
112.444763 
112.453918 
112.463074 
112.473755 
112.483826 
112.494202 
112.504883 
112.515564 
112.525940 
112.536621 
112.546387 
112.556763 
112.567444 
112.577515 
112.588196 
112.597656 
112.607422 
112.617493 
112.627258 
112.637329 
112.648621 
112.659912 
112.670593 
112.680359 
112.690735 
112.700806 
112.710571 
112.720337 
112.730408 
112.740479 
112.750854 
112.760925 
112.770996 
112.781067 
112.791443 
112.802124 
112.812805 
112.823181 
112.833252 
112.843628 
112.853088 
112.862244 
112.871399 
112.882080 
112.892456 
112.903137 
112.913818 
112.924194 
112.934570 
112.944946 
112.955322 
112.965393 
112.975464 
112.986145 
112.995605 
113.005676 
113.015137 
113.024597 
113.034363 
113.044128 
113.054810 
113.064575 
113.074036 
113.083496 
113.091736 
113.100281 
113.107605 
113.115234 
113.122253 
113.129883 
113.136292 
113.142700 
113.149109 
113.154907 
113.160400 
113.166199 
113.171387 
113.176270 
113.180542 
113.184204 
113.186951 
113.188477 
113.190613 
113.193359 
113.194885 
113.196716 
113.198242 
113.199768 
113.200378 
113.200378 
113.200073 
113.200073 
113.198853 
113.197327 
113.195496 
113.193359 
113.190308 
113.186951 
113.183594 
113.180237 
113.177490 
113.174133 
113.169556 
113.164368 
113.158264 
113.152161 
113.145142 
113.137512 
113.130493 
113.122253 
113.114624 
113.106079 
113.097229 
113.088379 
113.079529 
113.070068 
113.060303 
113.050842 
113.040466 
113.029785 
113.018494 
113.007202 
112.995605 
112.984619 
112.973633 
112.962646 
112.951660 
112.940979 
112.929382 
112.918396 
112.907410 
112.895203 
112.883911 
112.872620 
112.860413 
112.848816 
112.836914 
112.825012 
112.813416 
112.802124 
112.791443 
112.781372 
112.770691 
112.759094 
112.747803 
112.735901 
112.724609 
112.713623 
112.701721 
112.690430 
112.679749 
112.668762 
112.657776 
112.647095 
112.635803 
112.625732 
112.615356 
112.605286 
112.594910 
112.583923 
112.571716 
112.560425 
112.549438 
112.538757 
112.528687 
112.518311 
112.507935 
112.497864 
112.487183 
112.477722 
112.467041 
112.457275 
112.446899 
112.436523 
112.425232 
112.414551 
112.403564 
112.392883 
112.382507 
112.372437 
112.362366 
112.353516 
112.343750 
112.333069 
112.322388 
112.311707 
112.301025 
112.290039 
112.279358 
112.268982 
112.257996 
112.247314 
112.236938 
112.226868 
112.216492 
112.206421 
112.196045 
112.185974 
112.175903 
112.165222 
112.153931 
112.142334 
112.131653 
112.121277 
112.110901 
112.100220 
112.090454 
112.080383 
112.070313 
112.059937 
112.049255 
112.039490 
112.029114 
112.018433 
112.008057 
111.996765 
111.986084 
111.975098 
111.964722 
111.953735 
111.944885 
111.934814 
111.924744 
111.914063 
111.903992 
111.893005 
111.882019 
111.871643 
111.860352 
111.849976 
111.839600 
111.828918 
111.818237 
111.807556 
111.797180 
111.787415 
111.777039 
111.767273 
111.757507 
111.747131 
111.735535 
111.724243 
111.713257 
111.703491 
111.693420 
111.683350 
111.673279 
111.663513 
111.653442 
111.642456 
111.632996 
111.622620 
111.612549 
111.602173 
111.591492 
111.580811 
111.570129 
111.559753 
111.549377 
111.539001 
111.529846 
111.520691 
111.510620 
111.500549 
111.489868 
111.478882 
111.468506 
111.458130 
111.447449 
111.437073 
111.426697 
111.416016 
111.405945 
111.395569 
111.385498 
111.375427 
111.365662 
111.355591 
111.345825 
111.335144 
111.323547 
111.312256 
111.301270 
111.291199 
111.281433 
111.271057 
111.261292 
111.251221 
111.241455 
111.231079 
111.221313 
111.210938 
111.200867 
111.190796 
111.179810 
111.169128 
111.158447 
111.147766 
111.137390 
111.127625 
111.117859 
111.108704 
111.098633 
111.088867 
111.078491 
111.067810 
111.057129 
111.046448 
111.036072 
111.025391 
111.014404 
111.004639 
110.994263 
110.983887 
110.973816 
110.963135 
110.953369 
110.943604 
110.933228 
110.923157 
110.911865 
110.900269 
110.889893 
110.879211 
110.869141 
110.858459 
110.848389 
110.838623 
110.828247 
110.818176 
110.807495 
110.798035 
110.787659 
110.776978 
110.766602 
110.755920 
110.745239 
110.733948 
110.723572 
110.713806 
110.704346 
110.694275 
110.684509 
110.674133 
110.663757 
110.653381 
110.642700 
110.632019 
110.621338 
110.610657 
110.600281 
110.589905 
110.579834 
110.568848 
110.559387 
110.549622 
110.538635 
110.529480 
110.519409 
110.508118 
110.496826 
110.485840 
110.475464 
110.465088 
110.455322 
110.444946 
110.435181 
110.425415 
110.415344 
110.404968 
110.395508 
110.384827 
110.374451 
110.364685 
110.354309 
110.343018 
110.332642 
110.321960 
110.311890 
110.301208 
110.292053 
110.282898 
110.273438 
110.263367 
110.253296 
110.243530 
110.233154 
110.223389 
110.214233 
110.205078 
110.196228 
110.187988 
110.180664 
110.173035 
110.166321 
110.159607 
110.153809 
110.148315 
110.142822 
110.137939 
110.132141 
110.126343 
110.122681 
110.119019 
110.116577 
110.113831 
110.111694 
110.110474 
110.108643 
110.107727 
110.107422 
110.106201 
110.106812 
110.106812 
110.107422 
110.107422 
110.108032 
110.108643 
110.110168 
110.112305 
110.115967 
110.119934 
110.123596 
110.127869 
110.131531 
110.136108 
110.140991 
110.146179 
110.151672 
110.158081 
110.164795 
110.171814 
110.179443 
110.187378 
110.195618 
110.204773 
110.214233 
110.223694 
110.233459 
110.243530 
110.252686 
110.261841 
110.272217 
110.282593 
110.293579 
110.304871 
110.315857 
110.326843 
110.338440 
110.349731 
110.359802 
110.371399 
110.382080 
110.393066 
110.403748 
110.414124 
110.424500 
110.434570 
110.444946 
110.455627 
110.467224 
110.478821 
110.489807 
110.500183 
110.510559 
110.520935 
110.531006 
110.541077 
110.551147 
110.561218 
110.571594 
110.581665 
110.592346 
110.602417 
110.612793 
110.623474 
110.633850 
110.644836 
110.655518 
110.664978 
110.674133 
110.683594 
110.693359 
110.704346 
110.714722 
110.725098 
110.735474 
110.746155 
110.756836 
110.767212 
110.777588 
110.787659 
110.797729 
110.808105 
110.818787 
110.828247 
110.838013 
110.848083 
110.857849 
110.868530 
110.879822 
110.890808 
110.901794 
110.911865 
110.921326 
110.931396 
110.941772 
110.951233 
110.961304 
110.970764 
110.981445 
110.991211 
111.001587 
111.011658 
111.022339 
111.032715 
111.043091 
111.053772 
111.064148 
111.073608 
111.083069 
111.092224 
111.101990 
111.111755 
111.122437 
111.133118 
111.143188 
111.153870 
111.164246 
111.174927 
111.184998 
111.195374 
111.205444 
111.215210 
111.225891 
111.234741 
111.245117 
111.254883 
111.264648 
111.275024 
111.286316 
111.297607 
111.307983 
111.318359 
111.328125 
111.338501 
111.348267 
111.358643 
111.368103 
111.378174 
111.388550 
111.398621 
111.408691 
111.419067 
111.429138 
111.439819 
111.449890 
111.461182 
111.471252 
111.481323 
111.490784 
111.499939 
111.509705 
111.520386 
111.530762 
111.541138 
111.552124 
111.562500 
111.572876 
111.583557 
111.593628 
111.604309 
111.614380 
111.624146 
111.634216 
111.644897 
111.654663 
111.664429 
111.674500 
111.685181 
111.696167 
111.707153 
111.717834 
111.728516 
111.737976 
111.748352 
111.757813 
111.767578 
111.777954 
111.788025 
111.798096 
111.808167 
111.818542 
111.828918 
111.838989 
111.849365 
111.860046 
111.870422 
111.881104 
111.891479 
111.900330 
111.909485 
111.919250 
111.929626 
111.940002 
111.950378 
111.961060 
111.971741 
111.982117 
111.992798 
112.002869 
112.013245 
112.023315 
112.033081 
112.043152 
112.053223 
112.063293 
112.072754 
112.082520 
112.092896 
112.104187 
112.115479 
112.126160 
112.135925 
112.146301 
112.156372 
112.166138 
112.175598 
112.186279 
112.195740 
112.205505 
112.215576 
112.225647 
112.236023 
112.246399 
112.256775 
112.267151 
112.277832 
112.288513 
112.297974 
112.307434 
112.316895 
112.326355 
112.336731 
112.347107 
112.357483 
112.367859 
112.378540 
112.388916 
112.399292 
112.409363 
112.419434 
112.430115 
112.440491 
112.450256 
112.460327 
112.470093 
112.479858 
112.489319 
112.500000 
112.511597 
112.522278 
112.532959 
112.543335 
112.553406 
112.563477 
112.573547 
112.583618 
112.593994 
112.603455 
112.614136 
112.623901 
112.634277 
112.644348 
112.654724 
112.665405 
112.675781 
112.686462 
112.696533 
112.706299 
112.716064 
112.725220 
112.734680 
112.745667 
112.755737 
112.766113 
112.776794 
112.787476 
112.797852 
112.807922 
112.818298 
112.828674 
112.838745 
112.849121 
112.858887 
112.868958 
112.878723 
112.888184 
112.898254 
112.908936 
112.920227 
112.931213 
112.942200 
112.951965 
112.962036 
112.972107 
112.981873 
112.991638 
113.001404 
113.011475 
113.021240 
113.031006 
113.040771 
113.050537 
113.060303 
113.069763 
113.079529 
113.088074 
113.096924 
113.104553 
113.111572 
113.117981 
113.125610 
113.132324 
113.139343 
113.145752 
113.151855 
113.158569 
113.163757 
113.169250 
113.173523 
113.178101 
113.181763 
113.185425 
113.188171 
113.190918 
113.192749 
113.194580 
113.195801 
113.197327 
113.199768 
113.200989 
113.201599 
113.201294 
113.200378 
113.199768 
113.197937 
113.196411 
113.193970 
113.191528 
113.189392 
113.186035 
113.182678 
113.178711 
113.174438 
113.170166 
113.165588 
113.160095 
113.154602 
113.147583 
113.139648 
113.131714 
113.124390 
113.116455 
113.108826 
113.100281 
113.091736 
113.082886 
113.073425 
113.064575 
113.054504 
113.044128 
113.034058 
113.023071 
113.012085 
113.000793 
112.989807 
112.978210 
112.966614 
112.956238 
112.945862 
112.935181 
112.923889 
112.912598 
112.900696 
112.889099 
112.876892 
112.865295 
112.853699 
112.841492 
112.830200 
112.818604 
112.807312 
112.796326 
112.785034 
112.774048 
112.763062 
112.752075 
112.741089 
112.728882 
112.717285 
112.704773 
112.693787 
112.682495 
112.672119 
112.661438 
112.651367 
112.640686 
112.630005 
112.619019 
112.609253 
112.598267 
112.587585 
112.576599 
112.565918 
112.554932 
112.543945 
112.532654 
112.522278 
112.512512 
112.502747 
112.492981 
112.483521 
112.472229 
112.461853 
112.451172 
112.440491 
112.429810 
112.418823 
112.408447 
112.398071 
112.387695 
112.377319 
112.366943 
112.356567 
112.346802 
112.336426 
112.326660 
112.316589 
112.305298 
112.293701 
112.282715 
112.272034 
112.261353 
112.251282 
112.240906 
112.230530 
112.220459 
112.210388 
112.200623 
112.189636 
112.179565 
112.169189 
112.158813 
112.148132 
112.137146 
112.126465 
112.115784 
112.104797 
112.094421 
112.085266 
112.075806 
112.065430 
112.054749 
112.044678 
112.033386 
112.022705 
112.012024 
112.001038 
111.990662 
111.980286 
111.969604 
111.958923 
111.948547 
111.938171 
111.927795 
111.917725 
111.907654 
111.897278 
111.886597 
111.874695 
111.863708 
111.852417 
111.842346 
111.831970 
111.821899 
111.812439 
111.802063 
111.791687 
111.781311 
111.771545 
111.761169 
111.750793 
111.740417 
111.730347 
111.719360 
111.708679 
111.697998 
111.687317 
111.677551 
111.668091 
111.658630 
111.648865 
111.638489 
111.627808 
111.617126 
111.606140 
111.595764 
111.585693 
111.575012 
111.564331 
111.553955 
111.544189 
111.534119 
111.524048 
111.513672 
111.504211 
111.493835 
111.483765 
111.472778 
111.461487 
111.450500 
111.440125 
111.429749 
111.419373 
111.409607 
111.399841 
111.389771 
111.379700 
111.369629 
111.359558 
111.349182 
111.339417 
111.328125 
111.317749 
111.307373 
111.296387 
111.286011 
111.275635 
111.265869 
111.256409 
111.246948 
111.236877 
111.226807 
111.216431 
111.205750 
111.194763 
111.184387 
111.173706 
111.163025 
111.152954 
111.142578 
111.132507 
111.121826 
111.111755 
111.101990 
111.091919 
111.082153 
111.072388 
111.061096 
111.049805 
111.039124 
111.028137 
111.018066 
111.008606 
110.997620 
110.988159 
110.978088 
110.967712 
110.957642 
110.948181 
110.937500 
110.927124 
110.916443 
110.906067 
110.895081 
110.884705 
110.873718 
110.863037 
110.852966 
110.843811 
110.834045 
110.823669 
110.813599 
110.802612 
110.792236 
110.781250 
110.770569 
110.759888 
110.749512 
110.739441 
110.728455 
110.718384 
110.708008 
110.697327 
110.687561 
110.677490 
110.667725 
110.657654 
110.646667 
110.635376 
110.624084 
110.613403 
110.603943 
110.593567 
110.583191 
110.573425 
110.563354 
110.553589 
110.542908 
110.533142 
110.522766 
110.512695 
110.502319 
110.491638 
110.480957 
110.470276 
110.459595 
110.448914 
110.439758 
110.430298 
110.420837 
110.411072 
110.400696 
110.390015 
110.379333 
110.368958 
110.358276 
110.347595 
110.337219 
110.327454 
110.316772 
110.306396 
110.296326 
110.286255 
110.276489 
110.267334 
110.257263 
110.247803 
110.237122 
110.226440 
110.216675 
110.207214 
110.198669 
110.191040 
110.183105 
110.176086 
110.169067 
110.162048 
110.156250 
110.150146 
110.144043 
110.139160 
110.134277 
110.130005 
110.125732 
110.121155 
110.117798 
110.115051 
110.112915 
110.112000 
110.110779 
110.109558 
110.108643 
110.107117 
110.106201 
110.104980 
110.104980 
110.104065 
110.104065 
110.104065 
110.103760 
110.104370 
110.104370 
110.104370 
110.104370 
110.104980 
110.105591 
110.105591 
110.104980 
110.104370 
110.103760 
110.103455 
110.104065 
110.104370 
110.104980 
110.105286 
110.105896 
110.106506 
110.106812 
110.107117 
110.107117 
110.107422 
110.107117 
110.107117 
110.107117 
110.106506 
110.106506 
110.106506 
110.107422 
110.108643 
110.109863 
110.109863 
110.108948 
110.109863 
110.109253 
110.108948 
110.108948 
110.108643 
110.108643 
110.108337 
110.108948 
110.108643 
110.108948 
110.108948 
110.109253 
110.109863 
110.110168 
110.110168 
110.109558 
110.108643 
110.108032 
110.108032 
110.108032 
110.108337 
110.108643 
110.108948 
110.108948 
110.109863 
110.109558 
110.109558 
110.109863 
110.109558 
110.109863 
110.109558 
110.109253 
110.108643 
110.108643 
110.108032 
110.108643 
110.109863 
110.110779 
110.111084 
110.110779 
110.110474 
110.110474 
110.110474 
110.110168 
110.109558 
110.109863 
110.109558 
110.109863 
110.109863 
110.109863 
110.110168 
110.110168 
