Blum, K. P., D’Incamps, B. L., Zytnicki, D., & Ting, L. H. (2017).
Force encoding in muscle spindles during stretch of
passive muscle. PLoS computational biology, 13(9), 
e1005767. <https://journals.plos.org/ploscompbiol/article?
id=10.1371/journal.pcbi.1005767>

cat medial gastrocnemius muscle lengths over t  (in 0.0005 s increments)
110.106812 
110.106201 
110.105591 
110.105591 
110.105591 
110.105286 
110.105591 
110.107117 
110.107727 
110.107727 
110.108032 
110.107117 
110.106812 
110.107422 
110.106506 
110.107117 
110.106506 
110.107117 
110.107117 
110.106812 
110.107422 
110.106812 
110.106812 
110.107422 
110.107727 
110.108032 
110.107117 
110.106506 
110.105591 
110.105591 
110.106201 
110.106201 
110.105591 
110.106201 
110.106506 
110.106506 
110.106812 
110.106506 
110.106506 
110.107117 
110.106201 
110.106506 
110.105591 
110.105591 
110.104980 
110.105286 
110.105591 
110.107117 
110.107117 
110.107422 
110.107422 
110.107422 
110.107422 
110.107117 
110.107117 
110.106506 
110.106812 
110.106812 
110.106506 
110.106812 
110.106812 
110.107117 
110.107117 
110.107422 
110.107727 
110.108032 
110.106812 
110.105896 
110.105286 
110.105591 
110.105896 
110.105896 
110.105896 
110.105896 
110.105896 
110.106506 
110.106506 
110.106506 
110.106506 
110.106201 
110.106201 
110.106201 
110.105896 
110.105286 
110.105286 
110.105286 
110.105896 
110.107117 
110.107117 
110.107117 
110.108032 
110.107422 
110.107117 
110.106812 
110.106812 
110.106506 
110.106812 
110.106506 
110.106812 
110.106506 
110.106506 
110.107117 
110.107117 
110.107422 
110.107422 
110.107727 
110.106812 
110.106201 
110.105896 
110.105591 
110.105896 
110.106201 
110.106506 
110.106506 
110.106812 
110.106506 
110.107422 
110.107422 
110.107422 
110.108337 
110.108337 
110.108948 
110.109558 
110.109863 
110.110168 
110.111084 
110.112000 
110.114136 
110.115967 
110.116882 
110.118103 
110.119019 
110.119934 
110.120850 
110.121460 
110.122681 
110.124512 
110.125732 
110.127258 
110.128784 
110.130920 
110.132446 
110.134583 
110.136414 
110.138550 
110.140991 
110.141907 
110.143127 
110.144653 
110.146484 
110.149231 
110.151367 
110.153809 
110.156860 
110.159912 
110.162354 
110.165100 
110.167542 
110.170593 
110.173645 
110.176392 
110.179138 
110.181885 
110.184937 
110.187683 
110.191040 
110.194702 
110.199585 
110.204163 
110.207520 
110.211182 
110.214844 
110.218506 
110.222473 
110.226135 
110.229797 
110.234070 
110.238342 
110.242310 
110.247192 
110.251770 
110.256042 
110.260925 
110.266418 
110.271301 
110.276184 
110.280457 
110.285034 
110.289001 
110.294495 
110.300903 
110.305786 
110.312195 
110.317688 
110.324402 
110.330811 
110.336304 
110.343018 
110.348816 
110.354919 
110.360718 
110.366516 
110.372620 
110.378113 
110.384216 
110.390625 
110.397644 
110.404663 
110.411682 
110.418396 
110.424805 
110.430908 
110.437012 
110.443115 
110.449219 
110.455322 
110.461731 
110.468445 
110.474548 
110.481873 
110.488281 
110.494995 
110.502014 
110.508423 
110.515747 
110.523071 
110.529175 
110.535278 
110.541992 
110.549316 
110.556335 
110.564270 
110.571594 
110.579529 
110.587158 
110.595093 
110.602722 
110.610352 
110.618286 
110.626221 
110.633850 
110.641785 
110.649719 
110.657654 
110.665283 
110.674133 
110.682983 
110.692444 
110.701599 
110.710754 
110.719910 
110.728149 
110.737305 
110.745544 
110.754395 
110.763245 
110.772400 
110.781555 
110.790405 
110.799866 
110.809326 
110.819092 
110.828552 
110.838623 
110.848389 
110.858459 
110.867310 
110.876160 
110.885620 
110.895386 
110.905151 
110.915222 
110.925293 
110.935669 
110.946350 
110.956726 
110.967102 
110.976868 
110.987244 
110.997314 
111.007385 
111.018066 
111.027832 
111.037903 
111.047974 
111.058350 
111.069641 
111.080933 
111.091309 
111.102600 
111.112976 
111.123657 
111.134033 
111.143494 
111.154175 
111.164246 
111.174927 
111.185303 
111.195068 
111.206360 
111.216431 
111.226501 
111.237488 
111.248169 
111.258545 
111.269226 
111.278076 
111.287537 
111.297607 
111.307373 
111.318359 
111.328430 
111.338806 
111.349792 
111.360474 
111.371155 
111.380615 
111.390991 
111.401062 
111.411743 
111.421204 
111.431580 
111.441345 
111.451111 
111.460876 
111.470947 
111.481934 
111.493530 
111.503906 
111.514587 
111.525269 
111.535034 
111.545105 
111.554871 
111.564941 
111.574707 
111.584778 
111.594849 
111.605225 
111.615295 
111.625671 
111.635742 
111.646423 
111.656799 
111.667175 
111.677246 
111.686707 
111.696167 
111.705322 
111.715393 
111.725769 
111.735840 
111.746216 
111.756592 
111.767273 
111.777344 
111.788025 
111.797791 
111.808472 
111.818542 
111.828308 
111.837769 
111.847839 
111.857910 
111.867371 
111.877747 
111.888733 
111.899109 
111.910706 
111.921082 
111.931152 
111.940918 
111.950684 
111.961365 
111.971436 
111.980591 
111.990967 
112.001038 
112.011414 
112.021179 
112.031860 
112.041931 
112.052307 
112.063293 
112.073364 
112.083130 
112.092896 
112.102356 
112.111511 
112.121887 
112.132263 
112.142639 
112.153015 
112.163696 
112.173767 
112.184143 
112.194214 
112.204590 
112.214661 
112.224731 
112.234802 
112.244568 
112.255249 
112.264709 
112.275085 
112.284851 
112.295837 
112.306824 
112.318115 
112.327881 
112.338562 
112.348633 
112.357788 
112.367249 
112.377625 
112.386780 
112.396545 
112.406616 
112.416382 
112.426453 
112.436523 
112.445984 
112.455750 
112.465210 
112.475891 
112.484436 
112.492981 
112.501831 
112.510071 
112.519226 
112.528992 
112.537842 
112.547607 
112.556152 
112.565613 
112.574768 
112.583618 
112.592773 
112.601013 
112.609253 
112.618103 
112.626343 
112.634583 
112.642517 
112.650146 
112.658691 
112.667236 
112.676086 
112.684937 
112.692871 
112.701111 
112.708740 
112.716064 
112.723694 
112.731018 
112.738342 
112.746277 
112.753296 
112.760315 
112.767944 
112.775269 
112.782288 
112.789612 
112.796936 
112.803955 
112.811279 
112.817688 
112.823181 
112.828674 
112.835388 
112.842407 
112.848511 
112.855530 
112.861938 
112.868347 
112.874756 
112.881165 
112.886963 
112.892761 
112.899475 
112.904968 
112.910461 
112.916260 
112.921753 
112.926941 
112.932434 
112.938538 
112.944946 
112.950745 
112.956848 
112.962341 
112.967224 
112.972412 
112.976990 
112.981873 
112.986450 
112.991028 
112.995911 
113.000793 
113.005676 
113.010254 
113.015137 
113.019714 
113.024597 
113.029480 
113.033752 
113.037415 
113.040466 
113.043823 
113.048096 
113.052063 
113.056335 
113.060913 
113.064575 
113.068542 
113.072205 
113.075867 
113.079834 
113.083191 
113.086548 
113.089600 
113.092957 
113.096008 
113.098755 
113.101807 
113.105164 
113.108521 
113.112488 
113.116150 
113.119507 
113.122559 
113.125000 
113.127441 
113.130188 
113.132324 
113.134766 
113.137207 
113.139648 
113.141785 
113.144226 
113.146667 
113.148804 
113.150330 
113.152771 
113.155518 
113.157043 
113.158569 
113.159180 
113.160095 
113.162231 
113.163452 
113.165283 
113.167114 
113.168945 
113.170166 
113.171387 
113.172607 
113.173523 
113.175049 
113.175964 
113.176270 
113.177185 
113.178101 
113.178406 
113.178711 
113.179321 
113.180237 
113.181458 
113.182983 
113.183594 
113.184509 
113.184509 
113.185120 
113.185120 
113.184204 
113.185120 
113.184814 
113.185425 
113.185425 
113.184814 
113.185425 
113.185730 
113.185730 
113.185425 
113.186035 
113.186340 
113.185425 
113.184509 
113.184204 
113.183594 
113.183899 
113.183594 
113.184204 
113.183899 
113.184204 
113.184204 
113.184204 
113.183899 
113.183594 
113.183594 
113.182678 
113.182983 
113.182373 
113.182068 
113.181458 
113.181458 
113.181763 
113.182373 
113.182983 
113.183289 
113.183289 
113.182983 
113.182983 
113.182373 
113.182068 
113.181763 
113.181458 
113.180847 
113.181152 
113.181458 
113.181152 
113.180847 
113.181152 
113.181152 
113.181458 
113.181458 
113.180847 
113.179626 
113.179016 
113.178711 
113.179016 
113.179016 
113.179016 
113.179321 
113.179626 
113.179321 
113.179321 
113.179626 
113.179321 
113.179321 
113.179321 
113.179016 
113.179016 
113.179016 
113.178101 
113.177795 
113.178406 
113.179626 
113.180542 
113.180237 
113.180542 
113.180237 
113.180847 
113.179626 
113.179932 
113.179932 
113.179932 
113.179932 
113.179932 
113.179932 
113.179626 
113.180237 
113.180237 
113.180542 
113.180847 
113.180847 
113.180237 
113.179016 
113.178711 
113.178406 
113.178711 
113.179016 
113.179016 
113.179321 
113.179321 
113.179626 
113.179626 
113.179626 
113.179932 
113.179932 
113.179626 
113.179321 
113.179016 
113.179016 
113.178101 
113.178711 
113.179016 
113.179626 
113.181152 
113.180847 
113.180847 
113.180847 
113.180847 
113.180542 
113.180237 
113.180237 
113.179932 
113.180237 
113.180237 
113.180237 
113.180542 
113.180237 
113.180237 
113.180542 
113.180847 
113.180847 
113.180542 
113.179016 
113.177795 
113.177795 
113.178406 
113.178406 
113.178406 
113.178406 
113.179016 
113.179016 
113.178711 
113.179016 
113.178711 
113.179016 
113.178406 
113.178101 
113.178406 
113.177795 
113.177490 
113.177185 
113.177795 
113.178711 
113.179321 
113.179016 
113.179626 
113.179932 
113.179321 
113.179321 
113.179016 
113.178406 
113.178406 
113.179016 
113.179016 
113.178406 
113.178711 
113.179016 
113.178711 
113.179016 
113.179016 
113.179016 
113.179016 
113.177795 
113.177490 
113.177185 
113.177185 
113.177490 
113.177490 
113.177490 
113.177795 
113.178101 
113.178101 
113.177490 
113.177795 
113.178101 
113.177795 
113.177795 
113.177185 
113.176880 
113.176880 
113.177490 
113.177185 
113.178711 
113.179016 
113.179016 
113.179932 
113.179321 
113.179016 
113.179016 
113.178711 
113.178711 
113.179016 
113.179016 
113.179016 
113.179016 
113.178711 
113.179016 
113.179016 
113.179321 
113.179626 
113.179321 
113.179626 
113.178101 
113.177490 
113.177490 
113.177795 
113.178101 
113.178406 
113.178711 
113.178406 
113.178406 
113.178711 
113.178406 
113.178406 
113.178711 
113.178101 
113.178711 
113.178101 
113.177795 
113.177795 
113.177490 
113.177795 
113.178711 
113.179626 
113.179626 
113.179932 
113.179626 
113.179626 
113.179321 
113.178711 
113.179016 
113.178711 
113.179016 
113.179016 
113.179016 
113.179016 
113.179016 
113.179321 
113.179016 
113.179321 
113.179626 
113.178406 
113.178101 
113.177185 
113.176880 
113.177185 
113.177185 
113.177185 
113.177490 
113.177795 
113.177795 
113.177795 
113.177490 
113.178101 
113.177490 
113.177185 
113.177795 
113.177185 
113.176880 
113.176575 
113.175964 
113.176880 
113.177795 
113.178406 
113.178101 
113.179016 
113.178711 
113.178101 
113.178406 
113.178406 
113.177795 
113.177795 
113.177795 
113.177795 
113.177795 
113.177795 
113.178101 
113.178406 
113.178406 
113.178711 
113.178711 
113.178101 
113.177185 
113.176575 
113.176270 
113.176880 
113.176880 
113.176270 
113.177185 
113.177490 
113.177490 
113.177490 
113.177490 
113.177490 
113.177490 
113.177490 
113.177490 
113.177185 
113.176880 
113.176270 
113.176575 
113.177490 
113.177795 
113.178406 
113.178711 
113.179321 
113.179016 
113.179016 
113.179016 
113.179016 
113.178406 
113.178406 
113.178101 
113.178406 
113.178406 
113.178406 
113.178711 
113.178711 
113.179016 
113.179321 
113.179016 
113.178406 
113.178101 
113.177185 
113.176575 
113.177185 
113.177490 
113.177490 
113.177795 
113.177795 
113.178101 
113.178101 
113.178101 
113.178101 
113.177795 
113.178101 
113.177795 
113.177185 
113.177185 
113.176880 
113.176575 
113.177490 
113.178101 
113.178711 
113.179321 
113.179016 
113.179626 
113.178711 
113.178711 
113.178711 
113.178406 
113.178711 
113.178711 
113.178101 
113.178101 
113.178101 
113.178101 
113.178711 
113.178711 
113.179016 
113.178711 
113.178711 
113.177490 
113.176880 
113.176575 
113.177185 
113.176575 
113.177185 
113.177185 
113.177490 
113.177795 
113.177185 
113.177795 
113.177795 
113.177490 
113.177490 
113.176880 
113.176880 
113.176880 
113.176270 
113.176270 
113.176575 
113.177795 
113.178101 
113.178711 
113.178711 
113.178711 
113.178406 
113.178101 
113.178101 
113.177795 
113.178101 
113.178101 
113.177795 
113.177795 
113.177795 
113.178406 
113.178101 
113.178101 
113.178406 
113.178406 
113.178101 
113.177185 
113.176575 
113.176270 
113.176270 
113.176575 
113.177185 
113.176880 
113.177490 
113.177490 
113.177490 
113.177490 
113.178101 
113.177490 
113.177490 
113.177185 
113.176880 
113.176575 
113.176270 
113.176270 
113.176880 
113.177795 
113.178406 
113.178406 
113.178711 
113.179016 
113.179016 
113.178711 
113.178101 
113.178101 
113.178101 
113.178101 
113.178101 
113.178101 
113.178101 
113.178406 
113.178406 
113.178711 
113.179321 
113.178406 
113.178101 
113.177490 
113.176575 
113.176880 
113.177185 
113.177185 
113.177795 
113.177490 
113.177185 
113.177490 
113.177490 
113.177795 
113.177490 
113.178101 
113.177795 
113.177185 
113.177185 
113.176575 
113.176270 
113.176270 
113.176880 
113.177795 
113.178711 
113.178406 
113.178711 
113.178406 
113.178711 
113.178406 
113.178101 
113.177795 
113.178101 
113.177795 
113.178101 
113.177795 
113.177795 
113.177795 
113.177795 
113.178101 
113.178406 
113.178711 
113.177795 
113.176880 
113.176575 
113.175964 
113.176270 
113.176575 
113.176880 
113.176575 
113.177185 
113.176880 
113.176880 
113.177185 
113.177185 
113.176880 
113.176880 
113.176880 
113.176880 
113.176575 
113.176270 
113.175659 
113.176270 
113.177490 
113.178101 
113.178101 
113.178406 
113.178406 
113.178101 
113.177795 
113.177795 
113.177490 
113.177795 
113.177490 
113.177490 
113.177490 
113.177795 
113.178101 
113.178101 
113.178406 
113.179016 
113.178406 
113.178101 
113.177185 
113.176880 
113.176880 
113.177185 
113.176880 
113.176880 
113.177185 
113.177490 
113.177185 
113.177185 
113.177795 
113.177490 
113.177795 
113.177185 
113.177185 
113.177185 
113.176575 
113.176270 
113.176270 
113.176575 
113.177795 
113.178101 
113.178711 
113.179016 
113.178711 
113.178711 
113.178711 
113.177795 
113.178101 
113.178406 
113.178101 
113.177795 
113.177795 
113.177795 
113.178101 
113.178101 
113.179016 
113.179016 
113.178711 
113.178711 
113.177795 
113.176575 
113.176880 
113.176575 
113.176880 
113.177490 
113.177185 
113.177490 
113.177490 
113.177490 
113.177490 
113.177185 
113.177795 
113.177185 
113.177185 
113.177185 
113.176270 
113.176270 
113.176270 
113.176270 
113.177490 
113.178101 
113.178406 
113.178711 
113.178406 
113.178101 
113.178406 
113.177795 
113.177490 
113.177795 
113.177185 
113.178101 
113.177490 
113.177795 
113.177795 
113.177795 
113.177795 
113.178406 
113.178101 
113.177795 
113.176575 
113.175964 
113.175964 
113.176270 
113.176270 
113.176270 
113.176575 
113.176880 
113.176880 
113.176880 
113.176880 
113.176880 
113.176575 
113.176880 
113.176575 
113.175964 
113.175964 
113.175964 
113.175354 
113.175964 
113.177185 
113.177795 
113.178406 
113.178406 
113.178406 
113.178101 
113.178101 
113.177795 
113.177185 
113.177490 
113.177490 
113.177490 
113.177490 
113.177490 
113.178101 
113.177490 
113.178101 
113.178406 
113.178406 
113.178101 
113.176270 
113.175964 
113.176575 
113.176575 
113.176270 
113.176880 
113.176575 
113.177185 
113.177490 
113.177185 
113.177185 
113.177185 
113.177490 
113.176880 
113.177185 
113.176880 
113.176575 
113.175964 
113.175964 
113.176880 
113.177795 
113.178406 
113.178711 
113.179321 
113.178711 
113.178711 
113.178101 
113.177795 
113.178101 
113.178101 
113.177795 
113.178101 
113.177490 
113.177490 
113.178101 
113.178101 
113.178406 
113.178406 
113.178711 
113.178101 
113.177490 
113.176270 
113.175964 
113.176575 
113.176880 
113.176880 
113.177185 
113.177185 
113.177185 
113.177490 
113.177185 
113.176575 
113.177795 
113.177185 
113.176880 
113.176880 
113.175964 
113.176270 
113.175659 
113.176270 
113.177490 
113.178101 
113.178101 
113.178711 
113.178101 
113.178101 
113.178406 
113.177795 
113.177490 
113.177795 
113.177795 
113.177490 
113.177490 
113.177795 
113.178101 
113.177185 
113.177795 
113.178406 
113.178101 
113.178101 
113.176880 
113.175964 
113.175659 
113.175964 
113.176270 
113.176575 
113.176880 
113.176880 
113.176880 
113.177185 
113.177185 
113.177185 
113.177185 
113.176880 
113.176575 
113.176880 
113.176575 
113.176270 
113.175964 
113.176270 
113.177185 
113.178101 
113.178101 
113.178406 
113.178406 
113.177795 
113.178101 
113.178101 
113.177490 
113.177795 
113.177490 
113.177795 
113.177490 
113.177490 
113.178101 
113.178101 
113.178101 
113.178406 
113.178406 
113.177795 
113.176880 
113.176575 
113.175964 
113.176575 
113.176575 
113.176880 
113.176880 
113.176880 
113.177185 
113.177185 
113.177490 
113.177490 
113.177185 
113.177185 
113.176880 
113.177185 
113.176270 
113.175964 
113.176270 
113.176270 
113.177490 
113.178406 
113.178101 
113.178406 
113.178406 
113.178101 
113.177795 
113.177795 
113.177490 
113.178101 
113.177795 
113.177795 
113.177490 
113.177185 
113.177490 
113.177795 
113.178101 
113.178711 
113.178711 
113.178101 
113.177185 
113.175964 
113.175964 
113.176270 
113.175964 
113.176575 
113.176880 
113.176575 
113.177185 
113.177185 
113.177185 
113.176880 
113.177185 
113.177185 
113.176880 
113.176270 
113.176575 
113.175659 
113.175964 
113.176270 
113.176880 
113.178101 
113.178101 
113.178711 
113.178101 
113.178406 
113.177490 
113.177795 
113.177490 
113.177490 
113.177795 
113.177490 
113.177795 
113.177795 
113.177795 
113.177795 
113.177795 
113.178101 
113.178406 
113.177795 
113.176880 
113.176270 
113.175659 
113.176270 
113.175964 
113.176575 
113.176270 
113.176575 
113.176880 
113.176880 
113.177185 
113.177185 
113.177185 
113.177185 
113.176880 
113.176880 
113.176575 
113.175659 
113.175659 
113.176270 
113.176880 
113.178101 
113.177795 
113.178406 
113.178711 
113.177795 
113.177795 
113.177795 
113.177185 
113.177490 
113.177795 
113.177795 
113.177490 
113.177795 
113.177490 
113.178101 
113.178406 
113.178406 
113.178711 
113.178101 
113.177185 
113.175964 
113.175964 
113.176270 
113.176575 
113.176575 
113.176880 
113.177185 
113.177185 
113.177185 
113.177185 
113.176880 
113.177185 
113.177185 
113.176880 
113.176880 
113.176575 
113.176270 
113.175659 
113.176575 
113.177185 
113.178101 
113.178711 
113.178101 
113.178406 
113.178406 
113.177795 
113.177795 
113.177795 
113.177490 
113.177795 
113.177490 
113.178101 
113.177490 
113.177490 
113.178101 
113.177490 
113.178406 
113.178406 
113.177795 
113.176880 
113.176270 
113.175964 
113.176575 
113.176575 
113.176575 
113.176270 
113.177185 
113.176880 
113.176880 
113.176575 
113.176880 
113.177185 
113.176880 
113.176880 
113.176270 
113.176270 
113.175964 
113.175659 
113.176270 
113.176880 
113.178101 
113.178406 
113.178406 
113.178101 
113.178101 
113.177490 
113.177795 
113.177490 
113.177490 
113.177795 
113.177490 
113.177185 
113.177490 
113.177490 
113.178101 
113.177795 
113.177795 
113.178101 
113.177490 
113.176575 
113.176270 
113.175659 
113.176575 
113.176270 
113.176270 
113.176880 
113.176575 
113.176575 
113.176880 
113.177185 
113.176880 
113.176880 
113.176880 
113.176880 
113.176575 
113.176270 
113.175964 
113.175659 
113.175964 
113.177185 
113.177795 
113.178711 
113.178406 
113.178711 
113.178711 
113.178101 
113.177795 
113.177490 
113.177490 
113.177795 
113.177490 
113.177490 
113.178101 
113.177795 
113.177795 
113.178101 
113.178101 
113.178406 
113.178101 
113.177490 
113.176575 
113.176270 
113.176575 
113.176270 
113.176270 
113.176880 
113.176880 
113.176880 
113.177185 
113.177185 
113.177185 
113.176880 
113.176880 
113.176575 
113.176270 
113.176270 
113.175659 
113.175659 
113.176270 
113.177185 
113.177490 
113.178101 
113.178101 
113.178406 
113.178101 
113.177795 
113.177795 
113.177795 
113.177490 
113.177490 
113.177490 
113.177185 
113.177490 
113.177185 
113.177795 
113.177490 
113.178101 
113.178101 
113.177795 
113.176575 
113.176270 
113.175659 
113.175964 
113.176270 
113.175964 
113.176575 
113.176880 
113.176575 
113.176880 
113.176270 
113.176880 
113.176880 
113.176575 
113.176880 
113.176575 
113.175964 
113.175659 
113.175354 
113.175659 
113.176880 
113.177490 
113.178101 
113.178406 
113.178101 
113.178406 
113.177795 
113.177795 
113.177490 
113.177490 
113.177795 
113.177185 
113.177185 
113.177490 
113.177490 
113.177795 
113.177795 
113.177795 
113.178406 
113.177490 
113.176880 
113.176575 
113.175659 
113.175964 
113.176270 
113.176575 
113.176880 
113.177185 
113.176880 
113.177185 
113.177185 
113.176880 
113.177185 
113.176880 
113.176880 
113.176575 
113.176270 
113.175964 
113.175659 
113.175964 
113.177185 
113.178101 
113.178101 
113.178406 
113.178101 
113.178406 
113.178101 
113.177795 
113.177795 
113.177490 
113.177490 
113.177795 
113.177490 
113.177795 
113.177795 
113.177490 
113.178101 
113.178101 
113.178101 
113.177795 
113.176575 
113.175964 
113.175659 
113.176270 
113.176270 
113.176575 
113.176575 
113.176880 
113.176880 
113.176880 
113.177185 
113.176880 
113.177185 
113.176880 
113.177185 
113.176880 
113.175964 
113.175659 
113.175659 
113.175964 
113.177185 
113.177490 
113.177795 
113.178101 
113.178101 
113.177795 
113.177490 
113.177490 
113.177490 
113.177185 
113.177185 
113.177185 
113.177490 
113.177185 
113.177490 
113.177490 
113.178101 
113.178101 
113.177795 
113.177795 
113.176880 
113.176270 
113.175659 
113.175964 
113.175964 
113.175964 
113.176575 
113.176575 
113.176575 
113.177185 
113.176880 
113.176880 
113.177185 
113.176575 
113.176575 
113.176575 
113.175964 
113.175964 
113.175659 
113.175964 
113.176575 
113.177490 
113.178101 
113.178406 
113.178101 
113.178101 
113.177795 
113.177795 
113.177490 
113.177185 
113.177795 
113.177185 
113.177490 
113.177795 
113.177490 
113.178101 
113.177490 
113.178101 
113.178406 
113.177490 
113.176880 
113.175964 
113.175659 
113.175964 
113.175964 
113.176270 
113.176575 
113.176575 
113.176575 
113.177185 
113.177185 
113.176880 
113.176880 
113.176880 
113.176575 
113.176880 
113.175964 
113.175964 
113.175659 
113.175964 
113.176880 
113.177795 
113.178406 
113.178101 
113.178101 
113.177795 
113.177795 
113.177490 
113.177490 
113.177185 
113.177490 
113.177490 
113.177490 
113.177490 
113.177795 
113.177795 
113.177795 
113.178101 
113.178101 
113.178406 
113.177185 
113.176575 
113.175964 
113.176270 
113.176575 
113.176270 
113.176575 
113.176575 
113.176880 
113.177185 
113.176880 
113.176880 
113.176880 
113.176270 
113.176880 
113.176575 
113.176270 
113.175964 
113.175354 
113.175659 
113.177185 
113.177490 
113.177795 
113.178101 
113.177795 
113.177795 
113.177490 
113.177795 
113.177185 
113.177490 
113.177795 
113.177185 
113.177490 
113.177490 
113.177490 
113.177490 
113.177795 
113.178101 
113.178101 
113.177490 
113.176880 
113.176270 
113.175659 
113.176270 
113.176575 
113.176270 
113.176575 
113.176270 
113.176880 
113.177185 
113.176575 
113.176880 
113.176575 
113.176575 
113.176880 
113.176575 
113.175964 
113.175964 
113.175964 
113.176270 
113.176880 
113.177795 
113.178406 
113.178101 
113.178406 
113.178101 
113.177795 
113.177490 
113.177490 
113.177185 
113.177795 
113.176880 
113.177185 
113.177795 
113.177185 
113.177490 
113.178101 
113.178406 
113.178406 
113.177795 
113.177185 
113.175964 
113.175964 
113.176270 
113.176270 
113.176575 
113.177185 
113.176880 
113.177185 
113.177185 
113.176575 
113.177185 
113.176575 
113.176880 
113.176575 
113.176270 
113.176270 
113.175659 
113.175659 
113.176270 
113.176880 
113.177795 
113.177795 
113.178406 
113.178101 
113.178101 
113.177795 
113.177795 
113.177490 
113.177490 
113.177490 
113.177490 
113.177185 
113.177490 
113.177795 
113.177795 
113.177795 
113.178101 
113.178101 
113.178101 
113.177185 
113.176575 
113.175964 
113.176270 
113.176270 
113.176575 
113.176880 
113.176880 
113.177185 
113.176575 
113.177185 
113.176270 
113.177185 
113.176575 
113.176270 
113.176880 
113.175964 
113.175659 
113.175354 
113.176270 
113.176880 
113.177795 
113.178101 
113.178101 
113.178101 
113.177795 
113.177490 
113.177490 
113.177490 
113.177490 
113.177490 
113.177490 
113.177490 
113.177490 
113.177795 
113.177490 
113.177490 
113.178101 
113.178406 
113.178101 
113.177185 
113.176270 
113.175659 
113.175964 
113.176270 
113.176575 
113.176575 
113.176880 
113.177185 
113.176880 
113.176880 
113.177185 
113.177185 
113.176575 
113.176575 
113.176575 
113.175964 
113.175659 
113.175659 
113.175659 
113.176880 
113.177795 
113.177490 
113.178101 
113.178101 
113.178101 
113.178101 
113.177490 
113.177490 
113.177490 
113.177185 
113.177795 
113.177490 
113.177795 
113.177185 
113.177795 
113.178101 
113.178406 
113.178711 
113.177490 
113.177185 
113.176270 
113.175964 
113.176270 
113.176575 
113.176270 
113.176575 
113.176575 
113.176880 
113.177185 
113.177185 
113.177185 
113.176575 
113.176575 
113.177185 
113.176270 
113.176270 
113.175354 
113.175659 
113.175964 
113.177185 
113.177795 
113.178101 
113.178101 
113.178101 
113.177795 
113.177795 
113.177490 
113.177490 
113.177185 
113.177185 
113.177185 
113.177185 
113.177490 
113.177185 
113.177795 
113.178101 
113.178101 
113.178406 
113.178101 
113.176575 
113.175964 
113.175659 
113.175964 
113.176270 
113.176270 
113.176575 
113.176270 
113.177185 
113.176880 
113.176880 
113.176880 
113.176880 
113.176880 
113.176575 
113.176575 
113.176270 
113.175659 
113.175659 
113.175964 
113.176880 
113.177795 
113.177795 
113.178406 
113.178101 
113.178101 
113.177795 
113.177795 
113.177490 
113.177185 
113.177185 
113.177185 
113.177490 
113.177490 
113.177490 
113.177795 
113.177490 
113.178406 
113.178101 
113.178101 
113.177185 
113.175964 
113.175964 
113.175659 
113.176270 
113.176575 
113.176270 
113.176575 
113.177185 
113.176880 
113.177185 
113.176880 
113.177185 
113.176880 
113.176575 
113.176880 
113.176270 
113.175659 
113.175659 
113.175964 
113.176575 
113.177490 
113.177795 
113.177795 
113.178406 
113.177795 
113.177795 
113.177490 
113.177490 
113.177795 
113.177490 
113.177490 
113.177185 
113.177490 
113.177795 
113.177490 
113.178101 
113.178101 
113.177795 
113.178101 
113.176880 
113.175659 
113.175964 
113.175964 
113.175964 
113.176270 
113.176575 
113.176880 
113.176880 
113.176880 
113.177185 
113.176575 
113.176880 
113.176880 
113.176575 
113.176575 
113.175659 
113.175964 
113.175659 
113.176270 
113.177185 
113.177490 
113.178101 
113.178101 
113.177490 
113.177795 
113.177490 
113.177185 
113.177185 
113.177185 
113.177185 
113.177185 
113.177490 
113.177490 
113.177185 
113.177795 
113.177795 
113.178101 
113.178101 
113.177795 
113.177185 
113.176270 
113.175964 
113.175659 
113.176575 
113.176270 
113.176575 
113.176880 
113.176880 
113.176880 
113.176880 
113.176880 
113.177185 
113.176270 
113.176575 
113.176575 
113.176270 
113.175964 
113.175659 
113.176270 
113.176880 
113.177490 
113.177490 
113.178101 
113.178101 
113.178101 
113.177490 
113.177490 
113.177185 
113.177185 
113.177490 
113.177185 
113.177185 
113.177490 
113.177490 
113.177490 
113.177795 
113.178101 
113.178101 
113.178406 
113.177185 
113.176575 
113.175964 
113.176575 
113.176575 
113.176575 
113.176575 
113.176880 
113.176575 
113.176575 
113.176880 
113.177185 
113.176880 
113.176575 
113.176880 
113.176575 
113.176270 
113.175964 
113.175659 
113.176270 
113.176880 
113.177490 
113.178711 
113.178406 
113.178101 
113.178101 
113.177795 
113.177185 
113.177795 
113.177490 
113.177490 
113.177490 
113.176880 
113.177185 
113.177185 
113.177795 
113.177490 
113.177795 
113.178101 
113.178101 
113.176880 
113.176270 
113.175964 
113.175964 
113.176270 
113.176575 
113.176575 
113.176270 
113.176575 
113.176880 
113.176880 
113.176880 
113.176880 
113.176880 
113.176880 
113.176575 
113.175659 
113.175964 
113.175659 
113.175659 
113.176880 
113.177185 
113.178101 
113.178101 
113.178101 
113.177795 
113.177795 
113.177490 
113.177185 
113.177490 
113.177185 
113.177490 
113.177185 
113.177185 
113.177185 
113.177490 
113.177185 
113.177795 
113.178406 
113.177490 
113.176880 
113.175964 
113.175964 
113.175964 
113.176270 
113.175964 
113.176270 
113.176575 
113.176575 
113.176880 
113.175964 
113.176880 
113.176575 
113.176270 
113.176575 
113.176270 
113.176270 
113.175659 
113.175354 
113.175659 
113.176270 
113.177795 
113.177795 
113.177795 
113.178101 
113.178101 
113.177490 
113.177490 
113.177795 
113.177185 
113.177185 
113.177490 
113.177490 
113.177490 
113.177490 
113.177490 
113.177490 
113.177795 
113.178101 
113.177490 
113.176880 
113.176270 
113.175964 
113.175964 
113.176270 
113.176270 
113.176575 
113.176575 
113.177185 
113.176880 
113.176575 
113.176880 
113.176270 
113.176575 
113.176575 
113.176270 
113.175964 
113.175659 
113.175659 
113.175964 
113.176575 
113.177490 
113.177795 
113.178101 
113.177795 
113.177795 
113.178101 
113.177490 
113.177185 
113.177490 
113.177490 
113.177185 
113.177185 
113.177185 
113.177490 
113.177185 
113.177795 
113.177795 
113.178406 
113.177490 
113.176880 
113.176270 
113.175354 
113.175659 
113.176270 
113.176270 
113.176575 
113.176575 
113.176880 
113.176575 
113.176880 
113.176575 
113.176575 
113.176270 
113.176880 
113.176575 
113.175964 
113.175659 
113.175659 
113.175659 
113.176880 
113.177490 
113.177795 
113.177795 
113.177795 
113.178101 
113.177795 
113.177490 
113.177490 
113.177490 
113.177185 
113.177185 
113.176880 
113.177185 
113.177490 
113.177795 
113.178101 
113.177795 
113.178101 
113.177795 
113.176880 
113.176270 
113.175659 
113.175659 
113.176270 
113.176575 
113.176575 
113.176575 
113.176575 
113.177185 
113.176880 
113.176880 
113.177185 
113.176880 
113.176880 
113.176575 
113.176270 
113.175964 
113.175659 
113.175964 
113.177185 
113.177490 
113.177795 
113.178406 
113.177795 
113.178101 
113.177795 
113.177490 
113.177795 
113.177490 
113.177490 
113.177490 
113.177490 
113.177490 
113.177490 
113.177795 
113.178101 
113.178101 
113.178711 
113.177795 
113.177185 
113.176270 
113.175964 
113.175964 
113.176575 
113.176270 
113.176575 
113.176575 
113.176880 
113.176575 
113.176575 
113.177185 
113.176575 
113.176575 
113.176880 
113.176575 
113.176270 
113.175964 
113.175659 
113.175659 
113.176880 
113.177185 
113.178101 
113.178101 
113.177795 
113.177795 
113.177795 
113.177795 
113.177490 
113.177185 
113.177185 
113.177490 
113.177490 
113.177795 
113.177795 
113.177490 
113.177795 
113.178101 
113.177795 
113.177795 
113.176880 
113.175964 
113.175354 
113.175964 
113.175964 
113.176270 
113.176270 
113.176270 
113.176575 
113.176880 
113.176575 
113.176575 
113.176575 
113.176880 
113.176270 
113.176575 
113.176270 
113.175659 
113.175354 
113.175659 
113.176575 
113.177795 
113.178101 
113.178101 
113.178101 
113.177490 
113.177795 
113.177185 
113.177185 
113.177185 
113.177185 
113.177185 
113.177490 
113.177490 
113.177490 
113.177795 
113.177795 
113.178101 
113.177795 
113.177795 
113.177185 
113.175964 
113.175964 
113.176270 
113.176270 
113.176270 
113.176575 
113.176575 
113.176575 
113.176575 
113.176880 
113.176880 
113.177185 
113.176575 
113.176575 
113.176575 
113.175964 
113.175964 
113.175659 
113.175964 
113.176270 
113.177185 
113.178101 
113.178101 
113.177795 
113.177795 
113.177185 
113.176575 
113.176880 
113.175964 
113.175659 
113.175659 
113.175964 
113.174744 
113.174133 
113.174133 
113.173828 
113.173523 
113.173218 
113.171997 
113.170471 
113.168640 
113.167419 
113.166504 
113.166199 
113.165283 
113.164063 
113.163452 
113.162231 
113.161316 
113.159790 
113.158569 
113.157349 
113.155823 
113.153687 
113.152466 
113.150024 
113.148193 
113.145752 
113.144531 
113.143921 
113.142090 
113.140869 
113.138733 
113.136902 
113.134155 
113.131409 
113.128967 
113.126526 
113.123474 
113.121033 
113.118286 
113.115540 
113.113098 
113.109436 
113.107300 
113.104248 
113.101501 
113.098450 
113.095398 
113.090820 
113.086548 
113.082581 
113.079224 
113.076172 
113.072205 
113.069153 
113.065186 
113.061523 
113.057861 
113.053589 
113.049622 
113.045044 
113.041382 
113.036194 
113.031921 
113.027039 
113.022461 
113.017578 
113.012695 
113.009033 
113.005371 
113.001099 
112.996216 
112.991638 
112.986145 
112.980347 
112.975159 
112.969360 
112.964172 
112.958984 
112.952881 
112.947998 
112.942200 
112.937012 
112.931213 
112.925415 
112.919617 
112.914124 
112.907715 
112.900696 
112.893677 
112.886963 
112.880249 
112.874756 
112.868347 
112.862549 
112.855835 
112.849731 
112.843018 
112.836304 
112.829285 
112.822571 
112.815857 
112.808228 
112.800903 
112.793579 
112.785950 
112.778931 
112.771606 
112.764587 
112.758789 
112.751465 
112.744141 
112.736511 
112.727966 
112.720337 
112.712097 
112.703857 
112.695923 
112.687683 
112.679443 
112.671509 
112.663269 
112.655029 
112.647095 
112.638855 
112.630310 
112.622070 
112.613525 
112.603455 
112.594299 
112.584839 
112.575378 
112.566833 
112.558289 
112.548828 
112.540283 
112.530823 
112.521667 
112.512817 
112.502747 
112.493591 
112.483826 
112.474060 
112.464294 
112.453918 
112.444153 
112.433777 
112.424011 
112.414856 
112.405396 
112.395935 
112.385559 
112.375793 
112.365723 
112.355652 
112.344360 
112.334290 
112.323914 
112.313232 
112.302856 
112.292175 
112.282410 
112.271729 
112.261658 
112.250671 
112.240906 
112.230530 
112.220154 
112.207947 
112.196960 
112.186279 
112.175598 
112.165222 
112.154846 
112.144470 
112.134399 
112.124023 
112.113953 
112.103271 
112.092590 
112.082214 
112.071533 
112.060852 
112.050476 
112.039185 
112.028198 
112.018127 
112.007141 
111.997986 
111.988220 
111.978149 
111.968384 
111.958008 
111.947327 
111.936646 
111.925354 
111.915283 
111.904602 
111.894226 
111.883545 
111.872559 
111.862488 
111.852417 
111.841736 
111.831665 
111.821594 
111.811523 
111.800842 
111.788940 
111.777649 
111.766663 
111.756287 
111.745911 
111.735840 
111.725464 
111.715698 
111.705627 
111.695251 
111.684570 
111.674500 
111.663818 
111.653137 
111.642151 
111.631775 
111.620789 
111.610107 
111.599426 
111.588745 
111.579590 
111.569824 
111.560364 
111.549683 
111.539612 
111.528625 
111.518555 
111.507568 
111.496887 
111.485901 
111.475830 
111.465149 
111.454773 
111.444397 
111.434326 
111.423950 
111.413879 
111.403503 
111.393127 
111.382751 
111.371155 
111.360168 
111.349487 
111.338806 
111.328430 
111.318054 
111.307678 
111.297607 
111.287842 
111.277466 
111.267090 
111.256714 
111.246338 
111.236267 
111.225586 
111.214905 
111.204529 
111.193237 
111.183167 
111.172485 
111.162720 
111.153259 
111.143799 
111.133728 
111.123657 
111.112976 
111.102295 
111.091614 
111.081238 
111.070251 
111.060181 
111.049805 
111.039734 
111.029053 
111.018677 
111.008606 
110.997925 
110.988159 
110.978088 
110.968018 
110.956421 
110.945435 
110.934753 
110.924377 
110.914612 
110.904236 
110.894775 
110.884705 
110.874939 
110.865479 
110.855103 
110.845337 
110.835266 
110.825500 
110.815735 
110.805664 
110.796204 
110.785828 
110.776367 
110.767212 
110.758667 
110.750427 
110.741577 
110.733337 
110.723877 
110.714722 
110.705566 
110.696411 
110.686951 
110.678101 
110.669556 
110.660706 
110.652161 
110.643616 
110.635986 
110.627441 
110.619812 
110.611877 
110.603638 
110.595703 
110.586853 
110.577393 
110.569153 
110.561829 
110.554199 
110.546875 
110.538940 
110.532227 
110.525208 
110.517578 
110.510559 
110.502930 
110.496521 
110.489502 
110.481873 
110.475159 
110.467834 
110.460205 
110.453491 
110.446777 
110.441589 
110.435791 
110.429382 
110.423279 
110.417480 
110.410156 
110.404663 
110.397949 
110.391235 
110.385437 
110.379333 
110.373230 
110.367126 
110.361633 
110.355530 
110.350342 
110.345764 
110.339661 
110.334778 
110.328979 
110.323181 
110.317078 
110.310974 
110.306091 
110.301514 
110.296326 
110.291748 
110.287170 
110.282593 
110.278015 
110.272827 
110.268860 
110.264282 
110.260010 
110.255127 
110.250854 
110.245667 
110.241699 
110.237122 
110.232849 
110.229797 
110.226746 
110.223389 
110.219421 
110.216064 
110.213013 
110.208740 
110.204468 
110.200806 
110.196838 
110.193481 
110.190125 
110.186768 
110.184326 
110.180664 
110.178528 
110.175171 
110.172424 
110.169983 
110.166626 
110.163574 
110.159607 
110.156860 
110.153809 
110.151672 
110.149231 
110.147095 
110.145569 
110.143433 
110.140991 
110.139465 
110.137329 
110.135193 
110.133362 
110.130920 
110.129089 
110.126953 
110.125122 
110.122681 
110.121460 
110.120850 
110.120239 
110.119934 
110.118103 
110.117188 
110.116272 
110.114746 
110.113525 
110.112305 
110.111389 
110.110168 
110.109558 
110.108337 
110.107422 
110.106812 
110.106812 
110.106506 
110.106506 
110.105896 
110.105591 
110.104675 
110.103760 
110.102539 
110.102844 
110.102844 
110.102844 
110.103149 
110.103149 
110.103149 
110.103760 
110.103149 
110.103455 
110.103149 
110.103455 
110.103455 
110.103149 
110.103149 
110.102539 
110.102234 
110.102539 
110.103149 
110.104065 
110.104980 
110.105286 
110.105286 
110.104980 
110.104980 
110.104675 
110.104370 
110.104370 
110.104065 
110.104675 
110.104675 
110.104675 
110.104980 
110.105286 
110.105286 
110.105591 
110.105896 
110.105286 
110.105286 
110.104370 
110.104065 
110.104065 
110.104370 
110.104980 
110.104675 
110.104675 
110.105286 
110.105286 
110.105896 
110.105591 
110.105591 
110.105591 
110.104980 
110.105286 
110.104980 
110.104675 
110.104370 
110.104370 
110.105286 
110.106201 
110.106812 
110.107117 
110.107117 
110.107422 
110.106812 
110.107117 
110.106506 
110.106812 
110.106506 
110.106812 
110.106506 
110.106201 
110.106506 
110.107117 
110.107117 
110.106812 
110.107117 
110.107422 
110.106506 
110.105286 
110.105286 
110.104675 
110.104980 
110.105896 
110.105286 
110.105896 
110.105896 
110.105896 
110.106201 
110.106506 
110.106201 
110.106201 
