Blum, K. P., D’Incamps, B. L., Zytnicki, D., & Ting, L. H. (2017).
Force encoding in muscle spindles during stretch of
passive muscle. PLoS computational biology, 13(9), 
e1005767. <https://journals.plos.org/ploscompbiol/article?
id=10.1371/journal.pcbi.1005767>

cat medial gastrocnemius muscle lengths over t  (in 0.0005 s increments)
110.105591 
110.105286 
110.104675 
110.105286 
110.105896 
110.106812 
110.107422 
110.107727 
110.107422 
110.107727 
110.107422 
110.107117 
110.107117 
110.106812 
110.106506 
110.106812 
110.106506 
110.106812 
110.107422 
110.106812 
110.107117 
110.107422 
110.107727 
110.108032 
110.106812 
110.105591 
110.105286 
110.104980 
110.105896 
110.105896 
110.105896 
110.106201 
110.105896 
110.105896 
110.106506 
110.106201 
110.106201 
110.106506 
110.106201 
110.105896 
110.105591 
110.105286 
110.104675 
110.104980 
110.105896 
110.106812 
110.107422 
110.107727 
110.108032 
110.107422 
110.107422 
110.107117 
110.106812 
110.106506 
110.106812 
110.106812 
110.107117 
110.106812 
110.106812 
110.107117 
110.107117 
110.107117 
110.108032 
110.108032 
110.107117 
110.105896 
110.105591 
110.104980 
110.105591 
110.105896 
110.105591 
110.105896 
110.105896 
110.106201 
110.106201 
110.106201 
110.105896 
110.106201 
110.106201 
110.106201 
110.105896 
110.105286 
110.104980 
110.104980 
110.105591 
110.106812 
110.107422 
110.107727 
110.107727 
110.107422 
110.107422 
110.106812 
110.107117 
110.106506 
110.106812 
110.106812 
110.107422 
110.106812 
110.106812 
110.106812 
110.107117 
110.107727 
110.107422 
110.107727 
110.107117 
110.105591 
110.105286 
110.105286 
110.105591 
110.105896 
110.106812 
110.107117 
110.107727 
110.108337 
110.108643 
110.109863 
110.111389 
110.112915 
110.113831 
110.115662 
110.117493 
110.119019 
110.120850 
110.123901 
110.127258 
110.130920 
110.134888 
110.139160 
110.142517 
110.146484 
110.150146 
110.154419 
110.158691 
110.163574 
110.168457 
110.173950 
110.179138 
110.185242 
110.191650 
110.198364 
110.205078 
110.213013 
110.220337 
110.228577 
110.235901 
110.243225 
110.251465 
110.260315 
110.270081 
110.281067 
110.291138 
110.302734 
110.314941 
110.327148 
110.339661 
110.352783 
110.365295 
110.378418 
110.391235 
110.404053 
110.416260 
110.427856 
110.439453 
110.451050 
110.462646 
110.475159 
110.486450 
110.497131 
110.508118 
110.518188 
110.527344 
110.537109 
110.546875 
110.556641 
110.566101 
110.575562 
110.585632 
110.595093 
110.604858 
110.614624 
110.624390 
110.634766 
110.644226 
110.653992 
110.662842 
110.671692 
110.680237 
110.689697 
110.700073 
110.709839 
110.719910 
110.729980 
110.740356 
110.750427 
110.760193 
110.770569 
110.780029 
110.790100 
110.799866 
110.809937 
110.819397 
110.828857 
110.838623 
110.848999 
110.859985 
110.871277 
110.882568 
110.892944 
110.903015 
110.913391 
110.923157 
110.933533 
110.943604 
110.953369 
110.963440 
110.973511 
110.983887 
110.994568 
111.004944 
111.015625 
111.026306 
111.036987 
111.048279 
111.058655 
111.068420 
111.077576 
111.087646 
111.098328 
111.109009 
111.119690 
111.130371 
111.141357 
111.152344 
111.163025 
111.174011 
111.184692 
111.195068 
111.205444 
111.215820 
111.225891 
111.235962 
111.245728 
111.255493 
111.265564 
111.277161 
111.288452 
111.299438 
111.310120 
111.320801 
111.331177 
111.340942 
111.351318 
111.361084 
111.370850 
111.381531 
111.391602 
111.401672 
111.412048 
111.421814 
111.432190 
111.442566 
111.453247 
111.463928 
111.473999 
111.483154 
111.492920 
111.502075 
111.511841 
111.522522 
111.532593 
111.542664 
111.553650 
111.563721 
111.574402 
111.584473 
111.594543 
111.604614 
111.614990 
111.624756 
111.634521 
111.644592 
111.654358 
111.664429 
111.674194 
111.685181 
111.696777 
111.707458 
111.718140 
111.727905 
111.737976 
111.747742 
111.758118 
111.767578 
111.777039 
111.787109 
111.797485 
111.807861 
111.817932 
111.828308 
111.838379 
111.848755 
111.859436 
111.869812 
111.879883 
111.889648 
111.897888 
111.907654 
111.917725 
111.928406 
111.938171 
111.948547 
111.959534 
111.969604 
111.980286 
111.990356 
112.000427 
112.010498 
112.021484 
112.030945 
112.041321 
112.051086 
112.060547 
112.070923 
112.080688 
112.091980 
112.102966 
112.113953 
112.124939 
112.134705 
112.145081 
112.155457 
112.164917 
112.174988 
112.184448 
112.194519 
112.204895 
112.214966 
112.225037 
112.235718 
112.245789 
112.255859 
112.266846 
112.277527 
112.287903 
112.297058 
112.305908 
112.315674 
112.325439 
112.336121 
112.346497 
112.356567 
112.367249 
112.377625 
112.387695 
112.398376 
112.408142 
112.418518 
112.428894 
112.438965 
112.449036 
112.458801 
112.468567 
112.478638 
112.488403 
112.499390 
112.510376 
112.521667 
112.531738 
112.542114 
112.552185 
112.562256 
112.571716 
112.581482 
112.591858 
112.601624 
112.612000 
112.622375 
112.632141 
112.642517 
112.652893 
112.663269 
112.673645 
112.684021 
112.694092 
112.703552 
112.712402 
112.721863 
112.732239 
112.742615 
112.753296 
112.763062 
112.773438 
112.784424 
112.794189 
112.804871 
112.815247 
112.825012 
112.835083 
112.844849 
112.855225 
112.864990 
112.874756 
112.884521 
112.894592 
112.905273 
112.916870 
112.927856 
112.938232 
112.948303 
112.957764 
112.967224 
112.976685 
112.985840 
112.995605 
113.004456 
113.013611 
113.022461 
113.031616 
113.040466 
113.048706 
113.057251 
113.066101 
113.074036 
113.082275 
113.088684 
113.094482 
113.100891 
113.107300 
113.114319 
113.120728 
113.126526 
113.132935 
113.138428 
113.143921 
113.149414 
113.153687 
113.158569 
113.162231 
113.166199 
113.170166 
113.172913 
113.175659 
113.178406 
113.181152 
113.184204 
113.187866 
113.190613 
113.192444 
113.193970 
113.195190 
113.195496 
113.195801 
113.196106 
113.195801 
113.195496 
113.195190 
113.194580 
113.193970 
113.193054 
113.192139 
113.190308 
113.188782 
113.186646 
113.183899 
113.180847 
113.176575 
113.172302 
113.168335 
113.165283 
113.161621 
113.157654 
113.152771 
113.148804 
113.144226 
113.138733 
113.132629 
113.126831 
113.121338 
113.114319 
113.107605 
113.100281 
113.092651 
113.084412 
113.077087 
113.069458 
113.062134 
113.054504 
113.045654 
113.036804 
113.027344 
113.017883 
113.007813 
112.997437 
112.987366 
112.977295 
112.966614 
112.956543 
112.945862 
112.935486 
112.925415 
112.914429 
112.904358 
112.893677 
112.882690 
112.871399 
112.859497 
112.846985 
112.836304 
112.825928 
112.814941 
112.804260 
112.793274 
112.782898 
112.771912 
112.761536 
112.750854 
112.739868 
112.728271 
112.717285 
112.706299 
112.695313 
112.684326 
112.672729 
112.662354 
112.652283 
112.642822 
112.632751 
112.622375 
112.612000 
112.601318 
112.590027 
112.578735 
112.567749 
112.557373 
112.546082 
112.535095 
112.525024 
112.514648 
112.504272 
112.493591 
112.483521 
112.472839 
112.462769 
112.452393 
112.441101 
112.429199 
112.417908 
112.407532 
112.397156 
112.387085 
112.376709 
112.366333 
112.356567 
112.345886 
112.335510 
112.325134 
112.314758 
112.304077 
112.294006 
112.283020 
112.272644 
112.261353 
112.250671 
112.239990 
112.230835 
112.220764 
112.211609 
112.201233 
112.190857 
112.180481 
112.169800 
112.158813 
112.148132 
112.137451 
112.126770 
112.116089 
112.106018 
112.095642 
112.085266 
112.074585 
112.064514 
112.054443 
112.044067 
112.033691 
112.022705 
112.011108 
111.999817 
111.989441 
111.979675 
111.968994 
111.958618 
111.947937 
111.937561 
111.928101 
111.917725 
111.907349 
111.897583 
111.886597 
111.876526 
111.865845 
111.854858 
111.843872 
111.833191 
111.823120 
111.813660 
111.804199 
111.794434 
111.784668 
111.773682 
111.763611 
111.752930 
111.742249 
111.731567 
111.720886 
111.710510 
111.700439 
111.689758 
111.679077 
111.669312 
111.658630 
111.648865 
111.638794 
111.628418 
111.618347 
111.607361 
111.595764 
111.585083 
111.574402 
111.564026 
111.553955 
111.543579 
111.533508 
111.523438 
111.513672 
111.503296 
111.493225 
111.482544 
111.472168 
111.461487 
111.451111 
111.440430 
111.429138 
111.418762 
111.408081 
111.398621 
111.389465 
111.380005 
111.369629 
111.359558 
111.349487 
111.338501 
111.327515 
111.316528 
111.305847 
111.295776 
111.284790 
111.274109 
111.264038 
111.254272 
111.243591 
111.233521 
111.223450 
111.213379 
111.202698 
111.192017 
111.180115 
111.168823 
111.158447 
111.148376 
111.138000 
111.127930 
111.118164 
111.108398 
111.098022 
111.087646 
111.077576 
111.067505 
111.057129 
111.046753 
111.036377 
111.025391 
111.014404 
111.004028 
110.993958 
110.984192 
110.975037 
110.965576 
110.955811 
110.945740 
110.935974 
110.924683 
110.914612 
110.903931 
110.892944 
110.883179 
110.872498 
110.862732 
110.851746 
110.841370 
110.831604 
110.820923 
110.811157 
110.801392 
110.791016 
110.780029 
110.768738 
110.757751 
110.746460 
110.737000 
110.726624 
110.716553 
110.706482 
110.695496 
110.686035 
110.675354 
110.664673 
110.655212 
110.644226 
110.634155 
110.623474 
110.612793 
110.602112 
110.591431 
110.581055 
110.571289 
110.561829 
110.552063 
110.541992 
110.531006 
110.521240 
110.510559 
110.499573 
110.489502 
110.478516 
110.468140 
110.457764 
110.447388 
110.437012 
110.426331 
110.415955 
110.406189 
110.396423 
110.386047 
110.375671 
110.364380 
110.353088 
110.342712 
110.331726 
110.322571 
110.312195 
110.302429 
110.293274 
110.283813 
110.274658 
110.265808 
110.256958 
110.248413 
110.239258 
110.230713 
110.222778 
110.214233 
110.206604 
110.198975 
110.191650 
110.185852 
110.180664 
110.175476 
110.169678 
110.163879 
110.158691 
110.153198 
110.147705 
110.143433 
110.138550 
110.134277 
110.130615 
110.126343 
110.123901 
110.120850 
110.118103 
110.115967 
110.114441 
110.112610 
110.110779 
110.108337 
110.105896 
110.103760 
110.103149 
110.102844 
110.102844 
110.102539 
110.103455 
110.103455 
110.104370 
110.104980 
110.105591 
110.107117 
110.108643 
110.109863 
110.112000 
110.113831 
110.116272 
110.119019 
110.122070 
110.126648 
110.130920 
110.135803 
110.140076 
110.144348 
110.148926 
110.153809 
110.158081 
110.163269 
110.168457 
110.174561 
110.180664 
110.187073 
110.193481 
110.200806 
110.208740 
110.216370 
110.224915 
110.233154 
110.242004 
110.249939 
110.257568 
110.266724 
110.275879 
110.286255 
110.296326 
110.306396 
110.317383 
110.327759 
110.338745 
110.349121 
110.360107 
110.370789 
110.381165 
110.391846 
110.402527 
110.412598 
110.422974 
110.432739 
110.443420 
110.454407 
110.465698 
110.477295 
110.487976 
110.498352 
110.508423 
110.518799 
110.528870 
110.538635 
110.549011 
110.559082 
110.569153 
110.579529 
110.589905 
110.600586 
110.610657 
110.621338 
110.631409 
110.642395 
110.652466 
110.661926 
110.670776 
110.680542 
110.690308 
110.700989 
110.711670 
110.722046 
110.732422 
110.742798 
110.753174 
110.763550 
110.773621 
110.783997 
110.794067 
110.803833 
110.814514 
110.823975 
110.832825 
110.843201 
110.853577 
110.865173 
110.876160 
110.886841 
110.897522 
110.907593 
110.917969 
110.927734 
110.937195 
110.947266 
110.957031 
110.966797 
110.977173 
110.986938 
110.997009 
111.007080 
111.018066 
111.028442 
111.039124 
111.049194 
111.059265 
111.068726 
111.078186 
111.087646 
111.097412 
111.108093 
111.118164 
111.128845 
111.139526 
111.149597 
111.159973 
111.170654 
111.181335 
111.191711 
111.202087 
111.212158 
111.222229 
111.231995 
111.241760 
111.251831 
111.262207 
111.273499 
111.284790 
111.295776 
111.306152 
111.317139 
111.327209 
111.337585 
111.347046 
111.357117 
111.367798 
111.377869 
111.387634 
111.398010 
111.407776 
111.418457 
111.428833 
111.439209 
111.449890 
111.460266 
111.470642 
111.480103 
111.489563 
111.499023 
111.509399 
111.519775 
111.529846 
111.540222 
111.550598 
111.561584 
111.571655 
111.582031 
111.592407 
111.602173 
111.612549 
111.622314 
111.632690 
111.642151 
111.652222 
111.662292 
111.672058 
111.683044 
111.694946 
111.705322 
111.715393 
111.726074 
111.735840 
111.746216 
111.755981 
111.765442 
111.775513 
111.785278 
111.795959 
111.806030 
111.816406 
111.826782 
111.836853 
111.847229 
111.857605 
111.868286 
111.878052 
111.887817 
111.896667 
111.906128 
111.915894 
111.926575 
111.936646 
111.947021 
111.957703 
111.968689 
111.978455 
111.988831 
111.999207 
112.008972 
112.019653 
112.029419 
112.039795 
112.049255 
112.058716 
112.069092 
112.079468 
112.090454 
112.101746 
112.112427 
112.123108 
112.133484 
112.143555 
112.153320 
112.163391 
112.173462 
112.183228 
112.193298 
112.203369 
112.213440 
112.223816 
112.234192 
112.244263 
112.254639 
112.265015 
112.276001 
112.286072 
112.295227 
112.304077 
112.314148 
112.324219 
112.334290 
112.344666 
112.355042 
112.365723 
112.375793 
112.386169 
112.396240 
112.406311 
112.416992 
112.427368 
112.437134 
112.447510 
112.456970 
112.466431 
112.476501 
112.486877 
112.497864 
112.509155 
112.520447 
112.530518 
112.540588 
112.550354 
112.560425 
112.570496 
112.580261 
112.590637 
112.600403 
112.610474 
112.620850 
112.630920 
112.641296 
112.651672 
112.662048 
112.672424 
112.683105 
112.692871 
112.702026 
112.711182 
112.720642 
112.730713 
112.741394 
112.751465 
112.762756 
112.772217 
112.782898 
112.793274 
112.803345 
112.813721 
112.823792 
112.833862 
112.843628 
112.854004 
112.863770 
112.872925 
112.882996 
112.893066 
112.904358 
112.915955 
112.926331 
112.936707 
112.946472 
112.956543 
112.966309 
112.975464 
112.984924 
112.994080 
113.003540 
113.012390 
113.021240 
113.030396 
113.039551 
113.047485 
113.056335 
113.065186 
113.073120 
113.080139 
113.086853 
113.092957 
113.099060 
113.105774 
113.112488 
113.119202 
113.125000 
113.131104 
113.136902 
113.142395 
113.147583 
113.152771 
113.157043 
113.161316 
113.164673 
113.168640 
113.171387 
113.174438 
113.177490 
113.179626 
113.183289 
113.186646 
113.188782 
113.190918 
113.192444 
113.193665 
113.193970 
113.194275 
113.194580 
113.194275 
113.194275 
113.193970 
113.193054 
113.193054 
113.191528 
113.190308 
113.189087 
113.187866 
113.185425 
113.183289 
113.179321 
113.174744 
113.171387 
113.167419 
113.164673 
113.160706 
113.157043 
113.153687 
113.149719 
113.145447 
113.140564 
113.135986 
113.131409 
113.125916 
113.120728 
113.115845 
113.110352 
113.104858 
113.099365 
113.094482 
113.089905 
113.085327 
113.080444 
113.075562 
113.070068 
113.064575 
113.058472 
113.052368 
113.046265 
113.040771 
113.035278 
113.029480 
113.023682 
113.018494 
113.013000 
113.007507 
113.002625 
112.996521 
112.991638 
112.986145 
112.979126 
112.973022 
112.966919 
112.961121 
112.956238 
112.951050 
112.945557 
112.940674 
112.935486 
112.929993 
112.924805 
112.919312 
112.914124 
112.908630 
112.902832 
112.897339 
112.891541 
112.885742 
112.880554 
112.874756 
112.870789 
112.866211 
112.861633 
112.856445 
112.851868 
112.846069 
112.840881 
112.835388 
112.829895 
112.824097 
112.818909 
112.813416 
112.807922 
112.803040 
112.798157 
112.792358 
112.788086 
112.782898 
112.778015 
112.772522 
112.766724 
112.760010 
112.754211 
112.749329 
112.744141 
112.738647 
112.734070 
112.728577 
112.723694 
112.718811 
112.713623 
112.708435 
112.703247 
112.697754 
112.692566 
112.687378 
112.681580 
112.676086 
112.670593 
112.665405 
112.661133 
112.656860 
112.652283 
112.647705 
112.642212 
112.637329 
112.631226 
112.625732 
112.620544 
112.615051 
112.609558 
112.604370 
112.599487 
112.593994 
112.589111 
112.583618 
112.578430 
112.573853 
112.568665 
112.563171 
112.557068 
112.550659 
112.545471 
112.539978 
112.534790 
112.529907 
112.524719 
112.520447 
112.514954 
112.510376 
112.504578 
112.500000 
112.495117 
112.489624 
112.483826 
112.478943 
112.473145 
112.467651 
112.462463 
112.457275 
112.452698 
112.448730 
112.443848 
112.439270 
112.434387 
112.429199 
112.423401 
112.417297 
112.412415 
112.406921 
112.401428 
112.397156 
112.391357 
112.386169 
112.381287 
112.376099 
112.371216 
112.366333 
112.361450 
112.356567 
112.349854 
112.344055 
112.337952 
112.332764 
112.327576 
112.322998 
112.318115 
112.313538 
112.308350 
112.303772 
112.298279 
112.293396 
112.287903 
112.282715 
112.277832 
112.272644 
112.266235 
112.261047 
112.255554 
112.250366 
112.245789 
112.242432 
112.237244 
112.232666 
112.227478 
112.221985 
112.217102 
112.211304 
112.205811 
112.200317 
112.195435 
112.189941 
112.184448 
112.179565 
112.174377 
112.169800 
112.164612 
112.160034 
112.154541 
112.149658 
112.143250 
112.137451 
112.131348 
112.125854 
112.120972 
112.116089 
112.110596 
112.106018 
112.101135 
112.095947 
112.090759 
112.085876 
112.080688 
112.075500 
112.070313 
112.065125 
112.059326 
112.053528 
112.048340 
112.043457 
112.038574 
112.034607 
112.030029 
112.025757 
112.020264 
112.014771 
112.009583 
112.004089 
111.998596 
111.993103 
111.987915 
111.982422 
111.977234 
111.972351 
111.967468 
111.962280 
111.957092 
111.951904 
111.947327 
111.942139 
111.936035 
111.929932 
111.923828 
111.918945 
111.913757 
111.908875 
111.903992 
111.899109 
111.894226 
111.889343 
111.884460 
111.878967 
111.873779 
111.868591 
111.863403 
111.858215 
111.853027 
111.846924 
111.841431 
111.836548 
111.831970 
111.828613 
111.823730 
111.818848 
111.813965 
111.808167 
111.803284 
111.797791 
111.791992 
111.786804 
111.781006 
111.776123 
111.770935 
111.766052 
111.760559 
111.755371 
111.750488 
111.746216 
111.741333 
111.736145 
111.730042 
111.723938 
111.717834 
111.712646 
111.707458 
111.702881 
111.697998 
111.693420 
111.688232 
111.683350 
111.678162 
111.673584 
111.667786 
111.662903 
111.657410 
111.651917 
111.646729 
111.640930 
111.635437 
111.630249 
111.625977 
111.622009 
111.617432 
111.612549 
111.607361 
111.602478 
111.596680 
111.591187 
111.585388 
111.580200 
111.574707 
111.569824 
111.564636 
111.559143 
111.554260 
111.549377 
111.544189 
111.539917 
111.535034 
111.529236 
111.523743 
111.517029 
111.511536 
111.506348 
111.500854 
111.496277 
111.491089 
111.485901 
111.481628 
111.476135 
111.470642 
111.466064 
111.460571 
111.455688 
111.450500 
111.445313 
111.439209 
111.434021 
111.428528 
111.423645 
111.419067 
111.415100 
111.410522 
111.405640 
111.400757 
111.395264 
111.390076 
111.384277 
111.379089 
111.373901 
111.368408 
111.362915 
111.358032 
111.353149 
111.347656 
111.342773 
111.337891 
111.333008 
111.327820 
111.322937 
111.316528 
111.310425 
111.304321 
111.299438 
111.294250 
111.289368 
111.284790 
111.279602 
111.274719 
111.269836 
111.264954 
111.259766 
111.254272 
111.249390 
111.244202 
111.239014 
111.233521 
111.228027 
111.222229 
111.217346 
111.212769 
111.209106 
111.204529 
111.199646 
111.194763 
111.189880 
111.183777 
111.178284 
111.172791 
111.167603 
111.161804 
111.156921 
111.151733 
111.146545 
111.141357 
111.136169 
111.131287 
111.126709 
111.122131 
111.116638 
111.110840 
111.104126 
111.098328 
111.093445 
111.088257 
111.083374 
111.078796 
111.073608 
111.069031 
111.063843 
111.058960 
111.054077 
111.048889 
111.043701 
111.038513 
111.033020 
111.027527 
111.021729 
111.015930 
111.011047 
111.006470 
111.002808 
110.998535 
110.993347 
110.988464 
110.983276 
110.977478 
110.972595 
110.966797 
110.961609 
110.956116 
110.951233 
110.945740 
110.940857 
110.935669 
110.931091 
110.925598 
110.921021 
110.916138 
110.911255 
110.905151 
110.898743 
110.892639 
110.888062 
110.883179 
110.877686 
110.872803 
110.868225 
110.863647 
110.857849 
110.853271 
110.848389 
110.843506 
110.838013 
110.832825 
110.827332 
110.821838 
110.816345 
110.811157 
110.805969 
110.802002 
110.797424 
110.792847 
110.787964 
110.783081 
110.777893 
110.771790 
110.766907 
110.761108 
110.755920 
110.750427 
110.745544 
110.740356 
110.734863 
110.730286 
110.725098 
110.720215 
110.715027 
110.710449 
110.705261 
110.698242 
110.692444 
110.686646 
110.681458 
110.676880 
110.671387 
110.666504 
110.661621 
110.656738 
110.652161 
110.646667 
110.641479 
110.636597 
110.631104 
110.626221 
110.620728 
110.615540 
110.609436 
110.603943 
110.598755 
110.595093 
110.590820 
110.586548 
110.581665 
110.576477 
110.571289 
110.565796 
110.559998 
110.554810 
110.549622 
110.544128 
110.538025 
110.533447 
110.528259 
110.523071 
110.517883 
110.513306 
110.508118 
110.503540 
110.498047 
110.492249 
110.485840 
110.480652 
110.475159 
110.469971 
110.465088 
110.459900 
110.455627 
110.450439 
110.445557 
110.440369 
110.435486 
110.429993 
110.425110 
110.419617 
110.414429 
110.409241 
110.403442 
110.397949 
110.393066 
110.388794 
110.384521 
110.379944 
110.375366 
110.370789 
110.364685 
110.359497 
110.354004 
110.348816 
110.343018 
110.338135 
110.332336 
110.327454 
110.321960 
110.317383 
110.312195 
110.307007 
110.302734 
110.297852 
110.292358 
110.286560 
110.280151 
110.274353 
110.269470 
110.264282 
110.259399 
110.254517 
110.249634 
110.244751 
110.239868 
110.234680 
110.229797 
110.224609 
110.219421 
110.213928 
110.209045 
110.203247 
110.197754 
110.191956 
110.187378 
110.182800 
110.179138 
110.175171 
110.169983 
110.165405 
110.160522 
110.155334 
110.150452 
110.145264 
110.140991 
110.137329 
110.133057 
110.129089 
110.126038 
110.122375 
110.119934 
110.117188 
110.115356 
110.112915 
110.111389 
110.108032 
110.105896 
110.104065 
110.103149 
110.102539 
110.101929 
110.102234 
110.102844 
110.102844 
110.103149 
110.104065 
110.105286 
110.105591 
110.107727 
110.109253 
110.110779 
110.112915 
110.115051 
110.117798 
110.121155 
110.125427 
110.130310 
110.134583 
110.138855 
110.143738 
110.148621 
110.152588 
110.157776 
110.162659 
110.168152 
110.173645 
110.180054 
110.186157 
110.193176 
110.200195 
110.208130 
110.215759 
110.224304 
110.232849 
110.241394 
110.249023 
110.256958 
110.265503 
110.275269 
110.284729 
110.294800 
110.305176 
110.315247 
110.326538 
110.336609 
110.346985 
110.357666 
110.368042 
110.378723 
110.389099 
110.399475 
110.409546 
110.419922 
110.429688 
110.440979 
110.451965 
110.463562 
110.474854 
110.485229 
110.495300 
110.506287 
110.516357 
110.526123 
110.536194 
110.546570 
110.556946 
110.566711 
110.577087 
110.587463 
110.598145 
110.608521 
110.618896 
110.629578 
110.639954 
110.650024 
110.658875 
110.668945 
110.678101 
110.688171 
110.698547 
110.709534 
110.719604 
110.730286 
110.740662 
110.751038 
110.761108 
110.771790 
110.781860 
110.791931 
110.801697 
110.812073 
110.821533 
110.831604 
110.841370 
110.851746 
110.863037 
110.874023 
110.884705 
110.895081 
110.905457 
110.915527 
110.925293 
110.935059 
110.945129 
110.954895 
110.964966 
110.975037 
110.985107 
110.995483 
111.005554 
111.016235 
111.026611 
111.036987 
111.047363 
111.057739 
111.067200 
111.076355 
111.085510 
111.095886 
111.106262 
111.116638 
111.127319 
111.137390 
111.148071 
111.158752 
111.168823 
111.179504 
111.189880 
111.199951 
111.210022 
111.220093 
111.229858 
111.240234 
111.250000 
111.260681 
111.271973 
111.283569 
111.293945 
111.304932 
111.315308 
111.325073 
111.335144 
111.345215 
111.355286 
111.364746 
111.375427 
111.385193 
111.395569 
111.405945 
111.416321 
111.427002 
111.437378 
111.447754 
111.458435 
111.468506 
111.477966 
111.487427 
111.496887 
111.506958 
111.517334 
111.527405 
111.538086 
111.548767 
111.559143 
111.569214 
111.579895 
111.589966 
111.600342 
111.610107 
111.620178 
111.630249 
111.640015 
111.650085 
111.660156 
111.670532 
111.681519 
111.692810 
111.703186 
111.713867 
111.724243 
111.733704 
111.744080 
111.753235 
111.763306 
111.773376 
111.782837 
111.793213 
111.803894 
111.813965 
111.824646 
111.834717 
111.845093 
111.855469 
111.866150 
111.876221 
111.885376 
111.893921 
111.903992 
111.914063 
111.924133 
111.934814 
111.945190 
111.955566 
111.966553 
111.976624 
111.987000 
111.997070 
112.007141 
112.017517 
112.027893 
112.037354 
112.047119 
112.056885 
112.067261 
112.077332 
112.088318 
112.099609 
112.110596 
112.120972 
112.131653 
112.141418 
112.151489 
112.161255 
112.171021 
112.181396 
112.191467 
112.201538 
112.211609 
112.221680 
112.232056 
112.242126 
112.252502 
112.263184 
112.274170 
112.283630 
112.293396 
112.302551 
112.312012 
112.322388 
112.332458 
112.342834 
112.352905 
112.363281 
112.374268 
112.384033 
112.394714 
112.404785 
112.414856 
112.425232 
112.434998 
112.445068 
112.454834 
112.464600 
112.474670 
112.485046 
112.495728 
112.507019 
112.518005 
112.528687 
112.538757 
112.548828 
112.558289 
112.568665 
112.578430 
112.588196 
112.598572 
112.608032 
112.619019 
112.628784 
112.639160 
112.649231 
112.659912 
112.670288 
112.680664 
112.690430 
112.700195 
112.709045 
112.718506 
112.728882 
112.738953 
112.749939 
112.760315 
112.770386 
112.780762 
112.791443 
112.801514 
112.811584 
112.821655 
112.832031 
112.841797 
112.851563 
112.861023 
112.870789 
112.880554 
112.891235 
112.902527 
112.913818 
112.924500 
112.934265 
112.944946 
112.954712 
112.963867 
112.973938 
112.982788 
112.992249 
113.001099 
113.010559 
113.019409 
113.027954 
113.036804 
113.046265 
113.054199 
113.063049 
113.070679 
113.078003 
113.084717 
113.090820 
113.097229 
113.104248 
113.110962 
113.117371 
113.123474 
113.129883 
113.135681 
113.141174 
113.146362 
113.150635 
113.155212 
113.159790 
113.163452 
113.166809 
113.170166 
113.172913 
113.175354 
113.178711 
113.181763 
113.185730 
113.187561 
113.189697 
113.190918 
113.191833 
113.193054 
113.193359 
113.193054 
113.193054 
113.193054 
113.192749 
113.192444 
113.191833 
113.190918 
113.189392 
113.188171 
113.186951 
113.185425 
113.182678 
113.179932 
113.175354 
113.172607 
113.169861 
113.167114 
113.164368 
113.161621 
113.158264 
113.155823 
113.152466 
113.149109 
113.145752 
113.141785 
113.138428 
113.135071 
113.130798 
113.127136 
113.122559 
113.118896 
113.115540 
113.112488 
113.109741 
113.106384 
113.103027 
113.099365 
113.095398 
113.091431 
113.086853 
113.083191 
113.079224 
113.075562 
113.071594 
113.067627 
113.064575 
113.060303 
113.056946 
113.053284 
113.049927 
113.046570 
113.042603 
113.038025 
113.033142 
113.028870 
113.025513 
113.021545 
113.018188 
113.015137 
113.011780 
113.008423 
113.005066 
113.001404 
112.997742 
112.994080 
112.990417 
112.987061 
112.983093 
112.979431 
112.974854 
112.971497 
112.967834 
112.965393 
112.963257 
112.960205 
112.957153 
112.953491 
112.950439 
112.946472 
112.942200 
112.938232 
112.934875 
112.931213 
112.927246 
112.924194 
112.920837 
112.917786 
112.914124 
112.910767 
112.908020 
112.904968 
112.901001 
112.896118 
112.891541 
112.887268 
112.883911 
112.880554 
112.877502 
112.874146 
112.871094 
112.867737 
112.864685 
112.860718 
112.857666 
112.853699 
112.850342 
112.847290 
112.843018 
112.839355 
112.835693 
112.831421 
112.828674 
112.825317 
112.823486 
112.820129 
112.817078 
112.814026 
112.810364 
112.806091 
112.802429 
112.798462 
112.795410 
112.791443 
112.787781 
112.784424 
112.781067 
112.778015 
112.774658 
112.771301 
112.768250 
112.764893 
112.760925 
112.756958 
112.752075 
112.748108 
112.744751 
112.741394 
112.738037 
112.734680 
112.731323 
112.727966 
112.724915 
112.721252 
112.718201 
112.714233 
112.710876 
112.707520 
112.703552 
112.699890 
112.696228 
112.692261 
112.689514 
112.686462 
112.684326 
112.681580 
112.678528 
112.674866 
112.671509 
112.667542 
112.663879 
112.659912 
112.656250 
112.652893 
112.649231 
112.646179 
112.642822 
112.639465 
112.636108 
112.632751 
112.630005 
112.626953 
112.622681 
112.618713 
112.614136 
112.610474 
112.607117 
112.603760 
112.600708 
112.597046 
112.593994 
112.590942 
112.587891 
112.584534 
112.580566 
112.577209 
112.573242 
112.570190 
112.566528 
112.562561 
112.558594 
112.554932 
112.551880 
112.549438 
112.546997 
112.544250 
112.540588 
112.537842 
112.533875 
112.529907 
112.526245 
112.522583 
112.519226 
112.515564 
112.511902 
112.508240 
112.505493 
112.501831 
112.498474 
112.495422 
112.492371 
112.489014 
112.485352 
112.481079 
112.475891 
112.472229 
112.469177 
112.465515 
112.462158 
112.459412 
112.456055 
112.452698 
112.449341 
112.445984 
112.442627 
112.439270 
112.435608 
112.431946 
112.428284 
112.424622 
112.420044 
112.416687 
112.413330 
112.410889 
112.408752 
112.405396 
112.402649 
112.399292 
112.395630 
112.391663 
112.388000 
112.384033 
112.380371 
112.377014 
112.373352 
112.369995 
112.366333 
112.363586 
112.359924 
112.356873 
112.353516 
112.350464 
112.346802 
112.342529 
112.338257 
112.333984 
112.330627 
112.327271 
112.324219 
112.320862 
112.317810 
112.314758 
112.311401 
112.308044 
112.304688 
112.301331 
112.297668 
112.294312 
112.290344 
112.286987 
112.283020 
112.278748 
112.276001 
112.273865 
112.271118 
112.268066 
112.265015 
112.261658 
112.258301 
112.254028 
112.250671 
112.246704 
112.243042 
112.239685 
112.235718 
112.232361 
112.229614 
112.225952 
112.222900 
112.219543 
112.216187 
112.213135 
112.209473 
112.205200 
112.200928 
112.196655 
112.193604 
112.189941 
112.186890 
112.183533 
112.180481 
112.176819 
112.174072 
112.170715 
112.167664 
112.164001 
112.160339 
112.156982 
112.153015 
112.149658 
112.145386 
112.141418 
112.138672 
112.135925 
112.133789 
112.131042 
112.127686 
112.124329 
112.120361 
112.116699 
112.113037 
112.108765 
112.105713 
112.101746 
112.098083 
112.095032 
112.091675 
112.088318 
112.084961 
112.081299 
112.078247 
112.075195 
112.071838 
112.067261 
112.062683 
112.058716 
112.055359 
112.052307 
112.048950 
112.045593 
112.042542 
112.039185 
112.036438 
112.032471 
112.029419 
112.025757 
112.022095 
112.019043 
112.015076 
112.011414 
112.007446 
112.004089 
112.000427 
111.998596 
111.995544 
111.993103 
111.989746 
111.987000 
111.982727 
111.978760 
111.975403 
111.971741 
111.967773 
111.964111 
111.960754 
111.957397 
111.954041 
111.949768 
111.947021 
111.943970 
111.940918 
111.937866 
111.934204 
111.929626 
111.925049 
111.921082 
111.918030 
111.914368 
111.911316 
111.908264 
111.904907 
111.902161 
111.898804 
111.895142 
111.891785 
111.888428 
111.885376 
111.881714 
111.878052 
111.874084 
111.870422 
111.866455 
111.863098 
111.860962 
111.858215 
111.856079 
111.852722 
111.849365 
111.846008 
111.841736 
111.838074 
111.834412 
111.830444 
111.826782 
111.823730 
111.820068 
111.816406 
111.813354 
111.809998 
111.806641 
111.803894 
111.800232 
111.796875 
111.792603 
111.787720 
111.783752 
111.780396 
111.777344 
111.773987 
111.770630 
111.767883 
111.764221 
111.761475 
111.757813 
111.754456 
111.751099 
111.747742 
111.744080 
111.740112 
111.736450 
111.732483 
111.728821 
111.726074 
111.723328 
111.720886 
111.718140 
111.715393 
111.711731 
111.708069 
111.704102 
111.701050 
111.696777 
111.693115 
111.689453 
111.686096 
111.682434 
111.679077 
111.675720 
111.672058 
111.669312 
111.666260 
111.663208 
111.659546 
111.654968 
111.650391 
111.646423 
111.642761 
111.640015 
111.636353 
111.632996 
111.629944 
111.626892 
111.623840 
111.620178 
111.617432 
111.613159 
111.610107 
111.606750 
111.603088 
111.599121 
111.595154 
111.591187 
111.588440 
111.585693 
111.583557 
111.580505 
111.577759 
111.574097 
111.570435 
111.566467 
111.563110 
111.559448 
111.555481 
111.552124 
111.548767 
111.545105 
111.542053 
111.538086 
111.535339 
111.532288 
111.528931 
111.525879 
111.521606 
111.517639 
111.513367 
111.509094 
111.506042 
111.502380 
111.499329 
111.496277 
111.493225 
111.489868 
111.486511 
111.482849 
111.479492 
111.476135 
111.472473 
111.469116 
111.464844 
111.461792 
111.457825 
111.453552 
111.450500 
111.448364 
111.445923 
111.443176 
111.440125 
111.436768 
111.432800 
111.429138 
111.425781 
111.421509 
111.417847 
111.414490 
111.410828 
111.407776 
111.404114 
111.400757 
111.397705 
111.394653 
111.391296 
111.387939 
111.384583 
111.380310 
111.375732 
111.371765 
111.368408 
111.365051 
111.361389 
111.358337 
111.355286 
111.352234 
111.349182 
111.345520 
111.342468 
111.339111 
111.335449 
111.332092 
111.327820 
111.323853 
111.319885 
111.316528 
111.313171 
111.310730 
111.308594 
111.305847 
111.302795 
111.299438 
111.295166 
111.291504 
111.287842 
111.284485 
111.280518 
111.277466 
111.273499 
111.270142 
111.267090 
111.263733 
111.260376 
111.257324 
111.253662 
111.250916 
111.247253 
111.242981 
111.238403 
111.234131 
111.230774 
111.227417 
111.224060 
111.221313 
111.218262 
111.214905 
111.211548 
111.208191 
111.204834 
111.201782 
111.198120 
111.194458 
111.190796 
111.186829 
111.182861 
111.179504 
111.176147 
111.174316 
111.171265 
111.168823 
111.165466 
111.161804 
111.158142 
111.154785 
111.151123 
111.147156 
111.143494 
111.140137 
111.136475 
111.132507 
111.129761 
111.126709 
111.122742 
111.119995 
111.116638 
111.113586 
111.109924 
111.105347 
111.101074 
111.097107 
111.094055 
111.090698 
111.087341 
111.083984 
111.080627 
111.077881 
111.074219 
111.071167 
111.067505 
111.064453 
111.060791 
111.057434 
111.053467 
111.049805 
111.046143 
111.042480 
111.039124 
111.036682 
111.034546 
111.031494 
111.028137 
111.025085 
111.021423 
111.018066 
111.014099 
111.010132 
111.006470 
111.002808 
110.999146 
110.995789 
110.992126 
110.988770 
110.985718 
110.982361 
110.979614 
110.976563 
110.972595 
110.968323 
110.964050 
110.959778 
110.956726 
110.953369 
110.950012 
110.947266 
110.943909 
110.940552 
110.937500 
110.933838 
110.930786 
110.927429 
110.924072 
110.920410 
110.916443 
110.913086 
110.908813 
110.905762 
110.901794 
110.899963 
110.897217 
110.894775 
110.891418 
110.888062 
110.884399 
110.881042 
110.877075 
110.873413 
110.869751 
110.866089 
110.862427 
110.858765 
110.855408 
110.852051 
110.848694 
110.845642 
110.842285 
110.839539 
110.835876 
110.831299 
110.827026 
110.822754 
110.819397 
110.816345 
110.812683 
110.809937 
110.806885 
110.803528 
110.800171 
110.796814 
110.793457 
110.790100 
110.786438 
110.782776 
110.780029 
110.775452 
110.771484 
110.768127 
110.765076 
110.762634 
110.760193 
110.757141 
110.754089 
110.750732 
110.747070 
110.743408 
110.739441 
110.735779 
110.732422 
110.728760 
110.725403 
110.721741 
110.718384 
110.715027 
110.711670 
110.708313 
110.705566 
110.701904 
110.698242 
110.693359 
110.688782 
110.685120 
110.682068 
110.678711 
110.675659 
110.671692 
110.668945 
110.665894 
110.662537 
110.659180 
110.655823 
110.652466 
110.648804 
110.645447 
110.641479 
110.638123 
110.633850 
110.630493 
110.627136 
110.625000 
110.622559 
110.619507 
110.615845 
110.612488 
110.609131 
110.605774 
110.602112 
110.598145 
110.594788 
110.591125 
110.587158 
110.584106 
110.581055 
110.577087 
110.573730 
110.570679 
110.567627 
110.564575 
110.560913 
110.556641 
110.552063 
110.547791 
110.544434 
110.541077 
110.538025 
110.534973 
110.531616 
110.528259 
110.525208 
110.521545 
110.518494 
110.515442 
110.511780 
110.507813 
110.504456 
110.500793 
110.496826 
110.493164 
110.490112 
110.487061 
110.485229 
110.482178 
110.479126 
110.475769 
110.472412 
110.468140 
110.464783 
110.460815 
110.457153 
110.454102 
110.450745 
110.446777 
110.443420 
110.439758 
110.437012 
110.433655 
110.430603 
110.427856 
110.423889 
110.419006 
110.414734 
110.410461 
110.407104 
110.404358 
110.400696 
110.397644 
110.394592 
110.391541 
110.388184 
110.384827 
110.381165 
110.378418 
110.374451 
110.371399 
110.367126 
110.363464 
110.360107 
110.355835 
110.352783 
110.350342 
110.347900 
110.345154 
110.342102 
110.338745 
110.334778 
110.331421 
110.327454 
110.323486 
110.320129 
110.316467 
110.313110 
110.309448 
110.306396 
110.303040 
110.299377 
110.296631 
110.293579 
110.289917 
110.286560 
110.281982 
110.277710 
110.274048 
110.270081 
110.267334 
110.263977 
110.260620 
110.257568 
110.254517 
110.251160 
110.248108 
110.244751 
110.241089 
110.237732 
110.233765 
110.230103 
110.226746 
110.222473 
110.219116 
110.215759 
110.213318 
110.210876 
110.208130 
110.205078 
110.202026 
110.198059 
110.194702 
110.190735 
110.186768 
110.183716 
110.179749 
110.176086 
110.173035 
110.169373 
110.166321 
110.162659 
110.159607 
110.156555 
110.153198 
110.150146 
110.145569 
110.140991 
110.137024 
110.133972 
110.131226 
110.128174 
110.125122 
110.122375 
110.119934 
110.117188 
110.115051 
110.112915 
110.110779 
110.108948 
110.107727 
110.105591 
110.104370 
110.102539 
110.101929 
110.101624 
110.102844 
110.104065 
110.104675 
110.105591 
110.106201 
110.107117 
110.108032 
110.108948 
110.110168 
110.112000 
110.114746 
110.117188 
110.120239 
110.124207 
110.126953 
110.131226 
110.135803 
110.140381 
110.144653 
110.149841 
110.153503 
110.157776 
110.162964 
110.168762 
110.174866 
110.181580 
110.187988 
110.195923 
110.202942 
110.210876 
110.218506 
110.226440 
110.235596 
110.244141 
110.252991 
110.261841 
110.270386 
110.279541 
110.289307 
110.299683 
110.310364 
110.321655 
110.332642 
110.343323 
110.353394 
110.363770 
110.373840 
110.384216 
110.394897 
110.405579 
110.415649 
110.426025 
110.436401 
110.446777 
110.457458 
110.468140 
110.478516 
110.489502 
110.500183 
110.510864 
110.519714 
110.528870 
110.539246 
110.549622 
110.559998 
110.570679 
110.581055 
110.591125 
110.601807 
110.612488 
110.623169 
110.633240 
110.643311 
110.653687 
110.663757 
110.673523 
110.683594 
110.693665 
110.703125 
110.714111 
110.725098 
110.736389 
110.746765 
110.757141 
110.768127 
110.778198 
110.787659 
110.797729 
110.807495 
110.817566 
110.827026 
110.838013 
110.847473 
110.857544 
110.868225 
110.878601 
110.888672 
110.899353 
110.910034 
110.919495 
110.928650 
110.938416 
110.947266 
110.957947 
110.968018 
110.978088 
110.988770 
110.999756 
111.010132 
111.020508 
111.030884 
111.040649 
111.050720 
111.061401 
111.071777 
111.081543 
111.091003 
111.100769 
111.110840 
111.121216 
111.132813 
111.143799 
111.154480 
111.165466 
111.176147 
111.185913 
111.195984 
111.205750 
111.215820 
111.225586 
111.235962 
111.246643 
111.256714 
111.266785 
111.277466 
111.288147 
111.298218 
111.308899 
111.319275 
111.329346 
111.338806 
111.347656 
111.357727 
111.368408 
111.378174 
111.388855 
111.399231 
111.410217 
111.420593 
111.430969 
111.441650 
111.451721 
111.462402 
111.472168 
111.482239 
111.492920 
111.502075 
111.511841 
111.521912 
111.532593 
111.543884 
111.554871 
111.565552 
111.576233 
111.586304 
111.596375 
111.606445 
111.615906 
111.625366 
111.636047 
111.646118 
111.656189 
111.666565 
111.676636 
111.687012 
111.697083 
111.707458 
111.718140 
111.728516 
111.738281 
111.747742 
111.756287 
111.766357 
111.776428 
111.786499 
111.797180 
111.807861 
111.818237 
111.828613 
111.838684 
111.849060 
111.859436 
111.869507 
111.879578 
111.889648 
111.899719 
111.909485 
111.919250 
111.929016 
111.939392 
111.950378 
111.962280 
111.972961 
111.983337 
111.993713 
112.003479 
112.013245 
112.023315 
112.032776 
112.043152 
112.053223 
112.063293 
112.073059 
112.083740 
112.093811 
112.104492 
112.115173 
112.125549 
112.135925 
112.145996 
112.155151 
112.164307 
112.173767 
112.184753 
112.194519 
112.204895 
112.215576 
112.225342 
112.236328 
112.246704 
112.256470 
112.266846 
112.277527 
112.287292 
112.297668 
112.307129 
112.316589 
112.326965 
112.336731 
112.347107 
112.358398 
112.369690 
112.380981 
112.390442 
112.401123 
112.411194 
112.420654 
112.431030 
112.440491 
112.450867 
112.460632 
112.470703 
112.481079 
112.491150 
112.501526 
112.512207 
112.522278 
112.532654 
112.543335 
112.553101 
112.561951 
112.571106 
112.580872 
112.591553 
112.601318 
112.612305 
112.622375 
112.633057 
112.643433 
112.653809 
112.663574 
112.673645 
112.684326 
112.694092 
112.704163 
112.714233 
112.723694 
112.733765 
112.743835 
112.754211 
112.765808 
112.776489 
112.787476 
112.797546 
112.807617 
112.817383 
112.827454 
112.837219 
112.847290 
112.857056 
112.866821 
112.877197 
112.887573 
112.897644 
112.908020 
112.918091 
112.928467 
112.939148 
112.948914 
112.958679 
112.967224 
112.976074 
112.985229 
112.994995 
113.004150 
113.013000 
113.022461 
113.031311 
113.040161 
113.049011 
113.057251 
113.065186 
113.072815 
113.080139 
113.087463 
113.094177 
113.100891 
113.106995 
113.112793 
113.119507 
113.126221 
113.132935 
113.139038 
113.144836 
113.149109 
113.153381 
113.157654 
113.161316 
113.165283 
113.168640 
113.171692 
113.174438 
113.177795 
113.180542 
113.182678 
113.184814 
113.186951 
113.188782 
113.190613 
113.190918 
113.190918 
113.190308 
113.190308 
113.190308 
113.190613 
113.190308 
113.189697 
113.189392 
113.188477 
113.187866 
113.186035 
113.184204 
113.182678 
113.180542 
113.178406 
113.176270 
113.173523 
113.170776 
113.168030 
113.166199 
113.164673 
113.163147 
113.160706 
113.158264 
113.155518 
113.152771 
113.149719 
113.146362 
113.143311 
113.140564 
113.137817 
113.134766 
113.131409 
113.129272 
113.125916 
113.123779 
113.120728 
113.118591 
113.115540 
113.112488 
113.108826 
113.104248 
113.100891 
113.098145 
113.095703 
113.093262 
113.090210 
113.088379 
113.085022 
113.082581 
113.080139 
113.077087 
113.074341 
113.071594 
113.068542 
113.065491 
113.062744 
113.059082 
113.056030 
113.053894 
113.051758 
113.050232 
113.047791 
113.045349 
113.042908 
113.039856 
113.036804 
113.034058 
113.030701 
113.027954 
113.025818 
113.022766 
113.020325 
113.018188 
113.015442 
113.013306 
113.010254 
113.008423 
113.005371 
113.002625 
112.999268 
112.995605 
112.992249 
112.990112 
112.987671 
112.984924 
112.982788 
112.980652 
112.977905 
112.975769 
112.973328 
112.970581 
112.968140 
112.964783 
112.962952 
112.959595 
112.956543 
112.953491 
112.950745 
112.948608 
112.946777 
112.945251 
112.942810 
112.940979 
112.937927 
112.935181 
112.931824 
112.929077 
112.926331 
112.923584 
112.920532 
112.918396 
112.915344 
112.913208 
112.910156 
112.908020 
112.905884 
112.903748 
112.901001 
112.897949 
112.894287 
112.890320 
112.887268 
112.884827 
112.882690 
112.879944 
112.877502 
112.875061 
112.872620 
112.869873 
112.867737 
112.865295 
112.862854 
112.859802 
112.857056 
112.854309 
112.851257 
112.848206 
112.845154 
112.843323 
112.841797 
112.839966 
112.837830 
112.835999 
112.832947 
112.830200 
112.827454 
112.824402 
112.821350 
112.818604 
112.816162 
112.813721 
112.810974 
112.808533 
112.806396 
112.803650 
112.801208 
112.799377 
112.796936 
112.793579 
112.790222 
112.786560 
112.783508 
112.781372 
112.779236 
112.776184 
112.774353 
112.772217 
112.770081 
112.767029 
112.764893 
112.762451 
112.759399 
112.757263 
112.754211 
112.751465 
112.748718 
112.745361 
112.742615 
112.740479 
112.738647 
112.737427 
112.735291 
112.732544 
112.730408 
112.727356 
112.724915 
112.721863 
112.718201 
112.716064 
112.713623 
112.710571 
112.708130 
112.705688 
112.702942 
112.700500 
112.698364 
112.696533 
112.693481 
112.691345 
112.687073 
112.683411 
112.680664 
112.677612 
112.675476 
112.673035 
112.670898 
112.668152 
112.666321 
112.663574 
112.661133 
112.658997 
112.655945 
112.652893 
112.651062 
112.647705 
112.644653 
112.641907 
112.638550 
112.636719 
112.634583 
112.633667 
112.631836 
112.629089 
112.626648 
112.623901 
112.621155 
112.618408 
112.614746 
112.612000 
112.609558 
112.606506 
112.604065 
112.601929 
112.599182 
112.597046 
112.594604 
112.592468 
112.589722 
112.587280 
112.583923 
112.579651 
112.576599 
112.574158 
112.571716 
112.569275 
112.566833 
112.564697 
112.562256 
112.560120 
112.557068 
112.554932 
112.552185 
112.549744 
112.546692 
112.543640 
112.541199 
112.538147 
112.534790 
112.532654 
112.531433 
112.529907 
112.527466 
112.525330 
112.522888 
112.520447 
112.517395 
112.514648 
112.511292 
112.509155 
112.506409 
112.503357 
112.501221 
112.498779 
112.496033 
112.493896 
112.491150 
112.489624 
112.486572 
112.484131 
112.480164 
112.476501 
112.473450 
112.471313 
112.468872 
112.466431 
112.464294 
112.462158 
112.459412 
112.456970 
112.454529 
112.452393 
112.449951 
112.446899 
112.444153 
112.441406 
112.438354 
112.435608 
112.432251 
112.430725 
112.428589 
112.427063 
112.425232 
112.422485 
112.420044 
112.416992 
112.414246 
112.411499 
112.408447 
112.405701 
112.403564 
112.400513 
112.398071 
112.395630 
112.392883 
112.390747 
112.388000 
112.386169 
112.383423 
112.380981 
112.377014 
112.373657 
112.370300 
112.367859 
112.365417 
112.362976 
112.360535 
112.358704 
112.355957 
112.353821 
112.351074 
112.348328 
112.345581 
112.343445 
112.340393 
112.338257 
112.334900 
112.331848 
112.329102 
112.326660 
112.325439 
112.323608 
112.321472 
112.319336 
112.316895 
112.313843 
112.311401 
112.307739 
112.305298 
112.302246 
112.299805 
112.297668 
112.294617 
112.292175 
112.289734 
112.287292 
112.285156 
112.283020 
112.280579 
112.277222 
112.274170 
112.270203 
112.267456 
112.264709 
112.262268 
112.259521 
112.257385 
112.254944 
112.252808 
112.250366 
112.247925 
112.245178 
112.243042 
112.240295 
112.237549 
112.234802 
112.231445 
112.228394 
112.226257 
112.223816 
112.222290 
112.220764 
112.218933 
112.216492 
112.213745 
112.210693 
112.207642 
112.204895 
112.202148 
112.199097 
112.196960 
112.194214 
112.191772 
112.189331 
112.186890 
112.184448 
112.182007 
112.179871 
112.177429 
112.174683 
112.171021 
112.166748 
112.164612 
112.162170 
112.159424 
112.156982 
112.154846 
112.152405 
112.149963 
112.147522 
112.144775 
112.142639 
112.140198 
112.137451 
112.134705 
112.131653 
112.128906 
112.125854 
112.123108 
112.120361 
112.119141 
112.117920 
112.115479 
112.113037 
112.110596 
112.107544 
112.104492 
112.102051 
112.098694 
112.095947 
112.093506 
112.090454 
112.088318 
112.085571 
112.083435 
112.080383 
112.078552 
112.076416 
112.074280 
112.070923 
112.067566 
112.063599 
112.060547 
112.058105 
112.055969 
112.053528 
112.051086 
112.048645 
112.047119 
112.044373 
112.041626 
112.039490 
112.036438 
112.033997 
112.031250 
112.028503 
112.025146 
112.022095 
112.019653 
112.017517 
112.015686 
112.014465 
112.012329 
112.010193 
112.007751 
112.004700 
112.001953 
111.998901 
111.996155 
111.992798 
111.990662 
111.987610 
111.985474 
111.983032 
111.980286 
111.977844 
111.976013 
111.973572 
111.971436 
111.968384 
111.964417 
111.961060 
111.958008 
111.955261 
111.953125 
111.950378 
111.948242 
111.945801 
111.943665 
111.941223 
111.938477 
111.936340 
111.933594 
111.931152 
111.928101 
111.925659 
111.922302 
111.919250 
111.916504 
111.914063 
111.913147 
111.911316 
111.909180 
111.907043 
111.904602 
111.901550 
111.898804 
111.896057 
111.893005 
111.890564 
111.887817 
111.885071 
111.882324 
111.879578 
111.877747 
111.875000 
111.872864 
111.870422 
111.867981 
111.865540 
111.861572 
111.857910 
111.854858 
111.852417 
111.849976 
111.847534 
111.845398 
111.843262 
111.840820 
111.838074 
111.835938 
111.833496 
111.830750 
111.828003 
111.825256 
111.822815 
111.819763 
111.816711 
111.813660 
111.811523 
111.810303 
111.808167 
111.806335 
111.803894 
111.801758 
111.798706 
111.795654 
111.792297 
111.789551 
111.787109 
111.784058 
111.781921 
111.779175 
111.776733 
111.774292 
111.771851 
111.770020 
111.767883 
111.764832 
111.762390 
111.758118 
111.754761 
111.752014 
111.749573 
111.747131 
111.744385 
111.742249 
111.740112 
111.737671 
111.735229 
111.732788 
111.730652 
111.727600 
111.725159 
111.722107 
111.719055 
111.716614 
111.713562 
111.711121 
111.708679 
111.707153 
111.705627 
111.703186 
111.701050 
111.698303 
111.695557 
111.693115 
111.690063 
111.687317 
111.684265 
111.681519 
111.679382 
111.676331 
111.674194 
111.671448 
111.669312 
111.666870 
111.664734 
111.662598 
111.659546 
111.655884 
111.652222 
111.649170 
111.647034 
111.644287 
111.641541 
111.639099 
111.637268 
111.634827 
111.632385 
111.629944 
111.627197 
111.624756 
111.622009 
111.619568 
111.616516 
111.613464 
111.610107 
111.607666 
111.605225 
111.604004 
111.602478 
111.600342 
111.597900 
111.595764 
111.592712 
111.589966 
111.586914 
111.583557 
111.581116 
111.578674 
111.575623 
111.573486 
111.571045 
111.568298 
111.566162 
111.563416 
111.561890 
111.559143 
111.556396 
111.552429 
111.549072 
111.545715 
111.543884 
111.540833 
111.538391 
111.536255 
111.533813 
111.531982 
111.528931 
111.526794 
111.524353 
111.521912 
111.519165 
111.516724 
111.513367 
111.510620 
111.507568 
111.505127 
111.502686 
111.501160 
111.499939 
111.497498 
111.495361 
111.492615 
111.489868 
111.486206 
111.483765 
111.480103 
111.477356 
111.475830 
111.472473 
111.470032 
111.467590 
111.465149 
111.463013 
111.460571 
111.458435 
111.455994 
111.452942 
111.448975 
111.445313 
111.442566 
111.440430 
111.437683 
111.435242 
111.433105 
111.430664 
111.428528 
111.426086 
111.423645 
111.421204 
111.418762 
111.415710 
111.413269 
111.410522 
111.407166 
111.404419 
111.401672 
111.399231 
111.398315 
111.396484 
111.394348 
111.391907 
111.389160 
111.387024 
111.383667 
111.381226 
111.378479 
111.375427 
111.372375 
111.369629 
111.367188 
111.365051 
111.362610 
111.359863 
111.357727 
111.355591 
111.353149 
111.350098 
111.346436 
111.343079 
111.340027 
111.337891 
111.335449 
111.333008 
111.330261 
111.327820 
111.325684 
111.323242 
111.320496 
111.318054 
111.315613 
111.312866 
111.310120 
111.307373 
111.304321 
111.301270 
111.298523 
111.296387 
111.295166 
111.293030 
111.291199 
111.289368 
111.286316 
111.283875 
111.280823 
111.277771 
111.275330 
111.272583 
111.269836 
111.266785 
111.264038 
111.261902 
111.259460 
111.256714 
111.254578 
111.252441 
111.250000 
111.247253 
111.243286 
111.239929 
111.237183 
111.234741 
111.232300 
111.229858 
111.227722 
111.225281 
111.222839 
111.220703 
111.217957 
111.215820 
111.212769 
111.210327 
111.207581 
111.204834 
111.201782 
111.198425 
111.196289 
111.193848 
111.192322 
111.190796 
111.188354 
111.186523 
111.183777 
111.181335 
111.178284 
111.175232 
111.172180 
111.169739 
111.166687 
111.163940 
111.161194 
111.159058 
111.156616 
111.154175 
111.152039 
111.149902 
111.147461 
111.144409 
111.140442 
111.137085 
111.133728 
111.131592 
111.129456 
111.126709 
111.124268 
111.122131 
111.119690 
111.117249 
111.115112 
111.112671 
111.109924 
111.107483 
111.104736 
111.102295 
111.098938 
111.095581 
111.093140 
111.091003 
111.089783 
111.087952 
111.085815 
111.083984 
111.080627 
111.078186 
111.075134 
111.072083 
111.069641 
111.066589 
111.063843 
111.061096 
111.058960 
111.056519 
111.054077 
111.051636 
111.049194 
111.047058 
111.044617 
111.041870 
111.038208 
111.034546 
111.031494 
111.029358 
111.026917 
111.024475 
111.022034 
111.019592 
111.017151 
111.014709 
111.012268 
111.009521 
111.006775 
111.004944 
111.001587 
110.999146 
110.995789 
110.992737 
110.989990 
110.988159 
110.986633 
110.985107 
110.982666 
110.980835 
110.978088 
110.974731 
110.972290 
110.969849 
110.966187 
110.964050 
110.960999 
110.958252 
110.955505 
110.953369 
110.951233 
110.948486 
110.946350 
110.944824 
110.941772 
110.938721 
110.935059 
110.931702 
110.928955 
110.925903 
110.923767 
110.921631 
110.919189 
110.916748 
110.914612 
110.911865 
110.909424 
110.907288 
110.904541 
110.902100 
110.899658 
110.896606 
110.893555 
110.890198 
110.888062 
110.885925 
110.884094 
110.882568 
110.880432 
110.877991 
110.875854 
110.872803 
110.869751 
110.867004 
110.863953 
110.861206 
110.858154 
110.855713 
110.852966 
110.850830 
110.848694 
110.845947 
110.843811 
110.841370 
110.838318 
110.835876 
110.832520 
110.828857 
110.825500 
110.823669 
110.820923 
110.818481 
110.816040 
110.813904 
110.811768 
110.809021 
110.806885 
110.803833 
110.801697 
110.798950 
110.796204 
110.793457 
110.790405 
110.787659 
110.784607 
110.782471 
110.781250 
110.779419 
110.777893 
110.775146 
110.772400 
110.769653 
110.766907 
110.763855 
110.760803 
110.758667 
110.755615 
110.752869 
110.750122 
110.747681 
110.745239 
110.742798 
110.740662 
110.738220 
110.735779 
110.733032 
110.729675 
110.726013 
110.722961 
110.720215 
110.718079 
110.715637 
110.713196 
110.711060 
110.708923 
110.706177 
110.703735 
110.700989 
110.698242 
110.695801 
110.693054 
110.690002 
110.687561 
110.684204 
110.681763 
110.679016 
110.677490 
110.675964 
110.674133 
110.672302 
110.669250 
110.666199 
110.663757 
110.660706 
110.657349 
110.654907 
110.652161 
110.649414 
110.647278 
110.644531 
110.642090 
110.639648 
110.637207 
110.635376 
110.632324 
110.629578 
110.626221 
110.622253 
110.619507 
110.617371 
110.614319 
110.612183 
110.610046 
110.607300 
110.606079 
110.602722 
110.600891 
110.598450 
110.595398 
110.593567 
110.590820 
110.587463 
110.584412 
110.581360 
110.578918 
110.576477 
110.574951 
110.573425 
110.570984 
110.569153 
110.566711 
110.563660 
110.560608 
110.557861 
110.554810 
110.552063 
110.549622 
110.546265 
110.544128 
110.541687 
110.538940 
110.536499 
110.534363 
110.532227 
110.529785 
110.526733 
110.523376 
110.519409 
110.516357 
110.514526 
110.511475 
110.509338 
110.506897 
110.505066 
110.502930 
110.499878 
110.497131 
110.495300 
110.492554 
110.490112 
110.487366 
110.484924 
110.481262 
110.478821 
110.475769 
110.473633 
110.472412 
110.470276 
110.468445 
110.466309 
110.463257 
110.460815 
110.457764 
110.455017 
110.451965 
110.449219 
110.447083 
110.444031 
110.441589 
110.438538 
110.436707 
110.433960 
110.431824 
110.429688 
110.427246 
110.424194 
110.420532 
110.417175 
110.413513 
110.411682 
110.409241 
110.406799 
110.404358 
110.402222 
110.399780 
110.397644 
110.394897 
110.392456 
110.389404 
110.386963 
110.384216 
110.381470 
110.378113 
110.375366 
110.372620 
110.370789 
110.368958 
110.367432 
110.365295 
110.363159 
110.360718 
110.357666 
110.354614 
110.351868 
110.349121 
110.346069 
110.343628 
110.340881 
110.338135 
110.335999 
110.333557 
110.331116 
110.328979 
110.326843 
110.324097 
110.321350 
110.317383 
110.314331 
110.310669 
110.308838 
110.306396 
110.303955 
110.301514 
110.299072 
110.297241 
110.294495 
110.292053 
110.289307 
110.287170 
110.284424 
110.281677 
110.279236 
110.275879 
110.272827 
110.270386 
110.268250 
110.266724 
110.264893 
110.262756 
110.260620 
110.257874 
110.255432 
110.252380 
110.249634 
110.246582 
110.243530 
110.241089 
110.238647 
110.236206 
110.233154 
110.230408 
110.228271 
110.226440 
110.223694 
110.221558 
110.218811 
110.214844 
110.211182 
110.209045 
110.206299 
110.203857 
110.201111 
110.198669 
110.196838 
110.194702 
110.191956 
110.189514 
110.186768 
110.184326 
110.181580 
110.179138 
110.176392 
110.173340 
110.169983 
110.167542 
110.165710 
110.164185 
110.162964 
110.160217 
110.158386 
110.155640 
110.152893 
110.149841 
110.146790 
110.144043 
110.141296 
110.138855 
110.135803 
110.133667 
110.130920 
110.128479 
110.125732 
110.123901 
110.121765 
110.119324 
110.116882 
110.113525 
110.110474 
110.108948 
110.107117 
110.105591 
110.104675 
110.103760 
110.103149 
110.102844 
110.102539 
110.102234 
110.102539 
110.102844 
110.103149 
110.103149 
110.103760 
110.104675 
110.105286 
110.107422 
110.109863 
110.113525 
110.116882 
110.120239 
110.124512 
110.127869 
110.130920 
110.134888 
110.138550 
110.142822 
110.147400 
110.152283 
110.157471 
110.162964 
110.168457 
110.174866 
110.181274 
110.188599 
110.195618 
110.202637 
110.209961 
110.216370 
110.223999 
110.231628 
110.241089 
110.249634 
110.259094 
110.268860 
110.278931 
110.288696 
110.298767 
110.308533 
110.318909 
110.328979 
110.339661 
110.349731 
110.360107 
110.369873 
110.379639 
110.390320 
110.401917 
110.413208 
110.424805 
110.435486 
110.446472 
110.456543 
110.467224 
110.477600 
110.487671 
110.497131 
110.507813 
110.518188 
110.527954 
110.538635 
110.549316 
110.559692 
110.570374 
110.581055 
110.591431 
110.602112 
110.611267 
110.620728 
110.629883 
110.639648 
110.650330 
110.660706 
110.671082 
110.681763 
110.692139 
110.702515 
110.713196 
110.723267 
110.733643 
110.744324 
110.754089 
110.764465 
110.774231 
110.783691 
110.793762 
110.803528 
110.813904 
110.825806 
110.836487 
110.847473 
110.857849 
110.867920 
110.877991 
110.887756 
110.897522 
110.907593 
110.917969 
110.927124 
110.937195 
110.947266 
110.957947 
110.968323 
110.979004 
110.989075 
110.999756 
111.009827 
111.019897 
111.029053 
111.038513 
111.047974 
111.058655 
111.068726 
111.079102 
111.089172 
111.100159 
111.110229 
111.120605 
111.131287 
111.141357 
111.151428 
111.161804 
111.171570 
111.182556 
111.191711 
111.201782 
111.211853 
111.222534 
111.234131 
111.245422 
111.256104 
111.266785 
111.276855 
111.286621 
111.296997 
111.306458 
111.316833 
111.326599 
111.336975 
111.347656 
111.357422 
111.368103 
111.378479 
111.388855 
111.399536 
111.409912 
111.420288 
111.430054 
111.439819 
111.448364 
111.458130 
111.469116 
111.478882 
111.489868 
111.500244 
111.510620 
111.521606 
111.531677 
111.541443 
111.551819 
111.561890 
111.572571 
111.582642 
111.592712 
111.602478 
111.611938 
111.621704 
111.632690 
111.644592 
111.655273 
111.665955 
111.676331 
111.686401 
111.696167 
111.705627 
111.716309 
111.725464 
111.736145 
111.745911 
111.755981 
111.766052 
111.776428 
111.786499 
111.796875 
111.807556 
111.818237 
111.828613 
111.838074 
111.846924 
111.856689 
111.865845 
111.876831 
111.886902 
111.896973 
111.907043 
111.918030 
111.928711 
111.938782 
111.948853 
111.959839 
111.969604 
111.979675 
111.989746 
111.999817 
112.009277 
112.019348 
112.029114 
112.039795 
112.051086 
112.062073 
112.072754 
112.083130 
112.093506 
112.103577 
112.113342 
112.123108 
112.133179 
112.142944 
112.153320 
112.163696 
112.173462 
112.184143 
112.194519 
112.204285 
112.214966 
112.225342 
112.235718 
112.245178 
112.254333 
112.264099 
112.274170 
112.284546 
112.295227 
112.304993 
112.315369 
112.326050 
112.336731 
112.346802 
112.356567 
112.366943 
112.377014 
112.387085 
112.397156 
112.407227 
112.416687 
112.426758 
112.436523 
112.447510 
112.458801 
112.470093 
112.480469 
112.490845 
112.500916 
112.510986 
112.520752 
112.530518 
112.540283 
112.550354 
112.560425 
112.570801 
112.580872 
112.591248 
112.601624 
112.611694 
112.622375 
112.632751 
112.642822 
112.652893 
112.661743 
112.671204 
112.680664 
112.691650 
112.701416 
112.712708 
112.722473 
112.733154 
112.743530 
112.753906 
112.763672 
112.774048 
112.784119 
112.794189 
112.803955 
112.814026 
112.823486 
112.833252 
112.843323 
112.854004 
112.865295 
112.875671 
112.886963 
112.897644 
112.907410 
112.916870 
112.926636 
112.937012 
112.946472 
112.955933 
112.966003 
112.975159 
112.985229 
112.994690 
113.003845 
113.013000 
113.021851 
113.031311 
113.040466 
113.048096 
113.055420 
113.062439 
113.070068 
113.077698 
113.084717 
113.092041 
113.099365 
113.106079 
113.112793 
113.118896 
113.124695 
113.130798 
113.135986 
113.140869 
113.145752 
113.150024 
113.154297 
113.157654 
113.161621 
113.165588 
113.170166 
113.174438 
113.177490 
113.180237 
113.182678 
113.184509 
113.185425 
113.187256 
113.187866 
113.189087 
113.189392 
113.190002 
113.190613 
113.190918 
113.190308 
113.190918 
113.190308 
113.190002 
113.189392 
113.187866 
113.185425 
113.183289 
113.181152 
113.179932 
113.178406 
113.176575 
113.175049 
113.173828 
113.171997 
113.169861 
113.168030 
113.165894 
113.163147 
113.161011 
113.159180 
113.156128 
113.153381 
113.150940 
113.148193 
113.146667 
113.145447 
113.143921 
113.141785 
113.139954 
113.137207 
113.134766 
113.131714 
113.128967 
113.126526 
113.123779 
113.121643 
113.119202 
113.116760 
113.114929 
113.112488 
113.110352 
113.108215 
113.106384 
113.104248 
113.101501 
113.098145 
113.094788 
113.092041 
113.090210 
113.088074 
113.086548 
113.084106 
113.082581 
113.080444 
113.078613 
113.076477 
113.074341 
113.072205 
113.069763 
113.067627 
113.065186 
113.062439 
113.060303 
113.058167 
113.056030 
113.055115 
113.053894 
113.051758 
113.050232 
113.047791 
113.045349 
113.042908 
113.040771 
113.038330 
113.036194 
113.034058 
113.031921 
113.029785 
113.027954 
113.025818 
113.023682 
113.022156 
113.020630 
113.018494 
113.016052 
113.012695 
113.009338 
113.007507 
113.004761 
113.003540 
113.001404 
112.999573 
112.997742 
112.995605 
112.994080 
112.991638 
112.989197 
112.987671 
112.985229 
112.983398 
112.980957 
112.978210 
112.975769 
112.973633 
112.972107 
112.970886 
112.969971 
112.967834 
112.966309 
112.964172 
112.961426 
112.959595 
112.956543 
112.954102 
112.952271 
112.949829 
112.947693 
112.946167 
112.943726 
112.941589 
112.939758 
112.937927 
112.936401 
112.933960 
112.931824 
112.928772 
112.925415 
112.923279 
112.921448 
112.919312 
112.917175 
112.915955 
112.913513 
112.911682 
112.909851 
112.908325 
112.905884 
112.903748 
112.901001 
112.899170 
112.897034 
112.894287 
112.891235 
112.889709 
112.887878 
112.887268 
112.885742 
112.884216 
112.882690 
112.880554 
112.878113 
112.875977 
112.873230 
112.870789 
112.868958 
112.866516 
112.864685 
112.862549 
112.860413 
112.858582 
112.856750 
112.854309 
112.853088 
112.851563 
112.848816 
112.845764 
112.842712 
112.839966 
112.838440 
112.836304 
112.834778 
112.833252 
112.831116 
112.829590 
112.827759 
112.825317 
112.823792 
112.821350 
112.819214 
112.817078 
112.814636 
112.812195 
112.809448 
112.807617 
112.806396 
112.805481 
112.803955 
112.802124 
112.800293 
112.798157 
112.796021 
112.793579 
112.791443 
112.788391 
112.786865 
112.784424 
112.781982 
112.780457 
112.778320 
112.776489 
112.774353 
112.772522 
112.770996 
112.769165 
112.766724 
112.762756 
112.760010 
112.757568 
112.756042 
112.753906 
112.752075 
112.750244 
112.748108 
112.746277 
112.745056 
112.742310 
112.740479 
112.738342 
112.735901 
112.734070 
112.731628 
112.728882 
112.726440 
112.724304 
112.722473 
112.721558 
112.720337 
112.718811 
112.716980 
112.714844 
112.712708 
112.709961 
112.707520 
112.705078 
112.703552 
112.701111 
112.698975 
112.697144 
112.695007 
112.692566 
112.691040 
112.689209 
112.687378 
112.685547 
112.683105 
112.679443 
112.677002 
112.674561 
112.672729 
112.670593 
112.668762 
112.667236 
112.665405 
112.663574 
112.661438 
112.659607 
112.657776 
112.655640 
112.653198 
112.651062 
112.648926 
112.646484 
112.643738 
112.641907 
112.640076 
112.639160 
112.637939 
112.636414 
112.634888 
112.632751 
112.630005 
112.627563 
112.625427 
112.622986 
112.621155 
112.619019 
112.617188 
112.614746 
112.613220 
112.611084 
112.609253 
112.607117 
112.605286 
112.603760 
112.601013 
112.597656 
112.594604 
112.592468 
112.590637 
112.588806 
112.586670 
112.584839 
112.583313 
112.581177 
112.579346 
112.577209 
112.574768 
112.572937 
112.571411 
112.568970 
112.566528 
112.564087 
112.561340 
112.559509 
112.557983 
112.556763 
112.555542 
112.553711 
112.551880 
112.549744 
112.547302 
112.545166 
112.542725 
112.540283 
112.538452 
112.536316 
112.533875 
112.532349 
112.529907 
112.528381 
112.526245 
112.524414 
112.522583 
112.520752 
112.518005 
112.514648 
112.511902 
112.509460 
112.507324 
112.505493 
112.503662 
112.502136 
112.500305 
112.498779 
112.496643 
112.494507 
112.492676 
112.490845 
112.488403 
112.486267 
112.483521 
112.481384 
112.478638 
112.476196 
112.475281 
112.474060 
112.472839 
112.471619 
112.469482 
112.467346 
112.465210 
112.462769 
112.460327 
112.457886 
112.455750 
112.453613 
112.451477 
112.449036 
112.447510 
112.445374 
112.443542 
112.441711 
112.440186 
112.438660 
112.435608 
112.432556 
112.429504 
112.427063 
112.425537 
112.423401 
112.420959 
112.419739 
112.417908 
112.416382 
112.414246 
112.412109 
112.409973 
112.408142 
112.405701 
112.403870 
112.401123 
112.398987 
112.396240 
112.394104 
112.392578 
112.391968 
112.390747 
112.389221 
112.387390 
112.385254 
112.382813 
112.379761 
112.377930 
112.375793 
112.373657 
112.371521 
112.368774 
112.366943 
112.365417 
112.362976 
112.361145 
112.359619 
112.357788 
112.355957 
112.352905 
112.350159 
112.346802 
112.344666 
112.342834 
112.341003 
112.339172 
112.337646 
112.335510 
112.333984 
112.331848 
112.330017 
112.327881 
112.325745 
112.323608 
112.321777 
112.318726 
112.316284 
112.314148 
112.311401 
112.310181 
112.309265 
112.308044 
112.306519 
112.304382 
112.302551 
112.300110 
112.297668 
112.295532 
112.293091 
112.290955 
112.288513 
112.286682 
112.284546 
112.282715 
112.281189 
112.278442 
112.276917 
112.275085 
112.272949 
112.270813 
112.267151 
112.264099 
112.261963 
112.260132 
112.257996 
112.256165 
112.254639 
112.252808 
112.250977 
112.248840 
112.247009 
112.244873 
112.243042 
112.240906 
112.239075 
112.236023 
112.233582 
112.231445 
112.229004 
112.227478 
112.226868 
112.225952 
112.223511 
112.222290 
112.219849 
112.217712 
112.214966 
112.213135 
112.210388 
112.208252 
112.206116 
112.203979 
112.202148 
112.200317 
112.198181 
112.196350 
112.194519 
112.192993 
112.190552 
112.188416 
112.185059 
112.182312 
112.179871 
112.178040 
112.175903 
112.174072 
112.172546 
112.170715 
112.169189 
112.166443 
112.165222 
112.162781 
112.160950 
112.158508 
112.156372 
112.153931 
112.151794 
112.149353 
112.146606 
112.145386 
112.144470 
112.142944 
112.141418 
112.139893 
112.138062 
112.135620 
112.132874 
112.130737 
112.128296 
112.126465 
112.124023 
112.121887 
112.119751 
112.117920 
112.115784 
112.113953 
112.112122 
112.110291 
112.108459 
112.105713 
112.102966 
112.099304 
112.096863 
112.095032 
112.092896 
112.091370 
112.089539 
112.087708 
112.086487 
112.084351 
112.081909 
112.080688 
112.077942 
112.075500 
112.074280 
112.071533 
112.068787 
112.066345 
112.064209 
112.062683 
112.061768 
112.060547 
112.059021 
112.056885 
112.054749 
112.052612 
112.050171 
112.048035 
112.045593 
112.043457 
112.041626 
112.039185 
112.037048 
112.035217 
112.033081 
112.032166 
112.029724 
112.027893 
112.026062 
112.023315 
112.020264 
112.016907 
112.014771 
112.013245 
112.011414 
112.009277 
112.007751 
112.005615 
112.003784 
112.001953 
112.000122 
111.997986 
111.995850 
111.993408 
111.991577 
111.989441 
111.987000 
111.984253 
111.982117 
111.980896 
111.979980 
111.978760 
111.977234 
111.975098 
111.973267 
111.970825 
111.968079 
111.965942 
111.963196 
111.961365 
111.958923 
111.957092 
111.954651 
111.953125 
111.950684 
111.948853 
111.947327 
111.945801 
111.943359 
111.940918 
111.937561 
111.934814 
111.932373 
111.930542 
111.928711 
111.926880 
111.925049 
111.923218 
111.921387 
111.919250 
111.917419 
111.915588 
111.913757 
111.911316 
111.908569 
111.906738 
111.903687 
111.901245 
111.899719 
111.897888 
111.897278 
111.896057 
111.894226 
111.892700 
111.890564 
111.888123 
111.885681 
111.883240 
111.880798 
111.878662 
111.876526 
111.874390 
111.872253 
111.870728 
111.868591 
111.866760 
111.864929 
111.863403 
111.861267 
111.858521 
111.855774 
111.852417 
111.850281 
111.848450 
111.846008 
111.844482 
111.842957 
111.841125 
111.839600 
111.837158 
111.835327 
111.833496 
111.831360 
111.829224 
111.826782 
111.824646 
111.821594 
111.819763 
111.817322 
111.816101 
111.814880 
111.813965 
111.812134 
111.810303 
111.808472 
111.806030 
111.803894 
111.801147 
111.798096 
111.796570 
111.794128 
111.791992 
111.790161 
111.788025 
111.786499 
111.784363 
111.782532 
111.780396 
111.778870 
111.776123 
111.773071 
111.770325 
111.767883 
111.766052 
111.764221 
111.762085 
111.760559 
111.758728 
111.756897 
111.755371 
111.752625 
111.750488 
111.748962 
111.746521 
111.744385 
111.742249 
111.739502 
111.737061 
111.734924 
111.733398 
111.733093 
111.731567 
111.729736 
111.728210 
111.725769 
111.723328 
111.721191 
111.718445 
111.716309 
111.713867 
111.712036 
111.710205 
111.707764 
111.706238 
111.704102 
111.701965 
111.700439 
111.698914 
111.696472 
111.694031 
111.690674 
111.688232 
111.685486 
111.683960 
111.681519 
111.679993 
111.677856 
111.676331 
111.674500 
111.672974 
111.670837 
111.668701 
111.666565 
111.664429 
111.662292 
111.659851 
111.657410 
111.654968 
111.652832 
111.651611 
111.650391 
111.648865 
111.647339 
111.645813 
111.643066 
111.640930 
111.638489 
111.636047 
111.633606 
111.631775 
111.629639 
111.627502 
111.625366 
111.623230 
111.621094 
111.619568 
111.617737 
111.616211 
111.614075 
111.611328 
111.607971 
111.605225 
111.602478 
111.600952 
111.599121 
111.597290 
111.595764 
111.593933 
111.591797 
111.589661 
111.588135 
111.585999 
111.584167 
111.582031 
111.580200 
111.577148 
111.575012 
111.572266 
111.570129 
111.568909 
111.567993 
111.566467 
111.564636 
111.563110 
111.560974 
111.558838 
111.556091 
111.554260 
111.551208 
111.549072 
111.547241 
111.545105 
111.543579 
111.541443 
111.539307 
111.537476 
111.535645 
111.533813 
111.531982 
111.529541 
111.525879 
111.523132 
111.520691 
111.518860 
111.517029 
111.515198 
111.513367 
111.511230 
111.510010 
111.508179 
111.505737 
111.503906 
111.501770 
111.499634 
111.497498 
111.495056 
111.492310 
111.490173 
111.488342 
111.486511 
111.485596 
111.484070 
111.482544 
111.480713 
111.478271 
111.476135 
111.473694 
111.471558 
111.469421 
111.466675 
111.464844 
111.462708 
111.460571 
111.458740 
111.456299 
111.454468 
111.452942 
111.451111 
111.449280 
111.446838 
111.443481 
111.441040 
111.438293 
111.436462 
111.434937 
111.432190 
111.430969 
111.429138 
111.427307 
111.425171 
111.423340 
111.421204 
111.419373 
111.417542 
111.414795 
111.412964 
111.409912 
111.407776 
111.405334 
111.404114 
111.403198 
111.401978 
111.399841 
111.398621 
111.396484 
111.394043 
111.391296 
111.389160 
111.387024 
111.384583 
111.382446 
111.380615 
111.378174 
111.376648 
111.374817 
111.372986 
111.371155 
111.369629 
111.367188 
111.364441 
111.361389 
111.358643 
111.356506 
111.354370 
111.352539 
111.350403 
111.348877 
111.347351 
111.345520 
111.343384 
111.341553 
111.339417 
111.337280 
111.335144 
111.332703 
111.330566 
111.327515 
111.325378 
111.323547 
111.321716 
111.320801 
111.319885 
111.317749 
111.316223 
111.314392 
111.311646 
111.309204 
111.306763 
111.304321 
111.302490 
111.300354 
111.298218 
111.296387 
111.293640 
111.292114 
111.290283 
111.288757 
111.286926 
111.285095 
111.282349 
111.279297 
111.275940 
111.274109 
111.271973 
111.270142 
111.268005 
111.266174 
111.264343 
111.262512 
111.261292 
111.258850 
111.257019 
111.254578 
111.252747 
111.250610 
111.247864 
111.245728 
111.243286 
111.240845 
111.239319 
111.238708 
111.236877 
111.235657 
111.233826 
111.231689 
111.229553 
111.226807 
111.224670 
111.222534 
111.220093 
111.218262 
111.215820 
111.213684 
111.211853 
111.210022 
111.207886 
111.206360 
111.204529 
111.202393 
111.199951 
111.196899 
111.194153 
111.192017 
111.189880 
111.188049 
111.185913 
111.184082 
111.182251 
111.180420 
111.178589 
111.177063 
111.174622 
111.172791 
111.169434 
111.167908 
111.165771 
111.163025 
111.159973 
111.158752 
111.156921 
111.156311 
111.155090 
111.152954 
111.151733 
111.149292 
111.147156 
111.144714 
111.142273 
111.140137 
111.138000 
111.135559 
111.133423 
111.131592 
111.129456 
111.127625 
111.125793 
111.123962 
111.122437 
111.120300 
111.117859 
111.114197 
111.111450 
111.109314 
111.107483 
111.105347 
111.103516 
111.101685 
111.100159 
111.098328 
111.096191 
111.094360 
111.092224 
111.090088 
111.088257 
111.085815 
111.083374 
111.081238 
111.078491 
111.076355 
111.075439 
111.073608 
111.073303 
111.071167 
111.069336 
111.067505 
111.065063 
111.062927 
111.060486 
111.058044 
111.055908 
111.053467 
111.051636 
111.049500 
111.047668 
111.045532 
111.043701 
111.042175 
111.040344 
111.038513 
111.035156 
111.032715 
111.029053 
111.026917 
111.025391 
111.023560 
111.021423 
111.019592 
111.018066 
111.015930 
111.013794 
111.011963 
111.010132 
111.007690 
111.005554 
111.003418 
111.001587 
110.998535 
110.996399 
110.994263 
110.993042 
110.992432 
110.990295 
110.989075 
110.987244 
110.984802 
110.982971 
110.980225 
110.978088 
110.975647 
110.973206 
110.971375 
110.969238 
110.967102 
110.964966 
110.962830 
110.961304 
110.959778 
110.957947 
110.955811 
110.952759 
110.950012 
110.946960 
110.944824 
110.942993 
110.940552 
110.939026 
110.937805 
110.935669 
110.933533 
110.932007 
110.929871 
110.928040 
110.925903 
110.923767 
110.921326 
110.919189 
110.916748 
110.914307 
110.912170 
110.911255 
110.909729 
110.908813 
110.906982 
110.905151 
110.903015 
110.900879 
110.898438 
110.895996 
110.893250 
110.891418 
110.889282 
110.887146 
110.885010 
110.883179 
110.880737 
110.879211 
110.877380 
110.875854 
110.873718 
110.871277 
110.867615 
110.865173 
110.862732 
110.861206 
110.858459 
110.856934 
110.854797 
110.852966 
110.851440 
110.849915 
110.847473 
110.845337 
110.843811 
110.841370 
110.839233 
110.837402 
110.834351 
110.831604 
110.829468 
110.828247 
110.827332 
110.826416 
110.824890 
110.822754 
110.820313 
110.818176 
110.815735 
110.813293 
110.811157 
110.809021 
110.806580 
110.804749 
110.802307 
110.800476 
110.798645 
110.796814 
110.794983 
110.793457 
110.791321 
110.788574 
110.785217 
110.782471 
110.780029 
110.778503 
110.776367 
110.774536 
110.772400 
110.771179 
110.769653 
110.766907 
110.765381 
110.763550 
110.761108 
110.758972 
110.756836 
110.754700 
110.751648 
110.750122 
110.747375 
110.746460 
110.745239 
110.744019 
110.742493 
110.740356 
110.738220 
110.736084 
110.733948 
110.731201 
110.728760 
110.726624 
110.724792 
110.722656 
110.720520 
110.718384 
110.716553 
110.714417 
110.712585 
110.711365 
110.708923 
110.706177 
110.703125 
110.700073 
110.697632 
110.696106 
110.694275 
110.692139 
110.690308 
110.688782 
110.687256 
110.684814 
110.682678 
110.680847 
110.679016 
110.676575 
110.674744 
110.672302 
110.669250 
110.667114 
110.664978 
110.663757 
110.662537 
110.661621 
110.659485 
110.657959 
110.655823 
110.653687 
110.650940 
110.649109 
110.646667 
110.644226 
110.642090 
110.639648 
110.637817 
110.635986 
110.634155 
110.632019 
110.630493 
110.628357 
110.626526 
110.623779 
110.620422 
110.618286 
110.615845 
110.613708 
110.611877 
110.609741 
110.608215 
110.606384 
110.604858 
110.602417 
110.600586 
110.598755 
110.596619 
110.594177 
110.592346 
110.590210 
110.587463 
110.585022 
110.582581 
110.581360 
110.580750 
110.578918 
110.577087 
110.575867 
110.573425 
110.570679 
110.568848 
110.566711 
110.564270 
110.562134 
110.559998 
110.558167 
110.555725 
110.553589 
110.551758 
110.549927 
110.548401 
110.545959 
110.544434 
110.541382 
110.538025 
110.535583 
110.533142 
110.531006 
110.529480 
110.527649 
110.525208 
110.523987 
110.522156 
110.520020 
110.518494 
110.516357 
110.514526 
110.512085 
110.509949 
110.507507 
110.505066 
110.502319 
110.500183 
110.498962 
110.498047 
110.496826 
110.494995 
110.493469 
110.491028 
110.489197 
110.486755 
110.483704 
110.481567 
110.479431 
110.477600 
110.475159 
110.473022 
110.471497 
110.469360 
110.467529 
110.465393 
110.464172 
110.462036 
110.459290 
110.456238 
110.453186 
110.451355 
110.448914 
110.447083 
110.445251 
110.443420 
110.441589 
110.440063 
110.438232 
110.436401 
110.434265 
110.431824 
110.429688 
110.427856 
110.425110 
110.422974 
110.420532 
110.418091 
110.417175 
110.416260 
110.414734 
110.412903 
110.411072 
110.408936 
110.406494 
110.404358 
110.402222 
110.399475 
110.397339 
110.394897 
110.393066 
110.391235 
110.388794 
110.386963 
110.384827 
110.383301 
110.381775 
110.379639 
110.376892 
110.373535 
110.371094 
110.368042 
110.366821 
110.364685 
110.362549 
110.361328 
110.359192 
110.357666 
110.355530 
110.353699 
110.351868 
110.349426 
110.347290 
110.345459 
110.343018 
110.340271 
110.337830 
110.335999 
110.334778 
110.333557 
110.332336 
110.330811 
110.328979 
110.326843 
110.324402 
110.321960 
110.319214 
110.317078 
110.314941 
110.313110 
110.310364 
110.308838 
110.307007 
110.304871 
110.303040 
110.301819 
110.299377 
110.297546 
110.295105 
110.291443 
110.288696 
110.286560 
110.284729 
110.282898 
110.281067 
110.278931 
110.277405 
110.275574 
110.273132 
110.271606 
110.269470 
110.267944 
110.265503 
110.263367 
110.260620 
110.258484 
110.256042 
110.254211 
110.252686 
110.252075 
110.250244 
110.248718 
110.246582 
110.244141 
110.242310 
110.240173 
110.237427 
110.235291 
110.233154 
110.230713 
110.228577 
110.226440 
110.224304 
110.222473 
110.220947 
110.219116 
110.217590 
110.215454 
110.212708 
110.209351 
110.206604 
110.204468 
110.202332 
110.200806 
110.198669 
110.196533 
110.195313 
110.193481 
110.191650 
110.189514 
110.187378 
110.185242 
110.183105 
110.181274 
110.178528 
110.176086 
110.173340 
110.171814 
110.170288 
110.169373 
110.168152 
110.166016 
110.164490 
110.162354 
110.160522 
110.157471 
110.155640 
110.152588 
110.151062 
110.148926 
110.146790 
110.144653 
110.142517 
110.140686 
110.138855 
110.137024 
110.135498 
110.133667 
110.130310 
110.127563 
110.124817 
110.122070 
110.120850 
110.118713 
110.116882 
110.115356 
110.113220 
110.111694 
110.110474 
110.108948 
110.107117 
110.105591 
110.104370 
110.103149 
110.101624 
110.100708 
110.099487 
110.099182 
110.099182 
110.099792 
110.100403 
110.100708 
110.101318 
110.100708 
110.100098 
110.099792 
110.099487 
110.099182 
110.099182 
110.099182 
110.098877 
110.099182 
110.099487 
110.099182 
110.099182 
110.099792 
110.099792 
110.100098 
110.099182 
110.098572 
110.097961 
110.097656 
110.098267 
110.098267 
110.098572 
110.098877 
110.099182 
110.099182 
110.099792 
110.099487 
110.099487 
110.099487 
110.099792 
110.099792 
110.099182 
110.098572 
110.098267 
110.098572 
110.098877 
110.100708 
110.101624 
110.101624 
110.102539 
110.101624 
110.101624 
110.101624 
110.101318 
110.100708 
110.101013 
110.101013 
110.101318 
110.101318 
110.101624 
110.101318 
110.101624 
110.101929 
110.102539 
110.101929 
110.101624 
110.100403 
110.099487 
110.099182 
110.100098 
110.100098 
110.100403 
110.100403 
110.100708 
110.100708 
110.100708 
110.101013 
110.100403 
110.100403 
110.100708 
110.100403 
110.100403 
110.099487 
110.098877 
110.099487 
110.100098 
110.101624 
110.101929 
110.102234 
110.102539 
110.102234 
110.101929 
110.101624 
110.101624 
