Blum, K. P., D’Incamps, B. L., Zytnicki, D., & Ting, L. H. (2017).
Force encoding in muscle spindles during stretch of
passive muscle. PLoS computational biology, 13(9), 
e1005767. <https://journals.plos.org/ploscompbiol/article?
id=10.1371/journal.pcbi.1005767>

cat medial gastrocnemius muscle lengths over t  (in 0.0005 s increments)
110.111694 
110.112000 
110.112305 
110.112915 
110.111389 
110.109558 
110.109558 
110.108948 
110.109253 
110.109863 
110.109253 
110.109863 
110.110168 
110.110168 
110.110474 
110.110474 
110.110474 
110.110474 
110.109863 
110.110168 
110.109863 
110.109253 
110.108948 
110.108948 
110.110474 
110.112000 
110.112305 
110.112000 
110.112000 
110.112000 
110.111694 
110.111084 
110.111694 
110.111084 
110.111084 
110.111084 
110.111084 
110.111084 
110.111084 
110.111389 
110.111694 
110.112305 
110.112305 
110.112305 
110.111084 
110.110168 
110.109253 
110.108948 
110.108948 
110.109558 
110.109863 
110.109863 
110.110474 
110.110474 
110.110168 
110.110779 
110.109863 
110.110779 
110.110474 
110.110168 
110.109863 
110.109253 
110.108948 
110.108948 
110.110168 
110.111694 
110.112305 
110.112305 
110.112000 
110.112305 
110.111084 
110.111084 
110.110779 
110.110779 
110.110779 
110.110779 
110.110779 
110.110779 
110.111084 
110.111694 
110.111694 
110.112305 
110.112915 
110.112305 
110.111389 
110.110168 
110.109253 
110.108948 
110.109253 
110.109558 
110.110168 
110.110474 
110.110474 
110.110474 
110.110474 
110.110474 
110.110168 
110.110168 
110.110168 
110.110168 
110.109558 
110.108948 
110.109253 
110.108948 
110.109863 
110.111389 
110.112305 
110.112305 
110.112305 
110.112610 
110.112305 
110.112915 
110.112915 
110.113831 
110.114746 
110.116272 
110.117798 
110.120239 
110.122375 
110.125732 
110.129089 
110.132751 
110.137024 
110.141907 
110.145569 
110.149536 
110.154114 
110.159607 
110.166321 
110.173340 
110.180359 
110.187988 
110.196228 
110.204773 
110.212402 
110.221558 
110.230713 
110.240173 
110.249939 
110.260010 
110.270386 
110.281067 
110.291748 
110.303955 
110.317383 
110.331116 
110.345154 
110.358582 
110.372620 
110.387268 
110.401611 
110.415955 
110.430908 
110.446167 
110.462036 
110.477600 
110.494385 
110.511475 
110.529175 
110.547180 
110.567322 
110.587158 
110.607605 
110.628357 
110.647583 
110.667419 
110.687561 
110.708618 
110.729370 
110.749207 
110.768127 
110.786438 
110.803833 
110.820923 
110.836487 
110.851135 
110.866394 
110.879517 
110.892944 
110.906677 
110.919189 
110.931396 
110.944214 
110.957336 
110.971680 
110.986328 
110.999756 
111.013184 
111.027222 
111.040344 
111.052856 
111.065369 
111.078186 
111.091003 
111.104126 
111.116943 
111.129761 
111.142883 
111.156311 
111.170044 
111.183777 
111.198425 
111.212463 
111.226196 
111.239014 
111.252136 
111.265564 
111.279297 
111.294556 
111.309204 
111.323853 
111.339722 
111.354370 
111.369629 
111.384888 
111.399841 
111.415100 
111.430054 
111.445313 
111.460571 
111.475220 
111.490479 
111.505432 
111.520691 
111.537170 
111.553955 
111.570435 
111.586304 
111.601257 
111.616516 
111.632080 
111.647034 
111.661987 
111.677856 
111.693115 
111.708069 
111.723938 
111.739502 
111.754761 
111.770630 
111.786499 
111.802673 
111.818542 
111.833801 
111.848145 
111.862183 
111.876526 
111.891785 
111.907654 
111.922913 
111.939087 
111.954346 
111.970215 
111.986084 
112.001953 
112.017517 
112.032776 
112.048035 
112.063599 
112.078247 
112.093506 
112.108459 
112.123718 
112.138672 
112.156067 
112.172241 
112.188416 
112.204285 
112.219543 
112.234497 
112.249756 
112.265015 
112.279968 
112.295227 
112.310181 
112.325134 
112.340698 
112.356262 
112.371521 
112.387085 
112.402954 
112.418823 
112.434692 
112.450256 
112.464294 
112.478333 
112.492676 
112.507629 
112.523193 
112.538757 
112.554016 
112.569885 
112.585449 
112.601624 
112.616882 
112.632446 
112.648010 
112.662964 
112.678223 
112.693481 
112.708435 
112.723694 
112.738647 
112.754211 
112.770691 
112.787781 
112.803650 
112.819519 
112.834778 
112.849426 
112.864380 
112.879028 
112.893677 
112.908020 
112.922363 
112.936401 
112.950134 
112.964172 
112.977295 
112.990112 
113.003540 
113.016663 
113.028870 
113.040771 
113.050537 
113.060913 
113.070679 
113.080750 
113.091125 
113.100891 
113.110352 
113.119812 
113.128357 
113.136597 
113.144531 
113.151855 
113.158875 
113.164978 
113.170776 
113.176270 
113.181458 
113.186035 
113.190002 
113.194275 
113.198547 
113.203430 
113.207092 
113.209839 
113.211975 
113.213501 
113.214111 
113.215027 
113.214722 
113.214722 
113.214417 
113.213806 
113.212585 
113.210754 
113.209839 
113.207703 
113.205261 
113.202209 
113.199158 
113.195190 
113.190002 
113.183594 
113.176880 
113.171082 
113.165283 
113.158569 
113.152161 
113.145447 
113.137512 
113.129883 
113.121948 
113.112183 
113.102722 
113.092957 
113.082886 
113.071899 
113.060608 
113.048706 
113.035889 
113.023682 
113.012390 
113.000793 
112.987976 
112.974548 
112.960205 
112.945557 
112.930908 
112.915344 
112.899780 
112.883606 
112.868652 
112.852783 
112.836609 
112.821045 
112.805176 
112.789001 
112.773438 
112.757874 
112.741394 
112.724609 
112.706909 
112.689819 
112.671814 
112.655334 
112.639160 
112.622681 
112.605896 
112.590027 
112.573853 
112.557678 
112.541504 
112.525330 
112.508850 
112.492676 
112.476196 
112.459106 
112.442627 
112.425842 
112.409058 
112.392883 
112.377625 
112.362976 
112.347107 
112.331543 
112.315674 
112.299194 
112.282715 
112.266235 
112.249451 
112.233582 
112.217407 
112.201538 
112.185364 
112.169800 
112.153625 
112.137756 
112.122498 
112.106934 
112.091370 
112.075195 
112.058716 
112.041321 
112.024536 
112.008667 
111.993103 
111.977234 
111.961670 
111.946106 
111.930237 
111.915283 
111.900024 
111.884155 
111.868286 
111.852722 
111.836853 
111.820984 
111.804810 
111.788330 
111.772156 
111.756592 
111.742249 
111.727295 
111.712952 
111.697693 
111.682129 
111.666260 
111.650391 
111.634216 
111.618347 
111.602173 
111.586609 
111.570740 
111.555176 
111.539307 
111.524353 
111.508179 
111.493225 
111.477661 
111.463013 
111.447144 
111.430664 
111.413574 
111.397095 
111.381531 
111.365662 
111.350708 
111.335449 
111.320190 
111.304626 
111.289368 
111.274414 
111.258545 
111.242981 
111.227417 
111.211853 
111.195984 
111.180420 
111.164246 
111.148682 
111.132813 
111.118774 
111.104126 
111.089783 
111.075134 
111.059265 
111.044006 
111.028137 
111.011658 
110.996094 
110.980530 
110.964661 
110.949402 
110.933533 
110.917969 
110.902710 
110.887451 
110.872192 
110.856934 
110.841675 
110.826111 
110.809631 
110.792542 
110.776367 
110.760193 
110.744934 
110.729370 
110.714111 
110.698547 
110.682983 
110.667725 
110.652771 
110.637207 
110.621948 
110.606384 
110.590820 
110.575256 
110.559387 
110.543213 
110.527039 
110.512085 
110.497742 
110.483704 
110.468750 
110.454102 
110.439148 
110.423584 
110.408630 
110.393677 
110.378723 
110.364075 
110.350647 
110.336609 
110.323181 
110.310364 
110.297852 
110.286255 
110.274963 
110.264893 
110.254211 
110.243530 
110.231934 
110.221863 
110.211487 
110.202026 
110.193787 
110.186157 
110.178833 
110.171509 
110.165100 
110.158997 
110.153198 
110.147705 
110.142517 
110.136719 
110.132141 
110.128784 
110.123901 
110.120239 
110.117188 
110.114441 
110.113220 
110.112610 
110.111389 
110.111694 
110.110168 
110.109863 
110.108948 
110.109253 
110.109253 
110.109863 
110.110779 
110.112305 
110.113831 
110.115967 
110.119019 
110.121155 
110.126038 
110.130310 
110.135193 
110.140381 
110.144043 
110.148621 
110.154419 
110.160828 
110.167847 
110.175171 
110.183105 
110.191650 
110.200500 
110.209656 
110.219421 
110.228577 
110.239563 
110.249634 
110.260620 
110.271912 
110.283508 
110.295410 
110.307312 
110.320435 
110.335388 
110.350952 
110.366211 
110.381165 
110.396423 
110.411682 
110.426941 
110.442810 
110.458069 
110.474243 
110.489807 
110.506287 
110.521545 
110.538025 
110.553894 
110.570068 
110.586548 
110.602722 
110.619507 
110.635071 
110.650024 
110.664368 
110.679321 
110.695190 
110.710754 
110.726318 
110.742188 
110.758057 
110.773621 
110.789795 
110.804749 
110.820618 
110.836182 
110.851135 
110.867004 
110.881958 
110.896912 
110.911560 
110.926514 
110.942078 
110.957642 
110.974121 
110.990906 
111.006165 
111.021118 
111.036377 
111.051331 
111.065979 
111.080933 
111.096497 
111.110840 
111.125793 
111.141663 
111.156616 
111.171875 
111.187744 
111.203613 
111.218872 
111.234741 
111.250000 
111.264343 
111.278381 
111.293335 
111.307983 
111.323547 
111.339722 
111.355286 
111.371155 
111.387024 
111.402588 
111.418152 
111.433716 
111.449890 
111.464844 
111.480103 
111.495361 
111.510620 
111.525879 
111.540527 
111.555786 
111.572266 
111.589050 
111.605225 
111.621094 
111.636047 
111.651611 
111.666565 
111.681519 
111.695862 
111.711426 
111.726379 
111.741028 
111.755981 
111.771240 
111.786194 
111.801758 
111.817627 
111.833191 
111.848450 
111.863403 
111.877136 
111.891174 
111.905212 
111.919861 
111.934509 
111.949768 
111.964722 
111.979980 
111.995239 
112.010193 
112.025146 
112.040405 
112.055664 
112.070618 
112.085571 
112.100525 
112.115479 
112.129822 
112.144470 
112.160339 
112.175903 
112.192688 
112.208252 
112.223816 
112.239380 
112.254333 
112.269287 
112.284546 
112.299194 
112.313843 
112.329407 
112.344360 
112.359314 
112.374268 
112.390137 
112.405701 
112.421265 
112.436829 
112.453003 
112.467651 
112.482300 
112.496338 
112.510376 
112.525330 
112.540894 
112.556152 
112.571411 
112.587280 
112.603455 
112.618713 
112.633667 
112.649536 
112.664795 
112.680054 
112.695313 
112.709961 
112.725220 
112.740479 
112.755127 
112.770691 
112.786560 
112.803040 
112.818909 
112.834473 
112.849426 
112.864380 
112.879333 
112.893372 
112.908020 
112.921448 
112.935486 
112.949219 
112.962341 
112.975464 
112.988586 
113.000793 
113.013000 
113.025208 
113.037415 
113.048401 
113.058167 
113.067322 
113.076172 
113.085327 
113.094482 
113.103027 
113.111877 
113.120117 
113.127747 
113.135071 
113.142090 
113.148804 
113.154297 
113.160095 
113.164978 
113.170166 
113.173828 
113.177490 
113.180847 
113.183899 
113.187866 
113.191833 
113.194275 
113.196716 
113.197937 
113.198853 
113.199158 
113.199463 
113.198547 
113.197937 
113.197632 
113.196106 
113.194275 
113.192749 
113.190918 
113.188171 
113.185730 
113.182373 
113.178711 
113.174438 
113.168030 
113.162231 
113.155212 
113.149109 
113.142700 
113.136597 
113.129578 
113.123169 
113.116150 
113.108215 
113.101196 
113.093872 
113.085632 
113.078003 
113.069153 
113.061218 
113.052063 
113.043823 
113.034668 
113.026123 
113.019104 
113.012085 
113.004761 
112.996521 
112.988586 
112.980042 
112.971802 
112.962952 
112.954407 
112.945557 
112.937622 
112.929688 
112.921143 
112.913513 
112.905579 
112.897339 
112.889404 
112.882690 
112.874451 
112.866516 
112.857361 
112.848511 
112.839355 
112.831726 
112.823792 
112.815552 
112.808228 
112.800598 
112.792969 
112.785645 
112.778015 
112.770386 
112.762451 
112.754822 
112.746582 
112.738342 
112.730408 
112.721863 
112.713318 
112.705688 
112.698975 
112.692566 
112.685852 
112.678528 
112.670288 
112.662354 
112.654724 
112.646484 
112.638550 
112.630310 
112.622375 
112.614441 
112.606812 
112.598877 
112.591553 
112.583313 
112.575684 
112.568359 
112.561340 
112.553711 
112.545166 
112.536011 
112.526855 
112.518921 
112.511292 
112.503357 
112.496033 
112.488708 
112.480774 
112.473450 
112.465820 
112.457886 
112.450562 
112.442932 
112.434692 
112.426758 
112.418518 
112.410583 
112.402344 
112.394104 
112.387390 
112.381287 
112.374268 
112.367249 
112.359314 
112.351074 
112.343445 
112.335205 
112.327271 
112.319336 
112.311096 
112.303467 
112.295227 
112.287903 
112.279663 
112.272644 
112.264709 
112.257690 
112.250366 
112.243042 
112.234192 
112.225342 
112.216492 
112.208557 
112.200623 
112.193298 
112.185974 
112.178650 
112.171021 
112.163391 
112.156067 
112.148743 
112.141113 
112.132874 
112.125854 
112.117615 
112.109070 
112.101135 
112.092896 
112.085266 
112.078857 
112.072144 
112.065430 
112.057800 
112.050171 
112.042236 
112.034607 
112.026672 
112.018738 
112.010803 
112.002869 
111.994934 
111.987000 
111.979675 
111.972046 
111.964417 
111.957397 
111.949463 
111.942444 
111.934814 
111.925964 
111.916809 
111.908569 
111.900330 
111.892395 
111.885071 
111.877747 
111.870117 
111.862793 
111.855469 
111.847839 
111.840210 
111.832275 
111.825256 
111.817322 
111.809082 
111.800842 
111.792603 
111.784363 
111.776428 
111.770020 
111.763611 
111.756592 
111.749268 
111.741638 
111.733704 
111.725464 
111.717834 
111.709900 
111.701050 
111.694336 
111.686096 
111.678162 
111.670532 
111.662903 
111.655273 
111.647644 
111.640320 
111.632996 
111.625061 
111.616516 
111.607361 
111.598816 
111.591187 
111.583252 
111.575623 
111.567993 
111.560669 
111.553345 
111.546021 
111.539001 
111.530762 
111.523132 
111.515198 
111.507874 
111.499634 
111.491394 
111.483154 
111.474915 
111.466980 
111.460571 
111.454163 
111.447144 
111.440430 
111.432190 
111.424255 
111.416626 
111.408386 
111.400452 
111.392822 
111.384583 
111.376953 
111.369019 
111.361694 
111.353455 
111.346436 
111.339111 
111.331787 
111.324158 
111.316528 
111.307983 
111.299133 
111.290283 
111.281738 
111.274719 
111.267090 
111.259766 
111.251831 
111.244507 
111.237488 
111.229858 
111.222229 
111.214600 
111.206970 
111.199341 
111.191406 
111.183472 
111.175232 
111.166382 
111.159363 
111.152344 
111.145935 
111.139221 
111.131592 
111.124268 
111.116333 
111.108704 
111.100464 
111.092529 
111.084595 
111.076660 
111.069031 
111.061096 
111.053162 
111.045532 
111.038513 
111.030884 
111.023560 
111.016235 
111.008301 
110.999756 
110.991211 
110.982056 
110.973816 
110.966492 
110.958557 
110.950928 
110.943909 
110.936584 
110.928955 
110.921631 
110.914001 
110.906372 
110.898438 
110.890808 
110.882568 
110.874634 
110.866394 
110.857849 
110.849915 
110.843506 
110.836792 
110.830078 
110.823059 
110.814819 
110.807190 
110.799255 
110.791016 
110.783081 
110.775146 
110.767212 
110.759583 
110.751343 
110.743713 
110.736084 
110.728760 
110.720825 
110.713806 
110.706787 
110.698547 
110.690002 
110.681152 
110.672302 
110.664673 
110.656738 
110.649109 
110.641785 
110.634155 
110.626831 
110.619202 
110.611572 
110.604248 
110.596924 
110.588684 
110.581055 
110.573425 
110.565491 
110.557251 
110.549316 
110.540771 
110.533752 
110.527649 
110.520935 
110.513611 
110.505981 
110.498352 
110.490112 
110.482178 
110.474243 
110.466003 
110.458374 
110.450439 
110.442810 
110.434875 
110.426941 
110.419312 
110.412292 
110.405273 
110.397949 
110.390320 
110.381775 
110.372314 
110.364075 
110.355835 
110.348206 
110.340576 
110.332947 
110.325928 
110.318298 
110.310974 
110.303040 
110.295715 
110.287781 
110.280457 
110.272827 
110.264893 
110.256958 
110.249023 
110.240479 
110.232239 
110.225525 
110.219421 
110.213013 
110.205383 
110.198059 
110.190430 
110.183105 
110.175781 
110.168762 
110.161743 
110.155945 
110.149536 
110.144043 
110.139160 
110.134583 
110.130310 
110.126648 
110.124207 
110.121155 
110.118408 
110.115662 
110.112305 
110.109558 
110.108337 
110.108032 
110.107422 
110.107422 
110.108032 
110.109253 
110.110168 
110.111389 
110.112915 
110.114441 
110.116882 
110.119324 
110.122375 
110.125427 
110.129089 
110.133667 
110.137939 
110.144348 
110.151367 
110.158997 
110.166016 
110.172729 
110.180054 
110.188293 
110.195923 
110.203857 
110.212402 
110.221558 
110.231323 
110.241394 
110.252380 
110.263062 
110.274658 
110.286865 
110.299683 
110.312805 
110.326233 
110.339050 
110.352173 
110.365601 
110.380249 
110.395508 
110.410767 
110.426636 
110.442505 
110.458374 
110.474854 
110.490417 
110.506592 
110.521851 
110.538025 
110.553894 
110.569153 
110.584106 
110.599365 
110.614624 
110.629578 
110.645752 
110.662842 
110.678711 
110.694885 
110.710144 
110.725098 
110.740356 
110.755615 
110.770264 
110.785522 
110.800781 
110.816040 
110.830994 
110.846558 
110.862122 
110.877380 
110.892944 
110.908813 
110.924683 
110.940247 
110.954590 
110.968628 
110.982971 
110.997620 
111.013184 
111.028748 
111.044006 
111.059875 
111.075134 
111.091003 
111.106567 
111.121521 
111.137085 
111.152649 
111.167603 
111.182861 
111.197815 
111.212463 
111.228027 
111.242981 
111.259155 
111.275940 
111.292419 
111.307983 
111.323547 
111.339111 
111.354370 
111.369629 
111.384888 
111.399841 
111.415100 
111.430664 
111.445923 
111.461487 
111.476746 
111.492615 
111.508484 
111.524048 
111.540222 
111.555481 
111.569824 
111.584167 
111.598816 
111.613770 
111.629028 
111.644592 
111.659851 
111.675720 
111.691284 
111.706848 
111.722412 
111.737671 
111.752930 
111.768188 
111.783142 
111.798401 
111.813660 
111.828308 
111.842957 
111.857605 
111.873779 
111.890869 
111.906738 
111.921997 
111.937256 
111.952515 
111.967773 
111.982422 
111.996765 
112.011414 
112.026367 
112.041321 
112.056274 
112.071533 
112.086182 
112.101440 
112.117004 
112.132874 
112.148132 
112.163391 
112.177734 
112.191162 
112.205200 
112.219849 
112.235107 
112.250366 
112.265320 
112.281494 
112.296753 
112.312012 
112.327271 
112.342834 
112.357483 
112.373047 
112.388000 
112.402954 
112.418213 
112.433472 
112.448120 
112.463379 
112.479248 
112.495728 
112.512207 
112.527771 
112.543030 
112.558594 
112.573547 
112.588806 
112.603455 
112.618713 
112.633972 
112.648926 
112.664185 
112.679138 
112.694702 
112.710266 
112.725830 
112.741699 
112.757568 
112.773132 
112.787476 
112.801514 
112.815552 
112.830200 
112.845459 
112.860718 
112.875366 
112.890015 
112.905579 
112.919922 
112.933960 
112.947693 
112.960815 
112.973938 
112.986450 
112.998962 
113.010559 
113.021851 
113.033447 
113.043213 
113.055115 
113.067017 
113.077698 
113.087769 
113.096619 
113.105469 
113.113403 
113.121338 
113.128662 
113.135071 
113.142090 
113.148193 
113.153992 
113.160095 
113.164978 
113.170471 
113.175049 
113.179321 
113.183594 
113.186951 
113.188782 
113.190002 
113.191528 
113.192444 
113.193970 
113.195190 
113.195496 
113.196106 
113.196411 
113.196106 
113.195496 
113.194580 
113.193359 
113.191223 
113.189087 
113.186646 
113.182983 
113.179321 
113.175354 
113.170776 
113.167114 
113.164368 
113.160706 
113.155518 
113.150635 
113.145447 
113.139954 
113.134460 
113.128662 
113.122864 
113.117371 
113.111572 
113.105774 
113.100281 
113.095093 
113.089294 
113.083801 
113.078918 
113.073730 
113.067932 
113.061523 
113.054810 
113.048096 
113.041687 
113.036194 
113.031006 
113.025208 
113.020325 
113.015442 
113.009644 
113.004761 
112.999268 
112.993774 
112.988892 
112.983093 
112.977905 
112.972107 
112.966003 
112.960510 
112.954712 
112.950745 
112.946472 
112.942200 
112.937317 
112.932739 
112.926941 
112.921448 
112.916260 
112.910767 
112.905273 
112.899780 
112.893982 
112.888794 
112.883606 
112.878723 
112.873840 
112.868958 
112.864075 
112.859497 
112.854309 
112.848511 
112.842102 
112.835999 
112.830505 
112.825317 
112.820129 
112.814941 
112.810059 
112.805481 
112.800598 
112.795715 
112.790527 
112.785339 
112.780457 
112.775269 
112.769775 
112.763977 
112.758484 
112.752991 
112.747498 
112.743225 
112.738647 
112.734985 
112.730103 
112.724609 
112.719421 
112.714233 
112.708740 
112.702942 
112.697754 
112.692566 
112.687073 
112.681885 
112.677002 
112.671509 
112.666931 
112.661743 
112.656860 
112.652283 
112.647705 
112.641296 
112.634888 
112.628784 
112.622986 
112.617798 
112.612915 
112.607727 
112.603149 
112.598267 
112.593384 
112.588501 
112.583618 
112.577820 
112.572632 
112.567444 
112.562256 
112.556763 
112.550659 
112.545166 
112.540283 
112.535706 
112.531738 
112.527771 
112.522888 
112.518311 
112.512817 
112.507324 
112.502441 
112.496338 
112.490845 
112.485962 
112.480469 
112.475281 
112.470093 
112.465210 
112.459717 
112.454834 
112.450256 
112.445984 
112.441101 
112.435303 
112.428894 
112.422791 
112.416992 
112.411499 
112.406616 
112.401733 
112.396851 
112.391968 
112.387390 
112.382507 
112.377319 
112.372437 
112.367554 
112.362061 
112.356873 
112.351379 
112.345886 
112.340393 
112.334900 
112.330322 
112.326355 
112.323303 
112.317810 
112.312927 
112.307434 
112.302246 
112.297363 
112.291565 
112.286072 
112.280579 
112.275696 
112.270203 
112.264404 
112.259521 
112.254333 
112.250061 
112.245483 
112.240295 
112.235718 
112.229919 
112.223511 
112.216797 
112.212219 
112.206421 
112.200928 
112.196655 
112.191772 
112.186584 
112.181702 
112.177124 
112.171631 
112.166748 
112.161865 
112.156677 
112.151184 
112.145691 
112.140198 
112.134705 
112.129211 
112.124634 
112.120972 
112.117004 
112.112122 
112.106323 
112.101135 
112.096558 
112.090759 
112.085266 
112.079773 
112.074585 
112.069397 
112.064209 
112.059021 
112.053833 
112.048645 
112.044067 
112.039185 
112.034302 
112.029114 
112.023621 
112.017517 
112.011108 
112.005310 
112.000122 
111.994934 
111.990356 
111.985474 
111.980591 
111.975708 
111.970825 
111.966248 
111.960754 
111.955566 
111.950684 
111.945190 
111.939392 
111.933899 
111.928406 
111.922302 
111.918640 
111.914673 
111.910095 
111.905823 
111.900940 
111.895752 
111.890259 
111.885071 
111.878967 
111.874084 
111.869202 
111.863708 
111.858215 
111.853027 
111.847839 
111.842651 
111.838379 
111.833801 
111.828613 
111.824036 
111.818237 
111.811829 
111.805725 
111.799927 
111.794434 
111.789246 
111.784668 
111.780090 
111.774902 
111.769714 
111.764832 
111.759949 
111.754761 
111.749878 
111.744690 
111.738892 
111.733704 
111.728210 
111.722717 
111.717224 
111.713257 
111.708984 
111.705017 
111.700745 
111.695557 
111.690063 
111.684875 
111.679077 
111.673889 
111.668396 
111.663208 
111.658020 
111.652222 
111.647644 
111.641846 
111.636963 
111.632080 
111.627502 
111.622620 
111.617737 
111.611938 
111.605530 
111.599121 
111.593628 
111.588440 
111.583252 
111.578674 
111.573792 
111.568909 
111.564026 
111.558838 
111.553955 
111.549072 
111.543884 
111.538391 
111.533203 
111.528015 
111.522827 
111.517029 
111.511230 
111.506958 
111.502991 
111.499023 
111.494446 
111.489258 
111.483765 
111.478577 
111.473083 
111.467590 
111.462097 
111.456909 
111.451416 
111.446228 
111.441040 
111.436157 
111.430664 
111.425781 
111.421509 
111.416931 
111.411743 
111.405945 
111.399841 
111.393433 
111.387634 
111.382751 
111.377563 
111.372681 
111.368103 
111.362915 
111.358337 
111.353455 
111.348267 
111.343079 
111.338196 
111.333008 
111.327820 
111.321716 
111.316223 
111.310425 
111.305237 
111.301270 
111.297302 
111.293335 
111.288452 
111.283569 
111.278076 
111.272888 
111.268005 
111.262207 
111.256714 
111.251221 
111.246033 
111.240540 
111.235352 
111.230469 
111.225586 
111.220703 
111.216125 
111.211243 
111.206055 
111.200562 
111.194153 
111.188049 
111.182251 
111.177368 
111.171875 
111.166992 
111.162415 
111.157227 
111.152344 
111.147461 
111.142578 
111.137085 
111.132202 
111.127319 
111.121826 
111.116638 
111.111145 
111.105652 
111.100159 
111.095886 
111.091919 
111.087952 
111.083069 
111.078186 
111.072693 
111.067505 
111.062012 
111.056519 
111.051331 
111.045837 
111.040649 
111.035461 
111.030273 
111.025391 
111.020203 
111.015015 
111.010132 
111.005249 
111.000977 
110.994873 
110.988464 
110.982666 
110.976257 
110.971069 
110.966187 
110.960999 
110.956421 
110.951843 
110.947266 
110.941467 
110.936890 
110.931702 
110.926514 
110.921631 
110.916443 
110.910950 
110.905151 
110.899963 
110.894775 
110.889282 
110.886230 
110.881958 
110.877380 
110.871887 
110.867004 
110.861511 
110.856018 
110.850220 
110.845032 
110.839844 
110.834656 
110.829468 
110.823669 
110.819092 
110.813904 
110.809021 
110.804138 
110.799561 
110.794373 
110.788879 
110.782471 
110.776367 
110.770874 
110.765381 
110.760498 
110.755310 
110.750732 
110.745850 
110.741577 
110.735779 
110.730896 
110.725708 
110.721130 
110.715637 
110.710449 
110.704956 
110.698853 
110.693665 
110.688171 
110.683594 
110.679626 
110.675964 
110.671082 
110.665894 
110.660706 
110.655518 
110.650024 
110.644531 
110.639038 
110.633545 
110.628357 
110.623474 
110.618286 
110.613098 
110.608521 
110.603333 
110.598450 
110.593872 
110.588989 
110.583191 
110.576782 
110.570679 
110.565186 
110.559692 
110.554810 
110.549622 
110.544739 
110.539551 
110.534973 
110.529785 
110.525208 
110.519714 
110.515137 
110.509644 
110.504456 
110.499268 
110.493469 
110.487671 
110.482178 
110.478210 
110.474548 
110.470276 
110.465698 
110.460510 
110.455322 
110.450134 
110.444641 
110.439148 
110.433960 
110.428467 
110.422974 
110.417786 
110.412598 
110.407104 
110.402222 
110.397644 
110.392456 
110.387878 
110.382996 
110.377502 
110.371094 
110.365295 
110.358887 
110.354309 
110.348816 
110.343933 
110.339050 
110.334167 
110.329590 
110.324402 
110.319519 
110.314331 
110.309448 
110.304260 
110.299072 
110.293274 
110.288086 
110.282288 
110.276794 
110.272522 
110.268555 
110.265198 
110.260315 
110.255127 
110.249634 
110.244751 
110.238647 
110.233154 
110.227966 
110.222473 
110.217285 
110.211792 
110.206604 
110.201721 
110.196838 
110.191956 
110.187378 
110.182495 
110.177307 
110.172119 
110.166016 
110.159607 
110.154114 
110.148926 
110.144043 
110.140076 
110.135803 
110.131531 
110.128479 
110.124512 
110.121765 
110.119019 
110.116272 
110.114136 
110.112305 
110.110474 
110.108948 
110.108032 
110.107422 
110.108032 
110.109253 
110.111084 
110.112915 
110.114441 
110.115662 
110.117493 
110.119324 
110.122070 
110.125732 
110.129395 
110.133057 
110.137634 
110.143127 
110.149231 
110.155334 
110.161743 
110.169678 
110.177002 
110.184937 
110.192261 
110.199280 
110.207214 
110.215759 
110.225220 
110.235291 
110.246277 
110.257263 
110.268250 
110.280762 
110.293274 
110.305481 
110.318909 
110.332336 
110.345459 
110.360107 
110.374756 
110.388794 
110.403748 
110.418701 
110.434875 
110.451660 
110.468140 
110.484314 
110.499878 
110.516052 
110.531616 
110.546570 
110.562439 
110.577698 
110.592957 
110.607910 
110.622864 
110.638428 
110.653992 
110.669250 
110.685120 
110.700684 
110.716553 
110.732422 
110.747070 
110.761414 
110.775757 
110.790710 
110.805969 
110.821228 
110.836792 
110.852661 
110.868530 
110.884094 
110.899963 
110.915222 
110.930481 
110.946045 
110.960999 
110.976563 
110.991516 
111.007080 
111.021423 
111.036377 
111.052551 
111.069031 
111.085205 
111.101379 
111.116943 
111.131287 
111.146851 
111.161804 
111.176758 
111.192017 
111.207275 
111.222534 
111.237793 
111.253052 
111.268616 
111.284180 
111.299744 
111.315613 
111.331482 
111.347351 
111.362305 
111.376343 
111.390991 
111.405945 
111.420898 
111.436768 
111.452026 
111.467590 
111.483765 
111.499939 
111.515503 
111.530762 
111.546021 
111.561890 
111.577148 
111.592407 
111.607361 
111.622314 
111.637268 
111.652527 
111.668091 
111.685181 
111.700745 
111.717224 
111.732788 
111.747437 
111.762695 
111.777649 
111.792603 
111.807251 
111.822815 
111.837769 
111.852722 
111.867981 
111.883545 
111.898193 
111.913757 
111.929321 
111.944580 
111.960449 
111.974792 
111.988525 
112.003174 
112.017212 
112.032471 
112.047729 
112.062988 
112.078552 
112.093506 
112.109070 
112.124634 
112.139587 
112.154846 
112.170105 
112.185059 
112.200012 
112.214966 
112.229614 
112.244263 
112.258911 
112.275391 
112.291565 
112.308044 
112.323608 
112.339172 
112.353821 
112.369080 
112.384033 
112.398987 
112.413635 
112.428894 
112.444153 
112.459106 
112.474365 
112.489624 
112.504883 
112.520447 
112.536011 
112.551575 
112.567749 
112.582092 
112.596436 
112.610474 
112.625122 
112.640076 
112.655334 
112.671509 
112.686768 
112.702026 
112.717896 
112.733459 
112.749023 
112.764282 
112.779846 
112.794800 
112.809753 
112.825012 
112.839966 
112.854309 
112.868347 
112.883911 
112.900085 
112.915955 
112.930603 
112.944031 
112.957153 
112.970581 
112.983398 
112.995300 
113.006897 
113.018799 
113.030396 
113.041382 
113.052368 
113.062744 
113.072815 
113.082886 
113.092651 
113.102112 
113.110352 
113.118286 
113.124390 
113.130798 
113.136902 
113.143616 
113.149719 
113.155518 
113.161316 
113.166504 
113.171082 
113.175354 
113.179932 
113.182983 
113.186340 
113.188782 
113.190918 
113.192444 
113.193054 
113.193970 
113.194580 
113.195190 
113.196411 
113.197327 
113.197632 
113.196411 
113.194885 
113.193665 
113.191223 
113.188477 
113.185730 
113.182983 
113.179626 
113.175659 
113.172607 
113.168945 
113.164978 
113.161926 
113.157959 
113.154297 
113.150330 
113.145447 
113.140259 
113.134766 
113.130188 
113.125305 
113.121033 
113.117371 
113.112793 
113.109131 
113.105164 
113.100891 
113.097229 
113.092651 
113.088074 
113.083801 
113.079834 
113.075256 
113.070374 
113.065796 
113.061523 
113.057861 
113.054810 
113.052063 
113.048096 
113.044434 
113.040161 
113.036194 
113.031921 
113.027344 
113.022766 
113.018799 
113.014832 
113.010559 
113.006592 
113.002930 
112.998657 
112.995605 
112.991943 
112.988586 
112.984619 
112.980652 
112.975159 
112.970276 
112.966003 
112.961731 
112.958069 
112.954407 
112.950745 
112.947693 
112.943420 
112.940063 
112.936401 
112.932434 
112.928467 
112.924805 
112.920532 
112.915955 
112.912903 
112.908020 
112.904053 
112.900696 
112.897949 
112.894897 
112.891846 
112.887878 
112.883911 
112.879944 
112.875977 
112.871704 
112.867737 
112.863159 
112.859497 
112.855835 
112.851257 
112.847595 
112.843933 
112.840576 
112.837219 
112.833557 
112.830200 
112.825623 
112.820129 
112.815857 
112.810669 
112.806702 
112.803040 
112.799377 
112.795715 
112.792358 
112.788696 
112.785034 
112.781372 
112.777405 
112.773743 
112.769470 
112.765503 
112.761230 
112.756958 
112.752991 
112.748108 
112.745361 
112.742615 
112.739563 
112.736511 
112.732544 
112.728577 
112.724304 
112.720642 
112.716064 
112.712097 
112.708130 
112.703857 
112.699890 
112.696228 
112.692566 
112.688293 
112.685242 
112.681885 
112.678223 
112.674866 
112.670593 
112.665100 
112.660217 
112.656250 
112.652283 
112.648010 
112.644653 
112.640991 
112.637634 
112.633362 
112.630005 
112.626648 
112.622986 
112.618713 
112.615356 
112.611389 
112.607422 
112.602844 
112.598267 
112.594299 
112.591248 
112.588501 
112.585449 
112.582397 
112.578430 
112.574158 
112.570496 
112.566528 
112.562256 
112.558289 
112.554321 
112.550354 
112.546387 
112.542114 
112.538452 
112.534790 
112.531433 
112.527771 
112.524414 
112.520752 
112.517090 
112.511597 
112.506409 
112.502441 
112.498474 
112.494507 
112.491150 
112.487183 
112.483826 
112.480469 
112.476807 
112.472839 
112.469177 
112.465210 
112.461243 
112.457275 
112.453308 
112.448730 
112.444458 
112.440186 
112.437134 
112.434387 
112.431641 
112.428284 
112.424622 
112.420654 
112.416077 
112.412109 
112.408142 
112.403564 
112.400208 
112.395935 
112.391663 
112.388000 
112.384338 
112.380676 
112.377014 
112.373352 
112.369690 
112.366638 
112.362366 
112.356873 
112.352295 
112.347412 
112.343750 
112.339478 
112.335815 
112.332764 
112.329407 
112.325745 
112.322083 
112.317810 
112.314148 
112.310791 
112.306519 
112.302551 
112.298584 
112.294617 
112.289734 
112.285767 
112.282410 
112.279968 
112.277222 
112.273865 
112.269592 
112.265930 
112.261963 
112.257996 
112.253113 
112.249451 
112.245483 
112.241211 
112.237549 
112.233582 
112.229004 
112.226257 
112.222290 
112.218628 
112.215576 
112.211914 
112.207642 
112.202759 
112.197571 
112.193298 
112.189331 
112.185364 
112.182007 
112.178345 
112.174377 
112.171326 
112.167664 
112.163696 
112.160034 
112.156372 
112.152100 
112.148132 
112.144775 
112.140198 
112.135620 
112.131958 
112.127991 
112.125549 
112.123108 
112.120056 
112.115784 
112.111511 
112.107544 
112.103882 
112.099304 
112.095642 
112.091370 
112.087402 
112.083435 
112.079163 
112.075500 
112.071838 
112.068176 
112.064819 
112.061462 
112.058105 
112.053528 
112.048950 
112.043762 
112.039185 
112.034912 
112.031555 
112.027893 
112.024536 
112.020874 
112.017517 
112.013245 
112.009888 
112.005920 
112.001953 
111.997986 
111.994324 
111.990051 
111.986084 
111.981812 
111.977539 
111.973877 
111.971436 
111.968994 
111.965027 
111.961670 
111.958008 
111.953125 
111.948853 
111.944885 
111.940613 
111.936951 
111.932983 
111.929016 
111.924744 
111.921082 
111.917114 
111.914063 
111.910400 
111.907043 
111.903381 
111.899109 
111.893921 
111.889038 
111.884155 
111.880493 
111.876831 
111.873169 
111.869507 
111.866150 
111.862488 
111.858826 
111.854858 
111.851196 
111.847534 
111.843567 
111.840210 
111.835327 
111.831360 
111.827087 
111.823425 
111.819153 
111.817017 
111.814270 
111.810913 
111.807556 
111.803284 
111.799011 
111.794739 
111.790771 
111.786499 
111.782532 
111.778870 
111.774292 
111.770630 
111.766968 
111.762695 
111.759644 
111.755981 
111.752625 
111.748962 
111.744690 
111.739502 
111.734619 
111.730347 
111.726074 
111.722717 
111.719055 
111.715698 
111.711731 
111.708374 
111.704407 
111.700745 
111.697083 
111.693420 
111.689453 
111.685486 
111.681519 
111.676941 
111.672668 
111.668701 
111.665039 
111.662598 
111.659851 
111.656799 
111.653137 
111.649170 
111.645203 
111.640625 
111.636963 
111.632690 
111.628418 
111.624146 
111.620483 
111.616211 
111.612549 
111.608582 
111.605225 
111.601868 
111.598206 
111.594543 
111.590271 
111.585083 
111.581116 
111.575928 
111.572266 
111.568604 
111.564636 
111.560974 
111.557312 
111.553650 
111.550293 
111.546631 
111.542969 
111.539001 
111.535034 
111.531067 
111.527100 
111.522522 
111.518555 
111.514282 
111.510315 
111.508179 
111.505432 
111.502380 
111.498718 
111.494751 
111.490479 
111.486206 
111.481934 
111.477966 
111.473999 
111.469727 
111.465454 
111.461487 
111.457825 
111.454163 
111.450500 
111.447144 
111.444092 
111.440430 
111.436157 
111.430664 
111.425781 
111.421204 
111.416931 
111.413879 
111.409912 
111.405640 
111.402893 
111.399231 
111.395569 
111.392212 
111.388245 
111.384277 
111.380920 
111.376343 
111.372375 
111.368408 
111.363831 
111.359863 
111.356506 
111.354065 
111.351318 
111.347961 
111.344299 
111.340332 
111.336060 
111.332092 
111.327820 
111.323547 
111.319275 
111.315613 
111.311646 
111.307373 
111.303711 
111.299744 
111.296692 
111.293030 
111.289673 
111.285706 
111.282349 
111.276855 
111.271667 
111.267700 
111.263428 
111.259766 
111.255798 
111.252441 
111.248779 
111.245422 
111.242065 
111.238098 
111.234131 
111.230469 
111.226501 
111.222534 
111.217957 
111.214600 
111.209412 
111.205750 
111.202087 
111.199646 
111.197205 
111.193848 
111.189575 
111.186218 
111.181946 
111.177979 
111.174011 
111.169434 
111.165466 
111.161499 
111.157532 
111.153259 
111.149597 
111.145630 
111.141968 
111.138916 
111.134949 
111.131897 
111.127930 
111.122131 
111.117249 
111.113281 
111.109009 
111.105042 
111.101685 
111.098022 
111.094360 
111.091003 
111.087036 
111.083679 
111.080322 
111.075745 
111.072083 
111.068420 
111.064148 
111.060181 
111.055603 
111.051636 
111.047974 
111.045227 
111.043091 
111.039734 
111.035461 
111.031799 
111.027832 
111.023865 
111.019287 
111.015320 
111.010742 
111.006775 
111.003113 
110.999146 
110.995178 
110.991211 
110.987549 
110.984192 
110.980835 
110.977478 
110.973511 
110.968323 
110.962830 
110.958862 
110.954590 
110.950928 
110.946960 
110.943604 
110.940247 
110.936584 
110.932922 
110.929260 
110.925598 
110.921631 
110.917969 
110.914001 
110.909729 
110.906067 
110.901489 
110.896912 
110.893860 
110.891418 
110.888672 
110.885315 
110.881348 
110.877380 
110.873413 
110.869446 
110.864868 
110.860901 
110.856934 
110.852966 
110.848694 
110.844727 
110.841064 
110.837402 
110.833740 
110.830383 
110.826721 
110.823059 
110.818787 
110.813904 
110.809021 
110.804443 
110.800476 
110.796814 
110.792847 
110.789490 
110.785828 
110.782471 
110.778503 
110.774841 
110.771179 
110.767517 
110.763550 
110.759888 
110.755615 
110.751343 
110.747070 
110.742798 
110.739136 
110.737000 
110.733948 
110.731201 
110.727234 
110.722961 
110.718994 
110.715027 
110.711060 
110.706482 
110.702515 
110.698547 
110.694275 
110.690002 
110.686340 
110.682678 
110.679321 
110.675659 
110.671997 
110.668640 
110.664978 
110.659790 
110.654602 
110.650024 
110.646057 
110.642090 
110.638733 
110.635071 
110.631409 
110.627747 
110.624390 
110.620728 
110.616760 
110.613098 
110.609131 
110.605164 
110.600891 
110.597229 
110.592957 
110.588684 
110.584717 
110.582275 
110.579529 
110.576477 
110.572815 
110.569153 
110.564880 
110.560608 
110.556641 
110.552368 
110.548096 
110.543823 
110.539856 
110.536194 
110.531921 
110.528259 
110.525208 
110.521240 
110.518188 
110.514526 
110.510559 
110.505371 
110.500183 
110.495911 
110.491943 
110.487976 
110.484314 
110.480652 
110.476990 
110.473633 
110.469971 
110.466003 
110.462646 
110.458984 
110.455017 
110.451355 
110.447083 
110.442810 
110.438538 
110.434265 
110.430908 
110.427856 
110.425720 
110.422058 
110.418396 
110.414734 
110.411072 
110.406799 
110.402222 
110.398560 
110.394287 
110.389709 
110.385742 
110.381470 
110.378418 
110.374146 
110.370789 
110.367432 
110.363770 
110.360413 
110.356445 
110.351257 
110.346069 
110.341492 
110.337524 
110.333862 
110.330200 
110.326538 
110.322876 
110.319824 
110.315857 
110.312195 
110.308533 
110.304565 
110.300903 
110.296631 
110.292969 
110.288696 
110.284424 
110.280151 
110.276489 
110.274048 
110.271301 
110.268250 
110.264587 
110.260620 
110.256958 
110.252686 
110.248108 
110.243835 
110.240173 
110.235596 
110.231934 
110.227661 
110.223694 
110.220337 
110.216980 
110.213013 
110.209351 
110.206299 
110.202332 
110.196838 
110.191650 
110.187683 
110.183716 
110.180054 
110.176086 
110.172424 
110.169067 
110.165710 
110.162048 
110.158081 
110.154724 
110.150757 
110.146790 
110.143433 
110.138855 
110.134583 
110.131226 
110.127258 
110.124207 
110.122375 
110.120850 
110.119019 
110.117188 
110.115356 
110.113220 
110.112000 
110.110779 
110.110168 
110.109863 
110.110168 
110.110168 
110.111084 
110.112305 
110.114441 
110.116272 
110.119324 
110.122375 
110.125427 
110.129089 
110.132446 
110.135803 
110.140076 
110.145569 
110.151367 
110.158386 
110.165405 
110.173035 
110.180969 
110.189209 
110.197449 
110.206299 
110.215454 
110.225220 
110.234985 
110.245667 
110.256042 
110.266418 
110.277405 
110.290222 
110.303650 
110.317383 
110.332031 
110.345459 
110.359497 
110.374146 
110.388489 
110.403137 
110.418396 
110.433350 
110.448608 
110.464172 
110.479736 
110.495605 
110.511475 
110.527344 
110.543518 
110.559387 
110.575867 
110.590820 
110.605469 
110.619812 
110.634155 
110.649414 
110.664673 
110.680542 
110.696106 
110.711975 
110.727844 
110.743408 
110.758667 
110.774231 
110.789795 
110.805359 
110.820007 
110.835571 
110.850525 
110.865784 
110.880737 
110.895996 
110.912781 
110.929565 
110.945435 
110.960999 
110.976257 
110.991516 
111.006775 
111.022034 
111.036987 
111.051941 
111.067200 
111.082153 
111.097412 
111.112366 
111.127625 
111.143494 
111.159058 
111.175232 
111.191101 
111.206360 
111.220093 
111.234436 
111.248779 
111.264343 
111.279907 
111.295471 
111.310730 
111.326599 
111.342773 
111.358032 
111.373901 
111.389465 
111.404724 
111.420288 
111.435852 
111.450500 
111.465759 
111.481323 
111.496277 
111.511841 
111.528625 
111.545105 
111.560974 
111.576538 
111.592102 
111.606750 
111.622314 
111.637268 
111.652222 
111.667480 
111.682739 
111.697998 
111.713257 
111.728516 
111.743774 
111.759033 
111.774597 
111.790466 
111.806030 
111.821289 
111.835327 
111.849365 
111.863708 
111.878662 
111.893921 
111.908875 
111.924744 
111.939697 
111.955261 
111.970825 
111.985779 
112.000732 
112.015686 
112.031250 
112.045898 
112.061157 
112.075500 
112.089844 
112.104797 
112.119751 
112.136536 
112.152710 
112.168274 
112.183533 
112.198486 
112.213440 
112.228394 
112.243347 
112.257996 
112.273560 
112.288208 
112.303467 
112.318420 
112.333984 
112.348938 
112.364502 
112.380371 
112.395630 
112.411499 
112.427063 
112.441101 
112.454834 
112.469482 
112.484436 
112.500305 
112.515259 
112.531128 
112.546387 
112.561951 
112.577820 
112.593384 
112.608643 
112.623901 
112.639160 
112.654114 
112.669373 
112.684326 
112.698975 
112.713623 
112.729492 
112.745972 
112.762451 
112.778931 
112.793579 
112.809448 
112.824402 
112.839050 
112.854004 
112.868347 
112.882996 
112.897644 
112.911377 
112.926025 
112.939758 
112.953186 
112.966919 
112.980042 
112.993469 
113.005676 
113.017883 
113.027954 
113.038025 
113.048096 
113.058777 
113.068848 
113.078613 
113.087769 
113.097229 
113.106079 
113.114929 
113.122559 
113.129883 
113.136597 
113.143311 
113.149414 
113.155212 
113.160095 
113.164978 
113.168945 
113.173523 
113.178406 
113.183289 
113.186951 
113.190002 
113.192139 
113.193970 
113.195190 
113.196411 
113.196716 
113.196716 
113.197021 
113.196411 
113.196106 
113.196106 
113.194275 
113.193359 
113.191528 
113.190613 
113.189087 
113.186035 
113.182373 
113.178406 
113.174438 
113.171387 
113.168030 
113.164978 
113.161621 
113.158875 
113.155823 
113.152161 
113.149109 
113.145447 
113.141785 
113.138428 
113.135071 
113.130798 
113.126831 
113.123474 
113.118896 
113.115540 
113.113708 
113.111267 
113.108521 
113.105469 
113.101807 
113.098450 
113.095093 
113.091431 
113.087769 
113.084412 
113.080750 
113.076782 
113.073730 
113.070984 
113.067322 
113.064270 
113.061523 
113.058472 
113.055725 
113.052673 
113.048096 
113.043518 
113.039856 
113.036194 
113.032837 
113.029785 
113.027649 
113.024597 
113.021545 
113.018494 
113.015747 
113.012390 
113.009644 
113.006592 
113.003235 
113.000183 
112.996216 
112.992859 
112.989197 
112.986450 
112.984314 
112.983093 
112.980347 
112.977600 
112.974243 
112.971497 
112.967529 
112.964172 
112.961121 
112.957764 
112.954712 
112.951355 
112.947998 
112.944946 
112.942200 
112.939758 
112.936401 
112.934265 
112.931213 
112.928162 
112.923889 
112.919312 
112.915649 
112.911987 
112.909241 
112.906494 
112.903442 
112.900391 
112.897949 
112.894592 
112.891235 
112.888184 
112.885437 
112.882385 
112.879028 
112.875977 
112.872009 
112.868652 
112.865601 
112.862244 
112.859802 
112.858582 
112.856140 
112.853088 
112.850037 
112.846985 
112.843323 
112.839966 
112.836609 
112.833557 
112.830505 
112.826843 
112.823792 
112.820435 
112.817688 
112.814636 
112.811890 
112.809753 
112.807312 
112.803650 
112.799072 
112.795105 
112.791138 
112.787781 
112.785034 
112.781982 
112.778931 
112.776184 
112.773438 
112.770691 
112.767944 
112.764587 
112.761536 
112.758179 
112.755432 
112.752075 
112.748718 
112.744751 
112.741699 
112.738647 
112.736511 
112.734985 
112.732544 
112.729492 
112.726440 
112.723389 
112.719727 
112.716370 
112.713318 
112.709961 
112.706909 
112.703857 
112.700500 
112.697754 
112.694702 
112.691650 
112.688904 
112.686768 
112.684021 
112.680359 
112.676086 
112.672119 
112.668152 
112.664795 
112.662048 
112.658997 
112.655945 
112.653503 
112.650452 
112.648010 
112.644653 
112.642212 
112.638550 
112.635498 
112.632446 
112.628784 
112.625732 
112.622070 
112.619019 
112.615356 
112.613831 
112.612000 
112.609863 
112.606812 
112.604065 
112.600403 
112.597351 
112.593994 
112.590332 
112.587280 
112.584229 
112.580566 
112.576904 
112.574463 
112.571106 
112.568359 
112.565918 
112.562866 
112.560425 
112.556763 
112.552795 
112.548523 
112.544556 
112.541504 
112.538147 
112.535400 
112.532349 
112.529907 
112.526855 
112.523499 
112.521057 
112.518311 
112.515564 
112.512207 
112.508850 
112.505493 
112.501831 
112.498779 
112.495117 
112.491760 
112.490234 
112.488098 
112.485962 
112.482910 
112.480164 
112.476196 
112.473450 
112.470398 
112.466736 
112.463379 
112.459717 
112.456970 
112.453308 
112.450562 
112.447510 
112.444763 
112.442017 
112.439575 
112.436523 
112.433777 
112.429504 
112.424927 
112.420959 
112.417297 
112.414551 
112.411499 
112.409058 
112.406006 
112.403259 
112.400513 
112.397461 
112.394104 
112.391357 
112.388611 
112.384949 
112.381592 
112.378235 
112.375183 
112.371521 
112.369080 
112.366028 
112.364502 
112.362671 
112.359619 
112.356567 
112.353516 
112.350159 
112.346497 
112.343140 
112.339783 
112.337036 
112.333374 
112.330627 
112.327576 
112.323914 
112.321472 
112.319031 
112.316589 
112.313232 
112.310486 
112.306519 
112.302246 
112.297974 
112.294617 
112.291565 
112.288513 
112.285767 
112.283020 
112.279968 
112.277527 
112.274475 
112.271423 
112.268372 
112.265015 
112.261658 
112.258911 
112.254944 
112.251587 
112.248230 
112.245178 
112.243042 
112.241516 
112.239380 
112.236023 
112.232971 
112.229919 
112.226563 
112.223206 
112.219849 
112.216797 
112.213440 
112.209778 
112.207031 
112.203674 
112.200623 
112.197876 
112.195129 
112.192688 
112.190247 
112.186584 
112.182617 
112.178650 
112.174377 
112.171021 
112.167969 
112.165222 
112.162170 
112.159424 
112.156982 
112.153625 
112.150879 
112.147827 
112.145081 
112.141724 
112.138977 
112.135315 
112.131653 
112.128601 
112.124939 
112.121582 
112.119751 
112.118225 
112.115784 
112.112122 
112.109680 
112.106323 
112.103271 
112.099609 
112.095947 
112.093201 
112.089844 
112.086487 
112.083130 
112.080383 
112.077332 
112.073975 
112.071533 
112.069397 
112.066650 
112.062988 
112.059326 
112.054138 
112.050476 
112.047424 
112.044373 
112.041321 
112.038879 
112.035828 
112.033081 
112.030334 
112.027588 
112.024231 
112.021484 
112.018433 
112.014771 
112.012024 
112.008362 
112.005005 
112.001648 
111.997986 
111.996155 
111.994629 
111.992188 
111.989136 
111.986389 
111.982727 
111.979675 
111.976624 
111.972961 
111.969299 
111.966553 
111.963196 
111.960144 
111.956787 
111.954041 
111.950684 
111.947937 
111.945801 
111.943054 
111.939697 
111.935730 
111.931152 
111.927490 
111.924133 
111.921387 
111.918030 
111.915283 
111.912537 
111.909485 
111.906738 
111.903992 
111.900940 
111.897888 
111.894531 
111.891479 
111.888123 
111.884766 
111.881409 
111.877747 
111.874695 
111.873169 
111.871033 
111.868591 
111.866150 
111.863098 
111.859741 
111.856689 
111.852417 
111.849365 
111.846313 
111.842957 
111.839294 
111.836548 
111.833801 
111.831055 
111.827698 
111.824646 
111.822510 
111.819763 
111.816101 
111.812439 
111.807861 
111.804199 
111.800842 
111.797485 
111.794434 
111.791687 
111.788940 
111.785889 
111.783447 
111.780396 
111.777039 
111.774292 
111.771240 
111.767883 
111.764526 
111.761169 
111.757813 
111.754150 
111.750793 
111.748962 
111.747437 
111.744995 
111.742249 
111.739197 
111.735840 
111.732788 
111.729431 
111.725769 
111.723022 
111.719360 
111.716309 
111.712952 
111.710510 
111.707153 
111.704102 
111.701660 
111.698608 
111.696167 
111.693420 
111.688843 
111.684570 
111.680603 
111.676636 
111.674194 
111.671448 
111.668091 
111.665649 
111.662598 
111.660156 
111.657104 
111.653748 
111.650696 
111.647949 
111.644592 
111.641235 
111.637573 
111.634216 
111.630859 
111.627197 
111.625671 
111.623840 
111.622009 
111.618958 
111.615601 
111.612244 
111.608887 
111.605225 
111.602478 
111.599426 
111.595764 
111.592712 
111.589661 
111.586304 
111.583252 
111.580200 
111.577759 
111.575317 
111.572266 
111.569519 
111.564941 
111.560974 
111.557007 
111.553650 
111.550293 
111.547546 
111.544800 
111.541748 
111.538696 
111.536560 
111.533203 
111.530457 
111.527100 
111.524353 
111.521301 
111.517944 
111.514587 
111.510315 
111.507263 
111.504517 
111.502075 
111.500244 
111.498108 
111.495361 
111.492310 
111.489258 
111.485901 
111.482239 
111.478882 
111.475525 
111.472168 
111.468811 
111.465759 
111.462402 
111.459961 
111.456604 
111.454163 
111.451111 
111.448669 
111.445923 
111.441650 
111.437073 
111.433411 
111.430054 
111.427002 
111.423645 
111.420898 
111.418457 
111.415710 
111.412964 
111.409607 
111.406555 
111.403809 
111.400757 
111.397400 
111.394348 
111.391296 
111.387329 
111.383972 
111.381226 
111.378784 
111.376953 
111.374817 
111.372070 
111.369019 
111.365967 
111.362610 
111.358948 
111.355591 
111.352844 
111.349182 
111.345825 
111.342773 
111.339417 
111.336670 
111.333923 
111.331177 
111.328125 
111.325378 
111.322327 
111.318054 
111.313477 
111.309814 
111.306458 
111.303406 
111.300354 
111.297607 
111.294861 
111.292114 
111.289368 
111.286316 
111.283569 
111.280212 
111.277161 
111.274414 
111.270752 
111.267395 
111.263733 
111.260376 
111.257324 
111.255493 
111.253662 
111.251221 
111.248779 
111.245422 
111.242065 
111.239014 
111.235657 
111.231995 
111.229248 
111.225891 
111.221924 
111.219177 
111.216431 
111.213074 
111.210022 
111.207581 
111.204834 
111.202087 
111.199341 
111.195068 
111.190796 
111.186523 
111.183472 
111.180420 
111.177673 
111.174622 
111.171570 
111.168518 
111.165771 
111.163025 
111.159668 
111.156921 
111.153564 
111.150818 
111.147461 
111.143799 
111.140747 
111.137390 
111.133728 
111.131897 
111.130066 
111.127930 
111.125488 
111.122131 
111.118774 
111.115723 
111.112366 
111.108398 
111.105652 
111.102600 
111.098633 
111.095581 
111.093140 
111.089783 
111.086731 
111.084290 
111.081543 
111.079102 
111.075439 
111.071777 
111.067200 
111.063843 
111.060181 
111.057129 
111.054077 
111.051025 
111.048889 
111.045532 
111.042786 
111.040039 
111.036987 
111.033630 
111.030884 
111.027222 
111.024475 
111.021118 
111.017151 
111.013794 
111.010437 
111.008606 
111.007080 
111.004333 
111.001587 
110.998840 
110.995483 
110.992126 
110.989075 
110.985413 
110.981750 
110.978699 
110.975647 
110.972290 
110.969238 
110.966492 
110.963440 
110.960693 
110.957947 
110.955200 
110.951843 
110.948486 
110.943909 
110.939331 
110.936584 
110.933228 
110.930481 
110.927124 
110.924683 
110.921936 
110.919189 
110.916748 
110.913391 
110.910034 
110.907288 
110.904236 
110.900879 
110.897827 
110.894470 
110.890503 
110.887146 
110.885620 
110.883484 
110.881348 
110.878601 
110.875244 
110.871887 
110.868835 
110.865784 
110.862122 
110.858459 
110.855408 
110.852051 
110.848999 
110.845947 
110.842896 
110.839844 
110.837402 
110.834351 
110.831909 
110.828247 
110.824890 
110.820618 
110.816650 
110.812683 
110.809937 
110.806885 
110.803833 
110.801392 
110.798645 
110.795593 
110.792542 
110.789490 
110.786743 
110.783691 
110.780945 
110.777588 
110.773621 
110.770569 
110.766907 
110.763855 
110.761719 
110.760193 
110.757751 
110.755310 
110.752563 
110.748901 
110.745239 
110.742188 
110.738831 
110.735168 
110.732422 
110.728760 
110.725708 
110.722656 
110.719604 
110.716553 
110.713806 
110.711365 
110.708618 
110.705872 
110.700989 
110.697021 
110.693054 
110.689697 
110.686646 
110.683289 
110.680542 
110.677795 
110.675354 
110.672302 
110.669556 
110.666199 
110.663147 
110.659790 
110.657349 
110.653992 
110.650330 
110.646973 
110.643616 
110.640259 
110.638123 
110.636292 
110.634155 
110.631409 
110.628357 
110.625305 
110.621948 
110.618591 
110.615234 
110.611572 
110.608826 
110.605469 
110.602112 
110.599365 
110.596008 
110.593262 
110.590210 
110.588379 
110.585022 
110.582275 
110.578308 
110.573730 
110.569763 
110.566406 
110.563965 
110.560303 
110.556946 
110.554810 
110.552063 
110.549011 
110.546265 
110.542603 
110.539551 
110.536804 
110.533752 
110.530396 
110.526733 
110.523682 
110.520020 
110.516968 
110.514526 
110.513000 
110.510559 
110.507813 
110.505066 
110.502014 
110.498657 
110.495300 
110.491638 
110.488586 
110.485229 
110.481873 
110.478821 
110.476074 
110.473022 
110.469971 
110.467224 
110.464783 
110.461731 
110.458679 
110.454712 
110.450134 
110.445862 
110.443115 
110.440063 
110.437012 
110.433960 
110.431519 
110.428772 
110.425720 
110.422668 
110.419617 
110.416565 
110.413513 
110.410767 
110.407410 
110.404358 
110.400696 
110.397034 
110.393372 
110.391541 
110.389709 
110.387878 
110.384827 
110.381775 
110.378723 
110.375061 
110.372009 
110.368652 
110.365295 
110.361938 
110.358582 
110.355530 
110.352478 
110.349426 
110.346375 
110.343933 
110.341492 
110.338135 
110.335388 
110.331726 
110.327148 
110.323181 
110.319824 
110.316467 
110.313416 
110.310974 
110.307922 
110.305176 
110.302429 
110.299683 
110.296631 
110.293579 
110.290527 
110.287476 
110.284119 
110.280762 
110.277405 
110.273743 
110.270386 
110.268250 
110.266418 
110.264587 
110.261841 
110.258789 
110.255432 
110.252380 
110.248718 
110.245361 
110.242004 
110.238647 
110.235596 
110.231628 
110.228882 
110.226135 
110.222778 
110.220032 
110.217590 
110.215149 
110.212402 
110.208435 
110.203552 
110.199890 
110.196533 
110.192871 
110.190125 
110.187683 
110.184631 
110.182190 
110.178833 
110.176392 
110.173035 
110.169983 
110.166931 
110.164185 
110.160828 
110.157166 
110.153503 
110.150146 
110.147095 
110.144958 
110.142822 
110.141296 
110.138550 
110.135498 
110.132141 
110.129395 
110.126343 
110.122986 
110.120239 
110.118103 
110.115356 
110.113220 
110.111694 
110.110779 
110.109863 
110.109253 
110.108948 
110.108948 
110.108948 
110.107727 
110.106506 
110.105286 
110.105591 
110.105286 
110.105286 
110.105591 
110.105896 
110.106201 
110.106201 
110.106812 
110.106506 
110.106506 
110.106812 
110.107117 
110.106506 
110.106506 
110.106201 
110.105896 
110.105896 
110.106812 
110.108032 
110.109253 
110.109558 
110.109558 
110.109558 
110.109558 
110.109558 
110.108643 
110.108948 
110.108948 
110.109253 
110.108948 
110.108948 
110.109558 
110.109253 
110.109863 
110.110168 
110.110779 
110.110168 
110.110168 
110.108643 
110.107727 
110.107727 
110.108032 
110.107727 
110.108032 
110.108337 
110.108643 
110.108643 
110.108948 
110.108643 
110.108643 
110.108948 
110.108337 
110.108337 
110.108337 
110.107422 
110.107422 
110.107117 
110.108337 
110.110168 
110.110779 
110.110779 
110.110779 
110.110168 
110.110474 
110.110168 
110.109863 
110.109863 
110.109863 
110.109558 
110.109253 
110.109863 
110.110168 
110.109558 
110.110474 
110.111084 
110.111084 
110.111084 
110.110168 
110.109253 
110.108032 
110.108032 
110.108032 
110.107727 
110.108032 
110.108337 
