Blum, K. P., D’Incamps, B. L., Zytnicki, D., & Ting, L. H. (2017).
Force encoding in muscle spindles during stretch of
passive muscle. PLoS computational biology, 13(9), 
e1005767. <https://journals.plos.org/ploscompbiol/article?
id=10.1371/journal.pcbi.1005767>

cat medial gastrocnemius muscle lengths over t  (in 0.0005 s increments)
110.110779 
110.109558 
110.108643 
110.108643 
110.108643 
110.109253 
110.108948 
110.109558 
110.109863 
110.110168 
110.110168 
110.110474 
110.110168 
110.110779 
110.109863 
110.109863 
110.109558 
110.109253 
110.108948 
110.109253 
110.109863 
110.110474 
110.111084 
110.111694 
110.110779 
110.110779 
110.110779 
110.110779 
110.109863 
110.110168 
110.110168 
110.109863 
110.109863 
110.110168 
110.109863 
110.109863 
110.110474 
110.111084 
110.111084 
110.111694 
110.110474 
110.109253 
110.108643 
110.108948 
110.108643 
110.108948 
110.109253 
110.109863 
110.109863 
110.110168 
110.110168 
110.110168 
110.110168 
110.109863 
110.110168 
110.109558 
110.109558 
110.109253 
110.108643 
110.108643 
110.109863 
110.110474 
110.111084 
110.111084 
110.111084 
110.111084 
110.110474 
110.110779 
110.109863 
110.109863 
110.109863 
110.110168 
110.109863 
110.109558 
110.110474 
110.110168 
110.110474 
110.110779 
110.111389 
110.111084 
110.110474 
110.109558 
110.108643 
110.108643 
110.108643 
110.109253 
110.109253 
110.109253 
110.110474 
110.110168 
110.110168 
110.109863 
110.110168 
110.110168 
110.109863 
110.109863 
110.109558 
110.108948 
110.108948 
110.108948 
110.109558 
110.110474 
110.111389 
110.111389 
110.111084 
110.111084 
110.110168 
110.110779 
110.110779 
110.110779 
110.110474 
110.110779 
110.111694 
110.112305 
110.113525 
110.115051 
110.116272 
110.118713 
110.120850 
110.122986 
110.125122 
110.126953 
110.129700 
110.132751 
110.137329 
110.141602 
110.147400 
110.152893 
110.158997 
110.165100 
110.171509 
110.178528 
110.185852 
110.192566 
110.200195 
110.207825 
110.216064 
110.223999 
110.232544 
110.241699 
110.250854 
110.261230 
110.271912 
110.281677 
110.291443 
110.301208 
110.311279 
110.321045 
110.330811 
110.341187 
110.351563 
110.361938 
110.373230 
110.384521 
110.396118 
110.408020 
110.420227 
110.432434 
110.445557 
110.458374 
110.470886 
110.482788 
110.495605 
110.509033 
110.522156 
110.536499 
110.550232 
110.563660 
110.577393 
110.589905 
110.602112 
110.614624 
110.626221 
110.637512 
110.648499 
110.658875 
110.668945 
110.679016 
110.688782 
110.697937 
110.708923 
110.719910 
110.729980 
110.739746 
110.749207 
110.758057 
110.767517 
110.776672 
110.785217 
110.794678 
110.803528 
110.812683 
110.822144 
110.831604 
110.841064 
110.850830 
110.860291 
110.870667 
110.880432 
110.890503 
110.899353 
110.908203 
110.917053 
110.926514 
110.936279 
110.946655 
110.957031 
110.967102 
110.977783 
110.987854 
110.997925 
111.008301 
111.018372 
111.028442 
111.038208 
111.048584 
111.058044 
111.067810 
111.077881 
111.087646 
111.098633 
111.109924 
111.120911 
111.131287 
111.141663 
111.151733 
111.161499 
111.171570 
111.182251 
111.192322 
111.202393 
111.212463 
111.223145 
111.233215 
111.243896 
111.254578 
111.264954 
111.275940 
111.287537 
111.297607 
111.307373 
111.316528 
111.326294 
111.336975 
111.347351 
111.357727 
111.368713 
111.379395 
111.390076 
111.401062 
111.411438 
111.421814 
111.433105 
111.442871 
111.453247 
111.463623 
111.473694 
111.483459 
111.494141 
111.504822 
111.515198 
111.527100 
111.538086 
111.548157 
111.558838 
111.569214 
111.578979 
111.588440 
111.599121 
111.608582 
111.618652 
111.628723 
111.639099 
111.649170 
111.659851 
111.670227 
111.680603 
111.690979 
111.701965 
111.711731 
111.720886 
111.730042 
111.739502 
111.749268 
111.759644 
111.770020 
111.779785 
111.790466 
111.801147 
111.811218 
111.821289 
111.831665 
111.842041 
111.851807 
111.861572 
111.871643 
111.881409 
111.891174 
111.900940 
111.910706 
111.921692 
111.932678 
111.943665 
111.954041 
111.963806 
111.974487 
111.983948 
111.993408 
112.003174 
112.012939 
112.023315 
112.033081 
112.043762 
112.052917 
112.063904 
112.073975 
112.084351 
112.095032 
112.105713 
112.116089 
112.125244 
112.134399 
112.143860 
112.153625 
112.164307 
112.174683 
112.184753 
112.195129 
112.205811 
112.216187 
112.226563 
112.236938 
112.247314 
112.257080 
112.267456 
112.277222 
112.286987 
112.297363 
112.307129 
112.317200 
112.328186 
112.339478 
112.350769 
112.360535 
112.370911 
112.381592 
112.391052 
112.400818 
112.411194 
112.420959 
112.431335 
112.441406 
112.451782 
112.461853 
112.472229 
112.482605 
112.493286 
112.503967 
112.514648 
112.525024 
112.534790 
112.543640 
112.553101 
112.562866 
112.573853 
112.584534 
112.594910 
112.605286 
112.616272 
112.626648 
112.636414 
112.647095 
112.657471 
112.667236 
112.677002 
112.687378 
112.697144 
112.707214 
112.716980 
112.727356 
112.738037 
112.749634 
112.760620 
112.770996 
112.780762 
112.790833 
112.800293 
112.810669 
112.820435 
112.830200 
112.840271 
112.850647 
112.860413 
112.870789 
112.880859 
112.891235 
112.901917 
112.912598 
112.922668 
112.932739 
112.942505 
112.951355 
112.961121 
112.970886 
112.981262 
112.991638 
113.001404 
113.011475 
113.022156 
113.032227 
113.041992 
113.051758 
113.061218 
113.070374 
113.079529 
113.087769 
113.095703 
113.103638 
113.110962 
113.118591 
113.126831 
113.135071 
113.142090 
113.149109 
113.155212 
113.161011 
113.165283 
113.170166 
113.175049 
113.179016 
113.182373 
113.186340 
113.189392 
113.192139 
113.194885 
113.197021 
113.198853 
113.200684 
113.202209 
113.202820 
113.202209 
113.201294 
113.199768 
113.198853 
113.198242 
113.196716 
113.195496 
113.193359 
113.191223 
113.188171 
113.184814 
113.181458 
113.176575 
113.172302 
113.167114 
113.161316 
113.154907 
113.148804 
113.141479 
113.134460 
113.127441 
113.121338 
113.114014 
113.105469 
113.096313 
113.087158 
113.078003 
113.067932 
113.058167 
113.047180 
113.037109 
113.026123 
113.015747 
113.005066 
112.994080 
112.983398 
112.972412 
112.961426 
112.950745 
112.939148 
112.927246 
112.914734 
112.902222 
112.890015 
112.879028 
112.867432 
112.856445 
112.845154 
112.834167 
112.822266 
112.811279 
112.799988 
112.788391 
112.777405 
112.765808 
112.753906 
112.742310 
112.730408 
112.718811 
112.707520 
112.696838 
112.687378 
112.676697 
112.666321 
112.655029 
112.643738 
112.632751 
112.621460 
112.610474 
112.599182 
112.588806 
112.577209 
112.566833 
112.556152 
112.545166 
112.535095 
112.524719 
112.514954 
112.504883 
112.494202 
112.482910 
112.471008 
112.460022 
112.449341 
112.438965 
112.429199 
112.419128 
112.408752 
112.398376 
112.388611 
112.377930 
112.368164 
112.357788 
112.347412 
112.336426 
112.326050 
112.315063 
112.304382 
112.294006 
112.283325 
112.273254 
112.264099 
112.254639 
112.244263 
112.233887 
112.223511 
112.212830 
112.201843 
112.191162 
112.180481 
112.169800 
112.159424 
112.149048 
112.138672 
112.128296 
112.117920 
112.107849 
112.097778 
112.087708 
112.077332 
112.066040 
112.054749 
112.043762 
112.032776 
112.022095 
112.012024 
112.002258 
111.992188 
111.982117 
111.971741 
111.961365 
111.950684 
111.940002 
111.929626 
111.919250 
111.908875 
111.898193 
111.886597 
111.876221 
111.865845 
111.856079 
111.846924 
111.836853 
111.826477 
111.816406 
111.805725 
111.794739 
111.783447 
111.773071 
111.762695 
111.752014 
111.741638 
111.730957 
111.720581 
111.710510 
111.700439 
111.690674 
111.680298 
111.670837 
111.660156 
111.649170 
111.637268 
111.626282 
111.615906 
111.605530 
111.596375 
111.585693 
111.575623 
111.565857 
111.555786 
111.545715 
111.535645 
111.525269 
111.515198 
111.504211 
111.494446 
111.483154 
111.472778 
111.462097 
111.451416 
111.441956 
111.432800 
111.423035 
111.412659 
111.402283 
111.391907 
111.381226 
111.370850 
111.360168 
111.349792 
111.339417 
111.328735 
111.318359 
111.308289 
111.297913 
111.288147 
111.277771 
111.268311 
111.258240 
111.248169 
111.236877 
111.225586 
111.214600 
111.203918 
111.193848 
111.184082 
111.174316 
111.163940 
111.154175 
111.144104 
111.134033 
111.124573 
111.114502 
111.104126 
111.093750 
111.083069 
111.072693 
111.062317 
111.051636 
111.041565 
111.032410 
111.023254 
111.012878 
111.002808 
110.992126 
110.981140 
110.971069 
110.960083 
110.949402 
110.939026 
110.928040 
110.917358 
110.906677 
110.896606 
110.885925 
110.875549 
110.865479 
110.855103 
110.845032 
110.834045 
110.823364 
110.811768 
110.801086 
110.790405 
110.780029 
110.770264 
110.759888 
110.750122 
110.740356 
110.729980 
110.719910 
110.709839 
110.699463 
110.689087 
110.678711 
110.668335 
110.657654 
110.647278 
110.636292 
110.625916 
110.616150 
110.606995 
110.597534 
110.586548 
110.576477 
110.566101 
110.555115 
110.544434 
110.534058 
110.523071 
110.512695 
110.502625 
110.491943 
110.481567 
110.471497 
110.461426 
110.451965 
110.441589 
110.431824 
110.421448 
110.410461 
110.399475 
110.387878 
110.377808 
110.367432 
110.357361 
110.347595 
110.337830 
110.327759 
110.317383 
110.307617 
110.297546 
110.287170 
110.277100 
110.267334 
110.256958 
110.246887 
110.236511 
110.225830 
110.216980 
110.208740 
110.201111 
110.193481 
110.185547 
110.177917 
110.170288 
110.162964 
110.156250 
110.149536 
110.143738 
110.138855 
110.133972 
110.129395 
110.125122 
110.121765 
110.118408 
110.116272 
110.114136 
110.112305 
110.110474 
110.108948 
110.106201 
110.104980 
110.104980 
110.104980 
110.105286 
110.106506 
110.107422 
110.108643 
110.110779 
110.112610 
110.114746 
110.117188 
110.120239 
110.123596 
110.126953 
110.131226 
110.135498 
110.140686 
110.145874 
110.153198 
110.160522 
110.168152 
110.175781 
110.182495 
110.190430 
110.198669 
110.206604 
110.215454 
110.224609 
110.234070 
110.244141 
110.253906 
110.264587 
110.274963 
110.285950 
110.296936 
110.308838 
110.320129 
110.331726 
110.341797 
110.351868 
110.362854 
110.374146 
110.385742 
110.397339 
110.408936 
110.420227 
110.431213 
110.442505 
110.453491 
110.464172 
110.474854 
110.485229 
110.495911 
110.505981 
110.516052 
110.525818 
110.535583 
110.545654 
110.557556 
110.568542 
110.579529 
110.589600 
110.599670 
110.609741 
110.619202 
110.629272 
110.639038 
110.649109 
110.659180 
110.668945 
110.679626 
110.689697 
110.699463 
110.710449 
110.721436 
110.731506 
110.742493 
110.752869 
110.762329 
110.770874 
110.780640 
110.790710 
110.801086 
110.811462 
110.821838 
110.832520 
110.842896 
110.853577 
110.863953 
110.874329 
110.884399 
110.894775 
110.904541 
110.914612 
110.924683 
110.934143 
110.943604 
110.953979 
110.964966 
110.976563 
110.987244 
110.997314 
111.007385 
111.017761 
111.027527 
111.036987 
111.047058 
111.057434 
111.067200 
111.077576 
111.087646 
111.097412 
111.107788 
111.118164 
111.128540 
111.139526 
111.148987 
111.159363 
111.169128 
111.177979 
111.187744 
111.198120 
111.208191 
111.218262 
111.228943 
111.239014 
111.249695 
111.260071 
111.270447 
111.280212 
111.290588 
111.300049 
111.310425 
111.320801 
111.330261 
111.340332 
111.350403 
111.360474 
111.371765 
111.383057 
111.393738 
111.403809 
111.414490 
111.424561 
111.434326 
111.444092 
111.454163 
111.464233 
111.474304 
111.484680 
111.495361 
111.505737 
111.516113 
111.526489 
111.537170 
111.548157 
111.558838 
111.569214 
111.578369 
111.587830 
111.596985 
111.607361 
111.617737 
111.628418 
111.638794 
111.649475 
111.659851 
111.670532 
111.681213 
111.691589 
111.701355 
111.711731 
111.721802 
111.731873 
111.741638 
111.751404 
111.761169 
111.771545 
111.782532 
111.794128 
111.804810 
111.814880 
111.824951 
111.835022 
111.844788 
111.854858 
111.864929 
111.874695 
111.884766 
111.894836 
111.904907 
111.915283 
111.925354 
111.935730 
111.946106 
111.957092 
111.968079 
111.978149 
111.987305 
111.996155 
112.005310 
112.015991 
112.026062 
112.036743 
112.047119 
112.057495 
112.068176 
112.078247 
112.088623 
112.098999 
112.108459 
112.119446 
112.129517 
112.139282 
112.149048 
112.158813 
112.168884 
112.178955 
112.190247 
112.201233 
112.211914 
112.222290 
112.232361 
112.241821 
112.252197 
112.261963 
112.272034 
112.282104 
112.292175 
112.302246 
112.312317 
112.322693 
112.332764 
112.343140 
112.353516 
112.364197 
112.374878 
112.384949 
112.394714 
112.403259 
112.413330 
112.423401 
112.433777 
112.444458 
112.455139 
112.465515 
112.476196 
112.486877 
112.496948 
112.507019 
112.517395 
112.527771 
112.537537 
112.547913 
112.557678 
112.567444 
112.577515 
112.587891 
112.598877 
112.610474 
112.621155 
112.631226 
112.640686 
112.651367 
112.660828 
112.671204 
112.680359 
112.690735 
112.701111 
112.711182 
112.721558 
112.731323 
112.742004 
112.752380 
112.763062 
112.773438 
112.783813 
112.794189 
112.803650 
112.812500 
112.822266 
112.832336 
112.842407 
112.853088 
112.863770 
112.874146 
112.884521 
112.894592 
112.905579 
112.915344 
112.926331 
112.936096 
112.945862 
112.955933 
112.965698 
112.975769 
112.985229 
112.995300 
113.005981 
113.017578 
113.027649 
113.037720 
113.046875 
113.056946 
113.065796 
113.074341 
113.083191 
113.091431 
113.099670 
113.107300 
113.115234 
113.122864 
113.130188 
113.136902 
113.144226 
113.150635 
113.157043 
113.162842 
113.166809 
113.170471 
113.174133 
113.178711 
113.182373 
113.185730 
113.189087 
113.192444 
113.194885 
113.196716 
113.198242 
113.199768 
113.200378 
113.200684 
113.200378 
113.200073 
113.199158 
113.197937 
113.196106 
113.195190 
113.193665 
113.192749 
113.190613 
113.187866 
113.184204 
113.180237 
113.176270 
113.171692 
113.167725 
113.163147 
113.158569 
113.154297 
113.149109 
113.144531 
113.139648 
113.134155 
113.129578 
113.124390 
113.119202 
113.113403 
113.106995 
113.100586 
113.094177 
113.088379 
113.082886 
113.076477 
113.071594 
113.065796 
113.060913 
113.055115 
113.048706 
113.042603 
113.036804 
113.031006 
113.024902 
113.018799 
113.012390 
113.005981 
113.000488 
112.994385 
112.989197 
112.985229 
112.979431 
112.973633 
112.968140 
112.962036 
112.955933 
112.949829 
112.944641 
112.938538 
112.932739 
112.927246 
112.922058 
112.916260 
112.911072 
112.905884 
112.900696 
112.895508 
112.890625 
112.885132 
112.878418 
112.872314 
112.866516 
112.861328 
112.856140 
112.851257 
112.846069 
112.841187 
112.835999 
112.831421 
112.825928 
112.821350 
112.816162 
112.810669 
112.805481 
112.799988 
112.794495 
112.789001 
112.783508 
112.778320 
112.774353 
112.770386 
112.765808 
112.760620 
112.755127 
112.749939 
112.743835 
112.738037 
112.732849 
112.727356 
112.721863 
112.716980 
112.711182 
112.706604 
112.701111 
112.696228 
112.691345 
112.686462 
112.681580 
112.676086 
112.669678 
112.663269 
112.657776 
112.652588 
112.647705 
112.641907 
112.637024 
112.632751 
112.627869 
112.622375 
112.617188 
112.611694 
112.606812 
112.601318 
112.596130 
112.590332 
112.584534 
112.579041 
112.572937 
112.567749 
112.563477 
112.559509 
112.554626 
112.549438 
112.543640 
112.538452 
112.532959 
112.527161 
112.521667 
112.516174 
112.510986 
112.505798 
112.500610 
112.495422 
112.490234 
112.485046 
112.480469 
112.475891 
112.470703 
112.465210 
112.459106 
112.452698 
112.447205 
112.442017 
112.436829 
112.431641 
112.426758 
112.422485 
112.417297 
112.412109 
112.407227 
112.402344 
112.396851 
112.391663 
112.386780 
112.381592 
112.375793 
112.370605 
112.365112 
112.359924 
112.355957 
112.351685 
112.347107 
112.342224 
112.337036 
112.331543 
112.326050 
112.320862 
112.315369 
112.310181 
112.304993 
112.300110 
112.294617 
112.289429 
112.284546 
112.279968 
112.274780 
112.270508 
112.265625 
112.260132 
112.253723 
112.247925 
112.242126 
112.236328 
112.232056 
112.227173 
112.222290 
112.217102 
112.212524 
112.207642 
112.202454 
112.197266 
112.191772 
112.186890 
112.181396 
112.176514 
112.170410 
112.165222 
112.159729 
112.154541 
112.150574 
112.146301 
112.141724 
112.136536 
112.131042 
112.125244 
112.120361 
112.114868 
112.108765 
112.103577 
112.098694 
112.092896 
112.087708 
112.082825 
112.077637 
112.072449 
112.067871 
112.063293 
112.058105 
112.052917 
112.046509 
112.040405 
112.034607 
112.029419 
112.024231 
112.019043 
112.014160 
112.009277 
112.004395 
111.999512 
111.994934 
111.989136 
111.984253 
111.979065 
111.973572 
111.968079 
111.962585 
111.956787 
111.950989 
111.946411 
111.941833 
111.937561 
111.932983 
111.927795 
111.922913 
111.916809 
111.911926 
111.906128 
111.900940 
111.895447 
111.890259 
111.885071 
111.879883 
111.875000 
111.869812 
111.864929 
111.860352 
111.855164 
111.850281 
111.845093 
111.839600 
111.832886 
111.827087 
111.821899 
111.817017 
111.812134 
111.807251 
111.802673 
111.797791 
111.792603 
111.787720 
111.782532 
111.777954 
111.772461 
111.766968 
111.761780 
111.756592 
111.751099 
111.745300 
111.740417 
111.736145 
111.732178 
111.727905 
111.722717 
111.717224 
111.711731 
111.705933 
111.700745 
111.695251 
111.689758 
111.684570 
111.679688 
111.674500 
111.669312 
111.664124 
111.659546 
111.654663 
111.650391 
111.644897 
111.639404 
111.633301 
111.627502 
111.621399 
111.615906 
111.611328 
111.606140 
111.601257 
111.596375 
111.591492 
111.586609 
111.581421 
111.576538 
111.571350 
111.565857 
111.560669 
111.555786 
111.549988 
111.544495 
111.538696 
111.533508 
111.529846 
111.525574 
111.520996 
111.515503 
111.510315 
111.504822 
111.499634 
111.493530 
111.488342 
111.482849 
111.477661 
111.472473 
111.466675 
111.462402 
111.457520 
111.452637 
111.447449 
111.442871 
111.437988 
111.432800 
111.426392 
111.420288 
111.414795 
111.409607 
111.404419 
111.399536 
111.394653 
111.389771 
111.385498 
111.380310 
111.375427 
111.370239 
111.365051 
111.359863 
111.354675 
111.349182 
111.343994 
111.338196 
111.333008 
111.327209 
111.323242 
111.319580 
111.315002 
111.309509 
111.304321 
111.299133 
111.293945 
111.288452 
111.282349 
111.277161 
111.272278 
111.266785 
111.261902 
111.256714 
111.251831 
111.246948 
111.242065 
111.237488 
111.232300 
111.227722 
111.221313 
111.214905 
111.209412 
111.204529 
111.199646 
111.194458 
111.189880 
111.184998 
111.179810 
111.175537 
111.170044 
111.164551 
111.159668 
111.154480 
111.149597 
111.144104 
111.138306 
111.133118 
111.127625 
111.122742 
111.118469 
111.114502 
111.110229 
111.105042 
111.099854 
111.094360 
111.088562 
111.083374 
111.078186 
111.072693 
111.067200 
111.061707 
111.056824 
111.051941 
111.046753 
111.041870 
111.037292 
111.032410 
111.027527 
111.022339 
111.015930 
111.009216 
111.003723 
110.998840 
110.993652 
110.988464 
110.984192 
110.979309 
110.974121 
110.969238 
110.964355 
110.959167 
110.954285 
110.948792 
110.943604 
110.938110 
110.932617 
110.927124 
110.921326 
110.916748 
110.912476 
110.908203 
110.903625 
110.898438 
110.893250 
110.887756 
110.882568 
110.876465 
110.871582 
110.866089 
110.860596 
110.854797 
110.849915 
110.844727 
110.839844 
110.834961 
110.830383 
110.825500 
110.820618 
110.815125 
110.809021 
110.802917 
110.797424 
110.791931 
110.787048 
110.782471 
110.777588 
110.773010 
110.767517 
110.762634 
110.758057 
110.752869 
110.747375 
110.742493 
110.736694 
110.731506 
110.726318 
110.720520 
110.714722 
110.709839 
110.705872 
110.701599 
110.696716 
110.691833 
110.686340 
110.681152 
110.675964 
110.670166 
110.664368 
110.659485 
110.654297 
110.649109 
110.644226 
110.639038 
110.633850 
110.629272 
110.624695 
110.619507 
110.614624 
110.609436 
110.603027 
110.596619 
110.591431 
110.585938 
110.581360 
110.576172 
110.571289 
110.566711 
110.561829 
110.556641 
110.551758 
110.546265 
110.541382 
110.536194 
110.531006 
110.525818 
110.519714 
110.514526 
110.509033 
110.504456 
110.499878 
110.495605 
110.491638 
110.486450 
110.480652 
110.475769 
110.470276 
110.464172 
110.458984 
110.453796 
110.448914 
110.443420 
110.437927 
110.432739 
110.427856 
110.422974 
110.418701 
110.413513 
110.409241 
110.403442 
110.397339 
110.391541 
110.385437 
110.380554 
110.375671 
110.370789 
110.365906 
110.361023 
110.356140 
110.350952 
110.346069 
110.340576 
110.335999 
110.330811 
110.325317 
110.320129 
110.314026 
110.309143 
110.303650 
110.298767 
110.294495 
110.290527 
110.285950 
110.280457 
110.275269 
110.269775 
110.264282 
110.258789 
110.253906 
110.248413 
110.242920 
110.237732 
110.232544 
110.227051 
110.222473 
110.217590 
110.213013 
110.208130 
110.203552 
110.197754 
110.191650 
110.185852 
110.180054 
110.175171 
110.170288 
110.165405 
110.160217 
110.156250 
110.151367 
110.146790 
110.142822 
110.138245 
110.133972 
110.129700 
110.126343 
110.122070 
110.118713 
110.115662 
110.112915 
110.111389 
110.110474 
110.110168 
110.109253 
110.108948 
110.108337 
110.108643 
110.108643 
110.108948 
110.109863 
110.110779 
110.112305 
110.114441 
110.116577 
110.119934 
110.123596 
110.127563 
110.132141 
110.137329 
110.143127 
110.148621 
110.153503 
110.158997 
110.165710 
110.172729 
110.180969 
110.189209 
110.197144 
110.206909 
110.216370 
110.225830 
110.236206 
110.245972 
110.256348 
110.266724 
110.276794 
110.286865 
110.297546 
110.308228 
110.318909 
110.329895 
110.342102 
110.354004 
110.364990 
110.376282 
110.386963 
110.397644 
110.408325 
110.418701 
110.429382 
110.439453 
110.449829 
110.460205 
110.471191 
110.481567 
110.492249 
110.502930 
110.513916 
110.524597 
110.534973 
110.545349 
110.555115 
110.564270 
110.574036 
110.584717 
110.595093 
110.605469 
110.616150 
110.626526 
110.637207 
110.647583 
110.657654 
110.668030 
110.678406 
110.688477 
110.698853 
110.708923 
110.718689 
110.728149 
110.738525 
110.749207 
110.759888 
110.771179 
110.781555 
110.791931 
110.801697 
110.812073 
110.821838 
110.831299 
110.841675 
110.852051 
110.861816 
110.872192 
110.882568 
110.892639 
110.903015 
110.913086 
110.924072 
110.934448 
110.945129 
110.954895 
110.964050 
110.973511 
110.982971 
110.993347 
111.003418 
111.014099 
111.025085 
111.034851 
111.045837 
111.056213 
111.066284 
111.076660 
111.087036 
111.097107 
111.107178 
111.116638 
111.126709 
111.135864 
111.146240 
111.156616 
111.167297 
111.178894 
111.189270 
111.199341 
111.209717 
111.219788 
111.228943 
111.239319 
111.249390 
111.258850 
111.268616 
111.279297 
111.289368 
111.299133 
111.309814 
111.320190 
111.331177 
111.341553 
111.352539 
111.362305 
111.371460 
111.380615 
111.390686 
111.400757 
111.411438 
111.421814 
111.432190 
111.442871 
111.453247 
111.463623 
111.473999 
111.484375 
111.494751 
111.504822 
111.515198 
111.525269 
111.535339 
111.545105 
111.555176 
111.565552 
111.577148 
111.588135 
111.598816 
111.608887 
111.618958 
111.628723 
111.638794 
111.649170 
111.658936 
111.669006 
111.678772 
111.689148 
111.699524 
111.709595 
111.720276 
111.730652 
111.741028 
111.751709 
111.762390 
111.771851 
111.781006 
111.790466 
111.800232 
111.810913 
111.820984 
111.831360 
111.842041 
111.852112 
111.862793 
111.873169 
111.883240 
111.893921 
111.903992 
111.914063 
111.923828 
111.933899 
111.943970 
111.953430 
111.963806 
111.973877 
111.985168 
111.996460 
112.007141 
112.017212 
112.027283 
112.037354 
112.046814 
112.057190 
112.066956 
112.076721 
112.086792 
112.096863 
112.107239 
112.117615 
112.127991 
112.138367 
112.149048 
112.159729 
112.169495 
112.179565 
112.188721 
112.198181 
112.207642 
112.218323 
112.228088 
112.238464 
112.248840 
112.259827 
112.270203 
112.280579 
112.290955 
112.301025 
112.311096 
112.321472 
112.331543 
112.341614 
112.351074 
112.360840 
112.371216 
112.381287 
112.392578 
112.403870 
112.414551 
112.424622 
112.435303 
112.445374 
112.455444 
112.464905 
112.474670 
112.484741 
112.494812 
112.504883 
112.514954 
112.525940 
112.536011 
112.546387 
112.557373 
112.567749 
112.578125 
112.588501 
112.597961 
112.606506 
112.616882 
112.626953 
112.637024 
112.647705 
112.658386 
112.668457 
112.679443 
112.690125 
112.699890 
112.710266 
112.720337 
112.730408 
112.740784 
112.750854 
112.760925 
112.770691 
112.780457 
112.791138 
112.802124 
112.813110 
112.823792 
112.833557 
112.843628 
112.854004 
112.863464 
112.873230 
112.882690 
112.893372 
112.903442 
112.913513 
112.923584 
112.933960 
112.944336 
112.954712 
112.965088 
112.975769 
112.986450 
112.995911 
113.004761 
113.014221 
113.023987 
113.033447 
113.043213 
113.052979 
113.062439 
113.072205 
113.081360 
113.090515 
113.098450 
113.106689 
113.114624 
113.122253 
113.129272 
113.135071 
113.141785 
113.147583 
113.153381 
113.159485 
113.165588 
113.171387 
113.176270 
113.180542 
113.183594 
113.186646 
113.190002 
113.191833 
113.193665 
113.195496 
113.197021 
113.198242 
113.198853 
113.199768 
113.199463 
113.199768 
113.199768 
113.199463 
113.198853 
113.196716 
113.194580 
113.192139 
113.189392 
113.187256 
113.185120 
113.182678 
113.180542 
113.177185 
113.174744 
113.171387 
113.168640 
113.165283 
113.161621 
113.157959 
113.154297 
113.150635 
113.146362 
113.142395 
113.138123 
113.135071 
113.131714 
113.128967 
113.125610 
113.121338 
113.117371 
113.112793 
113.108215 
113.104248 
113.099670 
113.095703 
113.091431 
113.087158 
113.083801 
113.079224 
113.075562 
113.072205 
113.068237 
113.064880 
113.061218 
113.056641 
113.051147 
113.046570 
113.042603 
113.038635 
113.034668 
113.031006 
113.027649 
113.024597 
113.020630 
113.017273 
113.013306 
113.010254 
113.006592 
113.002625 
112.998962 
112.994995 
112.991028 
112.987671 
112.983398 
112.979736 
112.977600 
112.974854 
112.971802 
112.968750 
112.965088 
112.961426 
112.957458 
112.953491 
112.949829 
112.945862 
112.942505 
112.938843 
112.935486 
112.932434 
112.928772 
112.925720 
112.922363 
112.919617 
112.916565 
112.912903 
112.908325 
112.904053 
112.900085 
112.896729 
112.893372 
112.890015 
112.886658 
112.883301 
112.880554 
112.876892 
112.873840 
112.870178 
112.866211 
112.862549 
112.858887 
112.855530 
112.851868 
112.847595 
112.844238 
112.840881 
112.839050 
112.835999 
112.832642 
112.828979 
112.825317 
112.821350 
112.817688 
112.813721 
112.809753 
112.806091 
112.802429 
112.798767 
112.795410 
112.792053 
112.788391 
112.785034 
112.781982 
112.778625 
112.775574 
112.771606 
112.767029 
112.762451 
112.758789 
112.755432 
112.751770 
112.748718 
112.745361 
112.742310 
112.738953 
112.735291 
112.732239 
112.728577 
112.725220 
112.721558 
112.717896 
112.714233 
112.710571 
112.706909 
112.702637 
112.699890 
112.697144 
112.695007 
112.691650 
112.687988 
112.684326 
112.680664 
112.677002 
112.673035 
112.670288 
112.666016 
112.662048 
112.659302 
112.655945 
112.652588 
112.649231 
112.645874 
112.643127 
112.640076 
112.637329 
112.633362 
112.628479 
112.624207 
112.620850 
112.617188 
112.614136 
112.611084 
112.607727 
112.604675 
112.601624 
112.598267 
112.595520 
112.591858 
112.588501 
112.585144 
112.581177 
112.577515 
112.573853 
112.569885 
112.566833 
112.563782 
112.561035 
112.558594 
112.555237 
112.552185 
112.548218 
112.544556 
112.540894 
112.537231 
112.533569 
112.530212 
112.526550 
112.522583 
112.519531 
112.516174 
112.512512 
112.509155 
112.506409 
112.503662 
112.500305 
112.496338 
112.491455 
112.487183 
112.483521 
112.480164 
112.477112 
112.473145 
112.470703 
112.467346 
112.463989 
112.460327 
112.457581 
112.453918 
112.449951 
112.446594 
112.443237 
112.438965 
112.435608 
112.431946 
112.427979 
112.424622 
112.422485 
112.419434 
112.416382 
112.413025 
112.409363 
112.405396 
112.401733 
112.397766 
112.394104 
112.390747 
112.386780 
112.383423 
112.379761 
112.376404 
112.373047 
112.369995 
112.367249 
112.363586 
112.360535 
112.357178 
112.352295 
112.347717 
112.344055 
112.340698 
112.337646 
112.334595 
112.331238 
112.327881 
112.324829 
112.321472 
112.318420 
112.315063 
112.311401 
112.308044 
112.304688 
112.301025 
112.297363 
112.293396 
112.289429 
112.286377 
112.284546 
112.281799 
112.278748 
112.275085 
112.271729 
112.268066 
112.263794 
112.260132 
112.256470 
112.252808 
112.249451 
112.246094 
112.242737 
112.239075 
112.235718 
112.233276 
112.229614 
112.226868 
112.223511 
112.219849 
112.214966 
112.210693 
112.207031 
112.203674 
112.200623 
112.197876 
112.194214 
112.191467 
112.188110 
112.184753 
112.181702 
112.178345 
112.174683 
112.171021 
112.167664 
112.163696 
112.160034 
112.156372 
112.153015 
112.149963 
112.147522 
112.144470 
112.141724 
112.138367 
112.134399 
112.131042 
112.127380 
112.123413 
112.119751 
112.116089 
112.112427 
112.108765 
112.105103 
112.102356 
112.098694 
112.095337 
112.092896 
112.089233 
112.086182 
112.082214 
112.077637 
112.073059 
112.069397 
112.066345 
112.062683 
112.059631 
112.056274 
112.053528 
112.050476 
112.046814 
112.043457 
112.040405 
112.036743 
112.033081 
112.029419 
112.026062 
112.022095 
112.018127 
112.014771 
112.011719 
112.009277 
112.006836 
112.003479 
111.999817 
111.996765 
111.992798 
111.988831 
111.985474 
111.981201 
111.977844 
111.974487 
111.970520 
111.967163 
111.964417 
111.961060 
111.957397 
111.954346 
111.951294 
111.947937 
111.944275 
111.939392 
111.935120 
111.931458 
111.928406 
111.924744 
111.921692 
111.918335 
111.915588 
111.912231 
111.909180 
111.905823 
111.902161 
111.899109 
111.895447 
111.891785 
111.888123 
111.884155 
111.880798 
111.877136 
111.874084 
111.871643 
111.869202 
111.866150 
111.862793 
111.859436 
111.855774 
111.851501 
111.847839 
111.844177 
111.840515 
111.837463 
111.833801 
111.830139 
111.827087 
111.824036 
111.820679 
111.817627 
111.814575 
111.811218 
111.807251 
111.802673 
111.798401 
111.794434 
111.791077 
111.787720 
111.784668 
111.781311 
111.778564 
111.774902 
111.771851 
111.768494 
111.765747 
111.761780 
111.758423 
111.754761 
111.751099 
111.747437 
111.743164 
111.739502 
111.737061 
111.734619 
111.731567 
111.728516 
111.725159 
111.721497 
111.717834 
111.713867 
111.710205 
111.706543 
111.703186 
111.700134 
111.696167 
111.692505 
111.689148 
111.686096 
111.682739 
111.679688 
111.677246 
111.673584 
111.669617 
111.665344 
111.660767 
111.656799 
111.653748 
111.650696 
111.647034 
111.644287 
111.640930 
111.637268 
111.634216 
111.631165 
111.627502 
111.624146 
111.620789 
111.616821 
111.613464 
111.609802 
111.605530 
111.601868 
111.599121 
111.596985 
111.594238 
111.590881 
111.587830 
111.584167 
111.580200 
111.576843 
111.572876 
111.569214 
111.565552 
111.562195 
111.558533 
111.555176 
111.551819 
111.548462 
111.545410 
111.542358 
111.539612 
111.535950 
111.531982 
111.527710 
111.523132 
111.520081 
111.516418 
111.513367 
111.510315 
111.506653 
111.503906 
111.500549 
111.497498 
111.494141 
111.490784 
111.487427 
111.483765 
111.480103 
111.476440 
111.472168 
111.468506 
111.465454 
111.462402 
111.459656 
111.457214 
111.453857 
111.450500 
111.446838 
111.443176 
111.439514 
111.435547 
111.432190 
111.428528 
111.425476 
111.421814 
111.418152 
111.415100 
111.411438 
111.408386 
111.405640 
111.402283 
111.399231 
111.395264 
111.390686 
111.386414 
111.382446 
111.379700 
111.376343 
111.372681 
111.370239 
111.366882 
111.363220 
111.359863 
111.357117 
111.353760 
111.350098 
111.346436 
111.343079 
111.339417 
111.335144 
111.332092 
111.327820 
111.324768 
111.322632 
111.319580 
111.316833 
111.313477 
111.309814 
111.306152 
111.302795 
111.298828 
111.294861 
111.291504 
111.287231 
111.284180 
111.280823 
111.277771 
111.274414 
111.270752 
111.268311 
111.265259 
111.262207 
111.257935 
111.253357 
111.249390 
111.245728 
111.242371 
111.238708 
111.235352 
111.232605 
111.229553 
111.226196 
111.223145 
111.219482 
111.216125 
111.213074 
111.209412 
111.205750 
111.202087 
111.198120 
111.194458 
111.191101 
111.188049 
111.185608 
111.183167 
111.180115 
111.176758 
111.172791 
111.169128 
111.165466 
111.161499 
111.157837 
111.154785 
111.150818 
111.146851 
111.143799 
111.140442 
111.137085 
111.134338 
111.131287 
111.128235 
111.124878 
111.120911 
111.116333 
111.112061 
111.108704 
111.105347 
111.101990 
111.098938 
111.095886 
111.092529 
111.089478 
111.086121 
111.082764 
111.079712 
111.075745 
111.072693 
111.069031 
111.065369 
111.061707 
111.057434 
111.054077 
111.051025 
111.048584 
111.046448 
111.043091 
111.039429 
111.035767 
111.032104 
111.028748 
111.024780 
111.021118 
111.017456 
111.013794 
111.009827 
111.006470 
111.003418 
111.000366 
110.997009 
110.993958 
110.990906 
110.988464 
110.983582 
110.979614 
110.975037 
110.971069 
110.968018 
110.964661 
110.961609 
110.958557 
110.954895 
110.952148 
110.948486 
110.945740 
110.942383 
110.938416 
110.935059 
110.931702 
110.927734 
110.923462 
110.920410 
110.916443 
110.913391 
110.911560 
110.908813 
110.905457 
110.902100 
110.898438 
110.894470 
110.891113 
110.886841 
110.883484 
110.880127 
110.876465 
110.872803 
110.869141 
110.866394 
110.863037 
110.859375 
110.856628 
110.853577 
110.849915 
110.846252 
110.841675 
110.837097 
110.833435 
110.830688 
110.827332 
110.823669 
110.820923 
110.818176 
110.814514 
110.811462 
110.808411 
110.804749 
110.800781 
110.797424 
110.794373 
110.790405 
110.787048 
110.783081 
110.779419 
110.776367 
110.774231 
110.771790 
110.768433 
110.764771 
110.761108 
110.757141 
110.753479 
110.749817 
110.745850 
110.743103 
110.739136 
110.735779 
110.732117 
110.729065 
110.725708 
110.722656 
110.719604 
110.716858 
110.713196 
110.709229 
110.704346 
110.700073 
110.696411 
110.693359 
110.690002 
110.686646 
110.683594 
110.680542 
110.677185 
110.673828 
110.670471 
110.667419 
110.663757 
110.660400 
110.656738 
110.653076 
110.649719 
110.645447 
110.642090 
110.639038 
110.636597 
110.634155 
110.630798 
110.627136 
110.623474 
110.620117 
110.616150 
110.611877 
110.608521 
110.605164 
110.601807 
110.597839 
110.594788 
110.591125 
110.588074 
110.585327 
110.581970 
110.578918 
110.575562 
110.571899 
110.567322 
110.563354 
110.559387 
110.556030 
110.552979 
110.549927 
110.546265 
110.542908 
110.539856 
110.536499 
110.533447 
110.530090 
110.526733 
110.523071 
110.519714 
110.516052 
110.512390 
110.508118 
110.504456 
110.501709 
110.499268 
110.496826 
110.493469 
110.490417 
110.486755 
110.483093 
110.479431 
110.475769 
110.471802 
110.468445 
110.464783 
110.460815 
110.457764 
110.454102 
110.451050 
110.447998 
110.444946 
110.442505 
110.438843 
110.434875 
110.430298 
110.426331 
110.422668 
110.419312 
110.416260 
110.412598 
110.409851 
110.406799 
110.403442 
110.400085 
110.397034 
110.393372 
110.389709 
110.386353 
110.382690 
110.378723 
110.375061 
110.371094 
110.367737 
110.364685 
110.362244 
110.359802 
110.356750 
110.353394 
110.349731 
110.345764 
110.342407 
110.338745 
110.334473 
110.331116 
110.328064 
110.324097 
110.320740 
110.317688 
110.313721 
110.310974 
110.308533 
110.304871 
110.301819 
110.297852 
110.293274 
110.289001 
110.285645 
110.281982 
110.278931 
110.276184 
110.272522 
110.269470 
110.266418 
110.263062 
110.259705 
110.256348 
110.252991 
110.249634 
110.245972 
110.242310 
110.238037 
110.234375 
110.230713 
110.227661 
110.225220 
110.222778 
110.220032 
110.216064 
110.212402 
110.209045 
110.205078 
110.201416 
110.198059 
110.193787 
110.190735 
110.187683 
110.184021 
110.180359 
110.177307 
110.174255 
110.171204 
110.168457 
110.164795 
110.160522 
110.156555 
110.151978 
110.148621 
110.145264 
110.141907 
110.138855 
110.135803 
110.133057 
110.130005 
110.126648 
110.124207 
110.121460 
110.119019 
110.116577 
110.114136 
110.112610 
110.110779 
110.108643 
110.108032 
110.108032 
110.108948 
110.110168 
110.110474 
110.111084 
110.112000 
110.113220 
110.114746 
110.116272 
110.119019 
110.120850 
110.124817 
110.129089 
110.132751 
110.138245 
110.143738 
110.150146 
110.156555 
110.163879 
110.170593 
110.177307 
110.184326 
110.191650 
110.199890 
110.209045 
110.217896 
110.227661 
110.238647 
110.249023 
110.259094 
110.270081 
110.280457 
110.291443 
110.301819 
110.312500 
110.323486 
110.333862 
110.344238 
110.355225 
110.365601 
110.377502 
110.389404 
110.401001 
110.411987 
110.422668 
110.433350 
110.443726 
110.453796 
110.463867 
110.474243 
110.484619 
110.495300 
110.505371 
110.515747 
110.526428 
110.537109 
110.547485 
110.558472 
110.569458 
110.579529 
110.589600 
110.598450 
110.608215 
110.618286 
110.628662 
110.639038 
110.649719 
110.660095 
110.670776 
110.680847 
110.691528 
110.701294 
110.712280 
110.722656 
110.732422 
110.742493 
110.752563 
110.762329 
110.772400 
110.782166 
110.792847 
110.804443 
110.815430 
110.825806 
110.835876 
110.846252 
110.856018 
110.866089 
110.875854 
110.885620 
110.895996 
110.906067 
110.916443 
110.926208 
110.936584 
110.946960 
110.957642 
110.968018 
110.978699 
110.988770 
110.998230 
111.007385 
111.016846 
111.027222 
111.037292 
111.047668 
111.058350 
111.068115 
111.078796 
111.089478 
111.099854 
111.109924 
111.120300 
111.130676 
111.140137 
111.150513 
111.160278 
111.170044 
111.179810 
111.190186 
111.200867 
111.212158 
111.223145 
111.233826 
111.243591 
111.253357 
111.263123 
111.273193 
111.282959 
111.293030 
111.302795 
111.313171 
111.323242 
111.333313 
111.343994 
111.354370 
111.364746 
111.375732 
111.386108 
111.396179 
111.405945 
111.415100 
111.424561 
111.434937 
111.445007 
111.455383 
111.466064 
111.476440 
111.487427 
111.497803 
111.508484 
111.518860 
111.529236 
111.539307 
111.549072 
111.559448 
111.569519 
111.579285 
111.589050 
111.599426 
111.610107 
111.621399 
111.632385 
111.643066 
111.653137 
111.662903 
111.673279 
111.683350 
111.692810 
111.703186 
111.713257 
111.723022 
111.733093 
111.743164 
111.753540 
111.763611 
111.774597 
111.784973 
111.795654 
111.806335 
111.815491 
111.824646 
111.834412 
111.844177 
111.854553 
111.865234 
111.875610 
111.885986 
111.896057 
111.907043 
111.916809 
111.927185 
111.937866 
111.947632 
111.958008 
111.968079 
111.977844 
111.987610 
111.997375 
112.007141 
112.017822 
112.029419 
112.040710 
112.050781 
112.060547 
112.070923 
112.080994 
112.090454 
112.100220 
112.110291 
112.120667 
112.130737 
112.141113 
112.150574 
112.161255 
112.171631 
112.182007 
112.192688 
112.203064 
112.213440 
112.222900 
112.232056 
112.241211 
112.250977 
112.261658 
112.272339 
112.283020 
112.293091 
112.303772 
112.314148 
112.324524 
112.334900 
112.345276 
112.355347 
112.365112 
112.375488 
112.384949 
112.395325 
112.404785 
112.415161 
112.425537 
112.437744 
112.448425 
112.458801 
112.469177 
112.479248 
112.489014 
112.499084 
112.508850 
112.518311 
112.528687 
112.539063 
112.549133 
112.559204 
112.569580 
112.580261 
112.590637 
112.601624 
112.612610 
112.622681 
112.632141 
112.641296 
112.650757 
112.660522 
112.670898 
112.681580 
112.691956 
112.702637 
112.713013 
112.723389 
112.733765 
112.743835 
112.753906 
112.764282 
112.774658 
112.784119 
112.794189 
112.803955 
112.813721 
112.823792 
112.834778 
112.846069 
112.856750 
112.867432 
112.877502 
112.887268 
112.897644 
112.907104 
112.916870 
112.926941 
112.937012 
112.947083 
112.957153 
112.967834 
112.977600 
112.987976 
112.998657 
113.009338 
113.019104 
113.029480 
113.038025 
113.046570 
113.055420 
113.064880 
113.073730 
113.082886 
113.091431 
113.099976 
113.108215 
113.116760 
113.123779 
113.131409 
113.138123 
113.144226 
113.150330 
113.156128 
113.161011 
113.165588 
113.169556 
113.173828 
113.179016 
113.183594 
113.187561 
113.190613 
113.192444 
113.194885 
113.196411 
113.197327 
113.197937 
113.198547 
113.199158 
113.198853 
113.198242 
113.198242 
113.197632 
113.196716 
113.196716 
113.196106 
113.194275 
113.193359 
113.190308 
113.187256 
113.184509 
113.182678 
113.180237 
113.177795 
113.175964 
113.173523 
113.170776 
113.168945 
113.166199 
113.163147 
113.160095 
113.157043 
113.153992 
113.151245 
113.146973 
113.143921 
113.140564 
113.138123 
113.134766 
113.133240 
113.130798 
113.127747 
113.124390 
113.121338 
113.117676 
113.114014 
113.110962 
113.107605 
113.104553 
113.101501 
113.098450 
113.095398 
113.092346 
113.089905 
113.087463 
113.084412 
113.082275 
113.078918 
113.075256 
113.071594 
113.067932 
113.064880 
113.062439 
113.059998 
113.057251 
113.054810 
113.052368 
113.049622 
113.046570 
113.044128 
113.041382 
113.038635 
113.036194 
113.032837 
113.030396 
113.026733 
113.024292 
113.021545 
113.019714 
113.018188 
113.016663 
113.013916 
113.011169 
113.008118 
113.005371 
113.002930 
112.999573 
112.996826 
112.993774 
112.991333 
112.988892 
112.986450 
112.983704 
112.981262 
112.979431 
112.977600 
112.974854 
112.972717 
112.968750 
112.965698 
112.962036 
112.959290 
112.957153 
112.954102 
112.952271 
112.949829 
112.947083 
112.944641 
112.942810 
112.939758 
112.937317 
112.934570 
112.931519 
112.928772 
112.926025 
112.922668 
112.919312 
112.917480 
112.914734 
112.913208 
112.911682 
112.908630 
112.905884 
112.902832 
112.900391 
112.897034 
112.893677 
112.891235 
112.888184 
112.885742 
112.882996 
112.879944 
112.877502 
112.875366 
112.872620 
112.870483 
112.868042 
112.865906 
112.861938 
112.858582 
112.855225 
112.852478 
112.849731 
112.847900 
112.845459 
112.842407 
112.840271 
112.838440 
112.835388 
112.832642 
112.830200 
112.827454 
112.825317 
112.822266 
112.818909 
112.816162 
112.813416 
112.810974 
112.808533 
112.807617 
112.805786 
112.803040 
112.800598 
112.798157 
112.794800 
112.792053 
112.789307 
112.786560 
112.783813 
112.781372 
112.778931 
112.776184 
112.774048 
112.771606 
112.769775 
112.767334 
112.765198 
112.762756 
112.759094 
112.755737 
112.752380 
112.749939 
112.747498 
112.745361 
112.742920 
112.740784 
112.738037 
112.735901 
112.733765 
112.731323 
112.728577 
112.726135 
112.723083 
112.720642 
112.717285 
112.714539 
112.711792 
112.709045 
112.707520 
112.705994 
112.703857 
112.701721 
112.698669 
112.695923 
112.693176 
112.690430 
112.687683 
112.684937 
112.681580 
112.678528 
112.676086 
112.673950 
112.671509 
112.668762 
112.666931 
112.664490 
112.662048 
112.659607 
112.655945 
112.652283 
112.649536 
112.646484 
112.644043 
112.641296 
112.639465 
112.636719 
112.634583 
112.631836 
112.629700 
112.627258 
112.624512 
112.621460 
112.618408 
112.616272 
112.613525 
112.610168 
112.607117 
112.604370 
112.602844 
112.601318 
112.599182 
112.596436 
112.593994 
112.590942 
112.588196 
112.585449 
112.581787 
112.579041 
112.576599 
112.574158 
112.571411 
112.568665 
112.566528 
112.564087 
112.561646 
112.559814 
112.557678 
112.554626 
112.551270 
112.547913 
112.544250 
112.542114 
112.539368 
112.536621 
112.534485 
112.532654 
112.529907 
112.527771 
112.525635 
112.522888 
112.520447 
112.518005 
112.515259 
112.513123 
112.509766 
112.506714 
112.503967 
112.500916 
112.499695 
112.497559 
112.496338 
112.493896 
112.490845 
112.488098 
112.485657 
112.482300 
112.479858 
112.476807 
112.473755 
112.471313 
112.468872 
112.466431 
112.463989 
112.461853 
112.459717 
112.457275 
112.454834 
112.452698 
112.449341 
112.445984 
112.442627 
112.440186 
112.437134 
112.435303 
112.432861 
112.430725 
112.428284 
112.425537 
112.423096 
112.420654 
112.418213 
112.415466 
112.412415 
112.409668 
112.406921 
112.403870 
112.400818 
112.398376 
112.396240 
112.395020 
112.393494 
112.390747 
112.388000 
112.384949 
112.382202 
112.378845 
112.376099 
112.373657 
112.370605 
112.368164 
112.365112 
112.362671 
112.360535 
112.357788 
112.355652 
112.353516 
112.351379 
112.348633 
112.345276 
112.341919 
112.338257 
112.335815 
112.333374 
112.331238 
112.328491 
112.326355 
112.323914 
112.321777 
112.319336 
112.316589 
112.314758 
112.311707 
112.308655 
112.306213 
112.303162 
112.299805 
112.297058 
112.294617 
112.292786 
112.291565 
112.289429 
112.287292 
112.284546 
112.281799 
112.278748 
112.276001 
112.272949 
112.270203 
112.267151 
112.264709 
112.262268 
112.259216 
112.256775 
112.254639 
112.252502 
112.250366 
112.247925 
112.245483 
112.241821 
112.238464 
112.235107 
112.232361 
112.230225 
112.227783 
112.225647 
112.223206 
112.221375 
112.218628 
112.216187 
112.213745 
112.210999 
112.208862 
112.206116 
112.203674 
112.200317 
112.197266 
112.194519 
112.192078 
112.190247 
112.188721 
112.186584 
112.184143 
112.181702 
112.178650 
112.175903 
112.173462 
112.169800 
112.167358 
112.164612 
112.162170 
112.159424 
112.156982 
112.154541 
112.152100 
112.149963 
112.147217 
112.145386 
112.142944 
112.139587 
112.136230 
112.132568 
112.130127 
112.127991 
112.124939 
112.123108 
112.120972 
112.118530 
112.116089 
112.113342 
112.110901 
112.108154 
112.105713 
112.102966 
112.100220 
112.097473 
112.094727 
112.091370 
112.088318 
112.087097 
112.084961 
112.083435 
112.080994 
112.078247 
112.075806 
112.072754 
112.069702 
112.066650 
112.064209 
112.061462 
112.058411 
112.056274 
112.053833 
112.050476 
112.048645 
112.046814 
112.044373 
112.042236 
112.039185 
112.035522 
112.032166 
112.028809 
112.026062 
112.023926 
112.021790 
112.019348 
112.017212 
112.014771 
112.012634 
112.009888 
112.007446 
112.005005 
112.002258 
111.999817 
111.997070 
111.994324 
111.990967 
111.988220 
111.985779 
111.983948 
111.982422 
111.980286 
111.977844 
111.975403 
111.972351 
111.969910 
111.966248 
111.963806 
111.960754 
111.958618 
111.955872 
111.952515 
111.950073 
111.947937 
111.945801 
111.943665 
111.940918 
111.938782 
111.936340 
111.933289 
111.929016 
111.926575 
111.923523 
111.921387 
111.918640 
111.916504 
111.914063 
111.911926 
111.909485 
111.907043 
111.904602 
111.902161 
111.899719 
111.896973 
111.894226 
111.891174 
111.888123 
111.885376 
111.882935 
111.880798 
111.879578 
111.878052 
111.875000 
111.872559 
111.869812 
111.866455 
111.863708 
111.860657 
111.858215 
111.855469 
111.852722 
111.850281 
111.847534 
111.845398 
111.842957 
111.840820 
111.838379 
111.836548 
111.833191 
111.830750 
111.826477 
111.823425 
111.820984 
111.818237 
111.815796 
111.813354 
111.811829 
111.808777 
111.806946 
111.804810 
111.802063 
111.799011 
111.796875 
111.793823 
111.791077 
111.788330 
111.784973 
111.782227 
111.779480 
111.778259 
111.776428 
111.774292 
111.772156 
111.769104 
111.766357 
111.763611 
111.760559 
111.757813 
111.755066 
111.752014 
111.748962 
111.746826 
111.744385 
111.741943 
111.739502 
111.737061 
111.734924 
111.733093 
111.730042 
111.726685 
111.723328 
111.719666 
111.717529 
111.714783 
111.712341 
111.710205 
111.708374 
111.705933 
111.703491 
111.701050 
111.698608 
111.695557 
111.693115 
111.690369 
111.688232 
111.685486 
111.682434 
111.679382 
111.676636 
111.675415 
111.673279 
111.671753 
111.669006 
111.666565 
111.663513 
111.660461 
111.657715 
111.654968 
111.652222 
111.649170 
111.646423 
111.644287 
111.641235 
111.638794 
111.636658 
111.634216 
111.632080 
111.630249 
111.627197 
111.623840 
111.620178 
111.617126 
111.614380 
111.612244 
111.609497 
111.607361 
111.605225 
111.603394 
111.600647 
111.598206 
111.595764 
111.593323 
111.590881 
111.587830 
111.585083 
111.582336 
111.579590 
111.576233 
111.573792 
111.572266 
111.570740 
111.568604 
111.566162 
111.563416 
111.560364 
111.557617 
111.554871 
111.551819 
111.549377 
111.546326 
111.543884 
111.540833 
111.538391 
111.536255 
111.533813 
111.531677 
111.529846 
111.527405 
111.524963 
111.521301 
111.517639 
111.514282 
111.511841 
111.509094 
111.506958 
111.504822 
111.502686 
111.500244 
111.497192 
111.495667 
111.492920 
111.490479 
111.487427 
111.484985 
111.481934 
111.479187 
111.476135 
111.473389 
111.470642 
111.468811 
111.467590 
111.466064 
111.463318 
111.460571 
111.457520 
111.454773 
111.451416 
111.448669 
111.446533 
111.443176 
111.440430 
111.437683 
111.435242 
111.433411 
111.430664 
111.428528 
111.426392 
111.423950 
111.421509 
111.418152 
111.414185 
111.411438 
111.408691 
111.406250 
111.404114 
111.402283 
111.399536 
111.397400 
111.394958 
111.392822 
111.390076 
111.387634 
111.384888 
111.382141 
111.379395 
111.376343 
111.373596 
111.370850 
111.368408 
111.366577 
111.365051 
111.362610 
111.360474 
111.357727 
111.355286 
111.352234 
111.349487 
111.346436 
111.343384 
111.341248 
111.338501 
111.335754 
111.333008 
111.330566 
111.328430 
111.325989 
111.323547 
111.321411 
111.318359 
111.315613 
111.311646 
111.308594 
111.305847 
111.303711 
111.301270 
111.298828 
111.297302 
111.294250 
111.292114 
111.289673 
111.286926 
111.284790 
111.282654 
111.279602 
111.276550 
111.274109 
111.270752 
111.268005 
111.265259 
111.263733 
111.262512 
111.260681 
111.257935 
111.255493 
111.252441 
111.249695 
111.246033 
111.243591 
111.240845 
111.238098 
111.235657 
111.232910 
111.230469 
111.227417 
111.225586 
111.223145 
111.221313 
111.218872 
111.216125 
111.212463 
111.209106 
111.205750 
111.203003 
111.200867 
111.198120 
111.196289 
111.193848 
111.192017 
111.189575 
111.186829 
111.184692 
111.181946 
111.179504 
111.177063 
111.174011 
111.170959 
111.167908 
111.165161 
111.162109 
111.161194 
111.159668 
111.156921 
111.154785 
111.152344 
111.149597 
111.146545 
111.143799 
111.140747 
111.138000 
111.135254 
111.132507 
111.129761 
111.127014 
111.124878 
111.122742 
111.120300 
111.118469 
111.115723 
111.113586 
111.109619 
111.106567 
111.102905 
111.100769 
111.098022 
111.095886 
111.093750 
111.091003 
111.089172 
111.086426 
111.083984 
111.081848 
111.079407 
111.076660 
111.073608 
111.071167 
111.068115 
111.065369 
111.062317 
111.059570 
111.058044 
111.056519 
111.054382 
111.051941 
111.049500 
111.046753 
111.043701 
111.040955 
111.037903 
111.035461 
111.032410 
111.029968 
111.027527 
111.025085 
111.022339 
111.020203 
111.018066 
111.015320 
111.012878 
111.010437 
111.006775 
111.003418 
111.000061 
110.997620 
110.995483 
110.992737 
110.989990 
110.988159 
110.985718 
110.983582 
110.981445 
110.978699 
110.975952 
110.973511 
110.970764 
110.968018 
110.965271 
110.961914 
110.959167 
110.956726 
110.955200 
110.953674 
110.951538 
110.949097 
110.946350 
110.943604 
110.940552 
110.938110 
110.934753 
110.931702 
110.929565 
110.926819 
110.924072 
110.921631 
110.919495 
110.917053 
110.914307 
110.912781 
110.910339 
110.907593 
110.904541 
110.900574 
110.897522 
110.895081 
110.892334 
110.889587 
110.887756 
110.885620 
110.882874 
110.880737 
110.878601 
110.875549 
110.873108 
110.870667 
110.867920 
110.865173 
110.862427 
110.858765 
110.856018 
110.853882 
110.852356 
110.850525 
110.848694 
110.845947 
110.843201 
110.840454 
110.838013 
110.834656 
110.832214 
110.829468 
110.826416 
110.823669 
110.821838 
110.819092 
110.816040 
110.813904 
110.812073 
110.809326 
110.807190 
110.804749 
110.801086 
110.797424 
110.794373 
110.791931 
110.789490 
110.787659 
110.784912 
110.782166 
110.780334 
110.777283 
110.775452 
110.772705 
110.770569 
110.767517 
110.765076 
110.762329 
110.759583 
110.755920 
110.753174 
110.751343 
110.749512 
110.747986 
110.745850 
110.743713 
110.740662 
110.738220 
110.734863 
110.732117 
110.729675 
110.726318 
110.723877 
110.721130 
110.718384 
110.715942 
110.713501 
110.711365 
110.708923 
110.706787 
110.704041 
110.701294 
110.697937 
110.694275 
110.690918 
110.688477 
110.686340 
110.683594 
110.681458 
110.679626 
110.676575 
110.675049 
110.672302 
110.669861 
110.667419 
110.664673 
110.662231 
110.659180 
110.656128 
110.653076 
110.650330 
110.647888 
110.646362 
110.644836 
110.642700 
110.640564 
110.637817 
110.635071 
110.632019 
110.629578 
110.626526 
110.623779 
110.620728 
110.617981 
110.615540 
110.613098 
110.610657 
110.608215 
110.606079 
110.603638 
110.601807 
110.598755 
110.595703 
110.592041 
110.588989 
110.585938 
110.583801 
110.581360 
110.579224 
110.577087 
110.574341 
110.572510 
110.569458 
110.567017 
110.564880 
110.562134 
110.559387 
110.556641 
110.553894 
110.550842 
110.548401 
110.545044 
110.543213 
110.542297 
110.540161 
110.537415 
110.534668 
110.531921 
110.528870 
110.526733 
110.523376 
110.520630 
110.517578 
110.515137 
110.513000 
110.509949 
110.507813 
110.505676 
110.503235 
110.500793 
110.498657 
110.496216 
110.492249 
110.488892 
110.485840 
110.483398 
110.481262 
110.478516 
110.476074 
110.473938 
110.471497 
110.469055 
110.467224 
110.464478 
110.461731 
110.458984 
110.456543 
110.453796 
110.450745 
110.447693 
110.444946 
110.442505 
110.441589 
110.439453 
110.437012 
110.434570 
110.432129 
110.429077 
110.426636 
110.423584 
110.420532 
110.418396 
110.415649 
110.412903 
110.409851 
110.407715 
110.405273 
110.403442 
110.400696 
110.398560 
110.396423 
110.393677 
110.389709 
110.386047 
110.383301 
110.380554 
110.377808 
110.375671 
110.373535 
110.371094 
110.368958 
110.366516 
110.363770 
110.361633 
110.359192 
110.356445 
110.353699 
110.350952 
110.348511 
110.344849 
110.341797 
110.339355 
110.338135 
110.336304 
110.334473 
110.332031 
110.329285 
110.326843 
110.323486 
110.320740 
110.317688 
110.315247 
110.312500 
110.309448 
110.307007 
110.304565 
110.302429 
110.299988 
110.297852 
110.295410 
110.293274 
110.290833 
110.287170 
110.283203 
110.280762 
110.278015 
110.275879 
110.272827 
110.270996 
110.268860 
110.266418 
110.263977 
110.261230 
110.259094 
110.256653 
110.253906 
110.251160 
110.248718 
110.245667 
110.242004 
110.239868 
110.237122 
110.235596 
110.234070 
110.232239 
110.228882 
110.226746 
110.223694 
110.220947 
110.218201 
110.215149 
110.212097 
110.209656 
110.207214 
110.204163 
110.201721 
110.199585 
110.197449 
110.195313 
110.193176 
110.190735 
110.188293 
110.184631 
110.180664 
110.177917 
110.175171 
110.173340 
110.170593 
110.168152 
110.165710 
110.163879 
110.161133 
110.158691 
110.156250 
110.153503 
110.151062 
110.148621 
110.145874 
110.142822 
110.140076 
110.137024 
110.134277 
110.133362 
110.131531 
110.129089 
110.126953 
110.124817 
110.121765 
110.119324 
110.117188 
110.114441 
110.112915 
110.110779 
110.109863 
110.108948 
110.108948 
110.108337 
110.109253 
110.110474 
110.110779 
110.111694 
110.112915 
110.113525 
110.113831 
110.115967 
110.118713 
110.122070 
110.126343 
110.130310 
110.135498 
110.140686 
110.146484 
110.152893 
110.159302 
110.166016 
110.173035 
110.180664 
110.188293 
110.196228 
110.204468 
110.213623 
110.222778 
110.233459 
110.244751 
110.255432 
110.266113 
110.275879 
110.286560 
110.296936 
110.307922 
110.317993 
110.328674 
110.339355 
110.350037 
110.360718 
110.372009 
110.382690 
110.393982 
110.405579 
110.416565 
110.427551 
110.437927 
110.447388 
110.457153 
110.467529 
110.477905 
110.488281 
110.498962 
110.510254 
110.520630 
110.531616 
110.541992 
110.552368 
110.563354 
110.573425 
110.583801 
110.594177 
110.603638 
110.613708 
110.623474 
110.633240 
110.644226 
110.655212 
110.666809 
110.677490 
110.687561 
110.697937 
110.708008 
110.717468 
110.727844 
110.737610 
110.747681 
110.757751 
110.768127 
110.777893 
110.788269 
110.798645 
110.809326 
110.819702 
110.830688 
110.841064 
110.850830 
110.860291 
110.869751 
110.879517 
110.889587 
110.899963 
110.910034 
110.921021 
110.931396 
110.941772 
110.952148 
110.962524 
110.972595 
110.982666 
110.992737 
111.002808 
111.013184 
111.023254 
111.033020 
111.042480 
111.053162 
111.063843 
111.075134 
111.085815 
111.095581 
111.105652 
111.115723 
111.125488 
111.135559 
111.145630 
111.155396 
111.165466 
111.175842 
111.185913 
111.196594 
111.206665 
111.216736 
111.227112 
111.238098 
111.248169 
111.258545 
111.267700 
111.276855 
111.286316 
111.296692 
111.307068 
111.317444 
111.328125 
111.338501 
111.349182 
111.359863 
111.369934 
111.380615 
111.390381 
111.400452 
111.410522 
111.420593 
111.430664 
111.440430 
111.450195 
111.460571 
111.471863 
111.483154 
111.494141 
111.504822 
111.514893 
111.524353 
111.534729 
111.544495 
111.554565 
111.564636 
111.574707 
111.584778 
111.595154 
111.604919 
111.615601 
111.626282 
111.636963 
111.647644 
111.658325 
111.668396 
111.676941 
111.686707 
111.696472 
111.706543 
111.717224 
111.727600 
111.737976 
111.748352 
111.758728 
111.769104 
111.779480 
111.789551 
111.799622 
111.809998 
111.820068 
111.830444 
111.839600 
111.849976 
111.860046 
111.870117 
111.881409 
111.892700 
111.903076 
111.913147 
111.923218 
111.933289 
111.943054 
111.953125 
111.963196 
111.972961 
111.983032 
111.993103 
112.003174 
112.013245 
112.023621 
112.033997 
112.044678 
112.055054 
112.066040 
112.075500 
112.084656 
112.094116 
112.103577 
112.114258 
112.124939 
112.135010 
112.145386 
112.156067 
112.166443 
112.177124 
112.186890 
112.197266 
112.207336 
112.216797 
112.227783 
112.237549 
112.247009 
112.257080 
112.266846 
112.277222 
112.288513 
112.299500 
112.310486 
112.320557 
112.330627 
112.340393 
112.350769 
112.360535 
112.370300 
112.380371 
112.390442 
112.400513 
112.410583 
112.421265 
112.431641 
112.442322 
112.452698 
112.463684 
112.474365 
112.483826 
112.493286 
112.502136 
112.511902 
112.522278 
112.532959 
112.543030 
112.553711 
112.564087 
112.574768 
112.585754 
112.595520 
112.606201 
112.615967 
112.626648 
112.636719 
112.646790 
112.656250 
112.666016 
112.676086 
112.686768 
112.697754 
112.709045 
112.719727 
112.730103 
112.739563 
112.750244 
112.759399 
112.769470 
112.779541 
112.789612 
112.799683 
112.810059 
112.820129 
112.830200 
112.840271 
112.850952 
112.861328 
112.872314 
112.882690 
112.892456 
112.901917 
112.911072 
112.920837 
112.930908 
112.941284 
112.951660 
112.962036 
112.972412 
112.982788 
112.993164 
113.002930 
113.013611 
113.023071 
113.032837 
113.042297 
113.051453 
113.060608 
113.069458 
113.078003 
113.086548 
113.096313 
113.105774 
113.114014 
113.121643 
113.128357 
113.135071 
113.141785 
113.147278 
113.152771 
113.158264 
113.163147 
113.168030 
113.172607 
113.176880 
113.181152 
113.184509 
113.188171 
113.190613 
113.193359 
113.195496 
113.195496 
113.195801 
113.196411 
113.197327 
113.197632 
113.197937 
113.197937 
113.197937 
113.197632 
113.197021 
113.196106 
113.195496 
113.193970 
113.192444 
113.191223 
113.189392 
113.186646 
113.184814 
113.182678 
113.180237 
113.179626 
113.178101 
113.176270 
113.174133 
113.171692 
113.168640 
113.165894 
113.163452 
113.160095 
113.157654 
113.155518 
113.152466 
113.150330 
113.147583 
113.145447 
113.143005 
113.140869 
113.138428 
113.136292 
113.133545 
113.130188 
113.125916 
113.123474 
113.121033 
113.118286 
113.116455 
113.114014 
113.112183 
113.109741 
113.107605 
113.105469 
113.102722 
113.100586 
113.098145 
113.096008 
113.093262 
113.090820 
113.087769 
113.085327 
113.083496 
113.082275 
113.081055 
113.079834 
113.077087 
113.074951 
113.072510 
113.070068 
113.067322 
113.064880 
113.063049 
113.060303 
113.058167 
113.056030 
113.054504 
113.052063 
113.050537 
113.048401 
113.047180 
113.045654 
113.042908 
113.039551 
113.036499 
113.034363 
113.031921 
113.030396 
113.028564 
113.026733 
113.025208 
113.023071 
113.021545 
113.019409 
113.017578 
113.015747 
113.013306 
113.011169 
113.008728 
113.005676 
113.003540 
113.001709 
112.999573 
112.998047 
112.997437 
112.995605 
112.993469 
112.991028 
112.988586 
112.986145 
112.984009 
112.981567 
112.978821 
112.976990 
112.974548 
112.972107 
112.970276 
112.968445 
112.966614 
112.964783 
112.963257 
112.960815 
112.958374 
112.955322 
112.952271 
112.949524 
112.947388 
112.945251 
112.943420 
112.941589 
112.940063 
112.937927 
112.936096 
112.934265 
112.932129 
112.929382 
112.927246 
112.925415 
112.922668 
112.920532 
112.918091 
112.915344 
112.913513 
112.912598 
112.911072 
112.909546 
112.907715 
112.904968 
112.902832 
112.900696 
112.897949 
112.895508 
112.893066 
112.891235 
112.888794 
112.886963 
112.885132 
112.882690 
112.881470 
112.879639 
112.878113 
112.876282 
112.873840 
112.871094 
112.867737 
112.865601 
112.863464 
112.861328 
112.859802 
112.858276 
112.856445 
112.854614 
112.853088 
112.850952 
112.849121 
112.847290 
112.845459 
112.843018 
112.840576 
112.838745 
112.835999 
112.833557 
112.832031 
112.830811 
112.830200 
112.828064 
112.826233 
112.824097 
112.821655 
112.819519 
112.817383 
112.815247 
112.812805 
112.810669 
112.808228 
112.806396 
112.804565 
112.802734 
112.800903 
112.799072 
112.797241 
112.795410 
112.792969 
112.790222 
112.787170 
112.784729 
112.782288 
112.780457 
112.778320 
112.776794 
112.774963 
112.773132 
112.771301 
112.769165 
112.767029 
112.764893 
112.762451 
112.760620 
112.758179 
112.755737 
112.753296 
112.750549 
112.749023 
112.748108 
112.746887 
112.745361 
112.743225 
112.740479 
112.737732 
112.735596 
112.732849 
112.730408 
112.728577 
112.726135 
112.724304 
112.721863 
112.719116 
112.718201 
112.716064 
112.714233 
112.712708 
112.710876 
112.708435 
112.705383 
112.702332 
112.699585 
112.697144 
112.695618 
112.693787 
112.692261 
112.690430 
112.688293 
112.686768 
112.684631 
112.682800 
112.680359 
112.678833 
112.676392 
112.673645 
112.671509 
112.669067 
112.666931 
112.665405 
112.663879 
112.663269 
112.661438 
112.659302 
112.656860 
112.654724 
112.652588 
112.650146 
112.648010 
112.645569 
112.643738 
112.641296 
112.639465 
112.637939 
112.635498 
112.634277 
112.632141 
112.630615 
112.628784 
112.626343 
112.622986 
112.620544 
112.618408 
112.616272 
112.614136 
112.612305 
112.610474 
112.608948 
112.607422 
112.605286 
112.603455 
112.601318 
112.599487 
112.597351 
112.595215 
112.592773 
112.590027 
112.587585 
112.585144 
112.583923 
112.582397 
112.581177 
112.579956 
112.577515 
112.575073 
112.572632 
112.570496 
112.568054 
112.565613 
112.563477 
112.561340 
112.559204 
112.557068 
112.555237 
112.553101 
112.551575 
112.550049 
112.547913 
112.546387 
112.543335 
112.540588 
112.537537 
112.535400 
112.532959 
112.531128 
112.529297 
112.527466 
112.525940 
112.524109 
112.521973 
112.519836 
112.518005 
112.515869 
112.513733 
112.511902 
112.509155 
112.506409 
112.503967 
112.502441 
112.500305 
112.499084 
112.498169 
112.496643 
112.494202 
112.492371 
112.489624 
112.487488 
112.485046 
112.482605 
112.480469 
112.478333 
112.475891 
112.474365 
112.471924 
112.470398 
112.468567 
112.466736 
112.465210 
112.463379 
112.460938 
112.458191 
112.454529 
112.452087 
112.450256 
112.448425 
112.446289 
112.445068 
112.442932 
112.441406 
112.439575 
112.438049 
112.435608 
112.434082 
112.431641 
112.429504 
112.427063 
112.424011 
112.421570 
112.419434 
112.417908 
112.416687 
112.416077 
112.414246 
112.412109 
112.409668 
112.407227 
112.405090 
112.402344 
112.400208 
112.398071 
112.396545 
112.394104 
112.392273 
112.390137 
112.388000 
112.386780 
112.384644 
112.382813 
112.380981 
112.378845 
112.375793 
112.372437 
112.370605 
112.368469 
112.366028 
112.364807 
112.362976 
112.361145 
112.359314 
112.356873 
112.355347 
112.352905 
112.351379 
112.349243 
112.347107 
112.344360 
112.342529 
112.339783 
112.337341 
112.335815 
112.334900 
112.333679 
112.332153 
112.329407 
112.327271 
112.325134 
112.322693 
112.320251 
112.318115 
112.315674 
112.313538 
112.311096 
112.309265 
112.307739 
112.305298 
112.303772 
112.302246 
112.300720 
112.298584 
112.296143 
112.293091 
112.290039 
112.287292 
112.285767 
112.283936 
112.281799 
112.280273 
112.278442 
112.276611 
112.274780 
112.272949 
112.270508 
112.268066 
112.265930 
112.263794 
112.261658 
112.259216 
112.257080 
112.254333 
112.252808 
112.251892 
112.250671 
112.248840 
112.247009 
112.244568 
112.242737 
112.239990 
112.237244 
112.235413 
112.232971 
112.230835 
112.228699 
112.226868 
112.225037 
112.222900 
112.221069 
112.219238 
112.217712 
112.216187 
112.213745 
112.210693 
112.207336 
112.205200 
112.203064 
112.200928 
112.199402 
112.197876 
112.196045 
112.194519 
112.192383 
112.190552 
112.188416 
112.186279 
112.184143 
112.181702 
112.179871 
112.177124 
112.174683 
112.172852 
112.170715 
112.169800 
112.168884 
112.167053 
112.164917 
112.162781 
112.160339 
112.158203 
112.155762 
112.153625 
112.151184 
112.149048 
112.146912 
112.144775 
112.142944 
112.141113 
112.139282 
112.137756 
112.135925 
112.134094 
112.131653 
112.128906 
112.125854 
112.123108 
112.121277 
112.119446 
112.117615 
112.115784 
112.113953 
112.111511 
112.109680 
112.107849 
112.106323 
112.103882 
112.102051 
112.099609 
112.097473 
112.094727 
112.091980 
112.089844 
112.088318 
112.087402 
112.085876 
112.084351 
112.082520 
112.080078 
112.077637 
112.075195 
112.072754 
112.070618 
112.068176 
112.066650 
112.063904 
112.062073 
112.059937 
112.058105 
112.056580 
112.054749 
112.053223 
112.051392 
112.048645 
112.045593 
112.042542 
112.040405 
112.038574 
112.036438 
112.034302 
112.033081 
112.031250 
112.029419 
112.026978 
112.025757 
112.023621 
112.021484 
112.019348 
112.017212 
112.014771 
112.012024 
112.009888 
112.007446 
112.005920 
112.004700 
112.003784 
112.002258 
111.999817 
111.997681 
111.995544 
111.992798 
111.990356 
111.988525 
111.986084 
111.984253 
111.981812 
111.979675 
111.977844 
111.976013 
111.974182 
111.972656 
111.970825 
111.968994 
111.966553 
111.963196 
111.960449 
111.957703 
111.955872 
111.953735 
111.952515 
111.950684 
111.948853 
111.946411 
111.945190 
111.943054 
111.940918 
111.938782 
111.936951 
111.934509 
111.932068 
111.929626 
111.927490 
111.925049 
111.923523 
111.922607 
111.921387 
111.919556 
111.917114 
111.914978 
111.912537 
111.910706 
111.907959 
111.906128 
111.903381 
111.901245 
111.899414 
111.897583 
111.895142 
111.893311 
111.891479 
111.890259 
111.888428 
111.886597 
111.884155 
111.880798 
111.878052 
111.875610 
111.873474 
111.871948 
111.870422 
111.867981 
111.866150 
111.865234 
111.863098 
111.860962 
111.858826 
111.856995 
111.854553 
111.852417 
111.849976 
111.847534 
111.845398 
111.843262 
111.841431 
111.839905 
111.838989 
111.837158 
111.835022 
111.833191 
111.830444 
111.828613 
111.826172 
111.823425 
111.821289 
111.819153 
111.817322 
111.815186 
111.812744 
111.811218 
111.809387 
111.807556 
111.806030 
111.804199 
111.802063 
111.798096 
111.795349 
111.792908 
111.791382 
111.789246 
111.787415 
111.785583 
111.783752 
111.782227 
111.780396 
111.777954 
111.776428 
111.774292 
111.772156 
111.770020 
111.767273 
111.765137 
111.762695 
111.760559 
111.758728 
111.758118 
111.756897 
111.755066 
111.752625 
111.750488 
111.748352 
111.745911 
111.743774 
111.740723 
111.739197 
111.736755 
111.734619 
111.732788 
111.730652 
111.728821 
111.727295 
111.725769 
111.723938 
111.721802 
111.719055 
111.716003 
111.713562 
111.710815 
111.708679 
111.707458 
111.705322 
111.703491 
111.702271 
111.699829 
111.698303 
111.696472 
111.694031 
111.692200 
111.689758 
111.687927 
111.685791 
111.682739 
111.680298 
111.678162 
111.676636 
111.675720 
111.674500 
111.672363 
111.670532 
111.668091 
111.665955 
111.663513 
111.661072 
111.658936 
111.656799 
111.654358 
111.652222 
111.650085 
111.648254 
111.646729 
111.645203 
111.642761 
111.640930 
111.639404 
111.636658 
111.633606 
111.630859 
111.628723 
111.626587 
111.624756 
111.622925 
111.620483 
111.619263 
111.617737 
111.615906 
111.613770 
111.611633 
111.609497 
111.607666 
111.605225 
111.602783 
111.600342 
111.597900 
111.595459 
111.593933 
111.593018 
111.591797 
111.590271 
111.588135 
111.585693 
111.583557 
111.581116 
111.578979 
111.576538 
111.574402 
111.572266 
111.569824 
111.567688 
111.565552 
111.564026 
111.562195 
111.560974 
111.559143 
111.557312 
111.555176 
111.551514 
111.548157 
111.546021 
111.544495 
111.542358 
111.540833 
111.538696 
111.537170 
111.535339 
111.533813 
111.531067 
111.529846 
111.527405 
111.525269 
111.523132 
111.520996 
111.518250 
111.515503 
111.513977 
111.512146 
111.510925 
111.510315 
111.508484 
111.506042 
111.503601 
111.501465 
111.498718 
111.496887 
111.494446 
111.492004 
111.489868 
111.488037 
111.485596 
111.483765 
111.481934 
111.480103 
111.478577 
111.476746 
111.474609 
111.472168 
111.469116 
111.466370 
111.464233 
111.461792 
111.459961 
111.458130 
111.456604 
111.455078 
111.453247 
111.451111 
111.448975 
111.447144 
111.445007 
111.442566 
111.441040 
111.438293 
111.435852 
111.433716 
111.431274 
111.429749 
111.428528 
111.427612 
111.425781 
111.423950 
111.421509 
111.419067 
111.416626 
111.414185 
111.411438 
111.409912 
111.407471 
111.405334 
111.403198 
111.401367 
111.399841 
111.397705 
111.396179 
111.394043 
111.392517 
111.390076 
111.387024 
111.383972 
111.381531 
111.379395 
111.377869 
111.376038 
111.374512 
111.372375 
111.370544 
111.369019 
111.367188 
111.364746 
111.362915 
111.361084 
111.358643 
111.356506 
111.353760 
111.351318 
111.349487 
111.347961 
111.346741 
111.345520 
111.343994 
111.341553 
111.339722 
111.337585 
111.334839 
111.332397 
111.329651 
111.327820 
111.325684 
111.322937 
111.321106 
111.318665 
111.317444 
111.315613 
111.313782 
111.312256 
111.310425 
111.307678 
111.304626 
111.301880 
111.299438 
111.297302 
111.295776 
111.293640 
111.292419 
111.290588 
111.288757 
111.286621 
111.284790 
111.282654 
111.280823 
111.278381 
111.276855 
111.274109 
111.271362 
111.269226 
111.266785 
111.265564 
111.264648 
111.263123 
111.261292 
111.259155 
111.257019 
111.254272 
111.252136 
111.250000 
111.247559 
111.245728 
111.243286 
111.241150 
111.239014 
111.237183 
111.235352 
111.233521 
111.231995 
111.230469 
111.228027 
111.225586 
111.222839 
111.219788 
111.217651 
111.215210 
111.213379 
111.211548 
111.210022 
111.208801 
111.206360 
111.204834 
111.202698 
111.200867 
111.198425 
111.196289 
111.194153 
111.192322 
111.189575 
111.187134 
111.184692 
111.183472 
111.182556 
111.181335 
111.179199 
111.177063 
111.174927 
111.172485 
111.169739 
111.167603 
111.165161 
111.163025 
111.160889 
111.158447 
111.156921 
111.154785 
111.152954 
111.151428 
111.149292 
111.147461 
111.145630 
111.143188 
111.140442 
111.137085 
111.134949 
111.133118 
111.130981 
111.129150 
111.127319 
111.126099 
111.124268 
111.122131 
111.120300 
111.117859 
111.116028 
111.114197 
111.112061 
111.109924 
111.106873 
111.104736 
111.102295 
111.100769 
111.099854 
111.098938 
111.097107 
111.094971 
111.092834 
111.090393 
111.087646 
111.085510 
111.083069 
111.080933 
111.078796 
111.076660 
111.074829 
111.072693 
111.071167 
111.068726 
111.067505 
111.065979 
111.064148 
111.061401 
111.058655 
111.055298 
111.053162 
111.051331 
111.048889 
111.047363 
111.045837 
111.043701 
111.042175 
111.040344 
111.038208 
111.036377 
111.033936 
111.031799 
111.029968 
111.027527 
111.025391 
111.022644 
111.020203 
111.018982 
111.018066 
111.016541 
111.014709 
111.012878 
111.010132 
111.007996 
111.005554 
111.003418 
111.000977 
110.998840 
110.996399 
110.994263 
110.992432 
110.990601 
110.988159 
110.986938 
110.985107 
110.982971 
110.981445 
110.978699 
110.975342 
110.972900 
110.970459 
110.968323 
110.966797 
110.964966 
110.962830 
110.961304 
110.959473 
110.957336 
110.955811 
110.953674 
110.951233 
110.949097 
110.947571 
110.944824 
110.942383 
110.939941 
110.937805 
110.936279 
110.935669 
110.934143 
110.932007 
110.930176 
110.928040 
110.925598 
110.923157 
110.920715 
110.918884 
110.916443 
110.914307 
110.912476 
110.910034 
110.908203 
110.906677 
110.904236 
110.903015 
110.901184 
110.899048 
110.897217 
110.893860 
110.890503 
110.888367 
110.886230 
110.884399 
110.882568 
110.881348 
110.879211 
110.877686 
110.875549 
110.873108 
110.871582 
110.869446 
110.867310 
110.865173 
110.862732 
110.860291 
110.857544 
110.855408 
110.853882 
110.852966 
110.852051 
110.849915 
110.847778 
110.845642 
110.843201 
110.840759 
110.838318 
110.835876 
110.834045 
110.831604 
110.829773 
110.827942 
110.825806 
110.823975 
110.822144 
110.820007 
110.819092 
110.817261 
110.814209 
110.811157 
110.808105 
110.806274 
110.803833 
110.802002 
110.800476 
110.798645 
110.796814 
110.794678 
110.793152 
110.791321 
110.788879 
110.787048 
110.784607 
110.782166 
110.780029 
110.778198 
110.775452 
110.773315 
110.771484 
110.770874 
110.769348 
110.767822 
110.765686 
110.763550 
110.761108 
110.758667 
110.756531 
110.754089 
110.751648 
110.749512 
110.747681 
110.744934 
110.743408 
110.741272 
110.739746 
110.738220 
110.737000 
110.734863 
110.731812 
110.729065 
110.726013 
110.723572 
110.721741 
110.719910 
110.718079 
110.716553 
110.714722 
110.712585 
110.710449 
110.709229 
110.707092 
110.704956 
110.702209 
110.699768 
110.697632 
110.695496 
110.692749 
110.690613 
110.689697 
110.688477 
110.686951 
110.685425 
110.683289 
110.680847 
110.678711 
110.676270 
110.673828 
110.671387 
110.669556 
110.667114 
110.664978 
110.662842 
110.661316 
110.659180 
110.657349 
110.655823 
110.653687 
110.652161 
110.649719 
110.646362 
110.643616 
110.641174 
110.639343 
110.637207 
110.635681 
110.633545 
110.632324 
110.630188 
110.628357 
110.626221 
110.624695 
110.622864 
110.620422 
110.618591 
110.615540 
110.613403 
110.610962 
110.609131 
110.607300 
110.606079 
110.605164 
110.603333 
110.601196 
110.598755 
110.596313 
110.593872 
110.592041 
110.589600 
110.587158 
110.584717 
110.583191 
110.581055 
110.578918 
110.577393 
110.575562 
110.573425 
110.572205 
110.570374 
110.567627 
110.564575 
110.561523 
110.559082 
110.557251 
110.555420 
110.553589 
110.552368 
110.550232 
110.548401 
110.545654 
110.544128 
110.542297 
110.540161 
110.538025 
110.535583 
110.533447 
110.530701 
110.528564 
110.526428 
110.524597 
110.523987 
110.522461 
110.521240 
110.518494 
110.516052 
110.513916 
110.512085 
110.509338 
110.507507 
110.505066 
110.502625 
110.500793 
110.498657 
110.496521 
110.494690 
110.493469 
110.491638 
110.489807 
110.487976 
110.484924 
110.482178 
110.479431 
110.476990 
110.474854 
110.473328 
110.471802 
110.469971 
110.467834 
110.466003 
110.463867 
110.462341 
110.460510 
110.458069 
110.455627 
110.454102 
110.451355 
110.448914 
110.445862 
110.444336 
110.443420 
110.441589 
110.440674 
110.439148 
110.436401 
110.434570 
110.432129 
110.429688 
110.427246 
110.425415 
110.422974 
110.420532 
110.418396 
110.416260 
110.414734 
110.412903 
110.411377 
110.409241 
110.407410 
110.405579 
110.402832 
110.400085 
110.397339 
110.394897 
110.393066 
110.390930 
110.388794 
110.387573 
110.386047 
110.383606 
110.381775 
110.379333 
110.377808 
110.375671 
110.373535 
110.370789 
110.368958 
110.366516 
110.364685 
110.361938 
110.360413 
110.359497 
110.357971 
110.356140 
110.354004 
110.351868 
110.349731 
110.347595 
110.344849 
110.342407 
110.340576 
110.338745 
110.335999 
110.334473 
110.332031 
110.330505 
110.328674 
110.327148 
110.325623 
110.323486 
110.320740 
110.317688 
110.314636 
110.312195 
110.310669 
110.309143 
110.307007 
110.305481 
110.303040 
110.301819 
110.299683 
110.297852 
110.296021 
110.293884 
110.291443 
110.289612 
110.287170 
110.284424 
110.281982 
110.280151 
110.278015 
110.277100 
110.276184 
110.274353 
110.271912 
110.269775 
110.267944 
110.265198 
110.263062 
110.260620 
110.258484 
110.256348 
110.254211 
110.252075 
110.249939 
110.247803 
110.246582 
110.244751 
110.243530 
110.241699 
110.238953 
110.235901 
110.232239 
110.230408 
110.228271 
110.226746 
110.224609 
110.222778 
110.221252 
110.219727 
110.217285 
110.215454 
110.213318 
110.211182 
110.209351 
110.207214 
110.204773 
110.202026 
110.199585 
110.197449 
110.196228 
110.195313 
110.194092 
110.192566 
110.189819 
110.187378 
110.185242 
110.183105 
110.180969 
110.178528 
110.176392 
110.174561 
110.171814 
110.169983 
110.167847 
110.166016 
110.164185 
110.162659 
110.161438 
110.158997 
110.156555 
110.153503 
110.150757 
110.148621 
110.146790 
110.144348 
110.142822 
110.141296 
110.139160 
110.137329 
110.135803 
110.133972 
110.131836 
110.130005 
110.127563 
110.124817 
110.123291 
110.120239 
110.118103 
110.115967 
110.115051 
110.114441 
110.113220 
110.112915 
110.111084 
110.110168 
110.109253 
110.108337 
110.107117 
110.106506 
110.105591 
110.105286 
110.105286 
110.105286 
110.104980 
110.104980 
110.105591 
110.105896 
110.106201 
110.106812 
110.105286 
110.104370 
110.104370 
110.103760 
110.103760 
110.104370 
110.104675 
110.104980 
110.105591 
110.105591 
110.105591 
110.106201 
110.106201 
110.105591 
110.105896 
110.105896 
110.105896 
110.105286 
110.104980 
110.104980 
110.105896 
110.107422 
110.107727 
110.108643 
110.107727 
110.108337 
110.107727 
110.107422 
110.106812 
110.106812 
110.106812 
110.107117 
110.107117 
110.107117 
110.106812 
110.108032 
110.108032 
110.108643 
110.108643 
110.108643 
110.108032 
110.106812 
110.106201 
110.106201 
110.106506 
110.106201 
110.106812 
110.107422 
110.107727 
110.107422 
110.108032 
110.108032 
110.107727 
110.108032 
110.107727 
110.107422 
110.107422 
110.106812 
110.106506 
110.106812 
110.107117 
110.108643 
110.109253 
110.109558 
110.108948 
110.108948 
110.108337 
110.108337 
110.107727 
110.108032 
110.107727 
110.107727 
110.107727 
110.108032 
110.108032 
110.108337 
110.108337 
