Blum, K. P., D’Incamps, B. L., Zytnicki, D., & Ting, L. H. (2017).
Force encoding in muscle spindles during stretch of
passive muscle. PLoS computational biology, 13(9), 
e1005767. <https://journals.plos.org/ploscompbiol/article?
id=10.1371/journal.pcbi.1005767>

cat medial gastrocnemius muscle lengths over t  (in 0.0005 s increments)
110.112000 
110.111389 
110.111084 
110.109558 
110.108337 
110.108337 
110.108337 
110.109253 
110.109253 
110.109558 
110.109558 
110.109253 
110.109863 
110.109558 
110.109558 
110.109558 
110.109558 
110.109253 
110.109253 
110.108643 
110.108337 
110.108032 
110.109253 
110.110474 
110.111084 
110.111084 
110.111389 
110.111084 
110.110779 
110.110168 
110.110474 
110.110168 
110.110168 
110.110168 
110.110168 
110.110474 
110.110474 
110.111084 
110.111389 
110.111389 
110.111694 
110.112000 
110.110779 
110.109558 
110.108948 
110.108643 
110.108643 
110.108948 
110.108643 
110.109558 
110.109558 
110.109558 
110.109863 
110.109558 
110.109558 
110.109253 
110.109558 
110.109558 
110.108643 
110.108643 
110.107727 
110.108032 
110.108948 
110.110474 
110.111389 
110.111389 
110.111389 
110.110779 
110.110779 
110.110474 
110.110474 
110.110474 
110.110474 
110.110474 
110.110779 
110.110474 
110.110474 
110.110779 
110.111084 
110.111694 
110.112305 
110.111694 
110.110779 
110.109863 
110.108948 
110.108032 
110.108948 
110.109253 
110.108948 
110.108948 
110.109863 
110.109558 
110.109558 
110.109558 
110.109558 
110.109558 
110.109558 
110.108948 
110.108948 
110.108337 
110.107727 
110.108337 
110.108948 
110.110474 
110.111389 
110.111694 
110.111694 
110.111084 
110.111694 
110.110779 
110.111084 
110.111389 
110.112000 
110.112915 
110.113831 
110.115662 
110.117188 
110.119019 
110.121460 
110.124207 
110.126953 
110.130005 
110.132446 
110.134888 
110.138245 
110.143127 
110.147400 
110.152893 
110.158997 
110.165100 
110.171509 
110.178528 
110.185242 
110.192566 
110.200195 
110.208435 
110.216064 
110.223999 
110.232239 
110.241394 
110.249329 
110.258789 
110.269165 
110.280457 
110.291138 
110.301208 
110.311584 
110.321960 
110.332031 
110.343018 
110.354004 
110.365906 
110.377197 
110.390015 
110.401917 
110.415344 
110.428162 
110.440979 
110.454407 
110.468140 
110.481262 
110.494080 
110.505371 
110.516663 
110.528259 
110.538940 
110.551453 
110.562744 
110.574036 
110.585327 
110.596008 
110.606689 
110.617371 
110.627747 
110.637512 
110.647888 
110.657349 
110.666809 
110.675964 
110.685120 
110.694275 
110.703430 
110.713806 
110.724487 
110.734253 
110.744019 
110.752258 
110.761719 
110.769958 
110.778503 
110.787354 
110.795898 
110.804749 
110.813599 
110.822144 
110.831299 
110.840759 
110.850220 
110.859375 
110.869751 
110.879211 
110.888672 
110.897217 
110.905762 
110.914612 
110.923462 
110.933533 
110.943298 
110.952759 
110.963135 
110.973816 
110.983582 
110.993958 
111.004333 
111.014099 
111.024475 
111.034546 
111.044922 
111.054688 
111.064453 
111.074219 
111.084595 
111.095886 
111.107483 
111.118774 
111.129456 
111.139832 
111.150208 
111.160583 
111.170349 
111.180725 
111.191101 
111.201477 
111.211548 
111.222839 
111.232910 
111.243286 
111.253967 
111.264954 
111.275635 
111.286621 
111.297302 
111.306763 
111.315918 
111.325378 
111.335449 
111.346130 
111.356506 
111.367188 
111.377869 
111.388245 
111.398926 
111.409912 
111.420288 
111.430359 
111.440430 
111.450500 
111.460876 
111.470642 
111.480713 
111.490479 
111.500854 
111.511841 
111.523438 
111.534729 
111.545410 
111.555786 
111.565247 
111.575928 
111.585388 
111.595764 
111.605225 
111.615601 
111.625671 
111.635742 
111.647034 
111.656799 
111.667480 
111.678162 
111.689148 
111.699219 
111.709595 
111.718750 
111.726990 
111.737061 
111.747131 
111.757507 
111.767578 
111.777954 
111.788330 
111.799011 
111.809387 
111.819763 
111.830444 
111.840210 
111.850281 
111.860657 
111.870422 
111.880493 
111.890259 
111.899719 
111.910095 
111.921082 
111.932373 
111.943970 
111.954346 
111.965027 
111.975098 
111.984558 
111.994629 
112.004700 
112.014771 
112.025146 
112.034912 
112.045288 
112.055664 
112.066345 
112.076721 
112.087097 
112.098389 
112.109070 
112.119751 
112.128906 
112.138367 
112.147827 
112.157288 
112.167969 
112.178345 
112.188721 
112.199707 
112.210083 
112.220459 
112.230835 
112.241516 
112.251587 
112.261963 
112.272644 
112.282410 
112.292480 
112.302856 
112.312622 
112.322388 
112.333984 
112.345581 
112.356873 
112.367249 
112.377625 
112.388306 
112.397766 
112.407837 
112.417908 
112.428589 
112.438660 
112.449036 
112.458801 
112.469482 
112.480469 
112.490540 
112.501221 
112.511902 
112.522583 
112.532959 
112.542419 
112.551270 
112.560425 
112.570496 
112.581177 
112.591553 
112.601624 
112.612915 
112.623596 
112.633972 
112.644348 
112.654724 
112.664795 
112.674561 
112.684937 
112.694702 
112.704773 
112.714539 
112.724304 
112.734375 
112.745972 
112.757568 
112.768860 
112.778931 
112.789612 
112.799072 
112.809448 
112.818909 
112.828674 
112.839050 
112.849121 
112.859192 
112.869263 
112.880249 
112.890015 
112.900696 
112.911377 
112.922058 
112.932434 
112.942810 
112.951965 
112.960815 
112.970276 
112.980347 
112.990112 
113.000793 
113.011169 
113.021240 
113.031311 
113.041382 
113.050842 
113.060608 
113.069763 
113.078308 
113.087463 
113.095703 
113.103638 
113.111267 
113.118591 
113.126221 
113.133850 
113.142090 
113.149414 
113.156128 
113.162231 
113.167725 
113.172913 
113.177185 
113.181152 
113.185120 
113.189087 
113.192444 
113.195496 
113.198242 
113.200989 
113.202820 
113.205261 
113.206787 
113.207703 
113.208923 
113.207703 
113.205872 
113.204651 
113.204041 
113.202820 
113.200989 
113.199768 
113.197632 
113.194885 
113.191528 
113.188171 
113.183899 
113.179321 
113.175049 
113.169250 
113.163147 
113.156738 
113.149719 
113.142700 
113.135376 
113.128357 
113.121643 
113.114929 
113.106995 
113.097839 
113.088684 
113.079529 
113.069458 
113.059692 
113.049011 
113.039246 
113.028259 
113.018188 
113.008118 
112.997742 
112.986755 
112.976685 
112.966003 
112.955627 
112.944336 
112.932129 
112.919312 
112.907104 
112.895508 
112.883606 
112.872620 
112.861633 
112.850342 
112.839355 
112.827759 
112.816772 
112.805481 
112.793884 
112.782288 
112.770996 
112.759094 
112.747498 
112.735901 
112.723694 
112.712097 
112.702026 
112.692261 
112.681885 
112.671509 
112.659912 
112.648926 
112.637634 
112.626343 
112.614746 
112.603760 
112.592773 
112.581482 
112.570496 
112.559509 
112.549438 
112.538452 
112.528076 
112.518005 
112.507629 
112.496643 
112.485352 
112.473450 
112.461548 
112.450562 
112.439880 
112.429504 
112.418823 
112.408447 
112.398987 
112.387695 
112.377930 
112.367249 
112.356873 
112.346191 
112.335815 
112.325134 
112.313843 
112.302856 
112.292175 
112.281189 
112.272034 
112.262573 
112.252808 
112.242737 
112.232361 
112.221375 
112.210388 
112.200012 
112.189026 
112.178040 
112.167664 
112.156982 
112.145691 
112.135620 
112.125244 
112.114868 
112.104187 
112.094116 
112.084351 
112.073669 
112.061768 
112.050171 
112.038574 
112.027283 
112.017212 
112.006531 
111.995850 
111.986084 
111.975708 
111.965332 
111.954651 
111.943970 
111.933899 
111.922913 
111.912231 
111.901550 
111.890259 
111.879578 
111.868896 
111.857605 
111.848450 
111.838989 
111.829834 
111.819458 
111.808777 
111.798096 
111.787415 
111.776428 
111.765442 
111.754761 
111.744080 
111.733704 
111.723328 
111.713257 
111.702881 
111.692505 
111.682129 
111.672058 
111.662292 
111.652527 
111.640625 
111.628723 
111.617432 
111.607056 
111.596375 
111.585999 
111.576233 
111.565857 
111.556091 
111.546326 
111.535950 
111.525269 
111.514893 
111.505432 
111.494446 
111.484070 
111.473083 
111.462402 
111.451721 
111.441345 
111.431580 
111.423035 
111.413879 
111.403809 
111.393127 
111.382751 
111.372070 
111.361694 
111.351624 
111.340942 
111.329956 
111.319275 
111.309814 
111.299133 
111.288757 
111.278992 
111.268616 
111.258850 
111.249084 
111.239014 
111.227722 
111.216125 
111.204834 
111.193848 
111.183472 
111.173401 
111.163025 
111.152954 
111.142883 
111.133118 
111.122437 
111.112366 
111.101990 
111.091614 
111.080933 
111.070557 
111.059570 
111.048889 
111.037903 
111.027527 
111.017761 
111.008606 
110.998840 
110.989075 
110.978699 
110.968323 
110.957336 
110.946655 
110.935669 
110.925293 
110.914307 
110.903931 
110.893250 
110.883179 
110.872498 
110.862427 
110.851746 
110.841980 
110.831909 
110.822144 
110.810852 
110.798340 
110.787354 
110.776367 
110.765686 
110.755615 
110.745544 
110.735474 
110.725098 
110.715332 
110.704651 
110.694275 
110.683899 
110.673523 
110.663452 
110.652466 
110.641785 
110.631104 
110.620422 
110.609741 
110.600281 
110.591431 
110.581970 
110.571594 
110.561523 
110.550842 
110.540161 
110.529175 
110.518799 
110.507813 
110.497742 
110.487061 
110.476685 
110.466614 
110.456543 
110.446167 
110.436096 
110.426636 
110.416260 
110.406799 
110.395508 
110.382996 
110.371704 
110.361328 
110.351257 
110.340576 
110.330200 
110.320435 
110.310669 
110.300598 
110.290222 
110.280762 
110.270691 
110.260620 
110.250854 
110.240784 
110.231018 
110.220947 
110.211792 
110.202637 
110.195007 
110.187988 
110.181580 
110.174561 
110.167542 
110.160828 
110.154724 
110.148621 
110.142517 
110.137024 
110.132446 
110.127563 
110.124207 
110.120850 
110.118103 
110.114746 
110.112610 
110.111389 
110.110474 
110.108948 
110.107727 
110.105896 
110.104370 
110.104675 
110.104675 
110.105591 
110.106812 
110.108337 
110.110474 
110.113220 
110.115662 
110.118713 
110.122070 
110.126038 
110.130615 
110.134888 
110.139771 
110.144958 
110.150146 
110.156250 
110.164490 
110.172424 
110.181274 
110.189819 
110.197754 
110.205688 
110.214844 
110.223694 
110.232849 
110.242310 
110.252075 
110.262451 
110.272522 
110.282898 
110.293579 
110.304565 
110.316162 
110.327148 
110.339050 
110.350342 
110.360107 
110.369873 
110.379944 
110.390625 
110.401611 
110.412903 
110.423889 
110.435181 
110.446472 
110.457153 
110.467834 
110.479126 
110.489807 
110.499878 
110.510254 
110.520630 
110.531006 
110.540771 
110.551147 
110.561218 
110.572205 
110.584106 
110.595398 
110.606079 
110.616455 
110.625916 
110.636597 
110.646667 
110.655823 
110.665894 
110.676270 
110.686035 
110.696106 
110.707092 
110.716858 
110.727234 
110.737915 
110.748291 
110.759277 
110.769653 
110.778503 
110.787659 
110.796509 
110.806274 
110.816345 
110.826721 
110.837402 
110.847473 
110.858154 
110.868835 
110.879211 
110.889587 
110.899963 
110.909729 
110.919495 
110.929565 
110.939331 
110.949097 
110.958862 
110.968933 
110.979919 
110.991516 
111.002502 
111.012878 
111.023865 
111.033630 
111.044006 
111.053467 
111.063232 
111.072998 
111.083374 
111.093445 
111.103210 
111.113281 
111.123962 
111.134338 
111.145325 
111.155701 
111.165771 
111.176453 
111.186218 
111.194763 
111.204224 
111.213989 
111.223755 
111.234436 
111.244812 
111.254883 
111.265564 
111.275940 
111.286316 
111.296387 
111.306763 
111.317139 
111.326904 
111.337280 
111.347656 
111.356812 
111.366882 
111.377258 
111.387939 
111.399231 
111.410828 
111.421204 
111.431580 
111.441650 
111.451721 
111.461182 
111.471252 
111.481323 
111.491699 
111.501770 
111.511841 
111.522217 
111.532898 
111.542969 
111.553040 
111.564026 
111.574707 
111.584778 
111.594238 
111.603394 
111.611938 
111.622009 
111.632385 
111.642761 
111.653442 
111.663818 
111.673584 
111.684570 
111.694641 
111.705322 
111.715088 
111.725159 
111.735229 
111.744385 
111.754761 
111.764526 
111.773987 
111.784058 
111.795044 
111.806335 
111.817627 
111.828003 
111.838074 
111.848450 
111.857910 
111.867981 
111.877441 
111.887207 
111.897278 
111.907654 
111.917419 
111.927490 
111.937866 
111.948242 
111.959229 
111.969604 
111.980286 
111.990356 
111.999817 
112.008667 
112.017517 
112.026978 
112.037659 
112.047424 
112.057800 
112.068481 
112.079468 
112.089539 
112.099609 
112.110291 
112.120972 
112.130737 
112.140808 
112.150879 
112.160645 
112.170105 
112.179871 
112.189941 
112.201233 
112.213135 
112.223816 
112.234497 
112.244568 
112.254639 
112.264709 
112.274780 
112.284851 
112.294312 
112.304688 
112.315063 
112.324829 
112.335510 
112.346191 
112.355957 
112.366638 
112.377625 
112.388000 
112.398071 
112.407837 
112.416077 
112.425537 
112.435608 
112.445984 
112.456055 
112.466736 
112.476807 
112.487793 
112.497864 
112.507629 
112.518311 
112.528687 
112.538757 
112.548523 
112.558594 
112.568665 
112.577820 
112.588501 
112.598572 
112.609558 
112.620850 
112.632141 
112.642822 
112.652893 
112.662659 
112.672424 
112.682495 
112.692261 
112.702026 
112.711792 
112.721863 
112.732544 
112.742920 
112.752991 
112.763672 
112.773743 
112.784729 
112.795105 
112.805176 
112.814636 
112.823486 
112.832947 
112.842407 
112.852783 
112.862854 
112.872925 
112.883606 
112.893677 
112.904968 
112.915039 
112.925415 
112.935181 
112.945251 
112.955322 
112.966003 
112.975464 
112.985229 
112.994385 
113.004456 
113.014832 
113.025818 
113.037109 
113.047180 
113.056335 
113.065491 
113.074341 
113.082275 
113.090515 
113.098755 
113.106384 
113.114014 
113.121643 
113.128662 
113.135681 
113.142090 
113.148499 
113.154602 
113.161011 
113.166199 
113.170166 
113.172913 
113.175964 
113.179321 
113.182373 
113.186340 
113.189392 
113.192139 
113.193970 
113.195801 
113.197327 
113.197937 
113.198547 
113.198853 
113.198242 
113.197021 
113.196106 
113.195190 
113.192444 
113.190308 
113.189087 
113.187561 
113.185120 
113.182068 
113.177795 
113.172607 
113.168030 
113.161926 
113.156128 
113.149414 
113.143005 
113.135986 
113.128967 
113.121033 
113.113403 
113.104858 
113.096924 
113.088379 
113.079834 
113.070068 
113.060303 
113.048706 
113.037720 
113.027039 
113.016357 
113.005981 
112.995605 
112.984924 
112.974243 
112.964172 
112.952881 
112.941284 
112.930298 
112.919006 
112.907410 
112.895508 
112.883911 
112.872009 
112.860107 
112.848511 
112.837830 
112.828064 
112.817078 
112.806396 
112.795105 
112.783203 
112.771912 
112.760925 
112.748718 
112.736816 
112.725830 
112.714539 
112.703552 
112.692261 
112.681580 
112.670288 
112.659912 
112.649231 
112.638855 
112.627869 
112.616577 
112.604065 
112.592163 
112.580872 
112.570496 
112.559509 
112.548828 
112.539063 
112.528381 
112.518005 
112.507629 
112.496948 
112.486572 
112.476196 
112.465515 
112.455139 
112.443848 
112.433167 
112.421875 
112.411194 
112.401733 
112.392578 
112.383118 
112.373047 
112.363281 
112.352295 
112.341309 
112.330933 
112.320251 
112.309570 
112.298889 
112.288513 
112.278137 
112.267151 
112.257080 
112.246704 
112.236938 
112.227173 
112.217102 
112.206726 
112.195129 
112.183533 
112.171936 
112.160950 
112.150574 
112.140503 
112.129822 
112.119446 
112.109070 
112.098694 
112.088623 
112.077942 
112.068176 
112.057495 
112.046814 
112.036133 
112.025452 
112.014160 
112.003479 
111.992493 
111.982727 
111.973572 
111.964417 
111.954041 
111.943359 
111.932983 
111.922302 
111.911316 
111.900330 
111.889954 
111.878967 
111.868286 
111.858521 
111.847839 
111.837769 
111.827087 
111.817017 
111.806946 
111.796875 
111.786499 
111.775513 
111.763306 
111.752014 
111.740723 
111.730652 
111.720276 
111.710510 
111.700134 
111.690063 
111.679993 
111.669617 
111.659546 
111.649170 
111.638794 
111.628113 
111.617126 
111.606750 
111.596069 
111.585693 
111.574707 
111.565552 
111.556396 
111.547241 
111.537781 
111.527100 
111.516418 
111.506042 
111.495667 
111.484375 
111.473694 
111.463623 
111.452942 
111.442871 
111.432495 
111.422729 
111.412048 
111.402588 
111.392517 
111.382751 
111.372375 
111.361694 
111.350098 
111.338806 
111.327515 
111.317444 
111.307068 
111.297302 
111.286926 
111.276855 
111.267395 
111.257019 
111.246948 
111.236572 
111.226196 
111.216125 
111.206055 
111.194763 
111.184387 
111.173096 
111.162720 
111.153259 
111.144409 
111.134949 
111.125183 
111.114502 
111.104431 
111.093750 
111.083374 
111.072388 
111.061401 
111.051331 
111.040955 
111.030884 
111.020508 
111.010132 
110.999451 
110.989685 
110.979614 
110.969849 
110.959778 
110.948181 
110.936584 
110.924683 
110.914307 
110.903625 
110.893250 
110.883179 
110.872803 
110.862732 
110.852356 
110.842590 
110.831909 
110.821228 
110.811157 
110.800781 
110.790100 
110.779724 
110.768127 
110.757751 
110.747070 
110.737305 
110.728455 
110.718994 
110.708618 
110.697937 
110.687866 
110.676880 
110.666504 
110.655518 
110.644836 
110.634155 
110.624390 
110.613708 
110.603333 
110.592957 
110.583191 
110.572815 
110.563049 
110.553284 
110.542603 
110.531616 
110.520325 
110.508423 
110.498047 
110.487976 
110.477295 
110.467529 
110.457458 
110.447388 
110.437317 
110.427246 
110.417175 
110.407104 
110.396729 
110.385742 
110.375671 
110.365601 
110.354614 
110.344238 
110.333557 
110.323792 
110.314941 
110.305786 
110.296326 
110.285645 
110.274963 
110.265198 
110.255127 
110.245056 
110.234985 
110.225525 
110.216370 
110.207520 
110.199280 
110.191040 
110.182800 
110.175476 
110.169067 
110.162964 
110.156555 
110.149841 
110.143127 
110.136719 
110.131531 
110.127258 
110.123291 
110.119934 
110.117493 
110.114441 
110.112610 
110.110474 
110.108948 
110.107727 
110.106812 
110.106201 
110.105896 
110.105286 
110.105591 
110.105896 
110.106201 
110.108948 
110.111389 
110.114136 
110.117188 
110.120850 
110.123596 
110.126953 
110.131226 
110.135498 
110.139771 
110.145569 
110.151062 
110.157471 
110.163879 
110.170898 
110.178528 
110.186768 
110.195313 
110.203857 
110.213013 
110.221558 
110.229187 
110.238953 
110.247803 
110.258179 
110.268250 
110.279236 
110.289612 
110.300903 
110.311890 
110.322571 
110.333862 
110.344543 
110.355530 
110.365906 
110.376587 
110.387268 
110.398254 
110.408020 
110.418396 
110.429993 
110.441895 
110.453491 
110.464478 
110.475464 
110.485535 
110.495911 
110.505981 
110.516357 
110.525818 
110.536499 
110.546570 
110.557251 
110.567627 
110.578003 
110.588379 
110.599060 
110.609741 
110.620728 
110.630493 
110.640259 
110.649414 
110.658264 
110.668335 
110.678406 
110.688477 
110.698853 
110.710144 
110.720520 
110.730591 
110.741577 
110.751648 
110.762024 
110.772400 
110.781860 
110.792236 
110.802307 
110.812378 
110.821838 
110.831604 
110.842285 
110.853882 
110.865479 
110.876465 
110.886841 
110.896912 
110.906982 
110.916443 
110.926514 
110.936584 
110.946350 
110.956726 
110.966797 
110.976563 
110.986938 
110.997009 
111.007690 
111.018982 
111.029358 
111.039734 
111.049805 
111.058044 
111.067200 
111.076965 
111.087036 
111.097107 
111.107788 
111.118469 
111.128845 
111.138916 
111.149597 
111.159973 
111.169739 
111.180420 
111.190491 
111.200562 
111.210632 
111.220093 
111.229858 
111.239929 
111.250916 
111.262207 
111.273804 
111.284180 
111.294556 
111.304626 
111.314392 
111.324158 
111.334534 
111.344299 
111.354065 
111.364441 
111.374512 
111.384888 
111.395264 
111.405945 
111.416016 
111.426697 
111.437378 
111.447754 
111.456909 
111.466064 
111.475525 
111.484375 
111.495361 
111.506042 
111.516113 
111.526489 
111.537170 
111.547852 
111.557922 
111.568909 
111.578674 
111.589050 
111.598816 
111.609192 
111.618652 
111.628418 
111.638489 
111.648560 
111.659241 
111.671143 
111.682434 
111.693115 
111.703186 
111.712952 
111.723328 
111.733093 
111.742859 
111.752625 
111.762390 
111.772766 
111.782837 
111.793518 
111.803894 
111.814270 
111.824646 
111.835022 
111.845398 
111.856079 
111.865234 
111.874084 
111.883240 
111.893005 
111.902771 
111.913757 
111.923828 
111.934204 
111.944275 
111.955261 
111.965332 
111.975708 
111.986084 
111.995850 
112.005920 
112.015991 
112.026062 
112.035522 
112.045593 
112.055054 
112.065735 
112.077942 
112.089233 
112.098999 
112.109375 
112.119446 
112.129517 
112.139587 
112.149353 
112.159119 
112.169189 
112.179260 
112.189331 
112.199707 
112.210083 
112.220154 
112.230835 
112.241211 
112.251892 
112.262268 
112.272034 
112.280884 
112.289734 
112.299500 
112.309570 
112.320251 
112.330322 
112.341309 
112.351074 
112.362061 
112.371826 
112.382202 
112.392578 
112.402649 
112.412720 
112.422485 
112.432861 
112.442322 
112.452087 
112.462158 
112.472839 
112.484436 
112.495728 
112.506409 
112.516479 
112.526550 
112.536316 
112.546387 
112.556458 
112.566223 
112.575989 
112.586365 
112.596436 
112.606812 
112.616882 
112.627258 
112.637939 
112.648010 
112.658997 
112.669678 
112.678223 
112.687378 
112.696228 
112.706299 
112.716370 
112.726135 
112.736511 
112.747498 
112.757874 
112.768250 
112.778625 
112.789001 
112.799072 
112.809448 
112.819214 
112.829285 
112.839050 
112.848816 
112.857971 
112.868347 
112.879333 
112.890320 
112.902222 
112.912903 
112.922974 
112.933044 
112.943115 
112.953186 
112.962341 
112.973022 
112.982788 
112.992249 
113.003235 
113.012695 
113.023071 
113.032532 
113.042908 
113.052368 
113.062439 
113.071594 
113.079834 
113.086548 
113.093872 
113.102112 
113.109436 
113.117371 
113.124390 
113.131104 
113.138123 
113.144836 
113.150940 
113.156433 
113.162537 
113.166809 
113.171082 
113.175659 
113.179016 
113.182678 
113.184814 
113.187256 
113.190613 
113.193665 
113.196716 
113.198547 
113.199158 
113.199768 
113.199768 
113.199463 
113.198853 
113.197327 
113.196716 
113.194885 
113.193054 
113.190918 
113.188477 
113.185120 
113.182373 
113.178711 
113.174438 
113.169861 
113.163757 
113.157043 
113.150024 
113.142700 
113.135986 
113.129272 
113.121643 
113.114319 
113.105774 
113.098145 
113.088684 
113.080139 
113.070679 
113.061218 
113.050842 
113.040771 
113.030396 
113.019409 
113.008423 
112.997742 
112.987671 
112.977905 
112.967834 
112.956848 
112.945862 
112.934265 
112.923279 
112.911377 
112.899780 
112.887878 
112.876282 
112.864990 
112.853699 
112.842102 
112.830811 
112.819519 
112.808533 
112.797546 
112.786865 
112.775879 
112.763977 
112.751160 
112.738342 
112.727051 
112.716064 
112.704773 
112.693787 
112.683105 
112.672424 
112.661743 
112.651062 
112.640076 
112.628784 
112.618408 
112.607727 
112.596436 
112.585449 
112.573853 
112.562561 
112.551880 
112.541504 
112.532349 
112.522888 
112.512817 
112.501831 
112.491455 
112.481079 
112.470398 
112.459106 
112.448730 
112.437744 
112.427368 
112.416992 
112.406616 
112.396545 
112.386169 
112.375793 
112.366028 
112.356262 
112.345886 
112.334595 
112.323303 
112.311401 
112.300415 
112.290039 
112.280273 
112.269287 
112.259521 
112.249146 
112.239380 
112.228699 
112.218018 
112.207947 
112.197266 
112.186584 
112.176514 
112.165527 
112.154846 
112.143860 
112.133179 
112.123413 
112.114258 
112.104797 
112.094727 
112.084045 
112.073059 
112.062988 
112.052002 
112.041016 
112.030029 
112.019653 
112.008972 
111.998291 
111.988220 
111.977539 
111.967468 
111.956787 
111.947021 
111.936951 
111.926270 
111.915283 
111.903381 
111.891785 
111.881104 
111.870422 
111.859436 
111.849670 
111.839600 
111.829224 
111.819153 
111.808777 
111.798096 
111.787720 
111.777649 
111.767273 
111.756592 
111.745605 
111.734924 
111.724243 
111.713562 
111.703491 
111.694946 
111.685181 
111.675415 
111.665344 
111.654663 
111.644287 
111.633606 
111.622620 
111.611938 
111.601563 
111.591492 
111.580811 
111.570740 
111.560364 
111.549988 
111.539917 
111.530457 
111.520386 
111.510315 
111.499634 
111.488342 
111.476135 
111.465454 
111.455383 
111.444702 
111.434937 
111.424866 
111.414795 
111.405029 
111.394653 
111.384583 
111.374512 
111.364136 
111.354065 
111.343079 
111.332703 
111.322021 
111.311340 
111.300659 
111.290588 
111.281738 
111.272583 
111.263123 
111.253052 
111.242371 
111.231995 
111.221313 
111.210938 
111.200256 
111.189880 
111.179199 
111.168823 
111.158142 
111.148071 
111.138000 
111.127930 
111.118164 
111.108398 
111.098328 
111.087341 
111.075745 
111.064453 
111.053162 
111.043091 
111.032715 
111.022339 
111.011963 
111.001892 
110.991821 
110.981750 
110.971680 
110.961304 
110.950928 
110.940552 
110.929565 
110.919189 
110.908203 
110.897217 
110.886536 
110.877075 
110.867920 
110.858154 
110.848389 
110.837708 
110.827942 
110.816956 
110.806274 
110.795288 
110.785217 
110.773926 
110.763855 
110.753479 
110.742798 
110.732117 
110.722046 
110.711975 
110.701599 
110.691833 
110.681763 
110.670471 
110.658875 
110.647583 
110.636597 
110.625916 
110.616150 
110.605774 
110.595703 
110.585327 
110.575867 
110.565491 
110.555420 
110.545044 
110.534363 
110.524292 
110.513611 
110.503235 
110.492554 
110.481873 
110.471191 
110.461121 
110.452576 
110.443115 
110.433655 
110.423279 
110.412903 
110.402527 
110.392151 
110.380859 
110.370789 
110.360413 
110.349731 
110.339355 
110.329285 
110.319214 
110.308838 
110.299072 
110.289307 
110.279846 
110.270081 
110.259705 
110.248108 
110.237427 
110.227051 
110.217285 
110.208740 
110.200806 
110.192566 
110.184326 
110.177307 
110.170288 
110.163574 
110.157166 
110.151062 
110.145569 
110.140381 
110.134277 
110.129395 
110.124817 
110.120850 
110.118408 
110.116577 
110.115051 
110.113525 
110.111694 
110.109863 
110.108643 
110.108032 
110.107117 
110.106812 
110.106201 
110.107422 
110.108032 
110.109558 
110.110779 
110.112915 
110.115662 
110.118713 
110.122375 
110.126343 
110.130005 
110.132751 
110.136414 
110.141296 
110.147400 
110.153198 
110.159912 
110.167236 
110.174561 
110.182190 
110.190735 
110.199280 
110.207825 
110.216675 
110.226135 
110.235596 
110.245361 
110.254517 
110.264893 
110.274658 
110.285645 
110.297546 
110.309448 
110.320740 
110.331116 
110.342102 
110.352478 
110.362854 
110.373535 
110.383911 
110.394897 
110.405579 
110.416260 
110.426636 
110.437622 
110.447998 
110.458984 
110.469971 
110.480652 
110.491638 
110.501709 
110.510864 
110.520020 
110.529480 
110.539856 
110.550842 
110.561218 
110.571899 
110.582581 
110.593262 
110.603943 
110.613708 
110.624084 
110.634766 
110.644531 
110.654602 
110.664673 
110.674438 
110.684204 
110.694275 
110.704956 
110.716858 
110.728149 
110.738831 
110.749207 
110.759583 
110.769348 
110.779419 
110.789185 
110.798950 
110.809326 
110.819397 
110.829468 
110.839539 
110.849609 
110.859985 
110.871277 
110.881653 
110.892029 
110.903015 
110.912476 
110.921326 
110.930481 
110.940247 
110.950012 
110.959778 
110.970764 
110.981140 
110.991516 
111.001892 
111.012573 
111.023560 
111.033325 
111.043396 
111.053772 
111.063843 
111.073303 
111.083374 
111.092834 
111.102905 
111.114197 
111.125488 
111.136475 
111.147156 
111.157837 
111.167603 
111.177979 
111.187744 
111.197510 
111.206970 
111.217346 
111.227417 
111.237488 
111.247559 
111.258240 
111.268311 
111.278992 
111.289673 
111.300049 
111.311035 
111.320190 
111.329346 
111.338806 
111.347961 
111.358337 
111.368713 
111.378784 
111.389160 
111.399841 
111.410828 
111.420898 
111.431274 
111.441345 
111.451111 
111.461487 
111.472168 
111.481628 
111.491394 
111.501465 
111.511841 
111.522217 
111.533813 
111.545105 
111.555481 
111.566162 
111.576233 
111.585999 
111.595459 
111.605835 
111.615906 
111.625671 
111.636047 
111.646118 
111.656494 
111.666870 
111.677551 
111.687622 
111.698608 
111.709290 
111.719360 
111.729431 
111.737976 
111.746826 
111.756592 
111.766663 
111.777039 
111.787109 
111.798096 
111.808472 
111.819153 
111.829529 
111.839600 
111.849976 
111.859741 
111.869812 
111.879883 
111.889648 
111.899414 
111.909180 
111.919861 
111.929626 
111.941223 
111.952820 
111.963806 
111.973877 
111.983948 
111.993713 
112.003479 
112.013245 
112.023621 
112.033691 
112.043457 
112.053833 
112.063599 
112.074280 
112.084351 
112.095032 
112.105103 
112.115784 
112.126770 
112.136230 
112.145386 
112.154846 
112.163696 
112.174072 
112.184143 
112.194214 
112.204590 
112.215271 
112.226257 
112.235718 
112.246399 
112.257080 
112.266541 
112.276917 
112.286987 
112.297058 
112.306519 
112.316284 
112.326355 
112.336731 
112.348328 
112.359924 
112.370605 
112.380676 
112.390442 
112.400513 
112.409973 
112.420044 
112.430420 
112.439880 
112.450256 
112.460632 
112.470703 
112.480774 
112.491150 
112.501526 
112.512512 
112.522583 
112.533264 
112.543030 
112.551270 
112.560730 
112.569885 
112.580261 
112.590942 
112.601624 
112.612000 
112.622070 
112.632446 
112.642822 
112.653198 
112.662964 
112.673340 
112.683411 
112.693481 
112.703552 
112.713318 
112.722778 
112.732849 
112.743530 
112.755127 
112.766418 
112.777405 
112.787476 
112.796936 
112.807312 
112.816772 
112.826538 
112.836609 
112.846985 
112.857056 
112.866516 
112.876892 
112.887573 
112.897644 
112.908325 
112.918701 
112.929382 
112.939758 
112.949524 
112.958374 
112.967529 
112.976685 
112.986755 
112.996826 
113.007202 
113.017578 
113.027649 
113.037415 
113.047180 
113.056946 
113.066101 
113.075256 
113.082886 
113.091431 
113.099365 
113.106995 
113.114014 
113.121033 
113.128357 
113.136292 
113.144226 
113.150635 
113.156433 
113.161926 
113.166809 
113.171082 
113.175354 
113.178711 
113.182678 
113.185730 
113.188477 
113.191223 
113.193359 
113.195496 
113.197021 
113.198853 
113.199768 
113.200073 
113.199768 
113.197937 
113.196106 
113.194580 
113.193359 
113.191833 
113.190002 
113.187561 
113.185120 
113.182068 
113.178101 
113.174133 
113.169556 
113.164368 
113.158569 
113.152466 
113.145752 
113.138733 
113.131714 
113.123779 
113.116150 
113.109436 
113.102722 
113.094177 
113.085327 
113.075867 
113.066101 
113.056030 
113.045654 
113.035278 
113.025208 
113.014221 
113.003845 
112.992859 
112.982178 
112.971497 
112.960815 
112.949829 
112.938843 
112.928162 
112.916260 
112.903137 
112.890625 
112.878723 
112.866821 
112.855835 
112.844849 
112.833557 
112.822266 
112.811279 
112.799988 
112.788696 
112.777710 
112.766113 
112.755127 
112.743835 
112.731934 
112.720642 
112.708740 
112.697144 
112.687073 
112.677307 
112.667542 
112.656860 
112.646179 
112.634888 
112.624207 
112.612915 
112.601929 
112.590332 
112.579956 
112.568665 
112.557983 
112.547302 
112.536926 
112.526550 
112.516479 
112.506409 
112.496033 
112.485657 
112.475281 
112.463379 
112.451477 
112.440491 
112.429810 
112.419434 
112.409058 
112.398682 
112.388611 
112.378845 
112.368469 
112.357788 
112.347717 
112.337036 
112.326965 
112.316284 
112.305603 
112.294922 
112.284241 
112.273560 
112.262878 
112.254028 
112.245178 
112.234802 
112.224731 
112.214050 
112.203064 
112.192383 
112.181702 
112.171021 
112.160034 
112.150269 
112.139587 
112.128906 
112.118530 
112.107849 
112.097168 
112.087708 
112.077332 
112.067261 
112.056274 
112.044678 
112.032471 
112.021790 
112.010803 
112.000732 
111.990051 
111.979980 
111.969910 
111.959534 
111.948853 
111.939087 
111.928406 
111.917725 
111.907043 
111.896667 
111.886292 
111.875305 
111.864624 
111.853638 
111.843567 
111.834412 
111.825256 
111.815186 
111.804504 
111.794128 
111.783447 
111.773071 
111.762390 
111.751709 
111.741028 
111.730652 
111.720581 
111.709290 
111.699219 
111.689148 
111.679077 
111.669006 
111.658936 
111.649170 
111.637878 
111.626892 
111.614685 
111.603699 
111.593628 
111.583252 
111.572876 
111.562805 
111.553345 
111.542969 
111.533203 
111.522522 
111.512451 
111.502380 
111.492004 
111.481628 
111.470642 
111.459961 
111.449890 
111.438904 
111.428833 
111.419678 
111.411133 
111.401062 
111.391296 
111.380615 
111.370239 
111.359863 
111.349182 
111.338501 
111.327820 
111.316833 
111.307373 
111.296387 
111.286316 
111.276245 
111.266174 
111.256409 
111.246643 
111.236572 
111.225586 
111.214294 
111.202698 
111.192017 
111.181030 
111.170654 
111.160583 
111.150513 
111.140747 
111.130981 
111.120605 
111.110229 
111.100464 
111.090088 
111.079407 
111.068726 
111.058960 
111.047668 
111.036987 
111.026306 
111.015625 
111.007080 
110.997620 
110.987854 
110.977478 
110.967407 
110.956726 
110.946045 
110.935669 
110.924988 
110.914307 
110.903320 
110.892944 
110.882568 
110.872192 
110.861816 
110.851440 
110.841675 
110.831299 
110.821533 
110.810547 
110.798950 
110.787354 
110.776062 
110.765381 
110.755310 
110.744629 
110.734558 
110.724487 
110.714417 
110.704346 
110.693665 
110.683899 
110.673828 
110.662842 
110.652161 
110.642090 
110.631104 
110.620117 
110.609436 
110.599670 
110.590820 
110.581360 
110.571899 
110.561218 
110.551147 
110.540466 
110.529480 
110.519104 
110.508728 
110.498047 
110.487671 
110.477600 
110.466919 
110.456848 
110.447083 
110.437012 
110.426941 
110.417175 
110.407104 
110.396729 
110.384521 
110.373230 
110.362244 
110.351868 
110.342102 
110.331421 
110.321655 
110.311890 
110.301514 
110.291748 
110.281677 
110.271606 
110.262146 
110.252380 
110.242004 
110.231934 
110.222168 
110.212708 
110.203857 
110.195923 
110.188904 
110.182190 
110.175476 
110.168457 
110.161743 
110.155029 
110.148621 
110.143433 
110.137939 
110.133057 
110.128784 
110.124512 
110.121460 
110.118103 
110.115356 
110.113220 
110.111694 
110.110474 
110.109558 
110.108032 
110.106812 
110.105286 
110.104675 
110.105286 
110.105896 
110.107117 
110.108643 
110.110779 
110.113525 
110.115967 
110.119019 
110.122375 
110.126038 
110.130920 
110.135498 
110.139771 
110.145569 
110.150757 
110.156860 
110.163879 
110.172119 
110.180969 
110.189514 
110.198059 
110.206604 
110.215149 
110.223999 
110.232849 
110.242920 
110.252686 
110.262451 
110.272522 
110.283203 
110.293884 
110.304565 
110.315247 
110.326538 
110.337830 
110.348816 
110.358887 
110.367737 
110.377808 
110.388184 
110.398560 
110.409546 
110.420227 
110.431213 
110.441895 
110.452881 
110.463562 
110.474548 
110.484924 
110.495300 
110.505371 
110.516357 
110.526428 
110.536499 
110.545654 
110.556335 
110.567017 
110.578613 
110.590210 
110.600891 
110.611877 
110.621643 
110.632019 
110.642090 
110.651855 
110.661621 
110.671692 
110.682068 
110.691833 
110.701904 
110.712891 
110.723267 
110.733337 
110.744629 
110.755005 
110.765381 
110.775452 
110.784607 
110.793457 
110.802612 
110.813293 
110.823669 
110.833435 
110.844116 
110.854492 
110.865479 
110.875854 
110.886230 
110.896301 
110.906677 
110.916748 
110.926819 
110.936890 
110.946655 
110.956116 
110.966187 
110.976257 
110.988159 
110.999451 
111.010437 
111.021118 
111.031189 
111.040955 
111.051025 
111.061096 
111.070862 
111.080322 
111.090393 
111.101074 
111.111145 
111.121521 
111.131592 
111.142273 
111.152954 
111.163330 
111.174316 
111.183777 
111.192627 
111.202087 
111.211243 
111.221619 
111.231689 
111.242065 
111.252747 
111.262817 
111.273193 
111.283875 
111.293945 
111.304321 
111.314392 
111.324158 
111.335144 
111.344604 
111.354675 
111.364441 
111.374207 
111.384888 
111.396179 
111.407776 
111.418762 
111.428833 
111.438599 
111.448669 
111.458740 
111.469116 
111.478882 
111.489258 
111.499023 
111.509399 
111.519470 
111.530151 
111.539917 
111.551208 
111.561279 
111.571655 
111.582642 
111.592407 
111.600952 
111.610107 
111.619568 
111.629333 
111.640320 
111.651001 
111.661377 
111.672058 
111.682129 
111.692505 
111.702881 
111.712952 
111.723022 
111.733093 
111.743469 
111.752930 
111.763000 
111.772766 
111.781921 
111.792908 
111.804810 
111.816101 
111.827087 
111.836853 
111.847229 
111.856995 
111.867371 
111.876526 
111.886597 
111.896362 
111.906738 
111.916504 
111.926575 
111.937561 
111.947632 
111.958008 
111.968689 
111.979370 
111.990051 
111.999817 
112.008667 
112.017822 
112.027588 
112.037659 
112.047729 
112.057495 
112.067871 
112.078552 
112.089233 
112.099915 
112.109985 
112.120361 
112.130737 
112.140503 
112.150574 
112.160645 
112.170105 
112.180176 
112.189941 
112.200317 
112.211914 
112.223511 
112.234497 
112.244568 
112.254333 
112.264709 
112.274780 
112.284546 
112.294312 
112.303772 
112.314758 
112.324524 
112.334595 
112.345276 
112.355347 
112.366028 
112.376404 
112.387085 
112.396851 
112.406921 
112.415771 
112.424927 
112.434387 
112.445068 
112.455139 
112.464905 
112.475586 
112.485657 
112.496338 
112.506714 
112.516785 
112.526855 
112.536926 
112.547302 
112.557373 
112.567139 
112.576904 
112.586975 
112.596741 
112.607422 
112.618713 
112.630005 
112.640686 
112.651062 
112.661133 
112.671204 
112.680664 
112.690430 
112.700500 
112.710266 
112.720337 
112.730408 
112.740479 
112.751770 
112.761536 
112.772217 
112.782593 
112.792969 
112.803650 
112.813110 
112.822266 
112.830811 
112.840576 
112.850647 
112.861023 
112.871094 
112.881775 
112.892151 
112.902527 
112.913208 
112.923279 
112.933350 
112.943726 
112.953796 
112.963257 
112.973328 
112.983093 
112.992249 
113.002014 
113.012390 
113.023987 
113.034058 
113.044434 
113.054810 
113.063354 
113.072510 
113.080750 
113.088989 
113.096924 
113.104553 
113.112488 
113.119812 
113.127136 
113.133850 
113.140869 
113.147278 
113.153687 
113.159180 
113.164978 
113.169556 
113.173218 
113.175659 
113.178711 
113.182373 
113.185730 
113.188782 
113.191223 
113.193665 
113.195496 
113.196106 
113.197632 
113.197937 
113.198242 
113.197632 
113.197327 
113.196106 
113.194580 
113.192749 
113.189697 
113.188171 
113.186951 
113.184509 
113.182068 
113.177795 
113.172913 
113.167725 
113.162231 
113.156128 
113.149414 
113.142700 
113.135986 
113.128662 
113.121033 
113.113403 
113.105164 
113.096924 
113.088379 
113.079834 
113.070374 
113.060913 
113.049622 
113.037720 
113.027649 
113.016663 
113.006287 
112.995605 
112.985229 
112.974548 
112.963562 
112.952576 
112.941589 
112.929993 
112.919006 
112.907410 
112.895813 
112.883606 
112.872009 
112.860107 
112.848511 
112.837524 
112.827148 
112.817078 
112.806702 
112.795715 
112.784119 
112.772522 
112.760925 
112.749023 
112.737732 
112.726135 
112.714844 
112.703552 
112.692871 
112.681885 
112.671204 
112.660217 
112.650146 
112.639465 
112.628784 
112.617798 
112.605591 
112.593384 
112.582397 
112.571106 
112.560425 
112.550049 
112.539673 
112.529602 
112.519531 
112.508850 
112.498474 
112.487793 
112.477417 
112.466736 
112.456665 
112.445679 
112.434692 
112.423706 
112.413025 
112.402649 
112.393494 
112.384644 
112.374878 
112.364197 
112.353210 
112.343140 
112.332458 
112.321777 
112.311401 
112.300720 
112.290039 
112.279968 
112.269287 
112.259216 
112.248535 
112.238159 
112.228394 
112.218628 
112.208252 
112.197571 
112.185669 
112.173767 
112.162781 
112.152405 
112.142029 
112.131653 
112.121277 
112.111206 
112.100525 
112.090149 
112.080078 
112.069092 
112.059021 
112.048340 
112.037964 
112.026978 
112.016602 
112.005615 
111.994324 
111.983948 
111.974792 
111.965942 
111.955566 
111.945190 
111.934814 
111.923828 
111.913147 
111.902466 
111.891479 
111.880798 
111.870422 
111.859741 
111.849365 
111.838989 
111.828613 
111.818848 
111.808777 
111.798401 
111.788330 
111.777649 
111.766052 
111.754456 
111.743469 
111.732788 
111.722412 
111.712036 
111.701660 
111.692200 
111.681824 
111.671448 
111.661377 
111.651306 
111.640625 
111.629944 
111.619873 
111.609192 
111.598511 
111.587830 
111.576538 
111.566467 
111.558228 
111.549072 
111.539001 
111.528931 
111.518555 
111.508179 
111.497498 
111.486816 
111.476440 
111.465759 
111.455383 
111.445007 
111.434631 
111.424561 
111.414185 
111.404419 
111.394653 
111.384888 
111.374512 
111.364136 
111.352539 
111.340942 
111.329651 
111.319275 
111.309204 
111.299133 
111.289063 
111.278992 
111.269531 
111.259155 
111.249084 
111.238708 
111.228333 
111.217957 
111.207886 
111.196899 
111.186523 
111.175537 
111.164856 
111.154480 
111.145630 
111.136475 
111.127014 
111.116638 
111.106262 
111.095581 
111.084900 
111.074524 
111.064453 
111.053162 
111.042786 
111.032410 
111.022339 
111.011658 
111.001587 
110.990906 
110.981140 
110.971375 
110.961304 
110.950928 
110.938721 
110.927124 
110.916138 
110.905762 
110.895081 
110.885315 
110.874939 
110.864868 
110.854492 
110.844421 
110.833740 
110.823975 
110.813599 
110.802612 
110.792236 
110.781860 
110.770569 
110.759583 
110.749512 
110.739136 
110.729980 
110.721130 
110.711365 
110.700684 
110.690002 
110.679932 
110.668945 
110.658264 
110.647583 
110.636902 
110.626221 
110.615845 
110.605774 
110.595703 
110.584717 
110.575562 
110.565186 
110.555420 
110.545349 
110.534363 
110.523071 
110.511780 
110.500488 
110.489502 
110.479736 
110.469971 
110.459900 
110.450134 
110.439758 
110.429993 
110.419617 
110.409546 
110.399475 
110.388794 
110.378418 
110.367432 
110.357056 
110.346680 
110.335693 
110.325623 
110.316772 
110.307617 
110.298157 
110.288391 
110.278015 
110.267639 
110.257568 
110.247803 
110.237427 
110.227966 
110.218506 
110.209351 
110.200806 
110.192566 
110.184631 
110.177612 
110.170593 
110.164185 
110.158081 
110.151672 
110.144958 
110.138550 
110.133057 
110.128479 
110.124207 
110.120544 
110.117798 
110.115051 
110.112915 
110.110779 
110.109253 
110.108032 
110.106201 
110.105286 
110.104675 
110.104370 
110.102844 
110.102234 
110.101929 
110.101929 
110.103455 
110.104675 
110.104980 
110.105286 
110.104980 
110.105286 
110.104980 
110.104675 
110.105286 
110.104675 
110.105286 
110.105286 
110.105286 
110.105896 
110.105896 
110.105896 
110.107117 
110.107727 
110.108337 
110.108032 
110.106812 
110.105896 
110.105286 
110.105591 
110.105896 
110.106201 
110.106201 
110.106812 
110.106812 
110.107727 
110.108032 
110.108032 
110.108032 
110.108032 
110.108032 
110.107727 
110.107117 
110.106812 
110.106506 
110.107422 
110.108337 
110.109863 
110.110474 
110.110168 
110.110474 
110.110168 
110.109863 
110.109863 
110.109558 
110.109558 
110.109253 
110.109253 
110.109253 
110.109558 
110.109863 
110.109863 
110.110168 
110.110779 
110.110779 
110.110779 
110.109558 
110.108337 
110.107422 
110.107727 
110.108337 
110.108032 
110.108643 
110.108948 
110.109253 
110.108948 
110.109253 
110.108643 
110.108643 
110.108948 
110.108643 
110.108643 
110.107727 
110.107422 
110.107117 
110.107117 
110.108948 
110.110168 
110.110779 
110.111084 
110.110779 
