Blum, K. P., D’Incamps, B. L., Zytnicki, D., & Ting, L. H. (2017).
Force encoding in muscle spindles during stretch of
passive muscle. PLoS computational biology, 13(9), 
e1005767. <https://journals.plos.org/ploscompbiol/article?
id=10.1371/journal.pcbi.1005767>

cat medial gastrocnemius muscle lengths over t  (in 0.0005 s increments)
110.106506 
110.106812 
110.107117 
110.107117 
110.107422 
110.106812 
110.107117 
110.107422 
110.107727 
110.108032 
110.107727 
110.106506 
110.106201 
110.105286 
110.105591 
110.105591 
110.105896 
110.106506 
110.106506 
110.106506 
110.106506 
110.106812 
110.106812 
110.106812 
110.106506 
110.106201 
110.106201 
110.105896 
110.105591 
110.105591 
110.104980 
110.106812 
110.106812 
110.107727 
110.107727 
110.107727 
110.107727 
110.107422 
110.106812 
110.107117 
110.106812 
110.106812 
110.107422 
110.107422 
110.107117 
110.107422 
110.107422 
110.107727 
110.107422 
110.107727 
110.107727 
110.106506 
110.106201 
110.105286 
110.105286 
110.105896 
110.105591 
110.105896 
110.106201 
110.106201 
110.106812 
110.106506 
110.106506 
110.106506 
110.106506 
110.106506 
110.106506 
110.105896 
110.105591 
110.105896 
110.105591 
110.106506 
110.107117 
110.107727 
110.107422 
110.107727 
110.107727 
110.107422 
110.107117 
110.107117 
110.106812 
110.107422 
110.106812 
110.106812 
110.107117 
110.106812 
110.107422 
110.107422 
110.107727 
110.107727 
110.107422 
110.107117 
110.105591 
110.105591 
110.105591 
110.106201 
110.105896 
110.106506 
110.106506 
110.106201 
110.106506 
110.106506 
110.106506 
110.106506 
110.106201 
110.106201 
110.106201 
110.105896 
110.105896 
110.105591 
110.106201 
110.107422 
110.109253 
110.110474 
110.112610 
110.113831 
110.116272 
110.117493 
110.119934 
110.122070 
110.124207 
110.128479 
110.131836 
110.135803 
110.140076 
110.144653 
110.149841 
110.155640 
110.161133 
110.167542 
110.173645 
110.179749 
110.185852 
110.192261 
110.199890 
110.208740 
110.216675 
110.225525 
110.234680 
110.244141 
110.253601 
110.263062 
110.272827 
110.282898 
110.292664 
110.302734 
110.313416 
110.323792 
110.335388 
110.346069 
110.358582 
110.371704 
110.386047 
110.400696 
110.414734 
110.429382 
110.443420 
110.458069 
110.472412 
110.485840 
110.499573 
110.513000 
110.525818 
110.537720 
110.549011 
110.560303 
110.570679 
110.580750 
110.591431 
110.601196 
110.610352 
110.619202 
110.627441 
110.635986 
110.645142 
110.654297 
110.663147 
110.672302 
110.681763 
110.691223 
110.700684 
110.710144 
110.719604 
110.728760 
110.737915 
110.747681 
110.756836 
110.765991 
110.775146 
110.784302 
110.794067 
110.805054 
110.815735 
110.826111 
110.836487 
110.846558 
110.856018 
110.866089 
110.876160 
110.885925 
110.895691 
110.905762 
110.916138 
110.926208 
110.936279 
110.946960 
110.957336 
110.967407 
110.978088 
110.988464 
110.998840 
111.008301 
111.017761 
111.028137 
111.038513 
111.048889 
111.059265 
111.069641 
111.080322 
111.091003 
111.101379 
111.111450 
111.122437 
111.132507 
111.142883 
111.153259 
111.163330 
111.173401 
111.183472 
111.193848 
111.204224 
111.215515 
111.226501 
111.237793 
111.248474 
111.259155 
111.268921 
111.279297 
111.289368 
111.299438 
111.309509 
111.319885 
111.329651 
111.340637 
111.351318 
111.361694 
111.372375 
111.382751 
111.393433 
111.403809 
111.413574 
111.423645 
111.433105 
111.442871 
111.452942 
111.463623 
111.473999 
111.484985 
111.495972 
111.506042 
111.516418 
111.526794 
111.536865 
111.547546 
111.557312 
111.567688 
111.577148 
111.587524 
111.597290 
111.607361 
111.617126 
111.628418 
111.640015 
111.650085 
111.660767 
111.671448 
111.681213 
111.690979 
111.701050 
111.710815 
111.720886 
111.731262 
111.741028 
111.751099 
111.760864 
111.771545 
111.781616 
111.791687 
111.802979 
111.813049 
111.822815 
111.832275 
111.841736 
111.851501 
111.861572 
111.871643 
111.882324 
111.892700 
111.903076 
111.913147 
111.923828 
111.933594 
111.944580 
111.954041 
111.964722 
111.974487 
111.984863 
111.994324 
112.004089 
112.014465 
112.024231 
112.035217 
112.047119 
112.057495 
112.068176 
112.078247 
112.088013 
112.098389 
112.107849 
112.118225 
112.128296 
112.138367 
112.148743 
112.159119 
112.169189 
112.179565 
112.189941 
112.200012 
112.210999 
112.220764 
112.231140 
112.240601 
112.249451 
112.259521 
112.269592 
112.279968 
112.290344 
112.300415 
112.311096 
112.321777 
112.332458 
112.342529 
112.352600 
112.362671 
112.372742 
112.383118 
112.392578 
112.402649 
112.412415 
112.422485 
112.432861 
112.444153 
112.455444 
112.466125 
112.476196 
112.486572 
112.496948 
112.506714 
112.516479 
112.526550 
112.536316 
112.546692 
112.557068 
112.566833 
112.576904 
112.587585 
112.598267 
112.608643 
112.619019 
112.629089 
112.639160 
112.648926 
112.657471 
112.667847 
112.677917 
112.687988 
112.698364 
112.708740 
112.719116 
112.729797 
112.740479 
112.750854 
112.760620 
112.770996 
112.781067 
112.790833 
112.800903 
112.811279 
112.820740 
112.830811 
112.840576 
112.852173 
112.863159 
112.874146 
112.884216 
112.894897 
112.904968 
112.914734 
112.924805 
112.934875 
112.944336 
112.954712 
112.965393 
112.974854 
112.985535 
112.995605 
113.005676 
113.016052 
113.026428 
113.036499 
113.045654 
113.054810 
113.062744 
113.071899 
113.080750 
113.089294 
113.098450 
113.106384 
113.114319 
113.122253 
113.129272 
113.136292 
113.142090 
113.148499 
113.154602 
113.159485 
113.164368 
113.168640 
113.172302 
113.176270 
113.180237 
113.184204 
113.187256 
113.190918 
113.192749 
113.194275 
113.195190 
113.195801 
113.196106 
113.195801 
113.194885 
113.194580 
113.193665 
113.191833 
113.190002 
113.188171 
113.185425 
113.182678 
113.179626 
113.175659 
113.170776 
113.165283 
113.159180 
113.153381 
113.147583 
113.141479 
113.134766 
113.127747 
113.120728 
113.113403 
113.105164 
113.096924 
113.087769 
113.078308 
113.069153 
113.059082 
113.048706 
113.038025 
113.027649 
113.016968 
113.006592 
112.996216 
112.986755 
112.976074 
112.965698 
112.955017 
112.943726 
112.932434 
112.921143 
112.909546 
112.898254 
112.886963 
112.875671 
112.865295 
112.854309 
112.842712 
112.832031 
112.821045 
112.810974 
112.799988 
112.789001 
112.777100 
112.765198 
112.754517 
112.743225 
112.732544 
112.721863 
112.711792 
112.701416 
112.691040 
112.680664 
112.669983 
112.659607 
112.648621 
112.638550 
112.627563 
112.617188 
112.606506 
112.595520 
112.585144 
112.574463 
112.565002 
112.555542 
112.545776 
112.535400 
112.525330 
112.514648 
112.504272 
112.493286 
112.482910 
112.472229 
112.461853 
112.451172 
112.441406 
112.431030 
112.420349 
112.409668 
112.399597 
112.389832 
112.379761 
112.369385 
112.357483 
112.346802 
112.335815 
112.325439 
112.315063 
112.304993 
112.295227 
112.284546 
112.274780 
112.264709 
112.253723 
112.244263 
112.233582 
112.223816 
112.213135 
112.201843 
112.191467 
112.180786 
112.170105 
112.160339 
112.150574 
112.141418 
112.131653 
112.120972 
112.110596 
112.100525 
112.089233 
112.078552 
112.067871 
112.057495 
112.047119 
112.037048 
112.026367 
112.015991 
112.005310 
111.995544 
111.985779 
111.975403 
111.965332 
111.954041 
111.943359 
111.932068 
111.920776 
111.911011 
111.900635 
111.890259 
111.880188 
111.870117 
111.860046 
111.849976 
111.839600 
111.829224 
111.818848 
111.808777 
111.798096 
111.787415 
111.776733 
111.766663 
111.755371 
111.745911 
111.736450 
111.726685 
111.717224 
111.707153 
111.696777 
111.686401 
111.675415 
111.665344 
111.654663 
111.643677 
111.633301 
111.622925 
111.612549 
111.602478 
111.592102 
111.581726 
111.572571 
111.561890 
111.551819 
111.541138 
111.530151 
111.518860 
111.508179 
111.498108 
111.487427 
111.477051 
111.467285 
111.456604 
111.446838 
111.436462 
111.426392 
111.416016 
111.405945 
111.395569 
111.385193 
111.374817 
111.363525 
111.353149 
111.342468 
111.332397 
111.322937 
111.313171 
111.303101 
111.293335 
111.282959 
111.272888 
111.262207 
111.251221 
111.240845 
111.229858 
111.219482 
111.209412 
111.199341 
111.188965 
111.178589 
111.168518 
111.158447 
111.148376 
111.138306 
111.127930 
111.116638 
111.105652 
111.094666 
111.084595 
111.074829 
111.064148 
111.054382 
111.044312 
111.034546 
111.023560 
111.013794 
111.003418 
110.993347 
110.983276 
110.972900 
110.962219 
110.951538 
110.941162 
110.930786 
110.921021 
110.911560 
110.902405 
110.892334 
110.882874 
110.872498 
110.862122 
110.851746 
110.840759 
110.830688 
110.820007 
110.809631 
110.799561 
110.789185 
110.778809 
110.768433 
110.758362 
110.747986 
110.737915 
110.727844 
110.717163 
110.705872 
110.694275 
110.683899 
110.673218 
110.663147 
110.652466 
110.642395 
110.632324 
110.621948 
110.612183 
110.602112 
110.591736 
110.581360 
110.570984 
110.560608 
110.550232 
110.539246 
110.528564 
110.518188 
110.507507 
110.498352 
110.488892 
110.478821 
110.469360 
110.458984 
110.448303 
110.437622 
110.426941 
110.416260 
110.405579 
110.395813 
110.385132 
110.374451 
110.364380 
110.354004 
110.343933 
110.334473 
110.324707 
110.314026 
110.303345 
110.292358 
110.281067 
110.270691 
110.260620 
110.250854 
110.241089 
110.231323 
110.222168 
110.213013 
110.204468 
110.196228 
110.187683 
110.180054 
110.171814 
110.165100 
110.158081 
110.151062 
110.144958 
110.138855 
110.134277 
110.130615 
110.126648 
110.123596 
110.119934 
110.116882 
110.114136 
110.111389 
110.108948 
110.107727 
110.106201 
110.104980 
110.104370 
110.104065 
110.104065 
110.104980 
110.105591 
110.106812 
110.108337 
110.110474 
110.112305 
110.113525 
110.115967 
110.119019 
110.123596 
110.127563 
110.132141 
110.137634 
110.143433 
110.149841 
110.155334 
110.162354 
110.169373 
110.176697 
110.184021 
110.191956 
110.200500 
110.208740 
110.217590 
110.226746 
110.237122 
110.248718 
110.259399 
110.270996 
110.281982 
110.292969 
110.303955 
110.314331 
110.325317 
110.336304 
110.347290 
110.357971 
110.368958 
110.379944 
110.390320 
110.401611 
110.412292 
110.422974 
110.434265 
110.444641 
110.454407 
110.464172 
110.473633 
110.483704 
110.494080 
110.504150 
110.514221 
110.524902 
110.535583 
110.545959 
110.556641 
110.566711 
110.577087 
110.587158 
110.597229 
110.607910 
110.617371 
110.627136 
110.637512 
110.647278 
110.657959 
110.668945 
110.680237 
110.690918 
110.701294 
110.711365 
110.721741 
110.731506 
110.741577 
110.751648 
110.761414 
110.771790 
110.781555 
110.791931 
110.802002 
110.812073 
110.822754 
110.832825 
110.843811 
110.854187 
110.863953 
110.873413 
110.882263 
110.892639 
110.902710 
110.912781 
110.922852 
110.933533 
110.943909 
110.954285 
110.964966 
110.974731 
110.985413 
110.995483 
111.005554 
111.015625 
111.026001 
111.035767 
111.045227 
111.054993 
111.065979 
111.076965 
111.087952 
111.098633 
111.109009 
111.119690 
111.129150 
111.139221 
111.149292 
111.159058 
111.169128 
111.179810 
111.190186 
111.200256 
111.210938 
111.221313 
111.231995 
111.242371 
111.253052 
111.263733 
111.273499 
111.282654 
111.292419 
111.302185 
111.312866 
111.323242 
111.333618 
111.344604 
111.354675 
111.365662 
111.376343 
111.386414 
111.396179 
111.406860 
111.417236 
111.427307 
111.437073 
111.447144 
111.456604 
111.467285 
111.477966 
111.489258 
111.500244 
111.510925 
111.521301 
111.531677 
111.541748 
111.551514 
111.561584 
111.570740 
111.581421 
111.592102 
111.601868 
111.611938 
111.621704 
111.632690 
111.642761 
111.653442 
111.663818 
111.674194 
111.684265 
111.693115 
111.702576 
111.712341 
111.722717 
111.732788 
111.742859 
111.753845 
111.763611 
111.774597 
111.784668 
111.794739 
111.805725 
111.815491 
111.825562 
111.836243 
111.846008 
111.855774 
111.865540 
111.875610 
111.886292 
111.897278 
111.908569 
111.918945 
111.929626 
111.939392 
111.949463 
111.959839 
111.969604 
111.979675 
111.989441 
111.999817 
112.009888 
112.019958 
112.030334 
112.040710 
112.051086 
112.061157 
112.072144 
112.082214 
112.092590 
112.101440 
112.110901 
112.120972 
112.131348 
112.141724 
112.152100 
112.162170 
112.172852 
112.183533 
112.193604 
112.203674 
112.214050 
112.224426 
112.234497 
112.244568 
112.254639 
112.264404 
112.273865 
112.284546 
112.295227 
112.306213 
112.317505 
112.327576 
112.338562 
112.348328 
112.358398 
112.368164 
112.378235 
112.388306 
112.398376 
112.408752 
112.418823 
112.429199 
112.439575 
112.449646 
112.460327 
112.470398 
112.481384 
112.491455 
112.500916 
112.510376 
112.519836 
112.529907 
112.540283 
112.550049 
112.560425 
112.570801 
112.581482 
112.591858 
112.602234 
112.612610 
112.622986 
112.632751 
112.642822 
112.653198 
112.663269 
112.673035 
112.682495 
112.692871 
112.703857 
112.714233 
112.725525 
112.736511 
112.746887 
112.757568 
112.767029 
112.777100 
112.786865 
112.797241 
112.806702 
112.817078 
112.826843 
112.837524 
112.847595 
112.857971 
112.868347 
112.878723 
112.889099 
112.899780 
112.909851 
112.918701 
112.928162 
112.938232 
112.948303 
112.958679 
112.969055 
112.979126 
112.989807 
113.000183 
113.010254 
113.020020 
113.030396 
113.039856 
113.049316 
113.059082 
113.067627 
113.076782 
113.085327 
113.092957 
113.101501 
113.110657 
113.118896 
113.126221 
113.133545 
113.140564 
113.146362 
113.151855 
113.157349 
113.162231 
113.167114 
113.171082 
113.175354 
113.179321 
113.182373 
113.185120 
113.187866 
113.190308 
113.192444 
113.193665 
113.194275 
113.193970 
113.193359 
113.193054 
113.192749 
113.191833 
113.190918 
113.189087 
113.187256 
113.185120 
113.182068 
113.179016 
113.174744 
113.170776 
113.165894 
113.161011 
113.155212 
113.149109 
113.143005 
113.136597 
113.129883 
113.123169 
113.116760 
113.108826 
113.100891 
113.091736 
113.082275 
113.072815 
113.063049 
113.052979 
113.042603 
113.032532 
113.021851 
113.011169 
113.001099 
112.990417 
112.980042 
112.968750 
112.958374 
112.947388 
112.935486 
112.924194 
112.911987 
112.900696 
112.890015 
112.878113 
112.867737 
112.856750 
112.846375 
112.835693 
112.824707 
112.813416 
112.803040 
112.792053 
112.781067 
112.770386 
112.758789 
112.748108 
112.736511 
112.725830 
112.715759 
112.705688 
112.696228 
112.686157 
112.675781 
112.665100 
112.654419 
112.643738 
112.633057 
112.622070 
112.611694 
112.601318 
112.590637 
112.580261 
112.569885 
112.559204 
112.549133 
112.538757 
112.528992 
112.518311 
112.507629 
112.496033 
112.485352 
112.474670 
112.464600 
112.453918 
112.444153 
112.433777 
112.423401 
112.413330 
112.403259 
112.392578 
112.382507 
112.372742 
112.362061 
112.351379 
112.340698 
112.330322 
112.319031 
112.308960 
112.299194 
112.289429 
112.280579 
112.270508 
112.259521 
112.249451 
112.239075 
112.228088 
112.218018 
112.207336 
112.196960 
112.186584 
112.176208 
112.165527 
112.155151 
112.145386 
112.135010 
112.124939 
112.114868 
112.103882 
112.093201 
112.082214 
112.070923 
112.060242 
112.050171 
112.039795 
112.029114 
112.019348 
112.009583 
111.999512 
111.989136 
111.978760 
111.968384 
111.958008 
111.947327 
111.936646 
111.926270 
111.915283 
111.904602 
111.893921 
111.884766 
111.875000 
111.865540 
111.855774 
111.845398 
111.835022 
111.824341 
111.814270 
111.803284 
111.792603 
111.782227 
111.771851 
111.761475 
111.751099 
111.740723 
111.730652 
111.719971 
111.709900 
111.700745 
111.689758 
111.679077 
111.668091 
111.656494 
111.646118 
111.635742 
111.625366 
111.615295 
111.605530 
111.595154 
111.585388 
111.575012 
111.564941 
111.554565 
111.544800 
111.534119 
111.523743 
111.513062 
111.502380 
111.491699 
111.481018 
111.471252 
111.461487 
111.452026 
111.442566 
111.432190 
111.421814 
111.411438 
111.400757 
111.390381 
111.379395 
111.369019 
111.358948 
111.347961 
111.337585 
111.327515 
111.317139 
111.306763 
111.296692 
111.287231 
111.276245 
111.265564 
111.254578 
111.243286 
111.232910 
111.222534 
111.212463 
111.202087 
111.192322 
111.182251 
111.172180 
111.161804 
111.152039 
111.141357 
111.131287 
111.121216 
111.110535 
111.099548 
111.089478 
111.079102 
111.068420 
111.058655 
111.049194 
111.039429 
111.029663 
111.019592 
111.009827 
110.999146 
110.988159 
110.977783 
110.966797 
110.957031 
110.946960 
110.936584 
110.926208 
110.915833 
110.905762 
110.895691 
110.885925 
110.875854 
110.865479 
110.854797 
110.843506 
110.832520 
110.822449 
110.811768 
110.801697 
110.791626 
110.781555 
110.771484 
110.761719 
110.751343 
110.741577 
110.730896 
110.720520 
110.710449 
110.699463 
110.689087 
110.678101 
110.667419 
110.657043 
110.646973 
110.637512 
110.628357 
110.617981 
110.607910 
110.597534 
110.587158 
110.576477 
110.565796 
110.555115 
110.544128 
110.533752 
110.523682 
110.513306 
110.503235 
110.492859 
110.482178 
110.472412 
110.462646 
110.452271 
110.440979 
110.429993 
110.419006 
110.408630 
110.398560 
110.387573 
110.377808 
110.367737 
110.357361 
110.347900 
110.337524 
110.327148 
110.317383 
110.307007 
110.297241 
110.286560 
110.276489 
110.265808 
110.254517 
110.245361 
110.236206 
110.226746 
110.218506 
110.209656 
110.201416 
110.193176 
110.184631 
110.176392 
110.169067 
110.161743 
110.155945 
110.149536 
110.143127 
110.137634 
110.132751 
110.128479 
110.124207 
110.120544 
110.118103 
110.115051 
110.112000 
110.108948 
110.106506 
110.104675 
110.103760 
110.103149 
110.103455 
110.103149 
110.104065 
110.104370 
110.105896 
110.106812 
110.108643 
110.111084 
110.112915 
110.115662 
110.119019 
110.122375 
110.126343 
110.130920 
110.135803 
110.142517 
110.149231 
110.155334 
110.162048 
110.168457 
110.175781 
110.182800 
110.190735 
110.198669 
110.207214 
110.216675 
110.225830 
110.235596 
110.245972 
110.256042 
110.267029 
110.277405 
110.289001 
110.299377 
110.310059 
110.319824 
110.329895 
110.340576 
110.351257 
110.361938 
110.373230 
110.383911 
110.395508 
110.406189 
110.416870 
110.427856 
110.437622 
110.448303 
110.459290 
110.468750 
110.478821 
110.489197 
110.498962 
110.509033 
110.520630 
110.531311 
110.542603 
110.553284 
110.563660 
110.574036 
110.583801 
110.593872 
110.603943 
110.614014 
110.623779 
110.634155 
110.643921 
110.654602 
110.664673 
110.675049 
110.685425 
110.695801 
110.706787 
110.717163 
110.726929 
110.736389 
110.745544 
110.755615 
110.765686 
110.776062 
110.786438 
110.797119 
110.807190 
110.817566 
110.828247 
110.838318 
110.848999 
110.858765 
110.869141 
110.879211 
110.889282 
110.898743 
110.908813 
110.918884 
110.929260 
110.940552 
110.951233 
110.961609 
110.971985 
110.982056 
110.992432 
111.002502 
111.011963 
111.022339 
111.032715 
111.042786 
111.052856 
111.063232 
111.072998 
111.083679 
111.093750 
111.104431 
111.114807 
111.124878 
111.134338 
111.144104 
111.153564 
111.163330 
111.174316 
111.184692 
111.195374 
111.205444 
111.216125 
111.227112 
111.237183 
111.247864 
111.258240 
111.268616 
111.278687 
111.288757 
111.298523 
111.308899 
111.318665 
111.329041 
111.340332 
111.351318 
111.362305 
111.372681 
111.383362 
111.393433 
111.403503 
111.413269 
111.423645 
111.433411 
111.443787 
111.454163 
111.464233 
111.474609 
111.484680 
111.495361 
111.506042 
111.516418 
111.527100 
111.536560 
111.546631 
111.556091 
111.565247 
111.575623 
111.586304 
111.596069 
111.606445 
111.616516 
111.627197 
111.637878 
111.648560 
111.658325 
111.668701 
111.678772 
111.688843 
111.699219 
111.708984 
111.718750 
111.728516 
111.738892 
111.749573 
111.760254 
111.771851 
111.781616 
111.792603 
111.802979 
111.812744 
111.822510 
111.832581 
111.842651 
111.852722 
111.862793 
111.872864 
111.883240 
111.893616 
111.903381 
111.914063 
111.924438 
111.934509 
111.944885 
111.954651 
111.964722 
111.973877 
111.983337 
111.994019 
112.004395 
112.015076 
112.025146 
112.035828 
112.046509 
112.056274 
112.066650 
112.077026 
112.087097 
112.097168 
112.106934 
112.117310 
112.127380 
112.137146 
112.147217 
112.158203 
112.169495 
112.180176 
112.190552 
112.201233 
112.211609 
112.221069 
112.230835 
112.241211 
112.250977 
112.261353 
112.271729 
112.282104 
112.292175 
112.302246 
112.312622 
112.322998 
112.333679 
112.344055 
112.354126 
112.363586 
112.373047 
112.382507 
112.392578 
112.402954 
112.413025 
112.424011 
112.434387 
112.444763 
112.455139 
112.464905 
112.475586 
112.485962 
112.496033 
112.506104 
112.516479 
112.526245 
112.536316 
112.545776 
112.556152 
112.566528 
112.577820 
112.589111 
112.599487 
112.610168 
112.620544 
112.630310 
112.640076 
112.650146 
112.659607 
112.669983 
112.680359 
112.689819 
112.700500 
112.710571 
112.720947 
112.731323 
112.742310 
112.752991 
112.762451 
112.772217 
112.781372 
112.790833 
112.801208 
112.811279 
112.821655 
112.832031 
112.842712 
112.853088 
112.863464 
112.873230 
112.883606 
112.894287 
112.904358 
112.914734 
112.924500 
112.934570 
112.944336 
112.954102 
112.964478 
112.975464 
112.986145 
112.997131 
113.007507 
113.017883 
113.027649 
113.036804 
113.046570 
113.056030 
113.064880 
113.074036 
113.082886 
113.091431 
113.099670 
113.107910 
113.115540 
113.123169 
113.130493 
113.137817 
113.143616 
113.148804 
113.154297 
113.158569 
113.163452 
113.168030 
113.172302 
113.176270 
113.179932 
113.182983 
113.186340 
113.188171 
113.190308 
113.191833 
113.192749 
113.193665 
113.193665 
113.193359 
113.193054 
113.191528 
113.190613 
113.189697 
113.189087 
113.187561 
113.184509 
113.182068 
113.177795 
113.174133 
113.168640 
113.164063 
113.158264 
113.152466 
113.146973 
113.140869 
113.133850 
113.127136 
113.119507 
113.111572 
113.103638 
113.095703 
113.086243 
113.076477 
113.066101 
113.055420 
113.045044 
113.035278 
113.024597 
113.014832 
113.003845 
112.993469 
112.983704 
112.972412 
112.961731 
112.950745 
112.939453 
112.928772 
112.917480 
112.906189 
112.894592 
112.882690 
112.872009 
112.861633 
112.851563 
112.841187 
112.830505 
112.819824 
112.808838 
112.797852 
112.786865 
112.775574 
112.764282 
112.753601 
112.742310 
112.731628 
112.721252 
112.710876 
112.700195 
112.689819 
112.679749 
112.669067 
112.658691 
112.647400 
112.636108 
112.625122 
112.614136 
112.603760 
112.593689 
112.583618 
112.572632 
112.562561 
112.552795 
112.542114 
112.532043 
112.521667 
112.511292 
112.501221 
112.490234 
112.479858 
112.469177 
112.458191 
112.448120 
112.438049 
112.429199 
112.419128 
112.409058 
112.398682 
112.388916 
112.377625 
112.366943 
112.356873 
112.345886 
112.335815 
112.325439 
112.314453 
112.304688 
112.294312 
112.284241 
112.273865 
112.263489 
112.253418 
112.243042 
112.232361 
112.220764 
112.210083 
112.199402 
112.189331 
112.178650 
112.168579 
112.158813 
112.148743 
112.138672 
112.128296 
112.117920 
112.107239 
112.096863 
112.086792 
112.076111 
112.065125 
112.054749 
112.043762 
112.033691 
112.023926 
112.014771 
112.005005 
111.994934 
111.984863 
111.974487 
111.963806 
111.952820 
111.942139 
111.931458 
111.920776 
111.910706 
111.900024 
111.889954 
111.879883 
111.869202 
111.859436 
111.849365 
111.838989 
111.828918 
111.817627 
111.806946 
111.795349 
111.784668 
111.774597 
111.764221 
111.754150 
111.744080 
111.734314 
111.723938 
111.713867 
111.703491 
111.693420 
111.683044 
111.672363 
111.661987 
111.651611 
111.640625 
111.629944 
111.619568 
111.610413 
111.600647 
111.591187 
111.580811 
111.571045 
111.560669 
111.549988 
111.539307 
111.529236 
111.518250 
111.508179 
111.497498 
111.487427 
111.476440 
111.466064 
111.455994 
111.446228 
111.435547 
111.425781 
111.415405 
111.403809 
111.393127 
111.381836 
111.371765 
111.361389 
111.351013 
111.340942 
111.330872 
111.320496 
111.310730 
111.300049 
111.289673 
111.279602 
111.269836 
111.258850 
111.249084 
111.237793 
111.227112 
111.217041 
111.206665 
111.196899 
111.187134 
111.178284 
111.167603 
111.157227 
111.147766 
111.136780 
111.126099 
111.115723 
111.105347 
111.094666 
111.084900 
111.074219 
111.064148 
111.053772 
111.043701 
111.033630 
111.023254 
111.013184 
111.002808 
110.991516 
110.980835 
110.969849 
110.959473 
110.949707 
110.939026 
110.928955 
110.919495 
110.909424 
110.899353 
110.889282 
110.878906 
110.869446 
110.858459 
110.848389 
110.837708 
110.826721 
110.816345 
110.806274 
110.795898 
110.786438 
110.776672 
110.767212 
110.757141 
110.747070 
110.736694 
110.726624 
110.715942 
110.704956 
110.694275 
110.683899 
110.673218 
110.662537 
110.652466 
110.642090 
110.631714 
110.621643 
110.611572 
110.601501 
110.591125 
110.579529 
110.568237 
110.557556 
110.546875 
110.536804 
110.526428 
110.516052 
110.506287 
110.495605 
110.485840 
110.476074 
110.465698 
110.455322 
110.445251 
110.434875 
110.424194 
110.414124 
110.403137 
110.392761 
110.381775 
110.372620 
110.363159 
110.353088 
110.343323 
110.333557 
110.323181 
110.312500 
110.302124 
110.291748 
110.281372 
110.270996 
110.260925 
110.250549 
110.240784 
110.231323 
110.221863 
110.212402 
110.204163 
110.195618 
110.187988 
110.178528 
110.170288 
110.162964 
110.155945 
110.150146 
110.143738 
110.138550 
110.133667 
110.130005 
110.125427 
110.121460 
110.118103 
110.115051 
110.112305 
110.110168 
110.107727 
110.105896 
110.104370 
110.103760 
110.102844 
110.103760 
110.104370 
110.106201 
110.106201 
110.107727 
110.109253 
110.111084 
110.113220 
110.115662 
110.118408 
110.122070 
110.125732 
110.130615 
110.134888 
110.140686 
110.146179 
110.151978 
110.158691 
110.165405 
110.172729 
110.179443 
110.185852 
110.193787 
110.202637 
110.211487 
110.221252 
110.230408 
110.241089 
110.251770 
110.261841 
110.272217 
110.283203 
110.293884 
110.304871 
110.315552 
110.325928 
110.336609 
110.346680 
110.357361 
110.368652 
110.379639 
110.391541 
110.402832 
110.413513 
110.424805 
110.434570 
110.445251 
110.455322 
110.465698 
110.475159 
110.485840 
110.495911 
110.506287 
110.516663 
110.527039 
110.537415 
110.547791 
110.558472 
110.568848 
110.579224 
110.588989 
110.598145 
110.607910 
110.617981 
110.628357 
110.638123 
110.649109 
110.659180 
110.670471 
110.680542 
110.690613 
110.700989 
110.711975 
110.721741 
110.732117 
110.742188 
110.751953 
110.761719 
110.771790 
110.782166 
110.792847 
110.804138 
110.814819 
110.825195 
110.835876 
110.845642 
110.855713 
110.865784 
110.875549 
110.885925 
110.895691 
110.905457 
110.915833 
110.926208 
110.936279 
110.946655 
110.957031 
110.967712 
110.977783 
110.988159 
110.997314 
111.006470 
111.016235 
111.026917 
111.036987 
111.047058 
111.057434 
111.068115 
111.078796 
111.088867 
111.099243 
111.109619 
111.119995 
111.130371 
111.140442 
111.150513 
111.160278 
111.169739 
111.180420 
111.190796 
111.201782 
111.213379 
111.224060 
111.234436 
111.245117 
111.255188 
111.265259 
111.275330 
111.285095 
111.295471 
111.305542 
111.315613 
111.325989 
111.336365 
111.346741 
111.357727 
111.368103 
111.378479 
111.388855 
111.398926 
111.408691 
111.418152 
111.427307 
111.437683 
111.448059 
111.458435 
111.469116 
111.479492 
111.490173 
111.500854 
111.510925 
111.521912 
111.531677 
111.541748 
111.552429 
111.562195 
111.571960 
111.581726 
111.592102 
111.601868 
111.613159 
111.624146 
111.634827 
111.645203 
111.655884 
111.666260 
111.675720 
111.685791 
111.695557 
111.705322 
111.715698 
111.725464 
111.735840 
111.745911 
111.756287 
111.766663 
111.777039 
111.787415 
111.798096 
111.808167 
111.817627 
111.827087 
111.836853 
111.846924 
111.856689 
111.867676 
111.877747 
111.888123 
111.898804 
111.909180 
111.918945 
111.929626 
111.939697 
111.950073 
111.960449 
111.970520 
111.980286 
111.990356 
111.999817 
112.010498 
112.021179 
112.032471 
112.043152 
112.053223 
112.064209 
112.073975 
112.083740 
112.093811 
112.103577 
112.113953 
112.124329 
112.134399 
112.144470 
112.154846 
112.165527 
112.175293 
112.185974 
112.196350 
112.206421 
112.216797 
112.226257 
112.235718 
112.245483 
112.255859 
112.265625 
112.276611 
112.286682 
112.297363 
112.307739 
112.318420 
112.328186 
112.338562 
112.348633 
112.358704 
112.369080 
112.378845 
112.388611 
112.398682 
112.408447 
112.418518 
112.430115 
112.441406 
112.452087 
112.462463 
112.472839 
112.482910 
112.493286 
112.502441 
112.512512 
112.522583 
112.532959 
112.542725 
112.553101 
112.563171 
112.573242 
112.584229 
112.594604 
112.604675 
112.615356 
112.625427 
112.634583 
112.644043 
112.653809 
112.663879 
112.673950 
112.684631 
112.695313 
112.705688 
112.716064 
112.726440 
112.736511 
112.746887 
112.757568 
112.767639 
112.777710 
112.787781 
112.797852 
112.807312 
112.817078 
112.827454 
112.838745 
112.849426 
112.860718 
112.871094 
112.880859 
112.891541 
112.901306 
112.911072 
112.921143 
112.931213 
112.941284 
112.951660 
112.961121 
112.971497 
112.981873 
112.992554 
113.002625 
113.012695 
113.023071 
113.033142 
113.041382 
113.050232 
113.059387 
113.068542 
113.078003 
113.086548 
113.095093 
113.103638 
113.111572 
113.119507 
113.126526 
113.133850 
113.139954 
113.146057 
113.151245 
113.157349 
113.161926 
113.165894 
113.170166 
113.174438 
113.179016 
113.182983 
113.186035 
113.189392 
113.191223 
113.192444 
113.193665 
113.194275 
113.194275 
113.194580 
113.193970 
113.193665 
113.192749 
113.191223 
113.189697 
113.187866 
113.185425 
113.182373 
113.179321 
113.175049 
113.170166 
113.164368 
113.159485 
113.153381 
113.148193 
113.142090 
113.135681 
113.128967 
113.121643 
113.114624 
113.106384 
113.097839 
113.088989 
113.080444 
113.070068 
113.060303 
113.049622 
113.039551 
113.028870 
113.018799 
113.009033 
112.999573 
112.988892 
112.978516 
112.967529 
112.956238 
112.945862 
112.933960 
112.922363 
112.911072 
112.900391 
112.889404 
112.877808 
112.866821 
112.856140 
112.845154 
112.834778 
112.823792 
112.813110 
112.801819 
112.790222 
112.778320 
112.767639 
112.756348 
112.745667 
112.734680 
112.724609 
112.714233 
112.703857 
112.693787 
112.682800 
112.672424 
112.662354 
112.651367 
112.641296 
112.630005 
112.619324 
112.608337 
112.597961 
112.587585 
112.577820 
112.568359 
112.558594 
112.547913 
112.537842 
112.527161 
112.516785 
112.506104 
112.495117 
112.484741 
112.474670 
112.463989 
112.454224 
112.443237 
112.433167 
112.422791 
112.412415 
112.402649 
112.392273 
112.381897 
112.370605 
112.359314 
112.348328 
112.337952 
112.327881 
112.317505 
112.307739 
112.297668 
112.287903 
112.277527 
112.267151 
112.256775 
112.245789 
112.236023 
112.225647 
112.214966 
112.204590 
112.193604 
112.183228 
112.172546 
112.163391 
112.154236 
112.143860 
112.134094 
112.124023 
112.112732 
112.102051 
112.091675 
112.081299 
112.070618 
112.060242 
112.049255 
112.039490 
112.028809 
112.018738 
112.008667 
111.998596 
111.988525 
111.978149 
111.967773 
111.955872 
111.944580 
111.933899 
111.923523 
111.913147 
111.903076 
111.893005 
111.882935 
111.872559 
111.862793 
111.852417 
111.842651 
111.831970 
111.821899 
111.811218 
111.800537 
111.789551 
111.778870 
111.768494 
111.758423 
111.748962 
111.739502 
111.729431 
111.719971 
111.709595 
111.698914 
111.688843 
111.677856 
111.667175 
111.656494 
111.646729 
111.635437 
111.625671 
111.614990 
111.604614 
111.594849 
111.584167 
111.574707 
111.564331 
111.553955 
111.542969 
111.531677 
111.520996 
111.510010 
111.499939 
111.489868 
111.479492 
111.469727 
111.459351 
111.449585 
111.438904 
111.428528 
111.418457 
111.408081 
111.397705 
111.387329 
111.376343 
111.365967 
111.355286 
111.345520 
111.335754 
111.326294 
111.316528 
111.306152 
111.295776 
111.285706 
111.275024 
111.264343 
111.253967 
111.243591 
111.232910 
111.222229 
111.212158 
111.202087 
111.191406 
111.181641 
111.171265 
111.161194 
111.151123 
111.140747 
111.129456 
111.118469 
111.107483 
111.097412 
111.087341 
111.077271 
111.066895 
111.057129 
111.047058 
111.036987 
111.027222 
111.016235 
111.006165 
110.996094 
110.985107 
110.975342 
110.964661 
110.953979 
110.943604 
110.933533 
110.924072 
110.915527 
110.905151 
110.895081 
110.885315 
110.874329 
110.864258 
110.853271 
110.842896 
110.832214 
110.822144 
110.811462 
110.801392 
110.791321 
110.780945 
110.770874 
110.760498 
110.750732 
110.740356 
110.729980 
110.718994 
110.707397 
110.696411 
110.686340 
110.675964 
110.665894 
110.655518 
110.645447 
110.635376 
110.625000 
110.614929 
110.604553 
110.594482 
110.583801 
110.573425 
110.563049 
110.552063 
110.541382 
110.530701 
110.520935 
110.510864 
110.501709 
110.491943 
110.482178 
110.471497 
110.461426 
110.450439 
110.440369 
110.429382 
110.419006 
110.408630 
110.397949 
110.387573 
110.377502 
110.367432 
110.357361 
110.347290 
110.337219 
110.327454 
110.316772 
110.305481 
110.294495 
110.283508 
110.273438 
110.263977 
110.253296 
110.243835 
110.234070 
110.225220 
110.216064 
110.206909 
110.198364 
110.189819 
110.181885 
110.174255 
110.167236 
110.159912 
110.152893 
110.146179 
110.140991 
110.137024 
110.132751 
110.128784 
110.125122 
110.121765 
110.118408 
110.114746 
110.112305 
110.109863 
110.107727 
110.106201 
110.104980 
110.104675 
110.104065 
110.104065 
110.105591 
110.106201 
110.106812 
110.108337 
110.109863 
110.111084 
110.112915 
110.115662 
110.119324 
110.122986 
110.127258 
110.132446 
110.137329 
110.142822 
110.148621 
110.155029 
110.161743 
110.168457 
110.176086 
110.183105 
110.191040 
110.199280 
110.207825 
110.216980 
110.226440 
110.237732 
110.248413 
110.259094 
110.270386 
110.280762 
110.290833 
110.301819 
110.311890 
110.322571 
110.332947 
110.343628 
110.354309 
110.364990 
110.375671 
110.386658 
110.397339 
110.408936 
110.419617 
110.429688 
110.440063 
110.449524 
110.459290 
110.469360 
110.479736 
110.490112 
110.500488 
110.511169 
110.521851 
110.531921 
110.542908 
110.553589 
110.563660 
110.574036 
110.584106 
110.594482 
110.604858 
110.614319 
110.624084 
110.634460 
110.644226 
110.655823 
110.667114 
110.677490 
110.688477 
110.698547 
110.708923 
110.718689 
110.728455 
110.738525 
110.748596 
110.758667 
110.768738 
110.779114 
110.789185 
110.799866 
110.809937 
110.820313 
110.830688 
110.841064 
110.851135 
110.860291 
110.870361 
110.879822 
110.889587 
110.900269 
110.910645 
110.920715 
110.931091 
110.941772 
110.952148 
110.961914 
110.972290 
110.982361 
110.992737 
111.002808 
111.013489 
111.022949 
111.032410 
111.042786 
111.052856 
111.064148 
111.075745 
111.086121 
111.096802 
111.107178 
111.117249 
111.127319 
111.136780 
111.146545 
111.156921 
111.167297 
111.177368 
111.188049 
111.198120 
111.208801 
111.219482 
111.229553 
111.240540 
111.250610 
111.260681 
111.269836 
111.279602 
111.289368 
111.299744 
111.309814 
111.320190 
111.330872 
111.341553 
111.352234 
111.362915 
111.372986 
111.383057 
111.393433 
111.403809 
111.413879 
111.424255 
111.433716 
111.443787 
111.454163 
111.464233 
111.475525 
111.487122 
111.497498 
111.508484 
111.518555 
111.528931 
111.538696 
111.548462 
111.558533 
111.568298 
111.578674 
111.589050 
111.599121 
111.609192 
111.619568 
111.629944 
111.640625 
111.651306 
111.661377 
111.671448 
111.680603 
111.690063 
111.699829 
111.709900 
111.719971 
111.730347 
111.740723 
111.751099 
111.761780 
111.772156 
111.782227 
111.792297 
111.803284 
111.813049 
111.823120 
111.833191 
111.842651 
111.853027 
111.862793 
111.873169 
111.884460 
111.895447 
111.905518 
111.916809 
111.926880 
111.936951 
111.946716 
111.956787 
111.966858 
111.976929 
111.986694 
111.997375 
112.006836 
112.017517 
112.027893 
112.038269 
112.048645 
112.059021 
112.070007 
112.079773 
112.088928 
112.098083 
112.107849 
112.118835 
112.129211 
112.138977 
112.149353 
112.160034 
112.170410 
112.180786 
112.191162 
112.201538 
112.211914 
112.221375 
112.231445 
112.242126 
112.251282 
112.261353 
112.271423 
112.282104 
112.293701 
112.304382 
112.315063 
112.325745 
112.335510 
112.345581 
112.355957 
112.365417 
112.375488 
112.385559 
112.395630 
112.405701 
112.415771 
112.426147 
112.437134 
112.446899 
112.457581 
112.468262 
112.478638 
112.488098 
112.497559 
112.507019 
112.516479 
112.527466 
112.537537 
112.547607 
112.558289 
112.568359 
112.579041 
112.589722 
112.599487 
112.609863 
112.620544 
112.630310 
112.640381 
112.650146 
112.660217 
112.669983 
112.679443 
112.690430 
112.701721 
112.712708 
112.723389 
112.733765 
112.743835 
112.754211 
112.764587 
112.774048 
112.783813 
112.793884 
112.804260 
112.814331 
112.824707 
112.835083 
112.844849 
112.855530 
112.865906 
112.876282 
112.886658 
112.896729 
112.905884 
112.915649 
112.925415 
112.935791 
112.945862 
112.955933 
112.966919 
112.976990 
112.987061 
112.997742 
113.007813 
113.017578 
113.027954 
113.037109 
113.046875 
113.056641 
113.064880 
113.074036 
113.082275 
113.091125 
113.100891 
113.109741 
113.117371 
113.125305 
113.132324 
113.138123 
113.144531 
113.150024 
113.155212 
113.160706 
113.165283 
113.169861 
113.173828 
113.178101 
113.181763 
113.184814 
113.187561 
113.189697 
113.192139 
113.193054 
113.193054 
113.193054 
113.192749 
113.193054 
113.192444 
113.191833 
113.191223 
113.190002 
113.188171 
113.186340 
113.182678 
113.179321 
113.175659 
113.171387 
113.166809 
113.161621 
113.156128 
113.150635 
113.144226 
113.138428 
113.132629 
113.125916 
113.118896 
113.110962 
113.102417 
113.093567 
113.084412 
113.075256 
113.064880 
113.055115 
113.045044 
113.034973 
113.023987 
113.014221 
113.003235 
112.993164 
112.982483 
112.971802 
112.961426 
112.950134 
112.937927 
112.926025 
112.914429 
112.904053 
112.892456 
112.881165 
112.870483 
112.860107 
112.849121 
112.838135 
112.827148 
112.816467 
112.805481 
112.794800 
112.783508 
112.773132 
112.761536 
112.750549 
112.739258 
112.728882 
112.719421 
112.709656 
112.699585 
112.689209 
112.678528 
112.667847 
112.656860 
112.646179 
112.635498 
112.624817 
112.614136 
112.603760 
112.593079 
112.583008 
112.572632 
112.561951 
112.551880 
112.541809 
112.531128 
112.520752 
112.509460 
112.498474 
112.487793 
112.477722 
112.467651 
112.456970 
112.447205 
112.436829 
112.427063 
112.416077 
112.406311 
112.395935 
112.385559 
112.374573 
112.364197 
112.354126 
112.343140 
112.332458 
112.322083 
112.311707 
112.302856 
112.292786 
112.283325 
112.273254 
112.262268 
112.251892 
112.241516 
112.230835 
112.220154 
112.209473 
112.199402 
112.189026 
112.178345 
112.168274 
112.157898 
112.147827 
112.137756 
112.127686 
112.117615 
112.106018 
112.095032 
112.083740 
112.073364 
112.063293 
112.052612 
112.042542 
112.032166 
112.022705 
112.012329 
112.002258 
111.991882 
111.981201 
111.971436 
111.960754 
111.950073 
111.939392 
111.928711 
111.917725 
111.907349 
111.897278 
111.887512 
111.878967 
111.868591 
111.858826 
111.848450 
111.837769 
111.827087 
111.816406 
111.805725 
111.795044 
111.784668 
111.774597 
111.763916 
111.753540 
111.743469 
111.733398 
111.723022 
111.713562 
111.703186 
111.692200 
111.681213 
111.669922 
111.659241 
111.649170 
111.638489 
111.628418 
111.618652 
111.608582 
111.598511 
111.588135 
111.578064 
111.567688 
111.557617 
111.546936 
111.536560 
111.526184 
111.515503 
111.504517 
111.494446 
111.483765 
111.474609 
111.465149 
111.455383 
111.445313 
111.434631 
111.423950 
111.413879 
111.403198 
111.392517 
111.382141 
111.372070 
111.361694 
111.351013 
111.340637 
111.329956 
111.319580 
111.309509 
111.300049 
111.289368 
111.278992 
111.267700 
111.256714 
111.245728 
111.235657 
111.225891 
111.215210 
111.205444 
111.195374 
111.185913 
111.175232 
111.164551 
111.154480 
111.144409 
111.134338 
111.123657 
111.113281 
111.102600 
111.091919 
111.081238 
111.071472 
111.062012 
111.052856 
111.042480 
111.033020 
111.022644 
111.011658 
111.001282 
110.990601 
110.980225 
110.969849 
110.959778 
110.949097 
110.939026 
110.928955 
110.918884 
110.908508 
110.898438 
110.888672 
110.878601 
110.867920 
110.856323 
110.845337 
110.835266 
110.824890 
110.814819 
110.804443 
110.794373 
110.784302 
110.774536 
110.764771 
110.754089 
110.743713 
110.733337 
110.723572 
110.713196 
110.701904 
110.690918 
110.680237 
110.670166 
110.660095 
110.650330 
110.641174 
110.630798 
110.621033 
110.610657 
110.599670 
110.589600 
110.578308 
110.567932 
110.557861 
110.546570 
110.536194 
110.526123 
110.515442 
110.505981 
110.495300 
110.484924 
110.475464 
110.465088 
110.454407 
110.443420 
110.432129 
110.421753 
110.411377 
110.401001 
110.391235 
110.380554 
110.370483 
110.361328 
110.350647 
110.340576 
110.330200 
110.320129 
110.309448 
110.299683 
110.289307 
110.278625 
110.268555 
110.257874 
110.248413 
110.239563 
110.230408 
110.221252 
110.212402 
110.203552 
110.195007 
110.186768 
110.178528 
110.170593 
110.163879 
110.156860 
110.150452 
110.144958 
110.139160 
110.134277 
110.129700 
110.126343 
110.122375 
110.119324 
110.115051 
110.112000 
110.108948 
110.106812 
110.105591 
110.103760 
110.103149 
110.102539 
110.101929 
110.102234 
110.101929 
110.102234 
110.102234 
110.101929 
110.102234 
110.102234 
110.101929 
110.101624 
110.101318 
110.101624 
110.101929 
110.102844 
110.104675 
110.104370 
110.104980 
110.104980 
110.104980 
110.104980 
110.104675 
110.104675 
110.104370 
110.104980 
110.104675 
110.105286 
110.105286 
110.105591 
110.105896 
110.105896 
110.106812 
110.107117 
110.106506 
110.105591 
110.105286 
110.104980 
110.105286 
110.105591 
110.105591 
110.105896 
110.105896 
110.106201 
110.106506 
110.106201 
110.106506 
110.106201 
110.106201 
110.106201 
110.105896 
110.105896 
110.105591 
110.105286 
110.106201 
110.106812 
110.107422 
110.107727 
110.108032 
110.108032 
110.108032 
110.107727 
110.107117 
110.107117 
110.106812 
110.107117 
110.106812 
110.107117 
110.107117 
110.107117 
110.107422 
110.107117 
110.108032 
110.107727 
110.107422 
110.106506 
110.105591 
110.105286 
110.105591 
110.105591 
110.105896 
110.106201 
110.106506 
110.106201 
110.106201 
110.106506 
110.106201 
110.106506 
110.106201 
110.105591 
110.105591 
110.105286 
110.105286 
