Blum, K. P., D’Incamps, B. L., Zytnicki, D., & Ting, L. H. (2017).
Force encoding in muscle spindles during stretch of
passive muscle. PLoS computational biology, 13(9), 
e1005767. <https://journals.plos.org/ploscompbiol/article?
id=10.1371/journal.pcbi.1005767>

cat medial gastrocnemius muscle lengths over t  (in 0.0005 s increments)
110.111084 
110.111084 
110.111389 
110.111389 
110.109863 
110.109558 
110.108643 
110.108337 
110.109253 
110.109558 
110.110168 
110.109863 
110.110168 
110.109863 
110.110168 
110.110474 
110.109863 
110.110168 
110.109863 
110.109863 
110.109558 
110.109253 
110.108948 
110.109253 
110.110168 
110.111389 
110.111389 
110.112000 
110.111389 
110.110779 
110.110779 
110.110474 
110.109863 
110.110168 
110.110168 
110.109863 
110.110168 
110.110168 
110.110168 
110.110474 
110.110779 
110.111389 
110.111389 
110.111389 
110.110168 
110.108948 
110.108643 
110.108643 
110.109253 
110.109253 
110.109558 
110.109558 
110.109863 
110.109863 
110.110168 
110.110474 
110.110779 
110.110168 
110.109863 
110.110168 
110.109253 
110.109253 
110.108948 
110.108948 
110.110168 
110.111389 
110.112000 
110.111389 
110.111084 
110.110779 
110.111084 
110.110474 
110.110474 
110.109863 
110.109558 
110.110168 
110.109863 
110.110168 
110.109863 
110.110474 
110.110474 
110.111389 
110.111389 
110.111084 
110.110168 
110.108948 
110.108948 
110.108948 
110.109253 
110.108948 
110.109253 
110.109863 
110.110168 
110.110168 
110.110168 
110.109863 
110.110168 
110.110168 
110.109863 
110.109863 
110.109558 
110.108948 
110.109253 
110.108948 
110.110168 
110.111389 
110.111694 
110.111694 
110.111389 
110.111084 
110.111389 
110.111694 
110.111389 
110.112000 
110.112915 
110.114441 
110.115662 
110.117188 
110.119324 
110.121460 
110.124512 
110.127563 
110.130920 
110.134583 
110.137634 
110.140381 
110.144348 
110.149841 
110.155334 
110.161438 
110.168152 
110.174866 
110.181885 
110.189514 
110.197449 
110.205383 
110.213013 
110.221558 
110.229797 
110.238953 
110.247192 
110.255737 
110.265503 
110.274963 
110.285645 
110.296936 
110.307007 
110.317383 
110.327454 
110.337219 
110.347595 
110.357666 
110.368347 
110.379028 
110.390015 
110.401611 
110.413513 
110.425415 
110.437317 
110.450439 
110.463562 
110.476990 
110.490112 
110.503540 
110.516357 
110.528870 
110.541687 
110.555115 
110.568848 
110.581970 
110.595398 
110.607605 
110.619812 
110.632019 
110.643311 
110.654602 
110.665283 
110.675964 
110.686035 
110.696106 
110.706177 
110.715332 
110.724182 
110.733948 
110.744629 
110.755005 
110.765381 
110.774841 
110.783691 
110.793152 
110.801392 
110.810547 
110.820007 
110.828857 
110.837708 
110.847168 
110.856323 
110.866699 
110.876160 
110.885925 
110.895691 
110.905762 
110.916138 
110.925598 
110.934448 
110.942688 
110.952148 
110.961609 
110.972290 
110.982361 
110.992737 
111.002808 
111.013489 
111.023865 
111.033936 
111.044312 
111.054688 
111.064148 
111.074524 
111.083984 
111.093750 
111.103821 
111.113586 
111.123962 
111.135254 
111.146240 
111.156921 
111.167603 
111.178284 
111.188354 
111.198120 
111.208801 
111.218567 
111.228638 
111.239014 
111.249695 
111.260071 
111.270447 
111.280823 
111.291504 
111.302185 
111.312866 
111.323853 
111.334839 
111.344299 
111.353760 
111.363525 
111.373596 
111.384583 
111.395264 
111.405945 
111.416626 
111.427612 
111.437988 
111.448669 
111.459351 
111.469421 
111.480408 
111.491089 
111.501160 
111.510925 
111.520691 
111.530762 
111.541443 
111.552734 
111.563416 
111.574707 
111.585083 
111.595764 
111.605225 
111.615295 
111.625366 
111.635437 
111.645203 
111.655579 
111.665344 
111.675415 
111.686401 
111.696167 
111.706238 
111.716309 
111.727295 
111.737976 
111.748047 
111.756592 
111.765747 
111.774902 
111.784973 
111.795349 
111.805725 
111.816101 
111.827087 
111.837158 
111.847229 
111.857605 
111.867371 
111.878052 
111.888123 
111.897278 
111.907654 
111.917114 
111.926880 
111.936646 
111.946411 
111.958008 
111.968994 
111.979675 
111.989746 
111.999817 
112.009888 
112.019653 
112.029114 
112.039185 
112.048950 
112.059326 
112.069397 
112.079468 
112.089539 
112.099609 
112.110596 
112.120972 
112.131348 
112.142334 
112.152100 
112.161255 
112.170410 
112.179871 
112.189941 
112.200317 
112.210693 
112.221069 
112.231140 
112.242126 
112.252197 
112.262573 
112.273254 
112.283325 
112.293701 
112.303467 
112.313232 
112.323303 
112.333374 
112.343140 
112.353210 
112.363892 
112.375793 
112.386780 
112.397156 
112.407227 
112.416687 
112.427368 
112.437439 
112.447205 
112.456970 
112.467957 
112.477722 
112.487488 
112.498169 
112.508545 
112.519226 
112.530212 
112.540588 
112.550964 
112.561340 
112.570801 
112.579651 
112.589417 
112.599487 
112.610168 
112.621155 
112.631531 
112.642212 
112.652283 
112.662659 
112.672729 
112.683411 
112.693176 
112.703857 
112.713928 
112.723389 
112.733459 
112.743530 
112.753601 
112.763672 
112.774658 
112.785950 
112.796631 
112.806702 
112.817078 
112.827148 
112.836914 
112.846680 
112.856445 
112.866211 
112.876587 
112.886658 
112.897034 
112.907104 
112.917175 
112.927856 
112.938232 
112.948608 
112.958984 
112.969055 
112.977905 
112.987366 
112.996521 
113.006897 
113.016663 
113.026733 
113.036804 
113.046570 
113.056641 
113.066406 
113.074951 
113.084412 
113.092651 
113.101196 
113.108826 
113.116760 
113.123779 
113.130188 
113.136902 
113.143616 
113.150940 
113.157654 
113.163452 
113.168945 
113.173523 
113.178406 
113.182068 
113.185120 
113.188171 
113.191223 
113.193665 
113.196106 
113.198242 
113.200073 
113.202209 
113.203125 
113.205261 
113.206787 
113.208008 
113.208313 
113.208008 
113.207703 
113.207397 
113.207092 
113.207703 
113.207703 
113.208008 
113.208923 
113.208313 
113.208618 
113.208618 
113.208618 
113.208313 
113.208313 
113.207703 
113.206482 
113.206482 
113.205566 
113.204956 
113.204651 
113.205566 
113.205872 
113.206482 
113.205566 
113.204956 
113.204651 
113.203735 
113.202515 
113.202209 
113.201599 
113.201294 
113.200684 
113.200378 
113.200378 
113.199768 
113.199463 
113.199463 
113.199463 
113.199463 
113.199463 
113.198242 
113.196411 
113.195801 
113.195801 
113.195801 
113.195801 
113.195496 
113.195801 
113.195801 
113.196411 
113.195801 
113.196106 
113.195801 
113.195496 
113.195190 
113.194885 
113.194275 
113.193665 
113.193359 
113.193359 
113.194275 
113.195190 
113.195801 
113.195801 
113.195801 
113.195190 
113.195190 
113.194885 
113.194885 
113.194275 
113.193970 
113.193970 
113.194275 
113.194275 
113.194275 
113.194275 
113.195190 
113.195496 
113.195801 
113.195496 
113.194580 
113.193359 
113.193054 
113.192749 
113.193054 
113.193359 
113.193359 
113.193970 
113.194275 
113.193970 
113.194275 
113.193970 
113.193970 
113.193665 
113.193970 
113.193665 
113.193359 
113.192749 
113.192749 
113.192139 
113.193665 
113.194580 
113.194580 
113.194580 
113.194275 
113.194580 
113.193970 
113.193665 
113.193054 
113.193054 
113.192749 
113.193054 
113.192749 
113.192749 
113.192749 
113.193054 
113.193054 
113.193665 
113.193665 
113.193665 
113.192749 
113.191833 
113.190918 
113.190613 
113.190918 
113.191223 
113.191528 
113.191528 
113.191528 
113.191833 
113.191833 
113.191833 
113.192139 
113.192139 
113.191833 
113.191833 
113.191528 
113.191223 
113.190613 
113.190613 
113.191223 
113.192444 
113.193359 
113.193665 
113.193054 
113.192749 
113.192444 
113.192444 
113.191833 
113.192139 
113.192139 
113.191833 
113.192139 
113.192139 
113.192139 
113.192444 
113.192749 
113.193359 
113.193665 
113.193665 
113.193054 
113.191528 
113.190918 
113.191223 
113.191833 
113.191833 
113.192444 
113.192749 
113.192749 
113.192749 
113.193054 
113.193665 
113.193665 
113.193359 
113.193359 
113.193054 
113.192749 
113.192139 
113.192139 
113.192749 
113.193359 
113.194275 
113.195190 
113.194885 
113.194275 
113.194885 
113.194275 
113.193970 
113.193665 
113.193665 
113.193665 
113.193359 
113.193665 
113.193359 
113.193665 
113.193970 
113.193970 
113.194275 
113.194275 
113.194580 
113.193665 
113.193054 
113.192139 
113.192139 
113.192444 
113.192749 
113.192444 
113.193054 
113.193054 
113.193054 
113.193359 
113.193359 
113.193054 
113.192749 
113.193054 
113.192749 
113.192139 
113.191833 
113.191528 
113.191223 
113.192444 
113.193359 
113.193665 
113.193665 
113.193665 
113.193054 
113.193054 
113.192749 
113.192139 
113.192139 
113.192139 
113.191833 
113.191833 
113.192139 
113.192139 
113.192139 
113.192749 
113.193359 
113.193359 
113.192749 
113.192444 
113.191223 
113.190308 
113.190613 
113.190613 
113.190613 
113.190918 
113.191528 
113.191528 
113.191833 
113.192139 
113.191833 
113.192139 
113.191833 
113.191528 
113.191528 
113.191223 
113.191223 
113.190613 
113.191223 
113.191833 
113.193054 
113.193665 
113.193665 
113.193359 
113.193359 
113.193054 
113.192444 
113.192749 
113.192444 
113.192139 
113.192444 
113.192444 
113.192444 
113.192749 
113.192749 
113.192749 
113.193054 
113.193970 
113.193665 
113.192749 
113.191528 
113.191223 
113.191528 
113.191223 
113.191528 
113.191833 
113.191833 
113.192749 
113.192749 
113.192444 
113.193054 
113.193054 
113.192749 
113.192749 
113.192444 
113.192139 
113.191833 
113.191528 
113.191528 
113.192139 
113.193359 
113.193970 
113.193970 
113.193359 
113.193665 
113.193054 
113.193054 
113.192749 
113.192444 
113.192444 
113.192444 
113.191833 
113.192139 
113.192444 
113.192444 
113.192749 
113.193359 
113.193054 
113.193359 
113.192749 
113.191223 
113.190308 
113.190002 
113.190613 
113.190613 
113.191223 
113.191223 
113.191833 
113.191833 
113.191528 
113.192139 
113.191833 
113.191833 
113.191833 
113.191528 
113.191223 
113.190918 
113.190308 
113.190613 
113.191528 
113.192444 
113.193054 
113.193054 
113.193054 
113.192444 
113.192749 
113.192139 
113.191833 
113.191833 
113.192139 
113.191833 
113.191528 
113.191833 
113.191833 
113.192139 
113.192444 
113.193054 
113.192749 
113.192749 
113.192444 
113.191528 
113.190308 
113.190613 
113.190918 
113.191223 
113.191223 
113.191528 
113.191833 
113.191833 
113.192139 
113.191833 
113.192139 
113.192139 
113.192139 
113.191833 
113.191528 
113.191223 
113.190613 
113.190918 
113.191528 
113.192749 
113.193359 
113.193359 
113.193665 
113.193359 
113.193054 
113.193054 
113.192139 
113.192444 
113.191833 
113.192139 
113.192444 
113.192444 
113.192139 
113.192444 
113.192749 
113.192749 
113.193665 
113.193665 
113.192444 
113.191223 
113.190918 
113.190918 
113.190613 
113.191223 
113.191223 
113.191833 
113.192139 
113.192139 
113.192139 
113.192749 
113.192444 
113.192139 
113.191833 
113.191833 
113.191833 
113.191223 
113.190613 
113.190613 
113.191833 
113.193054 
113.193665 
113.193665 
113.192749 
113.193054 
113.192749 
113.192444 
113.192444 
113.191833 
113.191528 
113.191833 
113.191833 
113.191833 
113.192139 
113.192139 
113.192444 
113.192749 
113.193054 
113.193054 
113.191833 
113.191223 
113.190613 
113.190308 
113.190613 
113.190918 
113.190918 
113.191528 
113.191833 
113.191223 
113.192139 
113.192139 
113.191833 
113.191833 
113.192139 
113.191833 
113.191223 
113.190918 
113.190308 
113.190613 
113.191223 
113.192444 
113.193359 
113.193359 
113.193359 
113.193054 
113.193054 
113.192444 
113.192444 
113.191528 
113.191833 
113.192139 
113.191833 
113.191833 
113.192139 
113.192444 
113.192444 
113.193054 
113.193054 
113.193054 
113.192139 
113.190918 
113.190613 
113.190613 
113.190613 
113.190918 
113.191223 
113.191833 
113.191528 
113.192139 
113.192139 
113.191833 
113.192444 
113.192444 
113.191528 
113.191833 
113.191223 
113.190918 
113.190918 
113.190613 
113.191528 
113.192444 
113.193054 
113.193359 
113.193054 
113.193359 
113.192749 
113.192444 
113.192444 
113.191833 
113.191833 
113.192139 
113.192139 
113.191528 
113.192139 
113.192139 
113.192139 
113.193054 
113.193054 
113.193054 
113.192444 
113.191223 
113.190613 
113.190308 
113.190613 
113.191223 
113.191223 
113.191833 
113.191833 
113.191833 
113.191833 
113.191833 
113.191528 
113.192139 
113.192139 
113.191223 
113.191528 
113.191528 
113.190613 
113.190613 
113.191528 
113.192749 
113.193665 
113.193359 
113.193359 
113.193054 
113.192749 
113.192444 
113.192444 
113.192139 
113.191833 
113.191833 
113.191833 
113.192139 
113.191833 
113.192139 
113.192444 
113.193054 
113.193054 
113.193054 
113.192444 
113.191223 
113.190308 
113.190613 
113.190613 
113.190918 
113.190918 
113.191223 
113.191528 
113.191528 
113.191528 
113.191833 
113.191833 
113.191833 
113.191833 
113.191528 
113.191223 
113.190918 
113.190613 
113.190613 
113.191833 
113.192749 
113.193054 
113.193359 
113.193359 
113.192749 
113.192749 
113.192444 
113.191833 
113.191833 
113.191833 
113.191833 
113.191833 
113.192444 
113.191833 
113.191833 
113.192444 
113.192444 
113.192749 
113.193054 
113.192444 
113.191223 
113.190613 
113.190613 
113.190308 
113.191223 
113.191223 
113.191528 
113.191833 
113.191833 
113.192139 
113.191528 
113.191833 
113.191833 
113.191833 
113.191833 
113.191528 
113.190918 
113.190308 
113.190613 
113.191223 
113.192139 
113.193054 
113.193054 
113.193054 
113.193054 
113.192444 
113.192139 
113.192444 
113.191833 
113.191833 
113.192139 
113.191833 
113.191833 
113.192139 
113.192139 
113.192139 
113.193054 
113.193054 
113.193054 
113.192139 
113.190613 
113.190308 
113.190308 
113.190308 
113.190613 
113.190918 
113.191528 
113.191528 
113.191528 
113.191833 
113.191833 
113.191833 
113.191223 
113.191833 
113.191223 
113.191223 
113.190918 
113.190613 
113.190613 
113.191223 
113.192444 
113.193359 
113.193359 
113.193054 
113.193054 
113.192444 
113.192444 
113.192139 
113.191528 
113.191528 
113.191528 
113.191833 
113.191833 
113.191833 
113.192139 
113.192444 
113.192444 
113.193054 
113.192749 
113.192444 
113.191223 
113.190613 
113.190002 
113.190308 
113.190613 
113.190918 
113.191223 
113.191223 
113.192139 
113.192139 
113.192139 
113.191528 
113.192139 
113.191833 
113.191528 
113.191223 
113.190918 
113.190613 
113.190613 
113.191223 
113.192444 
113.193054 
113.193359 
113.192749 
113.192749 
113.192444 
113.192749 
113.191528 
113.192139 
113.191833 
113.191833 
113.192139 
113.191528 
113.192139 
113.192139 
113.193054 
113.192444 
113.192444 
113.193054 
113.192139 
113.191528 
113.190613 
113.190002 
113.190613 
113.191223 
113.191223 
113.191528 
113.191223 
113.191528 
113.191528 
113.192139 
113.191833 
113.191528 
113.191833 
113.191528 
113.191223 
113.190918 
113.190613 
113.190613 
113.191223 
113.192139 
113.193359 
113.193054 
113.193359 
113.192749 
113.192749 
113.192444 
113.192139 
113.191833 
113.191833 
113.191528 
113.191833 
113.191528 
113.191833 
113.191833 
113.192139 
113.192749 
113.192749 
113.192749 
113.192139 
113.191223 
113.190308 
113.190613 
113.190613 
113.191223 
113.190918 
113.191223 
113.191528 
113.191833 
113.191833 
113.191833 
113.191833 
113.191833 
113.191833 
113.191223 
113.190918 
113.190613 
113.190613 
113.190308 
113.190613 
113.192444 
113.192749 
113.193054 
113.193054 
113.192444 
113.192749 
113.192444 
113.191833 
113.191528 
113.191833 
113.191528 
113.191528 
113.191528 
113.191833 
113.192139 
113.192139 
113.192749 
113.193054 
113.193359 
113.192444 
113.190918 
113.190308 
113.190613 
113.190918 
113.190918 
113.191223 
113.190918 
113.191528 
113.191528 
113.191833 
113.191833 
113.191833 
113.191833 
113.191833 
113.191223 
113.191528 
113.190918 
113.190613 
113.190613 
113.191223 
113.192444 
113.193359 
113.193359 
113.193054 
113.192444 
113.192444 
113.192749 
113.192139 
113.192139 
113.191833 
113.191528 
113.191833 
113.191528 
113.191528 
113.191833 
113.192139 
113.192139 
113.192749 
113.193054 
113.191833 
113.191223 
113.190613 
113.190308 
113.190613 
113.190918 
113.191223 
113.191223 
113.191528 
113.191833 
113.191833 
113.191833 
113.192139 
113.191833 
113.191833 
113.191528 
113.190918 
113.190613 
113.190613 
113.190613 
113.190918 
113.192444 
113.193359 
113.193359 
113.192749 
113.193054 
113.192139 
113.192139 
113.191833 
113.191833 
113.191528 
113.191833 
113.191528 
113.191833 
113.191833 
113.191833 
113.192139 
113.192749 
113.193054 
113.193054 
113.192444 
113.190918 
113.190308 
113.190308 
113.190613 
113.190613 
113.190918 
113.191223 
113.191528 
113.191833 
113.191223 
113.191833 
113.191528 
113.191833 
113.191528 
113.191528 
113.191223 
113.190613 
113.190308 
113.190613 
113.191528 
113.192139 
113.193054 
113.193054 
113.192749 
113.192749 
113.192139 
113.192444 
113.191833 
113.191833 
113.191833 
113.191833 
113.191833 
113.191833 
113.191833 
113.192139 
113.191833 
113.192139 
113.192749 
113.193054 
113.192444 
113.191223 
113.190613 
113.190918 
113.190918 
113.190918 
113.191223 
113.191528 
113.191528 
113.191528 
113.192139 
113.192139 
113.192139 
113.192139 
113.191528 
113.191223 
113.191223 
113.190613 
113.190613 
113.190613 
113.190918 
113.192444 
113.193054 
113.193054 
113.193359 
113.193054 
113.192139 
113.192139 
113.191528 
113.191528 
113.191833 
113.191833 
113.191833 
113.191223 
113.191833 
113.191833 
113.192139 
113.192749 
113.193054 
113.192749 
113.192139 
113.191223 
113.190002 
113.190613 
113.190613 
113.190613 
113.190613 
113.191223 
113.191528 
113.191528 
113.191528 
113.191528 
113.191528 
113.192139 
113.191833 
113.191223 
113.191528 
113.190613 
113.190308 
113.190308 
113.190918 
113.192139 
113.192444 
113.193359 
113.192749 
113.192444 
113.192139 
113.191833 
113.191833 
113.191528 
113.191223 
113.191528 
113.191528 
113.191528 
113.191833 
113.191833 
113.191833 
113.192444 
113.192749 
113.193054 
113.192139 
113.190918 
113.190613 
113.190308 
113.190613 
113.190918 
113.190918 
113.191223 
113.191528 
113.191833 
113.191833 
113.191833 
113.192139 
113.191833 
113.191833 
113.191528 
113.191528 
113.190918 
113.190613 
113.190308 
113.190918 
113.192444 
113.193054 
113.193359 
113.193054 
113.192749 
113.192749 
113.192444 
113.191833 
113.191528 
113.191833 
113.191833 
113.191528 
113.191833 
113.192139 
113.191528 
113.192749 
113.192444 
113.193054 
113.193054 
113.192749 
113.191528 
113.190308 
113.190308 
113.190308 
113.190002 
113.190613 
113.191223 
113.191223 
113.191223 
113.191833 
113.191528 
113.191833 
113.191833 
113.191528 
113.191833 
113.191223 
113.191223 
113.190613 
113.190613 
113.191223 
113.192444 
113.193054 
113.193359 
113.192749 
113.192444 
113.192444 
113.192444 
113.192139 
113.191528 
113.191528 
113.191833 
113.191528 
113.191528 
113.191528 
113.191833 
113.192139 
113.191833 
113.193054 
113.192749 
113.192139 
113.191528 
113.190308 
113.190002 
113.190308 
113.190918 
113.191223 
113.191223 
113.191223 
113.191528 
113.191833 
113.191528 
113.191528 
113.191833 
113.191833 
113.191528 
113.191223 
113.190613 
113.190918 
113.190308 
113.190613 
113.191528 
113.192444 
113.193054 
113.193054 
113.192749 
113.192139 
113.192139 
113.192139 
113.191833 
113.191833 
113.191528 
113.191528 
113.191528 
113.191833 
113.191833 
113.192139 
113.192749 
113.192749 
113.193054 
113.192444 
113.191223 
113.190308 
113.190308 
113.190613 
113.190308 
113.190918 
113.191528 
113.191528 
113.191528 
113.191833 
113.192139 
113.191528 
113.191833 
113.191833 
113.191833 
113.191528 
113.191223 
113.190613 
113.190613 
113.191528 
113.192444 
113.192749 
113.193054 
113.192749 
113.193054 
113.192749 
113.192139 
113.191833 
113.191833 
113.191833 
113.191528 
113.191528 
113.191528 
113.191833 
113.191833 
113.192139 
113.192444 
113.193054 
113.193054 
113.192444 
113.190918 
113.190613 
113.190613 
113.190308 
113.190918 
113.190918 
113.191223 
113.191528 
113.191528 
113.191528 
113.191528 
113.191833 
113.191833 
113.191833 
113.191528 
113.191223 
113.190918 
113.190613 
113.190613 
113.190918 
113.191833 
113.192749 
113.193054 
113.193054 
113.192749 
113.192139 
113.191833 
113.191833 
113.191528 
113.191528 
113.191223 
113.191528 
113.191528 
113.191528 
113.191833 
113.191833 
113.192444 
113.192749 
113.192749 
113.192444 
113.191223 
113.190002 
113.190308 
113.190613 
113.190308 
113.190613 
113.191223 
113.191223 
113.191528 
113.191833 
113.191833 
113.191833 
113.191528 
113.192139 
113.191528 
113.191528 
113.191223 
113.190308 
113.190613 
113.190613 
113.192444 
113.193054 
113.192749 
113.192749 
113.192749 
113.192749 
113.192139 
113.191833 
113.191528 
113.191223 
113.191223 
113.191833 
113.191833 
113.191528 
113.191833 
113.191833 
113.192139 
113.192444 
113.192749 
113.192139 
113.191528 
113.190613 
113.190308 
113.190308 
113.191223 
113.190918 
113.191223 
113.191223 
113.191528 
113.192139 
113.191528 
113.191833 
113.191833 
113.191223 
113.191223 
113.190918 
113.190918 
113.190613 
113.190002 
113.190918 
113.192139 
113.193054 
113.192749 
113.192749 
113.193054 
113.192444 
113.191833 
113.191528 
113.191528 
113.191223 
113.191528 
113.191528 
113.191223 
113.191833 
113.191528 
113.191528 
113.192139 
113.192444 
113.192749 
113.192139 
113.191528 
113.190308 
113.190308 
113.190002 
113.190308 
113.190613 
113.191223 
113.190918 
113.191223 
113.191528 
113.191528 
113.191833 
113.191833 
113.191528 
113.191528 
113.190918 
113.190918 
113.190613 
113.190308 
113.191528 
113.191833 
113.193054 
113.193359 
113.192749 
113.192444 
113.192749 
113.192139 
113.191833 
113.191528 
113.191833 
113.191528 
113.191833 
113.191528 
113.191833 
113.191833 
113.191833 
113.192444 
113.193054 
113.192749 
113.192139 
113.190918 
113.190002 
113.190002 
113.190613 
113.190613 
113.190918 
113.190918 
113.191528 
113.191528 
113.191528 
113.191528 
113.191528 
113.191833 
113.191528 
113.191223 
113.191223 
113.190613 
113.190918 
113.190308 
113.190613 
113.192139 
113.193054 
113.193054 
113.193054 
113.192444 
113.192139 
113.192444 
113.191833 
113.191833 
113.191833 
113.191528 
113.191528 
113.191528 
113.191528 
113.191528 
113.191833 
113.192749 
113.192444 
113.193054 
113.192444 
113.191528 
113.190613 
113.190002 
113.190613 
113.190613 
113.190613 
113.191223 
113.191223 
113.191223 
113.191833 
113.191223 
113.191833 
113.192139 
113.191833 
113.191528 
113.191223 
113.191223 
113.190613 
113.190308 
113.190918 
113.191833 
113.192749 
113.193054 
113.192749 
113.193054 
113.192749 
113.192749 
113.191833 
113.191833 
113.191223 
113.191528 
113.191223 
113.191528 
113.191528 
113.191528 
113.192139 
113.192444 
113.192749 
113.193054 
113.192749 
113.191223 
113.190308 
113.190308 
113.190002 
113.190918 
113.190918 
113.191223 
113.191223 
113.191528 
113.191833 
113.191833 
113.192139 
113.191833 
113.191528 
113.191833 
113.191528 
113.190918 
113.190918 
113.190613 
113.190918 
113.192139 
113.193054 
113.193054 
113.193054 
113.193054 
113.192749 
113.191833 
113.191833 
113.191833 
113.191528 
113.191223 
113.191223 
113.191223 
113.192139 
113.192139 
113.191528 
113.192444 
113.192749 
113.192749 
113.192444 
113.190918 
113.190002 
113.190002 
113.190308 
113.190613 
113.190918 
113.190918 
113.191528 
113.191223 
113.191833 
113.191223 
113.191528 
113.191833 
113.191528 
113.191528 
113.190918 
113.190918 
113.190613 
113.190613 
113.190918 
113.191833 
113.192749 
113.193359 
113.193054 
113.192749 
113.192444 
113.192139 
113.192139 
113.191833 
113.191833 
113.191223 
113.191528 
113.191528 
113.191528 
113.191833 
113.192139 
113.192139 
113.192749 
113.192749 
113.192139 
113.191528 
113.190613 
113.190002 
113.190308 
113.190613 
113.190613 
113.190918 
113.191223 
113.191833 
113.191528 
113.191223 
113.191833 
113.191528 
113.191528 
113.191528 
113.190613 
113.190918 
113.190918 
113.190613 
113.190918 
113.191833 
113.193054 
113.193054 
113.193054 
113.192749 
113.192444 
113.192139 
113.192139 
113.191528 
113.191833 
113.191833 
113.191833 
113.191528 
113.191528 
113.191833 
113.191833 
113.192444 
113.192749 
113.193054 
113.192749 
113.191223 
113.190308 
113.190308 
113.190918 
113.190918 
113.190613 
113.191223 
113.190918 
113.191833 
113.191528 
113.191833 
113.192139 
113.191833 
113.191528 
113.191528 
113.190918 
113.190918 
113.190613 
113.190002 
113.190613 
113.191833 
113.193054 
113.193054 
113.193054 
113.192444 
113.192444 
113.192139 
113.191528 
113.191528 
113.191833 
113.191528 
113.191528 
113.191833 
113.191528 
113.191528 
113.191528 
113.192139 
113.192749 
113.192749 
113.192139 
113.190918 
113.190308 
113.190002 
113.190002 
113.190613 
113.190613 
113.190613 
113.191223 
113.191528 
113.191528 
113.191528 
113.191833 
113.191833 
113.191223 
113.191223 
113.191223 
113.190918 
113.190613 
113.190308 
113.190918 
113.192139 
113.192749 
113.192444 
113.192749 
113.192749 
113.192444 
113.192139 
113.192139 
113.191833 
113.191528 
113.191833 
113.191833 
113.191528 
113.191528 
113.191528 
113.191833 
113.192444 
113.192749 
113.193054 
113.192444 
113.191528 
113.190002 
113.190308 
113.190613 
113.190613 
113.190918 
113.191223 
113.191528 
113.191223 
113.191833 
113.191833 
113.192139 
113.191833 
113.191833 
113.191528 
113.191528 
113.190918 
113.190308 
113.190308 
113.190613 
113.191833 
113.192749 
113.193359 
113.192749 
113.192749 
113.192139 
113.192444 
113.191833 
113.191833 
113.191833 
113.191528 
113.191528 
113.191528 
113.191528 
113.191223 
113.192139 
113.192444 
113.192749 
113.193054 
113.192444 
113.191223 
113.190308 
113.190308 
113.190308 
113.190613 
113.190918 
113.191223 
113.191528 
113.191528 
113.191528 
113.191528 
113.192139 
113.191528 
113.191528 
113.191528 
113.191223 
113.190613 
113.190308 
113.190002 
113.190918 
113.191833 
113.192444 
113.193054 
113.192749 
113.192444 
113.192139 
113.191833 
113.191833 
113.191528 
113.191528 
113.191528 
113.191528 
113.191833 
113.191528 
113.191528 
113.191833 
113.192444 
113.192749 
113.193054 
113.192444 
113.191528 
113.190613 
113.190002 
113.190308 
113.190613 
113.190918 
113.190918 
113.191833 
113.191223 
113.191528 
113.191833 
113.191833 
113.191528 
113.191528 
113.191528 
113.190918 
113.190613 
113.190613 
113.190002 
113.190613 
113.191833 
113.192444 
113.192749 
113.192749 
113.192749 
113.192139 
113.191833 
113.191833 
113.191528 
113.191528 
113.191528 
113.191528 
113.191223 
113.191528 
113.191833 
113.191833 
113.193054 
113.192749 
113.192444 
113.192444 
113.191223 
113.190613 
113.190308 
113.190308 
113.190308 
113.190613 
113.191223 
113.190918 
113.191223 
113.191528 
113.191528 
113.191528 
113.191528 
113.191528 
113.191223 
113.191223 
113.190613 
113.190613 
113.190308 
113.190613 
113.191528 
113.193054 
113.193054 
113.193054 
113.192749 
113.192139 
113.191833 
113.191528 
113.191528 
113.191528 
113.191528 
113.191528 
113.191528 
113.191528 
113.191833 
113.192139 
113.192139 
113.192749 
113.192749 
113.192139 
113.191528 
113.190308 
113.190002 
113.190002 
113.190613 
113.190918 
113.190918 
113.191223 
113.191528 
113.191223 
113.191528 
113.191833 
113.191528 
113.191528 
113.191528 
113.191223 
113.190918 
113.190613 
113.190308 
113.191223 
113.191528 
113.192749 
113.192749 
113.192749 
113.192749 
113.192444 
113.192139 
113.191528 
113.191528 
113.191528 
113.191833 
113.191223 
113.191528 
113.191223 
113.191833 
113.191833 
113.192444 
113.192749 
113.192749 
113.192749 
113.191528 
113.190613 
113.190002 
113.190308 
113.190613 
113.190613 
113.190918 
113.191223 
113.191223 
113.191528 
113.191833 
113.191528 
113.191223 
113.191833 
113.191223 
113.190918 
113.190918 
113.190613 
113.190002 
113.190613 
113.191528 
113.192444 
113.193054 
113.192749 
113.192444 
113.192749 
113.192139 
113.191833 
113.191528 
113.191528 
113.191528 
113.191528 
113.191528 
113.191833 
113.191833 
113.192139 
113.191833 
113.192749 
113.192749 
113.192749 
113.191223 
113.190308 
113.190002 
113.190308 
113.190613 
113.191223 
113.191223 
113.191223 
113.191833 
113.191528 
113.191833 
113.191528 
113.191528 
113.191833 
113.191223 
113.191223 
113.191223 
113.190613 
113.190308 
113.190613 
113.191833 
113.192139 
113.193054 
113.193359 
113.192444 
113.192444 
113.192444 
113.191833 
113.191528 
113.191833 
113.191528 
113.190918 
113.191223 
113.191833 
113.191833 
113.192139 
113.192749 
113.193054 
113.193054 
113.192444 
113.191223 
113.190613 
113.190002 
113.190613 
113.190613 
113.191223 
113.191223 
113.191223 
113.191528 
113.191833 
113.191833 
113.191833 
113.191528 
113.191528 
113.191833 
113.191528 
113.190918 
113.190308 
113.190613 
113.190613 
113.191833 
113.192749 
113.192749 
113.193054 
113.192444 
113.192139 
113.191528 
113.191223 
113.191833 
113.191528 
113.191528 
113.191833 
113.191528 
113.191528 
113.191528 
113.191833 
113.192139 
113.192749 
113.192749 
113.192139 
113.191833 
113.190308 
113.190002 
113.190308 
113.190613 
113.190613 
113.191223 
113.191528 
113.191528 
113.191528 
113.191528 
113.191833 
113.191528 
113.191833 
113.191223 
113.191223 
113.191223 
113.190613 
113.190613 
113.190613 
113.191833 
113.192749 
113.193054 
113.192749 
113.192444 
113.192444 
113.192139 
113.191833 
113.191833 
113.191833 
113.191528 
113.191223 
113.191223 
113.191833 
113.191833 
113.191833 
113.192139 
113.192139 
113.192749 
113.192749 
113.191528 
113.190308 
113.190002 
113.190308 
113.190918 
113.190918 
113.190918 
113.190918 
113.191833 
113.191528 
113.191833 
113.191528 
113.191833 
113.191528 
113.191528 
113.191528 
113.190918 
113.190613 
113.190308 
113.190613 
113.191223 
113.192444 
113.193054 
113.193054 
113.192444 
113.192139 
113.192139 
113.191528 
113.191833 
113.191528 
113.191223 
113.190918 
113.190002 
113.190002 
113.190002 
113.189697 
113.188782 
113.188477 
113.187561 
113.185730 
113.183594 
113.180237 
113.177185 
113.174438 
113.171997 
113.168945 
113.166199 
113.162537 
113.158264 
113.153992 
113.149109 
113.143921 
113.138428 
113.132019 
113.126221 
113.118896 
113.110962 
113.103027 
113.094788 
113.086548 
113.079529 
113.071899 
113.062744 
113.053894 
113.043518 
113.033142 
113.023071 
113.012085 
113.001404 
112.990723 
112.979736 
112.968445 
112.957153 
112.946167 
112.934570 
112.923584 
112.912598 
112.901306 
112.889404 
112.877502 
112.865295 
112.852478 
112.840271 
112.828979 
112.817383 
112.806091 
112.795105 
112.783508 
112.772217 
112.761230 
112.749939 
112.739258 
112.727661 
112.716064 
112.705383 
112.694092 
112.682495 
112.671204 
112.659912 
112.648926 
112.639465 
112.629700 
112.619629 
112.608337 
112.597351 
112.586670 
112.575684 
112.564697 
112.554016 
112.543030 
112.531738 
112.521973 
112.510986 
112.500305 
112.490234 
112.479858 
112.469788 
112.459412 
112.449646 
112.438660 
112.427368 
112.415771 
112.404785 
112.395020 
112.384338 
112.374573 
112.364197 
112.354126 
112.344055 
112.333984 
112.323914 
112.313538 
112.303162 
112.293091 
112.282410 
112.271729 
112.261047 
112.250061 
112.239380 
112.228699 
112.219238 
112.210693 
112.200012 
112.189941 
112.179565 
112.169189 
112.158203 
112.147827 
112.137451 
112.127075 
112.116394 
112.106018 
112.096252 
112.085571 
112.076111 
112.066040 
112.055664 
112.046509 
112.036133 
112.026062 
112.014465 
112.003479 
111.992493 
111.982422 
111.972656 
111.962585 
111.951904 
111.942139 
111.932373 
111.922607 
111.911926 
111.901855 
111.891479 
111.881104 
111.870728 
111.859741 
111.849060 
111.838379 
111.827698 
111.817322 
111.807861 
111.797791 
111.788330 
111.777954 
111.766663 
111.755981 
111.745300 
111.734314 
111.723633 
111.712952 
111.702576 
111.691895 
111.681519 
111.671143 
111.660767 
111.651001 
111.640320 
111.630554 
111.620178 
111.610107 
111.598511 
111.586914 
111.576233 
111.565552 
111.555481 
111.545410 
111.535950 
111.525574 
111.515198 
111.505432 
111.495361 
111.484985 
111.474609 
111.464844 
111.454163 
111.444092 
111.433411 
111.422424 
111.412048 
111.401978 
111.392822 
111.383972 
111.374207 
111.364441 
111.353760 
111.343079 
111.332703 
111.321716 
111.311340 
111.300964 
111.290894 
111.280518 
111.270142 
111.260071 
111.249695 
111.239929 
111.229858 
111.220093 
111.210327 
111.199646 
111.188965 
111.177673 
111.166687 
111.156311 
111.146240 
111.136475 
111.126099 
111.116638 
111.106873 
111.096802 
111.087036 
111.076660 
111.066284 
111.055908 
111.045532 
111.035461 
111.024475 
111.013794 
111.002808 
110.992432 
110.983582 
110.974121 
110.964050 
110.953979 
110.943604 
110.932922 
110.922241 
110.911560 
110.900574 
110.889893 
110.879517 
110.869141 
110.858765 
110.848083 
110.837708 
110.827332 
110.817566 
110.807800 
110.797424 
110.787354 
110.775757 
110.764465 
110.753784 
110.743103 
110.733032 
110.722656 
110.712891 
110.702209 
110.692444 
110.682678 
110.672302 
110.661926 
110.651550 
110.641174 
110.630493 
110.620422 
110.609436 
110.598755 
110.588074 
110.578308 
110.568542 
110.559387 
110.549622 
110.538940 
110.528259 
110.518188 
110.507507 
110.496826 
110.486450 
110.475769 
110.465698 
110.455627 
110.444946 
110.434570 
110.424805 
110.414734 
110.404968 
110.394897 
110.384827 
110.374146 
110.363159 
110.351868 
110.340881 
110.330505 
110.321045 
110.310364 
110.300598 
110.291138 
110.280762 
110.270996 
110.261230 
110.251160 
110.241394 
110.231934 
110.222168 
110.213013 
110.203552 
110.194702 
110.186462 
110.178833 
110.172424 
110.166321 
110.160522 
110.154419 
110.148010 
110.142517 
110.137329 
110.131836 
110.127869 
110.124207 
110.120544 
110.117188 
110.114136 
110.111694 
110.110168 
110.108948 
110.108032 
110.107117 
110.106506 
110.106506 
110.104675 
110.103149 
110.103149 
110.102844 
110.102844 
110.103455 
110.104065 
110.104370 
110.104675 
110.104675 
110.104675 
110.104980 
110.104675 
110.104980 
110.104980 
110.104980 
110.104675 
110.104675 
110.104370 
110.104675 
110.106201 
110.107117 
110.108032 
110.108337 
110.108337 
110.108337 
110.108337 
110.108337 
110.108032 
110.108032 
110.108337 
110.107727 
110.107727 
110.108032 
110.108337 
110.108948 
110.108948 
110.109558 
110.109863 
110.109863 
110.109253 
110.108032 
110.107727 
110.107422 
110.107727 
110.108032 
110.108337 
110.108948 
110.108643 
110.108948 
110.109558 
110.109253 
110.109253 
110.109253 
110.109253 
110.108948 
110.108643 
110.108337 
110.107727 
110.107727 
110.109253 
110.109863 
110.110474 
110.111084 
110.110779 
110.110168 
110.110168 
110.110168 
110.109558 
110.109558 
110.109253 
110.109253 
110.108948 
110.109863 
110.109863 
110.109863 
110.110168 
110.110779 
110.110779 
110.110474 
110.109863 
110.108337 
110.108032 
110.108032 
110.108337 
110.108948 
110.108948 
110.109253 
110.109253 
110.109253 
