Blum, K. P., D’Incamps, B. L., Zytnicki, D., & Ting, L. H. (2017).
Force encoding in muscle spindles during stretch of
passive muscle. PLoS computational biology, 13(9), 
e1005767. <https://journals.plos.org/ploscompbiol/article?
id=10.1371/journal.pcbi.1005767>

cat medial gastrocnemius muscle lengths over t  (in 0.0005 s increments)
110.107117 
110.107422 
110.106812 
110.107422 
110.107727 
110.107727 
110.107727 
110.107727 
110.108032 
110.107727 
110.106812 
110.105591 
110.105286 
110.105896 
110.105896 
110.105896 
110.106201 
110.106506 
110.106812 
110.106506 
110.106506 
110.106506 
110.106812 
110.106506 
110.106506 
110.106506 
110.105591 
110.105591 
110.104980 
110.105896 
110.106812 
110.107422 
110.107727 
110.107727 
110.107727 
110.107422 
110.107117 
110.106812 
110.106506 
110.107117 
110.106812 
110.106812 
110.107117 
110.106812 
110.107727 
110.107117 
110.108032 
110.107727 
110.107727 
110.107727 
110.106201 
110.105896 
110.105591 
110.105591 
110.105896 
110.106201 
110.106201 
110.106506 
110.106812 
110.107117 
110.106201 
110.106506 
110.106506 
110.106812 
110.106201 
110.105896 
110.105896 
110.105591 
110.105591 
110.105591 
110.106506 
110.107422 
110.107422 
110.108032 
110.107727 
110.107727 
110.107422 
110.107117 
110.106812 
110.106506 
110.107117 
110.106812 
110.107422 
110.106812 
110.107727 
110.107422 
110.107117 
110.108032 
110.108032 
110.106812 
110.106506 
110.105591 
110.105591 
110.105896 
110.106201 
110.105896 
110.106201 
110.106201 
110.106506 
110.106812 
110.106506 
110.106506 
110.106506 
110.106812 
110.106201 
110.105896 
110.105896 
110.105591 
110.105591 
110.105896 
110.107117 
110.108337 
110.109253 
110.110168 
110.111084 
110.111694 
110.112915 
110.114746 
110.115356 
110.117493 
110.119324 
110.121460 
110.123901 
110.126953 
110.129700 
110.133362 
110.136108 
110.140076 
110.144043 
110.147705 
110.150757 
110.154724 
110.159302 
110.164490 
110.169678 
110.175476 
110.181580 
110.188293 
110.194397 
110.201111 
110.207825 
110.215149 
110.222168 
110.230103 
110.238037 
110.245972 
110.254211 
110.262146 
110.271301 
110.281067 
110.291443 
110.301819 
110.311890 
110.322876 
110.333557 
110.344543 
110.355530 
110.367126 
110.379028 
110.392151 
110.405579 
110.419006 
110.433350 
110.447693 
110.462646 
110.476990 
110.491028 
110.505066 
110.518799 
110.530701 
110.541992 
110.552673 
110.563965 
110.574951 
110.585022 
110.594788 
110.605469 
110.614624 
110.624695 
110.633850 
110.643005 
110.652771 
110.661011 
110.670166 
110.679016 
110.687866 
110.697021 
110.705566 
110.715027 
110.724487 
110.734558 
110.744934 
110.754395 
110.764160 
110.773926 
110.783081 
110.792236 
110.801697 
110.811462 
110.820923 
110.830994 
110.840149 
110.850525 
110.860596 
110.870972 
110.881042 
110.891418 
110.902100 
110.912170 
110.922241 
110.931396 
110.940857 
110.950623 
110.961304 
110.971375 
110.981445 
110.992126 
111.002808 
111.013184 
111.024170 
111.034241 
111.044922 
111.055298 
111.065369 
111.075439 
111.085205 
111.095581 
111.105652 
111.116028 
111.126404 
111.138306 
111.148987 
111.159668 
111.170654 
111.181030 
111.191406 
111.201477 
111.211243 
111.221313 
111.231384 
111.242065 
111.252441 
111.262207 
111.273193 
111.283569 
111.293945 
111.304321 
111.315002 
111.325684 
111.335754 
111.345215 
111.354675 
111.365051 
111.375122 
111.385803 
111.395874 
111.406250 
111.416931 
111.427917 
111.438293 
111.448364 
111.459045 
111.469727 
111.479797 
111.489868 
111.499939 
111.510010 
111.520081 
111.530151 
111.540833 
111.552124 
111.563110 
111.573486 
111.584473 
111.594849 
111.604919 
111.614685 
111.624451 
111.634827 
111.644897 
111.654968 
111.665039 
111.675110 
111.685486 
111.695557 
111.706238 
111.716614 
111.726990 
111.737061 
111.746826 
111.755981 
111.765442 
111.774902 
111.785583 
111.795349 
111.805725 
111.816711 
111.827393 
111.837463 
111.847839 
111.858215 
111.868286 
111.878357 
111.888733 
111.898499 
111.908569 
111.918030 
111.928101 
111.938477 
111.948547 
111.960144 
111.971436 
111.981812 
111.991882 
112.002258 
112.012329 
112.022095 
112.032166 
112.042236 
112.052307 
112.062378 
112.072449 
112.082825 
112.092896 
112.103271 
112.113647 
112.124329 
112.134399 
112.145081 
112.154846 
112.163696 
112.173767 
112.183228 
112.193604 
112.203674 
112.214661 
112.225037 
112.235413 
112.245483 
112.256165 
112.265930 
112.276306 
112.286682 
112.297058 
112.306824 
112.316895 
112.326355 
112.336731 
112.346802 
112.357178 
112.368164 
112.379456 
112.389832 
112.400513 
112.409973 
112.420654 
112.430725 
112.440491 
112.450867 
112.460632 
112.471008 
112.480469 
112.490845 
112.501221 
112.511292 
112.521667 
112.532043 
112.542725 
112.553101 
112.562561 
112.571411 
112.581482 
112.592163 
112.601624 
112.612000 
112.622070 
112.633057 
112.643738 
112.653809 
112.663879 
112.674561 
112.684326 
112.694397 
112.704468 
112.714844 
112.724609 
112.734375 
112.744751 
112.754822 
112.765198 
112.776184 
112.787476 
112.798157 
112.808533 
112.818604 
112.828674 
112.838745 
112.848511 
112.857666 
112.868347 
112.878418 
112.888794 
112.899170 
112.908936 
112.919922 
112.929993 
112.940674 
112.950745 
112.961121 
112.970276 
112.979126 
112.988281 
112.997437 
113.007202 
113.016052 
113.025818 
113.034973 
113.043823 
113.053284 
113.061218 
113.069153 
113.077087 
113.084717 
113.092041 
113.099060 
113.105469 
113.111877 
113.118286 
113.124084 
113.130188 
113.137207 
113.143005 
113.148499 
113.153381 
113.158264 
113.161926 
113.166199 
113.169861 
113.172302 
113.176270 
113.179016 
113.181763 
113.184204 
113.186951 
113.188477 
113.190613 
113.192444 
113.194275 
113.195190 
113.195496 
113.195496 
113.194885 
113.195496 
113.196106 
113.195801 
113.196716 
113.197021 
113.197021 
113.197632 
113.197632 
113.197632 
113.196716 
113.196716 
113.196716 
113.196411 
113.195801 
113.195496 
113.194580 
113.194275 
113.194580 
113.195190 
113.195801 
113.195801 
113.195190 
113.195496 
113.194580 
113.193970 
113.193359 
113.192444 
113.192444 
113.192139 
113.191833 
113.191833 
113.191528 
113.191528 
113.190918 
113.190918 
113.191223 
113.191223 
113.190308 
113.189392 
113.188782 
113.188477 
113.188171 
113.188171 
113.187866 
113.188477 
113.188477 
113.188782 
113.188782 
113.188477 
113.188782 
113.188477 
113.188477 
113.188477 
113.187866 
113.187561 
113.187256 
113.186951 
113.187561 
113.188477 
113.189392 
113.189392 
113.189392 
113.189087 
113.189392 
113.189087 
113.188782 
113.188477 
113.189087 
113.188782 
113.188782 
113.188782 
113.189087 
113.189087 
113.189087 
113.189697 
113.189697 
113.190002 
113.189087 
113.188171 
113.187561 
113.187866 
113.187561 
113.187866 
113.188171 
113.188477 
113.188477 
113.188782 
113.188782 
113.188477 
113.188477 
113.188782 
113.188477 
113.188782 
113.188171 
113.187561 
113.187561 
113.187561 
113.188477 
113.189087 
113.189697 
113.190002 
113.190002 
113.189697 
113.190002 
113.189392 
113.188782 
113.188782 
113.189087 
113.189392 
113.189087 
113.189087 
113.189392 
113.189087 
113.189087 
113.189392 
113.189697 
113.189697 
113.188782 
113.187866 
113.186951 
113.186646 
113.186951 
113.187256 
113.187256 
113.187256 
113.187866 
113.187561 
113.187561 
113.187256 
113.187561 
113.187561 
113.187561 
113.187256 
113.186646 
113.186646 
113.186340 
113.186035 
113.186340 
113.187256 
113.187866 
113.187866 
113.188477 
113.188171 
113.188171 
113.187866 
113.187866 
113.187866 
113.187256 
113.187561 
113.187866 
113.187561 
113.187561 
113.187866 
113.187561 
113.187561 
113.188171 
113.188171 
113.187561 
113.186646 
113.186035 
113.185730 
113.185730 
113.186035 
113.186646 
113.186340 
113.186951 
113.186951 
113.186646 
113.186951 
113.186646 
113.186951 
113.186951 
113.186646 
113.186646 
113.186340 
113.185730 
113.186035 
113.186646 
113.187561 
113.188171 
113.188477 
113.188477 
113.189087 
113.188477 
113.188782 
113.188477 
113.187866 
113.188171 
113.188477 
113.188171 
113.188477 
113.188782 
113.188477 
113.188782 
113.188782 
113.189087 
113.189087 
113.188782 
113.187561 
113.186951 
113.186951 
113.187256 
113.187256 
113.187561 
113.187561 
113.188171 
113.188171 
113.188171 
113.187866 
113.187866 
113.188171 
113.188171 
113.187866 
113.187256 
113.187561 
113.187256 
113.186951 
113.187256 
113.188477 
113.189087 
113.188782 
113.189087 
113.189392 
113.189087 
113.189087 
113.188782 
113.188171 
113.188171 
113.188477 
113.188171 
113.188477 
113.188171 
113.188782 
113.188477 
113.188782 
113.189087 
113.188782 
113.188477 
113.187561 
113.186340 
113.186340 
113.186035 
113.186646 
113.186646 
113.186951 
113.186951 
113.187256 
113.186951 
113.186951 
113.186951 
113.186646 
113.186646 
113.186951 
113.186340 
113.185730 
113.185730 
113.185730 
113.186035 
113.186951 
113.187866 
113.187561 
113.188477 
113.188171 
113.187561 
113.187256 
113.187561 
113.186951 
113.186951 
113.186646 
113.186951 
113.186951 
113.187561 
113.187561 
113.187561 
113.187561 
113.188171 
113.187866 
113.187561 
113.186340 
113.185730 
113.185425 
113.185730 
113.185730 
113.186035 
113.185730 
113.186340 
113.186646 
113.186646 
113.186646 
113.186646 
113.186646 
113.186646 
113.186340 
113.186340 
113.185730 
113.185730 
113.185730 
113.186646 
113.187561 
113.187866 
113.188171 
113.188782 
113.188782 
113.188171 
113.188171 
113.187256 
113.187866 
113.187866 
113.187561 
113.187866 
113.187866 
113.187866 
113.188171 
113.188477 
113.188477 
113.188782 
113.189087 
113.188477 
113.187256 
113.186646 
113.186340 
113.186951 
113.186951 
113.187256 
113.187256 
113.187256 
113.187561 
113.187256 
113.187256 
113.187561 
113.187561 
113.187561 
113.187256 
113.186951 
113.186951 
113.186340 
113.186035 
113.186951 
113.187866 
113.188171 
113.188477 
113.188477 
113.188782 
113.188477 
113.188171 
113.187866 
113.187256 
113.187866 
113.187866 
113.187866 
113.188171 
113.187866 
113.188171 
113.188477 
113.188171 
113.188477 
113.188477 
113.188171 
113.187256 
113.186340 
113.185730 
113.186646 
113.186646 
113.186646 
113.186951 
113.186340 
113.186951 
113.186646 
113.186646 
113.186646 
113.186340 
113.186646 
113.186646 
113.186340 
113.186035 
113.185730 
113.185425 
113.186646 
113.186951 
113.187256 
113.187561 
113.188171 
113.187866 
113.187866 
113.187561 
113.187561 
113.187256 
113.187256 
113.187561 
113.186951 
113.187256 
113.187866 
113.187256 
113.187866 
113.187561 
113.188171 
113.187866 
113.187561 
113.186646 
113.186035 
113.185730 
113.186035 
113.186340 
113.186035 
113.186646 
113.186340 
113.186951 
113.186951 
113.186951 
113.186951 
113.186951 
113.186646 
113.186340 
113.186340 
113.186035 
113.186035 
113.185730 
113.186646 
113.187256 
113.187866 
113.187866 
113.188782 
113.188171 
113.188477 
113.187866 
113.187866 
113.188171 
113.187866 
113.187561 
113.187866 
113.187561 
113.188171 
113.188171 
113.187866 
113.188171 
113.188782 
113.189087 
113.188477 
113.186951 
113.186646 
113.186035 
113.186646 
113.186646 
113.186951 
113.186646 
113.187256 
113.186951 
113.187256 
113.187256 
113.186951 
113.187256 
113.186646 
113.186951 
113.186646 
113.186646 
113.186035 
113.185730 
113.186646 
113.187866 
113.188171 
113.187866 
113.188477 
113.188171 
113.187866 
113.187866 
113.187561 
113.187561 
113.187256 
113.187561 
113.187256 
113.187256 
113.186951 
113.187561 
113.187561 
113.188171 
113.188171 
113.188171 
113.187866 
113.186646 
113.186035 
113.185730 
113.186035 
113.185730 
113.185730 
113.186340 
113.186646 
113.186646 
113.186035 
113.186646 
113.186340 
113.186646 
113.186646 
113.185730 
113.185730 
113.185730 
113.185120 
113.185425 
113.186035 
113.187256 
113.187866 
113.187256 
113.187561 
113.187561 
113.187256 
113.187256 
113.187561 
113.186951 
113.186951 
113.186951 
113.186646 
113.187256 
113.186951 
113.187256 
113.186951 
113.187561 
113.188171 
113.187866 
113.186951 
113.186646 
113.186035 
113.185425 
113.186340 
113.186035 
113.186951 
113.186646 
113.186951 
113.187256 
113.186951 
113.186951 
113.187256 
113.186340 
113.186951 
113.186646 
113.186035 
113.186340 
113.185730 
113.185425 
113.186646 
113.187256 
113.188171 
113.187866 
113.188171 
113.188171 
113.188171 
113.187561 
113.187561 
113.187256 
113.187256 
113.187866 
113.187561 
113.187866 
113.187866 
113.187866 
113.187866 
113.188171 
113.188477 
113.188171 
113.187866 
113.186646 
113.186340 
113.185730 
113.186035 
113.186646 
113.186340 
113.186951 
113.186951 
113.187256 
113.187256 
113.186646 
113.186951 
113.187256 
113.186646 
113.186951 
113.186035 
113.186340 
113.185730 
113.185730 
113.186646 
113.187561 
113.187866 
113.188171 
113.188171 
113.187866 
113.188171 
113.187256 
113.187256 
113.186951 
113.186951 
113.186951 
113.187561 
113.187256 
113.187256 
113.186951 
113.187561 
113.187866 
113.187866 
113.187866 
113.187256 
113.186646 
113.186035 
113.185730 
113.185730 
113.186035 
113.186340 
113.186340 
113.186646 
113.186646 
113.186646 
113.186340 
113.186646 
113.186646 
113.186340 
113.185730 
113.186035 
113.185730 
113.185120 
113.185425 
113.186035 
113.186951 
113.187561 
113.187561 
113.187866 
113.188171 
113.187561 
113.187866 
113.187256 
113.187256 
113.187256 
113.186951 
113.187561 
113.187561 
113.187256 
113.187561 
113.187256 
113.187866 
113.188171 
113.187866 
113.187561 
113.186646 
113.186035 
113.185730 
113.186035 
113.186340 
113.186340 
113.186646 
113.186646 
113.187256 
113.186646 
113.186646 
113.186646 
113.186951 
113.187256 
113.186340 
113.186035 
113.186340 
113.185425 
113.185730 
113.186340 
113.187256 
113.187866 
113.187866 
113.188171 
113.188171 
113.188477 
113.187561 
113.187561 
113.187561 
113.187256 
113.187256 
113.187561 
113.187561 
113.187866 
113.187561 
113.187866 
113.188171 
113.188477 
113.188477 
113.187561 
113.186951 
113.186340 
113.185730 
113.186340 
113.186035 
113.186340 
113.186646 
113.186951 
113.186951 
113.186951 
113.186340 
113.187256 
113.186951 
113.186646 
113.186646 
113.186340 
113.185730 
113.185730 
113.185425 
113.186340 
113.187256 
113.187561 
113.187561 
113.187866 
113.187561 
113.187866 
113.187866 
113.187256 
113.187256 
113.186951 
113.187256 
113.187256 
113.187256 
113.187256 
113.187256 
113.187866 
113.187561 
113.187561 
113.187866 
113.187256 
113.186340 
113.186035 
113.186035 
113.186035 
113.186035 
113.186035 
113.186340 
113.186035 
113.186646 
113.186646 
113.186340 
113.186646 
113.186646 
113.186035 
113.186340 
113.186035 
113.185730 
113.185730 
113.185730 
113.185730 
113.187256 
113.188171 
113.187866 
113.187561 
113.187866 
113.187866 
113.187561 
113.187256 
113.186951 
113.186951 
113.187256 
113.187561 
113.187256 
113.186951 
113.187561 
113.187256 
113.187866 
113.188171 
113.187866 
113.187256 
113.186646 
113.186035 
113.185730 
113.186035 
113.186340 
113.186646 
113.186646 
113.187256 
113.187256 
113.186646 
113.186951 
113.187256 
113.186646 
113.186340 
113.186646 
113.186340 
113.186340 
113.185730 
113.185425 
113.186340 
113.187256 
113.187866 
113.188171 
113.188171 
113.187866 
113.187561 
113.187561 
113.187561 
113.187256 
113.187561 
113.187256 
113.187256 
113.187561 
113.187561 
113.187561 
113.187561 
113.188171 
113.188171 
113.187866 
113.186951 
113.186646 
113.186035 
113.185425 
113.186646 
113.186035 
113.186646 
113.186646 
113.186646 
113.187256 
113.186646 
113.186646 
113.186951 
113.186646 
113.186646 
113.186340 
113.186340 
113.186035 
113.185425 
113.185730 
113.186035 
113.187256 
113.187561 
113.187866 
113.187866 
113.188171 
113.187561 
113.187256 
113.187256 
113.186951 
113.187256 
113.187256 
113.187256 
113.187256 
113.186646 
113.187561 
113.187561 
113.187866 
113.187866 
113.188171 
113.187561 
113.186340 
113.185730 
113.185425 
113.186035 
113.185730 
113.185730 
113.186646 
113.186646 
113.186951 
113.186340 
113.186646 
113.186646 
113.186646 
113.186340 
113.186340 
113.186035 
113.186035 
113.185425 
113.185425 
113.186340 
113.187561 
113.187256 
113.188171 
113.188171 
113.187866 
113.187866 
113.187866 
113.187256 
113.187256 
113.186951 
113.187256 
113.187256 
113.187256 
113.187561 
113.187256 
113.187561 
113.187561 
113.187561 
113.188171 
113.187256 
113.186646 
113.185425 
113.185425 
113.186035 
113.186340 
113.186035 
113.186340 
113.186951 
113.186951 
113.186951 
113.186951 
113.186951 
113.186951 
113.186646 
113.186340 
113.186035 
113.186035 
113.185730 
113.185425 
113.186035 
113.187256 
113.187866 
113.187866 
113.188477 
113.188477 
113.187561 
113.187561 
113.187256 
113.187256 
113.187561 
113.187256 
113.187561 
113.187256 
113.187256 
113.187866 
113.187561 
113.187866 
113.187866 
113.187866 
113.187256 
113.186035 
113.186340 
113.185425 
113.186035 
113.186035 
113.186035 
113.186646 
113.186646 
113.186951 
113.186340 
113.186646 
113.186951 
113.186646 
113.186646 
113.186340 
113.186035 
113.185730 
113.185425 
113.185425 
113.186340 
113.187256 
113.187866 
113.188171 
113.187866 
113.187866 
113.187256 
113.187561 
113.186951 
113.186951 
113.187561 
113.187256 
113.187256 
113.186951 
113.187256 
113.187561 
113.187256 
113.187866 
113.188171 
113.187866 
113.187256 
113.186340 
113.185730 
113.185425 
113.186035 
113.185730 
113.186035 
113.186646 
113.186340 
113.186951 
113.186646 
113.186646 
113.186646 
113.186951 
113.186646 
113.186340 
113.186035 
113.185730 
113.185425 
113.185730 
113.186340 
113.187256 
113.187866 
113.187561 
113.187866 
113.188171 
113.187866 
113.187561 
113.187561 
113.186951 
113.187866 
113.187256 
113.186951 
113.186951 
113.187256 
113.187256 
113.187866 
113.187866 
113.188477 
113.187561 
113.187256 
113.186340 
113.186035 
113.185730 
113.186340 
113.186035 
113.186035 
113.186646 
113.186646 
113.187256 
113.186646 
113.186646 
113.186951 
113.186340 
113.186646 
113.186340 
113.186035 
113.186035 
113.185730 
113.185730 
113.186646 
113.187256 
113.187561 
113.187561 
113.188171 
113.187561 
113.188171 
113.187561 
113.186951 
113.187256 
113.187561 
113.186951 
113.187256 
113.187256 
113.187561 
113.187561 
113.187561 
113.188171 
113.188171 
113.187866 
113.187256 
113.186340 
113.185730 
113.185730 
113.186035 
113.186035 
113.186340 
113.186340 
113.186646 
113.186646 
113.186646 
113.186340 
113.186340 
113.186646 
113.186340 
113.186035 
113.185730 
113.185730 
113.185730 
113.185425 
113.186646 
113.186951 
113.187561 
113.187561 
113.187866 
113.188171 
113.187866 
113.187256 
113.187256 
113.187256 
113.186951 
113.186951 
113.187561 
113.186951 
113.187561 
113.187561 
113.187256 
113.187866 
113.187866 
113.187561 
113.187256 
113.186646 
113.185730 
113.185730 
113.186035 
113.185730 
113.186035 
113.186340 
113.186646 
113.186951 
113.186646 
113.186646 
113.186646 
113.186646 
113.186035 
113.186035 
113.186035 
113.185730 
113.185425 
113.185730 
113.186340 
113.186951 
113.188171 
113.187561 
113.188171 
113.187866 
113.187561 
113.187561 
113.187256 
113.187256 
113.187561 
113.186951 
113.186951 
113.187561 
113.187561 
113.187561 
113.187866 
113.187866 
113.187866 
113.188171 
113.187256 
113.186340 
113.185730 
113.185730 
113.186035 
113.186035 
113.186035 
113.186646 
113.186951 
113.186951 
113.186951 
113.186646 
113.186646 
113.186951 
113.186951 
113.186646 
113.186340 
113.186035 
113.185425 
113.186035 
113.186340 
113.187256 
113.187561 
113.187561 
113.188171 
113.187866 
113.187866 
113.187256 
113.186951 
113.187561 
113.187561 
113.187256 
113.187561 
113.187256 
113.186951 
113.187256 
113.187866 
113.187866 
113.188171 
113.187866 
113.187256 
113.186035 
113.186035 
113.186035 
113.186035 
113.186340 
113.186035 
113.186340 
113.186340 
113.186646 
113.186646 
113.186340 
113.186340 
113.186340 
113.186340 
113.186646 
113.185730 
113.185730 
113.185425 
113.185730 
113.186340 
113.187256 
113.187866 
113.187866 
113.188171 
113.187866 
113.187866 
113.187561 
113.186951 
113.186951 
113.186951 
113.187256 
113.187256 
113.187256 
113.187561 
113.187561 
113.187561 
113.187866 
113.188171 
113.188171 
113.187256 
113.186340 
113.186035 
113.185730 
113.186035 
113.186035 
113.186340 
113.186340 
113.186951 
113.186340 
113.186646 
113.186951 
113.186646 
113.186951 
113.186340 
113.186035 
113.186035 
113.185730 
113.185425 
113.186035 
113.186035 
113.187256 
113.187866 
113.187866 
113.188171 
113.188171 
113.187561 
113.187561 
113.186951 
113.187561 
113.187256 
113.187561 
113.187561 
113.187561 
113.187256 
113.187561 
113.187561 
113.187866 
113.187561 
113.188171 
113.187561 
113.186035 
113.185730 
113.185425 
113.186035 
113.186035 
113.186646 
113.186646 
113.186340 
113.186951 
113.186646 
113.186646 
113.186951 
113.186646 
113.186951 
113.186340 
113.186340 
113.185730 
113.185425 
113.185730 
113.186035 
113.187256 
113.187561 
113.187866 
113.187561 
113.187561 
113.187561 
113.187256 
113.187256 
113.186951 
113.187256 
113.187866 
113.187256 
113.187256 
113.187256 
113.187256 
113.187561 
113.187561 
113.187866 
113.187866 
113.187256 
113.186340 
113.185730 
113.185730 
113.186340 
113.185730 
113.186646 
113.186646 
113.186646 
113.186646 
113.186646 
113.186340 
113.186646 
113.186646 
113.186035 
113.186340 
113.185730 
113.185730 
113.185425 
113.185730 
113.186340 
113.187256 
113.187866 
113.188171 
113.187866 
113.188171 
113.187561 
113.187561 
113.187256 
113.187256 
113.187256 
113.187256 
113.186951 
113.187561 
113.187256 
113.187256 
113.187866 
113.187866 
113.187866 
113.187256 
113.186951 
113.186340 
113.185730 
113.185120 
113.186035 
113.186035 
113.186340 
113.186646 
113.186646 
113.186646 
113.186646 
113.186340 
113.186646 
113.186340 
113.186035 
113.186646 
113.185730 
113.185425 
113.185425 
113.185120 
113.186035 
113.187256 
113.187561 
113.188171 
113.187866 
113.187866 
113.187866 
113.187561 
113.186951 
113.187561 
113.187256 
113.187256 
113.187256 
113.186646 
113.186951 
113.187256 
113.187561 
113.187866 
113.187866 
113.188171 
113.186646 
113.186035 
113.185425 
113.185730 
113.186340 
113.185730 
113.186035 
113.186646 
113.186951 
113.186646 
113.186951 
113.186646 
113.186646 
113.186951 
113.186646 
113.186340 
113.186035 
113.185730 
113.185425 
113.185425 
113.186035 
113.186951 
113.187561 
113.187561 
113.188171 
113.187561 
113.187256 
113.187256 
113.187561 
113.187256 
113.187561 
113.186951 
113.187561 
113.187256 
113.187561 
113.187256 
113.187561 
113.187866 
113.187866 
113.187561 
113.186646 
113.186646 
113.186035 
113.185730 
113.186035 
113.186340 
113.186340 
113.186646 
113.186646 
113.186951 
113.186646 
113.186951 
113.186340 
113.186340 
113.186340 
113.186646 
113.185730 
113.185425 
113.185120 
113.185425 
113.186340 
113.187256 
113.187561 
113.187866 
113.187866 
113.187866 
113.187561 
113.187256 
113.187256 
113.187256 
113.187256 
113.186951 
113.187256 
113.186951 
113.187561 
113.187561 
113.187561 
113.188171 
113.187866 
113.187866 
113.186951 
113.185730 
113.186035 
113.185425 
113.186035 
113.186340 
113.186035 
113.186646 
113.187256 
113.186646 
113.186646 
113.186951 
113.186646 
113.186951 
113.186340 
113.186340 
113.186340 
113.185425 
113.185120 
113.185730 
113.186340 
113.187256 
113.187561 
113.187561 
113.187866 
113.187866 
113.186951 
113.186951 
113.187256 
113.186951 
113.186951 
113.187256 
113.187561 
113.187256 
113.187256 
113.187256 
113.187561 
113.187561 
113.188171 
113.187866 
113.187256 
113.186340 
113.185120 
113.185730 
113.185730 
113.186035 
113.186340 
113.186951 
113.186646 
113.187256 
113.186646 
113.186646 
113.186951 
113.186646 
113.186646 
113.186340 
113.186035 
113.186035 
113.185425 
113.185425 
113.186340 
113.186951 
113.187561 
113.187866 
113.187866 
113.187561 
113.187256 
113.187256 
113.187561 
113.187256 
113.186951 
113.187256 
113.187256 
113.187256 
113.187561 
113.187561 
113.187866 
113.187866 
113.187866 
113.187866 
113.186951 
113.186035 
113.185730 
113.186035 
113.186340 
113.186035 
113.186035 
113.186340 
113.186646 
113.186646 
113.186646 
113.186646 
113.186646 
113.186646 
113.186646 
113.186340 
113.186340 
113.185730 
113.185425 
113.185730 
113.186340 
113.187256 
113.187866 
113.187866 
113.187866 
113.187866 
113.187561 
113.186951 
113.187561 
113.186951 
113.186951 
113.187256 
113.186951 
113.187256 
113.187256 
113.187561 
113.187561 
113.187866 
113.188477 
113.187866 
113.186951 
113.186340 
113.185730 
113.185425 
113.185730 
113.186340 
113.186340 
113.186646 
113.186646 
113.186340 
113.186646 
113.186340 
113.186646 
113.186951 
113.186340 
113.186340 
113.186646 
113.185730 
113.185425 
113.185425 
113.186035 
113.187561 
113.187561 
113.187561 
113.188171 
113.187866 
113.187866 
113.186951 
113.186646 
113.187256 
113.187256 
113.186951 
113.187256 
113.187256 
113.187256 
113.187866 
113.187256 
113.187866 
113.187866 
113.188171 
113.187256 
113.186035 
113.185425 
113.186035 
113.186035 
113.186035 
113.186035 
113.186646 
113.186646 
113.187256 
113.186646 
113.186340 
113.186646 
113.186951 
113.186340 
113.186340 
113.185730 
113.185425 
113.185425 
113.185730 
113.186646 
113.186951 
113.187561 
113.188171 
113.187866 
113.187866 
113.187561 
113.187256 
113.187256 
113.186951 
113.186951 
113.187256 
113.186951 
113.186951 
113.187256 
113.187561 
113.187866 
113.187866 
113.187866 
113.187866 
113.186951 
113.186340 
113.185730 
113.185730 
113.185730 
113.186035 
113.186340 
113.186646 
113.186951 
113.187256 
113.186646 
113.186340 
113.186646 
113.186951 
113.186646 
113.186646 
113.186035 
113.186035 
113.185425 
113.185425 
113.186646 
113.187561 
113.187561 
113.188171 
113.188171 
113.187561 
113.187866 
113.187256 
113.187256 
113.187256 
113.186646 
113.186951 
113.186951 
113.186646 
113.187256 
113.187561 
113.187561 
113.187561 
113.187866 
113.188171 
113.186646 
113.186340 
113.185730 
113.185425 
113.186035 
113.186035 
113.186035 
113.186340 
113.186951 
113.186951 
113.186646 
113.186951 
113.186646 
113.186646 
113.186646 
113.186035 
113.186340 
113.186035 
113.185120 
113.185730 
113.186646 
113.187256 
113.187866 
113.187561 
113.187866 
113.187866 
113.187256 
113.187866 
113.187256 
113.186646 
113.187256 
113.187256 
113.187256 
113.187256 
113.186951 
113.187561 
113.187561 
113.187561 
113.188171 
113.187561 
113.186646 
113.186035 
113.185730 
113.185425 
113.186035 
113.186340 
113.186340 
113.186646 
113.186646 
113.186951 
113.186646 
113.186340 
113.186951 
113.186340 
113.186951 
113.186646 
113.186035 
113.185730 
113.185120 
113.185120 
113.186340 
113.187561 
113.187866 
113.187866 
113.187866 
113.187561 
113.187866 
113.187256 
113.187256 
113.186951 
113.186951 
113.186951 
113.186951 
113.186951 
113.186951 
113.187256 
113.187561 
113.187561 
113.188171 
113.187866 
113.186951 
113.186340 
113.185425 
113.185730 
113.186035 
113.186340 
113.186340 
113.186646 
113.186646 
113.186951 
113.186951 
113.186340 
113.186646 
113.187256 
113.186340 
113.186646 
113.186340 
113.185425 
113.185425 
113.185730 
113.186340 
113.187256 
113.187256 
113.187866 
113.187866 
113.187866 
113.187256 
113.187256 
113.186951 
113.187561 
113.186951 
113.187256 
113.187256 
113.187256 
113.187561 
113.187256 
113.187866 
113.188171 
113.187561 
113.187866 
113.186951 
113.186340 
113.185425 
113.185730 
113.186035 
113.186035 
113.186340 
113.186646 
113.186340 
113.186340 
113.186646 
113.186646 
113.186951 
113.186646 
113.186340 
113.186340 
113.186035 
113.185730 
113.185425 
113.185730 
113.186340 
113.187561 
113.188171 
113.187866 
113.187866 
113.187866 
113.187256 
113.187561 
113.187256 
113.187256 
113.187256 
113.187256 
113.187256 
113.186951 
113.187561 
113.187256 
113.187561 
113.187561 
113.187866 
113.187866 
113.186951 
113.186035 
113.185425 
113.185730 
113.185730 
113.186340 
113.186340 
113.186646 
113.186646 
113.186951 
113.186340 
113.186340 
113.186951 
113.186340 
113.186340 
113.186340 
113.186035 
113.185425 
113.185425 
113.185730 
113.186646 
113.186951 
113.187561 
113.187866 
113.187561 
113.187561 
113.187561 
113.187256 
113.187561 
113.187256 
113.187256 
113.186951 
113.186951 
113.187256 
113.187561 
113.187561 
113.187866 
113.187866 
113.188171 
113.187561 
113.186951 
113.186035 
113.185730 
113.186035 
113.186035 
113.186035 
113.186340 
113.186951 
113.186951 
113.186646 
113.186646 
113.186340 
113.186340 
113.186951 
113.186340 
113.186340 
113.186340 
113.185730 
113.185425 
113.185730 
113.186340 
113.187256 
113.188171 
113.187866 
113.187561 
113.187866 
113.187866 
113.187561 
113.186951 
113.187256 
113.187256 
113.187256 
113.186951 
113.187256 
113.187256 
113.187561 
113.187256 
113.187866 
113.187256 
113.187866 
113.186646 
113.185730 
113.185730 
113.186035 
113.186035 
113.186340 
113.186646 
113.186646 
113.186951 
113.186646 
113.186340 
113.186951 
113.186340 
113.186951 
113.186646 
113.186340 
113.186340 
113.185730 
113.186035 
113.185730 
113.186646 
113.186951 
113.187561 
113.187561 
113.187866 
113.187866 
113.187561 
113.187561 
113.187256 
113.186951 
113.186951 
113.186951 
113.187561 
113.187561 
113.187256 
113.187256 
113.187561 
113.188171 
113.188171 
113.187866 
113.186646 
113.186340 
113.185730 
113.185425 
113.186035 
113.186340 
113.186035 
113.186340 
113.186340 
113.186951 
113.186340 
113.186646 
113.186340 
113.186951 
113.186646 
113.186340 
113.186035 
113.185730 
113.184814 
113.185425 
113.186646 
113.187561 
113.187866 
113.187866 
113.188171 
113.187561 
113.187256 
113.187256 
113.187256 
113.187256 
113.187256 
113.186951 
113.187256 
113.187256 
113.187256 
113.187256 
113.187561 
113.187866 
113.187561 
113.187561 
113.186646 
113.185120 
113.184814 
113.183899 
113.183289 
113.182678 
113.182068 
113.180542 
113.179626 
113.178406 
113.176880 
113.174438 
113.172302 
113.170471 
113.167419 
113.164368 
113.161316 
113.157349 
113.153381 
113.150024 
113.146667 
113.143311 
113.139038 
113.134766 
113.129578 
113.124695 
113.118286 
113.111877 
113.105469 
113.098450 
113.091431 
113.084412 
113.077087 
113.068848 
113.060608 
113.052368 
113.043518 
113.034363 
113.025513 
113.015442 
113.004761 
112.993774 
112.983093 
112.972412 
112.962341 
112.951660 
112.941284 
112.930603 
112.919922 
112.909546 
112.898560 
112.887573 
112.876587 
112.865601 
112.854919 
112.843933 
112.832031 
112.821045 
112.810059 
112.799072 
112.789307 
112.779541 
112.769165 
112.758484 
112.748108 
112.737122 
112.726440 
112.715454 
112.704773 
112.693787 
112.683105 
112.673035 
112.662048 
112.651978 
112.641602 
112.630920 
112.620544 
112.611084 
112.600708 
112.590332 
112.578125 
112.567139 
112.556763 
112.546387 
112.535706 
112.525635 
112.515869 
112.505798 
112.495422 
112.485352 
112.475281 
112.464905 
112.455139 
112.444763 
112.434387 
112.423401 
112.413025 
112.402039 
112.391663 
112.381592 
112.372437 
112.362366 
112.352905 
112.343140 
112.332764 
112.322388 
112.312317 
112.301331 
112.291260 
112.280579 
112.269897 
112.259521 
112.249451 
112.239075 
112.229309 
112.218628 
112.208557 
112.198792 
112.188721 
112.178345 
112.167053 
112.155762 
112.144470 
112.134705 
112.124329 
112.113953 
112.103271 
112.093201 
112.083435 
112.073059 
112.062683 
112.052612 
112.042236 
112.032166 
112.021179 
112.010498 
111.999817 
111.989136 
111.978455 
111.968689 
111.958618 
111.949158 
111.939087 
111.928711 
111.918945 
111.907959 
111.897888 
111.887207 
111.876526 
111.865845 
111.855774 
111.845093 
111.834717 
111.824646 
111.814270 
111.803894 
111.793823 
111.783752 
111.773987 
111.763000 
111.752014 
111.741028 
111.730347 
111.719971 
111.709595 
111.699219 
111.689148 
111.679077 
111.669617 
111.659546 
111.649475 
111.638489 
111.628723 
111.618347 
111.607971 
111.597290 
111.586609 
111.576233 
111.565857 
111.555481 
111.546021 
111.536560 
111.526489 
111.517029 
111.506958 
111.496277 
111.485291 
111.474609 
111.464233 
111.453857 
111.443176 
111.432800 
111.422424 
111.412659 
111.401672 
111.391907 
111.381531 
111.371765 
111.361389 
111.351013 
111.340027 
111.328430 
111.318054 
111.307373 
111.297302 
111.286926 
111.276550 
111.266785 
111.256409 
111.246643 
111.236267 
111.225891 
111.215820 
111.206055 
111.194763 
111.184998 
111.173706 
111.163025 
111.152649 
111.142578 
111.133118 
111.123657 
111.113892 
111.103516 
111.093750 
111.083069 
111.072693 
111.062927 
111.051636 
111.041565 
111.031189 
111.020813 
111.010132 
110.999451 
110.989685 
110.979919 
110.969543 
110.959778 
110.949707 
110.939331 
110.928040 
110.917358 
110.906067 
110.895996 
110.885925 
110.875854 
110.866089 
110.855408 
110.845642 
110.835266 
110.825500 
110.815735 
110.805054 
110.794678 
110.784607 
110.773926 
110.763245 
110.752563 
110.741882 
110.731812 
110.722656 
110.712891 
110.703125 
110.693054 
110.682678 
110.672302 
110.661621 
110.650940 
110.640564 
110.629883 
110.619507 
110.608826 
110.598450 
110.588379 
110.578003 
110.568237 
110.557861 
110.547791 
110.537415 
110.526733 
110.515442 
110.504456 
110.493469 
110.483398 
110.473022 
110.462952 
110.453186 
110.443115 
110.432739 
110.422974 
110.412292 
110.402527 
110.392151 
110.381470 
110.371399 
110.360718 
110.350342 
110.339966 
110.328979 
110.319214 
110.310669 
110.301514 
110.292053 
110.283203 
110.273743 
110.264282 
110.255127 
110.245972 
110.237427 
110.228882 
110.220032 
110.212708 
110.204773 
110.198364 
110.191345 
110.184326 
110.178528 
110.173035 
110.166931 
110.161438 
110.155640 
110.149231 
110.144348 
110.140076 
110.135803 
110.131836 
110.128174 
110.125732 
110.122375 
110.119629 
110.116882 
110.114746 
110.112915 
110.110779 
110.108643 
110.107727 
110.105591 
110.103760 
110.103455 
110.102539 
110.103455 
110.104370 
110.104370 
110.104675 
110.104675 
110.103760 
110.104065 
110.104065 
110.103455 
110.103760 
110.103455 
110.103455 
110.103760 
110.103455 
110.103760 
110.104065 
110.104370 
110.104675 
110.105591 
110.104675 
110.104065 
110.103455 
110.102844 
110.103149 
110.103455 
110.103760 
110.104065 
110.104370 
110.104675 
110.104675 
110.104980 
110.104980 
110.105591 
110.104980 
110.104980 
110.104675 
110.104980 
110.104675 
110.104065 
110.104675 
110.105896 
110.106506 
110.107117 
110.106812 
110.107727 
110.107422 
110.107117 
110.107117 
110.107422 
110.106506 
110.106812 
110.106506 
110.106812 
110.107117 
110.107117 
110.107117 
110.107117 
110.107422 
110.107727 
110.107727 
110.106506 
110.105286 
110.104980 
110.105591 
110.105286 
110.105896 
110.106201 
110.106201 
110.105896 
110.106201 
110.106201 
110.105896 
110.106201 
110.106201 
110.105896 
110.105896 
110.105286 
110.105286 
110.104980 
110.105591 
110.106506 
110.107117 
110.107422 
110.107727 
110.107117 
110.107117 
110.106812 
110.106812 
110.107117 
110.106506 
110.106506 
110.106506 
