Blum, K. P., D’Incamps, B. L., Zytnicki, D., & Ting, L. H. (2017).
Force encoding in muscle spindles during stretch of
passive muscle. PLoS computational biology, 13(9), 
e1005767. <https://journals.plos.org/ploscompbiol/article?
id=10.1371/journal.pcbi.1005767>

cat medial gastrocnemius muscle lengths over t  (in 0.0005 s increments)
110.109863 
110.109558 
110.109253 
110.108643 
110.108948 
110.110474 
110.111694 
110.112000 
110.111694 
110.111389 
110.111389 
110.111084 
110.111084 
110.110474 
110.110779 
110.111084 
110.111084 
110.110779 
110.111084 
110.111084 
110.111389 
110.111694 
110.112000 
110.112610 
110.112000 
110.111389 
110.110168 
110.109253 
110.108948 
110.109558 
110.109558 
110.110474 
110.110168 
110.109863 
110.110474 
110.110168 
110.110474 
110.110168 
110.110474 
110.110168 
110.109863 
110.109253 
110.108643 
110.108948 
110.108948 
110.110474 
110.111389 
110.112000 
110.112000 
110.111389 
110.111694 
110.111084 
110.111389 
110.111084 
110.110779 
110.111389 
110.111084 
110.111084 
110.111084 
110.111389 
110.111694 
110.111694 
110.112610 
110.112610 
110.112000 
110.110779 
110.109863 
110.109253 
110.109253 
110.109558 
110.109253 
110.109558 
110.110168 
110.110779 
110.110168 
110.110474 
110.110168 
110.110168 
110.110474 
110.110168 
110.110168 
110.109253 
110.108948 
110.108643 
110.108948 
110.110474 
110.112000 
110.112000 
110.112610 
110.112305 
110.111694 
110.111694 
110.111084 
110.111084 
110.111389 
110.111084 
110.111084 
110.111084 
110.111084 
110.111389 
110.111694 
110.111694 
110.112305 
110.112610 
110.112305 
110.111084 
110.109863 
110.110168 
110.110168 
110.111389 
110.112000 
110.113525 
110.115051 
110.116882 
110.118103 
110.119934 
110.121765 
110.123901 
110.126038 
110.127869 
110.130310 
110.132141 
110.134583 
110.136719 
110.139160 
110.142822 
110.147705 
110.150757 
110.153198 
110.156250 
110.158386 
110.160828 
110.163269 
110.165710 
110.168152 
110.170593 
110.173035 
110.175781 
110.177917 
110.181274 
110.184326 
110.187073 
110.189514 
110.193176 
110.195007 
110.196228 
110.197754 
110.200195 
110.202332 
110.204773 
110.207520 
110.210266 
110.213013 
110.216675 
110.219116 
110.222168 
110.224915 
110.227356 
110.229492 
110.231934 
110.234985 
110.237122 
110.238953 
110.241089 
110.243835 
110.247498 
110.251465 
110.254822 
110.257874 
110.260010 
110.262451 
110.264893 
110.267029 
110.269470 
110.271606 
110.274048 
110.276489 
110.279236 
110.281677 
110.284729 
110.287781 
110.290833 
110.293884 
110.296936 
110.298767 
110.300903 
110.301819 
110.303955 
110.306091 
110.309143 
110.311890 
110.314941 
110.317383 
110.320740 
110.323181 
110.325623 
110.328674 
110.331116 
110.333252 
110.335999 
110.338440 
110.340576 
110.342407 
110.344543 
110.347900 
110.351563 
110.355835 
110.358582 
110.361938 
110.363770 
110.366211 
110.368958 
110.370789 
110.373535 
110.375977 
110.378418 
110.380554 
110.383606 
110.386353 
110.388794 
110.392456 
110.395508 
110.398560 
110.401917 
110.404053 
110.405273 
110.406799 
110.408936 
110.411682 
110.414429 
110.417480 
110.420227 
110.423584 
110.426636 
110.429688 
110.432129 
110.435181 
110.438232 
110.440369 
110.442810 
110.445557 
110.447998 
110.450134 
110.452271 
110.455322 
110.459900 
110.463867 
110.466919 
110.469971 
110.472412 
110.475159 
110.477295 
110.480042 
110.482178 
110.484924 
110.487671 
110.490112 
110.492554 
110.495605 
110.498657 
110.501404 
110.504761 
110.507813 
110.510559 
110.513306 
110.515137 
110.515747 
110.518494 
110.520935 
110.523682 
110.526733 
110.529480 
110.532837 
110.535583 
110.538330 
110.541077 
110.543518 
110.546570 
110.549316 
110.551147 
110.553894 
110.556030 
110.557861 
110.559998 
110.563049 
110.566406 
110.570068 
110.573120 
110.575867 
110.578308 
110.580444 
110.582886 
110.585022 
110.587158 
110.589294 
110.591431 
110.593872 
110.596313 
110.598755 
110.601196 
110.604553 
110.607300 
110.610046 
110.613098 
110.615234 
110.616455 
110.617676 
110.619812 
110.621643 
110.624390 
110.626831 
110.629883 
110.633240 
110.635681 
110.638428 
110.640869 
110.643616 
110.646057 
110.648193 
110.650940 
110.653076 
110.655518 
110.657349 
110.659790 
110.662842 
110.666504 
110.670166 
110.673523 
110.675964 
110.678711 
110.680847 
110.682983 
110.685425 
110.687561 
110.689697 
110.692749 
110.694580 
110.697021 
110.699768 
110.702515 
110.705566 
110.708923 
110.711670 
110.714722 
110.716858 
110.718384 
110.719299 
110.721436 
110.723877 
110.726318 
110.729370 
110.731812 
110.734863 
110.737610 
110.740356 
110.743408 
110.745544 
110.748596 
110.750732 
110.752869 
110.755310 
110.757446 
110.759583 
110.761414 
110.764465 
110.768738 
110.772400 
110.775452 
110.778198 
110.780640 
110.783081 
110.785522 
110.787659 
110.789795 
110.792236 
110.794678 
110.796814 
110.799561 
110.802612 
110.805054 
110.807800 
110.810852 
110.813904 
110.816650 
110.818787 
110.820007 
110.821228 
110.823364 
110.825500 
110.828552 
110.830688 
110.833740 
110.837097 
110.839539 
110.842285 
110.845642 
110.848083 
110.850525 
110.852966 
110.855408 
110.857544 
110.859985 
110.862122 
110.864258 
110.867310 
110.871582 
110.874939 
110.877991 
110.881042 
110.883179 
110.885925 
110.888062 
110.890198 
110.892334 
110.894470 
110.897522 
110.899658 
110.902100 
110.905151 
110.907593 
110.910645 
110.913696 
110.916443 
110.919800 
110.921631 
110.922852 
110.924377 
110.925903 
110.929260 
110.931396 
110.934143 
110.937195 
110.939941 
110.942688 
110.945435 
110.948181 
110.950928 
110.953064 
110.955811 
110.958557 
110.960388 
110.962830 
110.964661 
110.967102 
110.970154 
110.974121 
110.977783 
110.980835 
110.983887 
110.986023 
110.988464 
110.990601 
110.993042 
110.995178 
110.997620 
111.000366 
111.002808 
111.004639 
111.007996 
111.011047 
111.013184 
111.016235 
111.019897 
111.022339 
111.024475 
111.025696 
111.027527 
111.029053 
111.031799 
111.034241 
111.036987 
111.040039 
111.043091 
111.045532 
111.048279 
111.051025 
111.053772 
111.055908 
111.058350 
111.061401 
111.063232 
111.065674 
111.067810 
111.069946 
111.072998 
111.076660 
111.080627 
111.083679 
111.086121 
111.088867 
111.091003 
111.093140 
111.095276 
111.097717 
111.099854 
111.102600 
111.105042 
111.107483 
111.110535 
111.112671 
111.115723 
111.118774 
111.121826 
111.125183 
111.126709 
111.127930 
111.129456 
111.131592 
111.133728 
111.136780 
111.139221 
111.142273 
111.145325 
111.148071 
111.150513 
111.153564 
111.156006 
111.158142 
111.161194 
111.163940 
111.165466 
111.167908 
111.170349 
111.172485 
111.175537 
111.179504 
111.183472 
111.186523 
111.188965 
111.191406 
111.194153 
111.196289 
111.198425 
111.200256 
111.203003 
111.205750 
111.207886 
111.210632 
111.213074 
111.216125 
111.219177 
111.221924 
111.224670 
111.227417 
111.229553 
111.231384 
111.232300 
111.234436 
111.236572 
111.239929 
111.242065 
111.244812 
111.248169 
111.250916 
111.253662 
111.256714 
111.259155 
111.261292 
111.264038 
111.266785 
111.268616 
111.270752 
111.273193 
111.275024 
111.278381 
111.282043 
111.286011 
111.289063 
111.291504 
111.293945 
111.296387 
111.298523 
111.300964 
111.303406 
111.305542 
111.308289 
111.310730 
111.312866 
111.315613 
111.318359 
111.321716 
111.324463 
111.327515 
111.330261 
111.332397 
111.333618 
111.335144 
111.337280 
111.339722 
111.342468 
111.345215 
111.347961 
111.351013 
111.353760 
111.356506 
111.359253 
111.362000 
111.364136 
111.366577 
111.369324 
111.371765 
111.373291 
111.375732 
111.377869 
111.380920 
111.384888 
111.388855 
111.391602 
111.394348 
111.397095 
111.399231 
111.401367 
111.403809 
111.405640 
111.408081 
111.410522 
111.412964 
111.415405 
111.418152 
111.421204 
111.423950 
111.427002 
111.430054 
111.432800 
111.434937 
111.436157 
111.437378 
111.439819 
111.441650 
111.444702 
111.446838 
111.450500 
111.453247 
111.455688 
111.458435 
111.461487 
111.463928 
111.466675 
111.469116 
111.471558 
111.473083 
111.475830 
111.477966 
111.480103 
111.483765 
111.487427 
111.491394 
111.494141 
111.496582 
111.499329 
111.502075 
111.504517 
111.506348 
111.508484 
111.510925 
111.513062 
111.516113 
111.518555 
111.521606 
111.523743 
111.526489 
111.529541 
111.532898 
111.535645 
111.537781 
111.539307 
111.540527 
111.542053 
111.544800 
111.547546 
111.550293 
111.552734 
111.556091 
111.559143 
111.561890 
111.564331 
111.566772 
111.569214 
111.571960 
111.574707 
111.576843 
111.578674 
111.580811 
111.583252 
111.586304 
111.590271 
111.594238 
111.597290 
111.599731 
111.601868 
111.604309 
111.606445 
111.608887 
111.611023 
111.613770 
111.615906 
111.618042 
111.620789 
111.623840 
111.626282 
111.629028 
111.632080 
111.635132 
111.637878 
111.640015 
111.641235 
111.642761 
111.645203 
111.647034 
111.650085 
111.653137 
111.655884 
111.658325 
111.661682 
111.664124 
111.667175 
111.669617 
111.672363 
111.674500 
111.676941 
111.679382 
111.681213 
111.683655 
111.686096 
111.688843 
111.693115 
111.696777 
111.700134 
111.702271 
111.705017 
111.707153 
111.708984 
111.711731 
111.713867 
111.716614 
111.718750 
111.720886 
111.724243 
111.726379 
111.729431 
111.731873 
111.734924 
111.737976 
111.741028 
111.742859 
111.744080 
111.745911 
111.747437 
111.750183 
111.752625 
111.755676 
111.758118 
111.761169 
111.764221 
111.766663 
111.769714 
111.772461 
111.774902 
111.777344 
111.779785 
111.781921 
111.784058 
111.786499 
111.788635 
111.791992 
111.795349 
111.799011 
111.802368 
111.804810 
111.807861 
111.809998 
111.812439 
111.814575 
111.816711 
111.819153 
111.821289 
111.824036 
111.826782 
111.828918 
111.831970 
111.834717 
111.838074 
111.840820 
111.843872 
111.845703 
111.846619 
111.848755 
111.850281 
111.853027 
111.855774 
111.858215 
111.860657 
111.864014 
111.867065 
111.869507 
111.872559 
111.875000 
111.877441 
111.879883 
111.882629 
111.885071 
111.886902 
111.889038 
111.891479 
111.894531 
111.898193 
111.902466 
111.905212 
111.907959 
111.910095 
111.912537 
111.914673 
111.916809 
111.919250 
111.921997 
111.923828 
111.926575 
111.929321 
111.932068 
111.934509 
111.937561 
111.940613 
111.943054 
111.946411 
111.947937 
111.949463 
111.950989 
111.953125 
111.955566 
111.958313 
111.961060 
111.964111 
111.966553 
111.969604 
111.972351 
111.975098 
111.977844 
111.980591 
111.983032 
111.985474 
111.987915 
111.989746 
111.992188 
111.994324 
111.997375 
112.001038 
112.004700 
112.008057 
112.010498 
112.013245 
112.015381 
112.017822 
112.019958 
112.022705 
112.024536 
112.026672 
112.029419 
112.031860 
112.034302 
112.037354 
112.040100 
112.043152 
112.046204 
112.049255 
112.051086 
112.052307 
112.053528 
112.055664 
112.058411 
112.060852 
112.063599 
112.066345 
112.069702 
112.072449 
112.074890 
112.077637 
112.080688 
112.083130 
112.085571 
112.088013 
112.090454 
112.092590 
112.094421 
112.096863 
112.100220 
112.104187 
112.107849 
112.110596 
112.113342 
112.116089 
112.118530 
112.120667 
112.122803 
112.124939 
112.127686 
112.129822 
112.132263 
112.135010 
112.137451 
112.140198 
112.143250 
112.146301 
112.149353 
112.151794 
112.153931 
112.155151 
112.155762 
112.157593 
112.159729 
112.161255 
112.162781 
112.164307 
112.165527 
112.166443 
112.167664 
112.168274 
112.168579 
112.169189 
112.169800 
112.169189 
112.169189 
112.168579 
112.168274 
112.168274 
112.168884 
112.170410 
112.171326 
112.171936 
112.171326 
112.171021 
112.171021 
112.170410 
112.169800 
112.169495 
112.169189 
112.169495 
112.169495 
112.168884 
112.168884 
112.169189 
112.169189 
112.169800 
112.169800 
112.170105 
112.169189 
112.167358 
112.166443 
112.165527 
112.165833 
112.165222 
112.165833 
112.165833 
112.166443 
112.166443 
112.166138 
112.166443 
112.166443 
112.166138 
112.166138 
112.165833 
112.165527 
112.164612 
112.164612 
112.164307 
112.165222 
112.166443 
112.167358 
112.167664 
112.167664 
112.167358 
112.167053 
112.166748 
112.166443 
112.166138 
112.166443 
112.166138 
112.166138 
112.166138 
112.167053 
112.166443 
112.166748 
112.167664 
112.167664 
112.167969 
112.167053 
112.165527 
112.164917 
112.164001 
112.164307 
112.164001 
112.164307 
112.165222 
112.165222 
112.164917 
112.165222 
112.165222 
112.165222 
112.165527 
112.164917 
112.165222 
112.164612 
112.164307 
112.164001 
112.163391 
112.164612 
112.165527 
112.166748 
112.167053 
112.167053 
112.167053 
112.166748 
112.166443 
112.166138 
112.166138 
112.165833 
112.166138 
112.166138 
112.166138 
112.166443 
112.166443 
112.166443 
112.167053 
112.167358 
112.167664 
112.167053 
112.165527 
112.164307 
112.164001 
112.164307 
112.164001 
112.164612 
112.164307 
112.164917 
112.165222 
112.165222 
112.165527 
112.165527 
112.164917 
112.164917 
112.164917 
112.164917 
112.164001 
112.163696 
112.163696 
112.164307 
112.165833 
112.167358 
112.167664 
112.167053 
112.167053 
112.166443 
112.166138 
112.165833 
112.165833 
112.166138 
112.165833 
112.165833 
112.165833 
112.166138 
112.166748 
112.166443 
112.167053 
112.167053 
112.167358 
112.166443 
112.165527 
112.164307 
112.163696 
112.164001 
112.164307 
112.164612 
112.164612 
112.164307 
112.164917 
112.164917 
112.164917 
112.165222 
112.164612 
112.164917 
112.164612 
112.164307 
112.164001 
112.163391 
112.163086 
112.164307 
112.165527 
112.166138 
112.166748 
112.167053 
112.167053 
112.166443 
112.166138 
112.166138 
112.165833 
112.165222 
112.166138 
112.165833 
112.165833 
112.166138 
112.166138 
112.166748 
112.166748 
112.167358 
112.167053 
112.166748 
112.164917 
112.164307 
112.164001 
112.164001 
112.164307 
112.164307 
112.164307 
112.164917 
112.164917 
112.164917 
112.165222 
112.165222 
112.164612 
112.164917 
112.164917 
112.164307 
112.164001 
112.163696 
112.163696 
112.164001 
112.165527 
112.166748 
112.167053 
112.166748 
112.167053 
112.166748 
112.166443 
112.166138 
112.165833 
112.165222 
112.165833 
112.166138 
112.166138 
112.165833 
112.166443 
112.166443 
112.166748 
112.167664 
112.167358 
112.166748 
112.164612 
112.164307 
112.164001 
112.163391 
112.164307 
112.164612 
112.164612 
112.164917 
112.165222 
112.164917 
112.164917 
112.165222 
112.165222 
112.164612 
112.164612 
112.164307 
112.164001 
112.163696 
112.163696 
112.164307 
112.165833 
112.166748 
112.166748 
112.166748 
112.166443 
112.166443 
112.165833 
112.165833 
112.166138 
112.165833 
112.165527 
112.165833 
112.165833 
112.165527 
112.166138 
112.166443 
112.166748 
112.167358 
112.167358 
112.166138 
112.165527 
112.164307 
112.163696 
112.164001 
112.163696 
112.164307 
112.164612 
112.164917 
112.165222 
112.164917 
112.165222 
112.164612 
112.164917 
112.164612 
112.164917 
112.164001 
112.164001 
112.163086 
112.163086 
112.164307 
112.165527 
112.166443 
112.166748 
112.166748 
112.166443 
112.166443 
112.165833 
112.165833 
112.166138 
112.165527 
112.165833 
112.165527 
112.165833 
112.165833 
112.165833 
112.166138 
112.166748 
112.166748 
112.167358 
112.166138 
112.165222 
112.163696 
112.164001 
112.163696 
112.164307 
112.164612 
112.164917 
112.164307 
112.165222 
112.164917 
112.165222 
112.164917 
112.165222 
112.164917 
112.164612 
112.164001 
112.164001 
112.163696 
112.163391 
112.164612 
112.165527 
112.166443 
112.167053 
112.167053 
112.166443 
112.166443 
112.165833 
112.165527 
112.165833 
112.165833 
112.165833 
112.165527 
112.165833 
112.165833 
112.166138 
112.166443 
112.166748 
112.167358 
112.167358 
112.166443 
112.164917 
112.164001 
112.163696 
112.163391 
112.164001 
112.164001 
112.164612 
112.164917 
112.165222 
112.164612 
112.164612 
112.164612 
112.165222 
112.164917 
112.164307 
112.164307 
112.163696 
112.163391 
112.163391 
112.164307 
112.165527 
112.166443 
112.166443 
112.166443 
112.166138 
112.166443 
112.166138 
112.165527 
112.165527 
112.165527 
112.165527 
112.164917 
112.165527 
112.166138 
112.165833 
112.166443 
112.166748 
112.167053 
112.167358 
112.166443 
112.164917 
112.163696 
112.164001 
112.163391 
112.164001 
112.164307 
112.164307 
112.164612 
112.164917 
112.164917 
112.164917 
112.164612 
112.165222 
112.164917 
112.164612 
112.164307 
112.164001 
112.163391 
112.163391 
112.164307 
112.165527 
112.166748 
112.166748 
112.166748 
112.166443 
112.166443 
112.165833 
112.165527 
112.165527 
112.165527 
112.165833 
112.165222 
112.165833 
112.166138 
112.166138 
112.166443 
112.166748 
112.167358 
112.166748 
112.166443 
112.164917 
112.164001 
112.163696 
112.164001 
112.164001 
112.164307 
112.164307 
112.164307 
112.164917 
112.164612 
112.164612 
112.164917 
112.164612 
112.164917 
112.164307 
112.164307 
112.163696 
112.163391 
112.163391 
112.164307 
112.165527 
112.166138 
112.166443 
112.166443 
112.165833 
112.166138 
112.165833 
112.165833 
112.165527 
112.165833 
112.165527 
112.165527 
112.165527 
112.165833 
112.166138 
112.166138 
112.166443 
112.167053 
112.167053 
112.166138 
112.164917 
112.164001 
112.163696 
112.163696 
112.164307 
112.164307 
112.164612 
112.164917 
112.164917 
112.164917 
112.164917 
112.164612 
112.164917 
112.164612 
112.164612 
112.164001 
112.163696 
112.163086 
112.163086 
112.164307 
112.165833 
112.166443 
112.166748 
112.166748 
112.166443 
112.166443 
112.166138 
112.165833 
112.165527 
112.165527 
112.165527 
112.165527 
112.165833 
112.165833 
112.166138 
112.166443 
112.166443 
112.167358 
112.167053 
112.166443 
112.164917 
112.163696 
112.164307 
112.163696 
112.163696 
112.164612 
112.164307 
112.164612 
112.164612 
112.165222 
112.164917 
112.164917 
112.164612 
112.164917 
112.164612 
112.164001 
112.164001 
112.163696 
112.163086 
112.164001 
112.165527 
112.166443 
112.166748 
112.166748 
112.166443 
112.165527 
112.165833 
112.165527 
112.165527 
112.165527 
112.165527 
112.165527 
112.165527 
112.165833 
112.166138 
112.166138 
112.166748 
112.167358 
112.167053 
112.166138 
112.164612 
112.164001 
112.163391 
112.163696 
112.163696 
112.164307 
112.164307 
112.164612 
112.165222 
112.164612 
112.164612 
112.164917 
112.164612 
112.164612 
112.164001 
112.164001 
112.163696 
112.163391 
112.163696 
112.164307 
112.165527 
112.166443 
112.166443 
112.166443 
112.166748 
112.166138 
112.165833 
112.166138 
112.165527 
112.165527 
112.165527 
112.165527 
112.165527 
112.166138 
112.165833 
112.166138 
112.166443 
112.167053 
112.167358 
112.166138 
112.164917 
112.164307 
112.163696 
112.164307 
112.164001 
112.164307 
112.164612 
112.164612 
112.164917 
112.164917 
112.164917 
112.164917 
112.164917 
112.164917 
112.164612 
112.164001 
112.163696 
112.163391 
112.163391 
112.164307 
112.165527 
112.166443 
112.166443 
112.166443 
112.166443 
112.166443 
112.165833 
112.165833 
112.165527 
112.165222 
112.165527 
112.165833 
112.165527 
112.165527 
112.165833 
112.166443 
112.166748 
112.166748 
112.167053 
112.165833 
112.164917 
112.164001 
112.163391 
112.164001 
112.164307 
112.164612 
112.164612 
112.164917 
112.164917 
112.164917 
112.164612 
112.164917 
112.164307 
112.164917 
112.164307 
112.164307 
112.164001 
112.163391 
112.163391 
112.164001 
112.165527 
112.166138 
112.167053 
112.166138 
112.166138 
112.165833 
112.165527 
112.165527 
112.165833 
112.165222 
112.165833 
112.165833 
112.165833 
112.165833 
112.165833 
112.166138 
112.167053 
112.167053 
112.167358 
112.165833 
112.164612 
112.164001 
112.163696 
112.163696 
112.163696 
112.164307 
112.164612 
112.164612 
112.165222 
112.164917 
112.164917 
112.164917 
112.164917 
112.164612 
112.164612 
112.164001 
112.163391 
112.163391 
112.163391 
112.164307 
112.165527 
112.166443 
112.166443 
112.166138 
112.166138 
112.165833 
112.165833 
112.165527 
112.165527 
112.165222 
112.165527 
112.165527 
112.165527 
112.165833 
112.165833 
112.166138 
112.166443 
112.166748 
112.167053 
112.165833 
112.164917 
112.163696 
112.164001 
112.163696 
112.163696 
112.164307 
112.164612 
112.164612 
112.164917 
112.164612 
112.164917 
112.164612 
112.164612 
112.164307 
112.164612 
112.164612 
112.163391 
112.163086 
112.163391 
112.164307 
112.165527 
112.166748 
112.167053 
112.166138 
112.166138 
112.166443 
112.165833 
112.165527 
112.165527 
112.165222 
112.165833 
112.165833 
112.165527 
112.165527 
112.166138 
112.166443 
112.166443 
112.167053 
112.167358 
112.165833 
112.164307 
112.163696 
112.163696 
112.163696 
112.164001 
112.164001 
112.164612 
112.164917 
112.165222 
112.164917 
112.164917 
112.164917 
112.164917 
112.164917 
112.164307 
112.164612 
112.163696 
112.163391 
112.163391 
112.164612 
112.165833 
112.166748 
112.166748 
112.166443 
112.165833 
112.166138 
112.165833 
112.165527 
112.165527 
112.165833 
112.165833 
112.165527 
112.165833 
112.165833 
112.165833 
112.166443 
112.166748 
112.167053 
112.167053 
112.166138 
112.164307 
112.163696 
112.163696 
112.164001 
112.164001 
112.164001 
112.164612 
112.164307 
112.165222 
112.164917 
112.164612 
112.164917 
112.164612 
112.164917 
112.164307 
112.163696 
112.163391 
112.163086 
112.163086 
112.164612 
112.166138 
112.166443 
112.166443 
112.166748 
112.166138 
112.166138 
112.166138 
112.165833 
112.165527 
112.165833 
112.165527 
112.165222 
112.165527 
112.166138 
112.165833 
112.166443 
112.167053 
112.167053 
112.167053 
112.166138 
112.164612 
112.163696 
112.164307 
112.163696 
112.164307 
112.164612 
112.164612 
112.164917 
112.164917 
112.165222 
112.164917 
112.164917 
112.165222 
112.164612 
112.164612 
112.164307 
112.163696 
112.163696 
112.163696 
112.164307 
112.166138 
112.166748 
112.166748 
112.166443 
112.166138 
112.166138 
112.165833 
112.165833 
112.165527 
112.165222 
112.165833 
112.165527 
112.165833 
112.165833 
112.166138 
112.166138 
112.166138 
112.167053 
112.167358 
112.165833 
112.164612 
112.163696 
112.163391 
112.163696 
112.163696 
112.164307 
112.164307 
112.164612 
112.164917 
112.164917 
112.164612 
112.164917 
112.164612 
112.164307 
112.164001 
112.164307 
112.163391 
112.163696 
112.163391 
112.164307 
112.165527 
112.166748 
112.166748 
112.166138 
112.166443 
112.166138 
112.165833 
112.165222 
112.165222 
112.165527 
112.165527 
112.165527 
112.165833 
112.165527 
112.165527 
112.166138 
112.166748 
112.167053 
112.167053 
112.165527 
112.164612 
112.163696 
112.164001 
112.163696 
112.163391 
112.164612 
112.164612 
112.164612 
112.165222 
112.165222 
112.164917 
112.164612 
112.165222 
112.164917 
112.164612 
112.164307 
112.163391 
112.163086 
112.163391 
112.164612 
112.165833 
112.166748 
112.167053 
112.166748 
112.166443 
112.166443 
112.166138 
112.165833 
112.165527 
112.165527 
112.165527 
112.165833 
112.165527 
112.165527 
112.165833 
112.166138 
112.166748 
112.166748 
112.167053 
112.166138 
112.164307 
112.163696 
112.163696 
112.164001 
112.164307 
112.164001 
112.164612 
112.164917 
112.164917 
112.164917 
112.164612 
112.165222 
112.164917 
112.164001 
112.164307 
112.164001 
112.163391 
112.163696 
112.163391 
112.164612 
112.166138 
112.166443 
112.166748 
112.166443 
112.166138 
112.166138 
112.165833 
112.165222 
112.165833 
112.165527 
112.165527 
112.165527 
112.165833 
112.165833 
112.166443 
112.166443 
112.166748 
112.167358 
112.167053 
112.165833 
112.164307 
112.164307 
112.164001 
112.164001 
112.164001 
112.164307 
112.164612 
112.164917 
112.165222 
112.164917 
112.164612 
112.164917 
112.164917 
112.164307 
112.164307 
112.164001 
112.163696 
112.163391 
112.163696 
112.164307 
112.165833 
112.166748 
112.166443 
112.166443 
112.166138 
112.166443 
112.166138 
112.165222 
112.165833 
112.165527 
112.165527 
112.165833 
112.165833 
112.166138 
112.165833 
112.166443 
112.166748 
112.167053 
112.167053 
112.166138 
112.164307 
112.163696 
112.163696 
112.164001 
112.164001 
112.164307 
112.164917 
112.164612 
112.164307 
112.165222 
112.164917 
112.164917 
112.164612 
112.164917 
112.164612 
112.164001 
112.163696 
112.163086 
112.163696 
112.164612 
112.165833 
112.166138 
112.166748 
112.166748 
112.166138 
112.166443 
112.166138 
112.165833 
112.165527 
112.165527 
112.165527 
112.165527 
112.165527 
112.165527 
112.166138 
112.166443 
112.166748 
112.167358 
112.167053 
112.165222 
112.164307 
112.163696 
112.164001 
112.164001 
112.164001 
112.164307 
112.164612 
112.164612 
112.164917 
112.165222 
112.164917 
112.164917 
112.164612 
112.164307 
112.164612 
112.164307 
112.164001 
112.163391 
112.163696 
112.164612 
112.166138 
112.166748 
112.166748 
112.166748 
112.166443 
112.166138 
112.165833 
112.165527 
112.165527 
112.165833 
112.165527 
112.165527 
112.165222 
112.166138 
112.166138 
112.166443 
112.167053 
112.167053 
112.167053 
112.165833 
112.164612 
112.163696 
112.163696 
112.164001 
112.164307 
112.164307 
112.164307 
112.164612 
112.164612 
112.164612 
112.164917 
112.164917 
112.164612 
112.164307 
112.164612 
112.164307 
112.163696 
112.163696 
112.163086 
112.164917 
112.166138 
112.166748 
112.166443 
112.166443 
112.166138 
112.165527 
112.165833 
112.165527 
112.165222 
112.165222 
112.165222 
112.165222 
112.165527 
112.165527 
112.165833 
112.166443 
112.166748 
112.167358 
112.167053 
112.165527 
112.164307 
112.163391 
112.163391 
112.163696 
112.164001 
112.164001 
112.164307 
112.164612 
112.164612 
112.164917 
112.164917 
112.164612 
112.164917 
112.164612 
112.164612 
112.163696 
112.163391 
112.163391 
112.163391 
112.164307 
112.165527 
112.166443 
112.166443 
112.166138 
112.166443 
112.166138 
112.165833 
112.165527 
112.165833 
112.165222 
112.165833 
112.165527 
112.165527 
112.166138 
112.166138 
112.166443 
112.167358 
112.167053 
112.167053 
112.165527 
112.164307 
112.163696 
112.164001 
112.164307 
112.164001 
112.164001 
112.164917 
112.164917 
112.164917 
112.164917 
112.164917 
112.165222 
112.164612 
112.164612 
112.164001 
112.164001 
112.163391 
112.163391 
112.163086 
112.164307 
112.165833 
112.166748 
112.166443 
112.166443 
112.166138 
112.166138 
112.166138 
112.164917 
112.165833 
112.164917 
112.165222 
112.166138 
112.165222 
112.166138 
112.165833 
112.166138 
112.167053 
112.167358 
112.167053 
112.165527 
112.164307 
112.163391 
112.163086 
112.163696 
112.164001 
112.164612 
112.164307 
112.164917 
112.164917 
112.164612 
112.164612 
112.164612 
112.164917 
112.164307 
112.164307 
112.164001 
112.163696 
112.163086 
112.163391 
112.164307 
112.166138 
112.166443 
112.166443 
112.166748 
112.166443 
112.165833 
112.165527 
112.165833 
112.165833 
112.165527 
112.165833 
112.165527 
112.165527 
112.165833 
112.165833 
112.166443 
112.166443 
112.166748 
112.166748 
112.165833 
112.164307 
112.163696 
112.163696 
112.164001 
112.164307 
112.164307 
112.164307 
112.164917 
112.164612 
112.164917 
112.164612 
112.164917 
112.164917 
112.164612 
112.164307 
112.164307 
112.163391 
112.163391 
112.163696 
112.164612 
112.165833 
112.166748 
112.166443 
112.166748 
112.166138 
112.165833 
112.165527 
112.165527 
112.165527 
112.165527 
112.165527 
112.165527 
112.165527 
112.165833 
112.166138 
112.166138 
112.166443 
112.167053 
112.167053 
112.165527 
112.164307 
112.164001 
112.163696 
112.164001 
112.164001 
112.164001 
112.164307 
112.164612 
112.164917 
112.164917 
112.164612 
112.164917 
112.164612 
112.164612 
112.164612 
112.164001 
112.163696 
112.163391 
112.163086 
112.164612 
112.165833 
112.166443 
112.167053 
112.166138 
112.166138 
112.166138 
112.165833 
112.165527 
112.165527 
112.165527 
112.165222 
112.165833 
112.165833 
112.165833 
112.165527 
112.166748 
112.166443 
112.167664 
112.167358 
112.165527 
112.164307 
112.164001 
112.163696 
112.163391 
112.164001 
112.164307 
112.164307 
112.164917 
112.164917 
112.164917 
112.164917 
112.164612 
112.164612 
112.164612 
112.164307 
112.164307 
112.163696 
112.163391 
112.163696 
112.164917 
112.165527 
112.166748 
112.166443 
112.166138 
112.166443 
112.165833 
112.165527 
112.165833 
112.165527 
112.165527 
112.165527 
112.165527 
112.165527 
112.165222 
112.165833 
112.166138 
112.166748 
112.166748 
112.166748 
112.165527 
112.164307 
112.163696 
112.163696 
112.163696 
112.163696 
112.164001 
112.164307 
112.164612 
112.164917 
112.164612 
112.164917 
112.164917 
112.164917 
112.164612 
112.164307 
112.164001 
112.163696 
112.163086 
112.163086 
112.164612 
112.166138 
112.166748 
112.167053 
112.166748 
112.166138 
112.166138 
112.165833 
112.165527 
112.165527 
112.165222 
112.165527 
112.165222 
112.165833 
112.165833 
112.165833 
112.166443 
112.167053 
112.167053 
112.166748 
112.165833 
112.164612 
112.163391 
112.163696 
112.164001 
112.164307 
112.164612 
112.164917 
112.165222 
112.164917 
112.164917 
112.164612 
112.164612 
112.164612 
112.164917 
112.164612 
112.164001 
112.163696 
112.163086 
112.163391 
112.165222 
112.166138 
112.167053 
112.166748 
112.166443 
112.166138 
112.165833 
112.165833 
112.165833 
112.165833 
112.165527 
112.165222 
112.165222 
112.165527 
112.166138 
112.165833 
112.166443 
112.167053 
112.167053 
112.166748 
112.165222 
112.164307 
112.163391 
112.163391 
112.163696 
112.164307 
112.164612 
112.164612 
112.164612 
112.164917 
112.164917 
112.164917 
112.164612 
112.164917 
112.164612 
112.164612 
112.163696 
112.163696 
112.163391 
112.162781 
112.164917 
112.166443 
112.166443 
112.166748 
112.166443 
112.166138 
112.165833 
112.165527 
112.165527 
112.165527 
112.165527 
112.165222 
112.165527 
112.165833 
112.165833 
112.165833 
112.166138 
112.166443 
112.166748 
112.167053 
112.165527 
112.164612 
112.163696 
112.163391 
112.164001 
112.164307 
112.164001 
112.164307 
112.164917 
112.164917 
112.164917 
112.164917 
112.164612 
112.164917 
112.164612 
112.164307 
112.163696 
112.163086 
112.163391 
112.163391 
112.164612 
112.165833 
112.166443 
112.166748 
112.166443 
112.166138 
112.166138 
112.165833 
112.165833 
112.165527 
112.165527 
112.165527 
112.165833 
112.165222 
112.165527 
112.166138 
112.166443 
112.167358 
112.167053 
112.166748 
112.165222 
112.164612 
112.163696 
112.163391 
112.163696 
112.164001 
112.164307 
112.164612 
112.164612 
112.164917 
112.164917 
112.164612 
112.164917 
112.164612 
112.164612 
112.164612 
112.164001 
112.163391 
112.163391 
112.163696 
112.164612 
112.166138 
112.166443 
112.166443 
112.166443 
112.166748 
112.166138 
112.166138 
112.165527 
112.165527 
112.165222 
112.165527 
112.165833 
112.165527 
112.165833 
112.166443 
112.166443 
112.166443 
112.167358 
112.166748 
112.165222 
112.164307 
112.163696 
112.163391 
112.163696 
112.163696 
112.164612 
112.164307 
112.164917 
112.164612 
112.164917 
112.164917 
112.164917 
112.164612 
112.164612 
112.164612 
112.164001 
112.163696 
112.163391 
112.163696 
112.164917 
112.166443 
112.166748 
112.166748 
112.166748 
112.166443 
112.166138 
112.165833 
112.165222 
112.165527 
112.165222 
112.165527 
112.165222 
112.165222 
112.165527 
112.166138 
112.166138 
112.166443 
112.167053 
112.166443 
112.165222 
112.164307 
112.163696 
112.163391 
112.164001 
112.164001 
112.164001 
112.164307 
112.164612 
112.164612 
112.164917 
112.164612 
112.164612 
112.164612 
112.164612 
112.164307 
112.163391 
112.163696 
112.163086 
112.163696 
112.164917 
112.166138 
112.166443 
112.166748 
112.166748 
112.166138 
112.165833 
112.165833 
112.165527 
112.165222 
112.165527 
112.165222 
112.164917 
112.165527 
112.165527 
112.166138 
112.166138 
112.166748 
112.167053 
112.167053 
112.165222 
112.164612 
112.163696 
112.163696 
112.163696 
112.164612 
112.164001 
112.164612 
112.164612 
112.164917 
112.164612 
112.164612 
112.164612 
112.164612 
112.164612 
112.164612 
112.164001 
112.163086 
112.163391 
112.163696 
112.164917 
112.166138 
112.166748 
112.166443 
112.166443 
112.166443 
112.165527 
112.165833 
112.165833 
112.165833 
112.165833 
112.165527 
112.165833 
112.165527 
112.165833 
112.166443 
112.166443 
112.166748 
112.167358 
112.166443 
112.165527 
112.164307 
112.164001 
112.163696 
112.164001 
112.164001 
112.164001 
112.164307 
112.164917 
112.164612 
112.164307 
112.164917 
112.164612 
112.164612 
112.164612 
112.164307 
112.164001 
112.163086 
112.162781 
112.163391 
112.164917 
112.166443 
112.166748 
112.166748 
112.166443 
112.166138 
112.166138 
112.165527 
112.165527 
112.165527 
112.165527 
112.165527 
112.165527 
112.165527 
112.165833 
112.166138 
112.166138 
112.167053 
112.167053 
112.166748 
112.164917 
112.164307 
112.163391 
112.163391 
112.164001 
112.164307 
112.164001 
112.164307 
112.164917 
112.164612 
112.164917 
112.164917 
112.164612 
112.164612 
112.164612 
112.164001 
112.163696 
112.163391 
112.163086 
112.163391 
112.164917 
112.166138 
112.167053 
112.166748 
112.166443 
112.166748 
112.166138 
112.165833 
112.165527 
112.165222 
112.165833 
112.165222 
112.165527 
112.165527 
112.165527 
112.165833 
112.166138 
112.167053 
112.167358 
112.166443 
112.165527 
112.164001 
112.163696 
112.164001 
112.164001 
112.164307 
112.164307 
112.164917 
112.164917 
112.164917 
112.164917 
112.164612 
112.164612 
112.164917 
112.164612 
112.164307 
112.163696 
112.163696 
112.163391 
112.163696 
112.164917 
112.166443 
112.166443 
112.166138 
112.166443 
112.166138 
112.165527 
112.165527 
112.165527 
112.165527 
112.165222 
112.165527 
112.164917 
112.165527 
112.165833 
112.166138 
112.166138 
112.166748 
112.167358 
112.166443 
112.165527 
112.164001 
112.163696 
112.163391 
112.164001 
112.164001 
112.164307 
112.164612 
112.164612 
112.164307 
112.164612 
112.164917 
112.164612 
112.164612 
112.164307 
112.164307 
112.163696 
112.163391 
112.163391 
112.163696 
112.165527 
112.166443 
112.166748 
112.167053 
112.166138 
112.166443 
112.166138 
112.165527 
112.165527 
112.165527 
112.165527 
112.165527 
112.165527 
112.165833 
112.166138 
112.166138 
112.166748 
112.166748 
112.167053 
112.166748 
112.165222 
112.164307 
112.163696 
112.163391 
112.164001 
112.164307 
112.164307 
112.164917 
112.164917 
112.164612 
112.164917 
112.164612 
112.164612 
112.164917 
112.164307 
112.164307 
112.164001 
112.163391 
112.163086 
112.163696 
112.164917 
112.165833 
112.166748 
112.166443 
112.166443 
112.166138 
112.165833 
112.165527 
112.165833 
112.165222 
112.164917 
112.166138 
112.165527 
112.165527 
112.166138 
112.166138 
112.166443 
112.167053 
112.167053 
112.166443 
112.165222 
112.164307 
112.163696 
112.163696 
112.164307 
112.164307 
112.164307 
112.164612 
112.165222 
112.165222 
112.164612 
112.164612 
112.164612 
112.164307 
112.164917 
112.164307 
112.163696 
112.163391 
112.163086 
112.163696 
112.165222 
112.166748 
112.166443 
112.166748 
112.166443 
112.166138 
112.165833 
112.165527 
112.165833 
112.165527 
112.165527 
112.165222 
112.165833 
112.165833 
112.165527 
112.166443 
112.166443 
112.167053 
112.167053 
112.166748 
112.165222 
112.164307 
112.163696 
112.163696 
112.164001 
112.164612 
112.164612 
112.164612 
112.164917 
112.164612 
112.164612 
112.164917 
112.164612 
112.164612 
112.164307 
112.164001 
112.163696 
112.163391 
112.163391 
112.163696 
112.165222 
112.166138 
112.166748 
112.166138 
112.166138 
112.166138 
112.166138 
112.165833 
112.165527 
112.165222 
112.165527 
112.165527 
112.165527 
112.165222 
112.165527 
112.165527 
112.166138 
112.166748 
112.167053 
112.166443 
112.164917 
112.163696 
112.163086 
112.162476 
112.162170 
112.161560 
112.161255 
112.160645 
112.159424 
112.157898 
112.156372 
112.154541 
112.153320 
112.150574 
112.148132 
112.145691 
112.142639 
112.139893 
112.136841 
112.135010 
112.133484 
112.131958 
112.130127 
112.127380 
112.124939 
112.122192 
112.119141 
112.115784 
112.112427 
112.109680 
112.106628 
112.104187 
112.101440 
112.098389 
112.095642 
112.093506 
112.091370 
112.088928 
112.086792 
112.083435 
112.078857 
112.075195 
112.071838 
112.069092 
112.066345 
112.063599 
112.061462 
112.058716 
112.055969 
112.053833 
112.051086 
112.048340 
112.045593 
112.042542 
112.039795 
112.036438 
112.033386 
112.030334 
112.027588 
112.025452 
112.023315 
112.022400 
112.020569 
112.017822 
112.014771 
112.012024 
112.008972 
112.005920 
112.003174 
112.000732 
111.997986 
111.994629 
111.992493 
111.989746 
111.987610 
111.985474 
111.983643 
111.981201 
111.979065 
111.975708 
111.971741 
111.968079 
111.965027 
111.962585 
111.960144 
111.958008 
111.955261 
111.953430 
111.951294 
111.948547 
111.946106 
111.943970 
111.941223 
111.939087 
111.936035 
111.933289 
111.930237 
111.927185 
111.924438 
111.922607 
111.921082 
111.919861 
111.917419 
111.914978 
111.912537 
111.909790 
111.907349 
111.903992 
111.901550 
111.898499 
111.896057 
111.893005 
111.890869 
111.888123 
111.885681 
111.883545 
111.881409 
111.878967 
111.876831 
111.873169 
111.869812 
111.865540 
111.862793 
111.860046 
111.857605 
111.855469 
111.853027 
111.850586 
111.848145 
111.846313 
111.843567 
111.841125 
111.838989 
111.835938 
111.833496 
111.830444 
111.827698 
111.824646 
111.821899 
111.819763 
111.818542 
111.817017 
111.815186 
111.812439 
111.809998 
111.807251 
111.804504 
111.801758 
111.798706 
111.795349 
111.793518 
111.790161 
111.787415 
111.785278 
111.782532 
111.780396 
111.778564 
111.776123 
111.773987 
111.770935 
111.766968 
111.763306 
111.760254 
111.757813 
111.755066 
111.752319 
111.750183 
111.748352 
111.745605 
111.743469 
111.741333 
111.738586 
111.736145 
111.733398 
111.730957 
111.727600 
111.725159 
111.722107 
111.719055 
111.717529 
111.715698 
111.714172 
111.712036 
111.709900 
111.707153 
111.704407 
111.701660 
111.698608 
111.695862 
111.693115 
111.690674 
111.687622 
111.685181 
111.682739 
111.680603 
111.677856 
111.676331 
111.674194 
111.671448 
111.668091 
111.664429 
111.660767 
111.657410 
111.655273 
111.652527 
111.650391 
111.647644 
111.645508 
111.643066 
111.640625 
111.638184 
111.635742 
111.632996 
111.630859 
111.627808 
111.625366 
111.622009 
111.619263 
111.615906 
111.614380 
111.612854 
111.611938 
111.609497 
111.606750 
111.604309 
111.601563 
111.598816 
111.595764 
111.592712 
111.590271 
111.587524 
111.585083 
111.582031 
111.580200 
111.577759 
111.575623 
111.572876 
111.570740 
111.568604 
111.564941 
111.561279 
111.558228 
111.554871 
111.551819 
111.549683 
111.547241 
111.545410 
111.542969 
111.540527 
111.538086 
111.535645 
111.533203 
111.531067 
111.528320 
111.525269 
111.522522 
111.519165 
111.516418 
111.513367 
111.511841 
111.510620 
111.508789 
111.506653 
111.504517 
111.501465 
111.499329 
111.496277 
111.493225 
111.490173 
111.487427 
111.484985 
111.482239 
111.479492 
111.477356 
111.474609 
111.472473 
111.470337 
111.468506 
111.465454 
111.462708 
111.458740 
111.455078 
111.452026 
111.449585 
111.446838 
111.444397 
111.441956 
111.440125 
111.437378 
111.434937 
111.432800 
111.430054 
111.427612 
111.425171 
111.422424 
111.419678 
111.416321 
111.413574 
111.410522 
111.408691 
111.407471 
111.405945 
111.404114 
111.401367 
111.398926 
111.396484 
111.393433 
111.390991 
111.387634 
111.384583 
111.382446 
111.379395 
111.376648 
111.374512 
111.371765 
111.369934 
111.367798 
111.365662 
111.362915 
111.359863 
111.356201 
111.352234 
111.348877 
111.346741 
111.344299 
111.341553 
111.339722 
111.337280 
111.334839 
111.332397 
111.330261 
111.327209 
111.324768 
111.322327 
111.319580 
111.316223 
111.313477 
111.310425 
111.307373 
111.305847 
111.304932 
111.303101 
111.300964 
111.298828 
111.295776 
111.293030 
111.290283 
111.287231 
111.284485 
111.282043 
111.279297 
111.276550 
111.274109 
111.271667 
111.268921 
111.266479 
111.264648 
111.262817 
111.260071 
111.256714 
111.252747 
111.249084 
111.246338 
111.243591 
111.241150 
111.239014 
111.236267 
111.234131 
111.231689 
111.229553 
111.227417 
111.224670 
111.222229 
111.219482 
111.216736 
111.213989 
111.211243 
111.207886 
111.204834 
111.203003 
111.202087 
111.200867 
111.198425 
111.195984 
111.193542 
111.190491 
111.187439 
111.184692 
111.181641 
111.179199 
111.176453 
111.173706 
111.171265 
111.168518 
111.166077 
111.163940 
111.161804 
111.159363 
111.157532 
111.154175 
111.150208 
111.146240 
111.143494 
111.141052 
111.138306 
111.135864 
111.133423 
111.131592 
111.129456 
111.127014 
111.124573 
111.122131 
111.119385 
111.116638 
111.114197 
111.110840 
111.108398 
111.105347 
111.102295 
111.100464 
111.099548 
111.098022 
111.095581 
111.093445 
111.090698 
111.087646 
111.084900 
111.082153 
111.079102 
111.076660 
111.073608 
111.071167 
111.068420 
111.065979 
111.063843 
111.061401 
111.059570 
111.057129 
111.054993 
111.051331 
111.047974 
111.044006 
111.040955 
111.038513 
111.035767 
111.033630 
111.031189 
111.029053 
111.026611 
111.024170 
111.021729 
111.019287 
111.016541 
111.014099 
111.011047 
111.008301 
111.004944 
111.002502 
110.999451 
110.997620 
110.996399 
110.995178 
110.992432 
110.990295 
110.987244 
110.984802 
110.982056 
110.979309 
110.976257 
110.973816 
110.971069 
110.968018 
110.965576 
110.963135 
110.960693 
110.958557 
110.956116 
110.954590 
110.951538 
110.948792 
110.944824 
110.941467 
110.937805 
110.935364 
110.932922 
110.930786 
110.928650 
110.926514 
110.923462 
110.921631 
110.919189 
110.917053 
110.914001 
110.911560 
110.908813 
110.906067 
110.903015 
110.899963 
110.897217 
110.895081 
110.894165 
110.892639 
110.890503 
110.888062 
110.885315 
110.882568 
110.879822 
110.876770 
110.874023 
110.871277 
110.868530 
110.865784 
110.863342 
110.860291 
110.857849 
110.855713 
110.853577 
110.851135 
110.848999 
110.846558 
110.841980 
110.838318 
110.835571 
110.833130 
110.830383 
110.828247 
110.825806 
110.823059 
110.821228 
110.818787 
110.816345 
110.813904 
110.811462 
110.808716 
110.805969 
110.803223 
110.800171 
110.796814 
110.794373 
110.792542 
110.791626 
110.789795 
110.787659 
110.785217 
110.782471 
110.779419 
110.776978 
110.773926 
110.770874 
110.768433 
110.765381 
110.762939 
110.760498 
110.758057 
110.755615 
110.753174 
110.751038 
110.748901 
110.746460 
110.743103 
110.739136 
110.735474 
110.732422 
110.730286 
110.727844 
110.725708 
110.722961 
110.720825 
110.718384 
110.716248 
110.713501 
110.710754 
110.708618 
110.705872 
110.703125 
110.700073 
110.696716 
110.694275 
110.691528 
110.689392 
110.688477 
110.686951 
110.684509 
110.682068 
110.679932 
110.676270 
110.673523 
110.670776 
110.668030 
110.664978 
110.662537 
110.659790 
110.657349 
110.654907 
110.652466 
110.650330 
110.648499 
110.646057 
110.643311 
110.639954 
110.635986 
110.632935 
110.629578 
110.627136 
110.624695 
110.622253 
110.620117 
110.618286 
110.615234 
110.613098 
110.610657 
110.608215 
110.606079 
110.603333 
110.599976 
110.597534 
110.594482 
110.591736 
110.588684 
110.586853 
110.585632 
110.584106 
110.581970 
110.579224 
110.576782 
110.574036 
110.570984 
110.568237 
110.565186 
110.562744 
110.559692 
110.557251 
110.554810 
110.552368 
110.549622 
110.546875 
110.545044 
110.542908 
110.540771 
110.537109 
110.532837 
110.529785 
110.526733 
110.524292 
110.522156 
110.519409 
110.517273 
110.514526 
110.512695 
110.509949 
110.508118 
110.505371 
110.503235 
110.500488 
110.497437 
110.494690 
110.491638 
110.488586 
110.485535 
110.483704 
110.483093 
110.481262 
110.478821 
110.476685 
110.473938 
110.470886 
110.468140 
110.465393 
110.462341 
110.459290 
110.456848 
110.454407 
110.451660 
110.449524 
110.447083 
110.444946 
110.442505 
110.440369 
110.437927 
110.434265 
110.430603 
110.426941 
110.423889 
110.421448 
110.419312 
110.416870 
110.414429 
110.412292 
110.410156 
110.407410 
110.404968 
110.402527 
110.399780 
110.397339 
110.394897 
110.391846 
110.388184 
110.385742 
110.382996 
110.381165 
110.379944 
110.377808 
110.375977 
110.373840 
110.371094 
110.368042 
110.364990 
110.362854 
110.359497 
110.356445 
110.354309 
110.351257 
110.349121 
110.346069 
110.343933 
110.341797 
110.339966 
110.337524 
110.334778 
110.331421 
110.327454 
110.324402 
110.321350 
110.318909 
110.316467 
110.313416 
110.311584 
110.309753 
110.307007 
110.304565 
110.302429 
110.299683 
110.297546 
110.295105 
110.292358 
110.289001 
110.285950 
110.282898 
110.280151 
110.278320 
110.277405 
110.275269 
110.273743 
110.270996 
110.268250 
110.265503 
110.262756 
110.260315 
110.257263 
110.254517 
110.251770 
110.249023 
110.246582 
110.243530 
110.241394 
110.239258 
110.237122 
110.234375 
110.232239 
110.228882 
110.224609 
110.221252 
110.218201 
110.216370 
110.213623 
110.211182 
110.208740 
110.206604 
110.204163 
110.202026 
110.199585 
110.196838 
110.194092 
110.192261 
110.189514 
110.185547 
110.183411 
110.180359 
110.177612 
110.176392 
110.174561 
110.173340 
110.171204 
110.168457 
110.165405 
110.162659 
110.160217 
110.157166 
110.154419 
110.151672 
110.149231 
110.146179 
110.143738 
110.140686 
110.138550 
110.136414 
110.134583 
110.132446 
110.129700 
110.126648 
110.122681 
110.119019 
110.116577 
110.115051 
110.112915 
110.111694 
110.110779 
110.109863 
110.109558 
110.109253 
110.108337 
110.108337 
110.108032 
110.108032 
110.107727 
110.106812 
110.107117 
110.106812 
110.105896 
110.107422 
110.108643 
110.109558 
110.109558 
110.109863 
110.109863 
110.109558 
110.109558 
110.109253 
110.108948 
110.109253 
110.108643 
110.108948 
110.109558 
110.108948 
110.109253 
110.109863 
110.111084 
110.110779 
110.111084 
110.110474 
110.108948 
110.107727 
110.108032 
110.107727 
110.108032 
110.108948 
110.109253 
110.109253 
110.109558 
110.109558 
110.109863 
110.109558 
110.109558 
110.109863 
110.109558 
110.109558 
110.108948 
110.108643 
110.108337 
110.109558 
110.111084 
110.111694 
110.112000 
110.112000 
110.112305 
110.111389 
110.111694 
110.111084 
110.111389 
110.111389 
110.111389 
110.111389 
110.111084 
110.111694 
110.111084 
110.111694 
110.112305 
110.112915 
110.112610 
110.111694 
110.110168 
110.109558 
110.108948 
110.109253 
110.109253 
110.109863 
110.109863 
110.109863 
110.109863 
110.110474 
110.110168 
110.109863 
110.110168 
110.110168 
110.109558 
110.109558 
110.108948 
