Blum, K. P., D’Incamps, B. L., Zytnicki, D., & Ting, L. H. (2017).
Force encoding in muscle spindles during stretch of
passive muscle. PLoS computational biology, 13(9), 
e1005767. <https://journals.plos.org/ploscompbiol/article?
id=10.1371/journal.pcbi.1005767>

cat medial gastrocnemius muscle lengths over t  (in 0.0005 s increments)
110.110474 
110.109863 
110.110168 
110.110168 
110.110168 
110.110168 
110.110168 
110.110474 
110.110168 
110.110779 
110.110779 
110.111389 
110.111694 
110.110779 
110.109558 
110.108643 
110.108643 
110.108643 
110.108948 
110.109253 
110.109253 
110.109558 
110.109863 
110.110168 
110.110168 
110.110474 
110.109863 
110.109863 
110.109558 
110.109253 
110.109253 
110.108948 
110.108643 
110.108948 
110.110474 
110.111389 
110.111084 
110.111084 
110.110779 
110.111084 
110.110474 
110.109863 
110.110168 
110.110474 
110.109863 
110.110474 
110.110168 
110.109863 
110.110474 
110.110474 
110.111389 
110.111389 
110.111389 
110.110779 
110.109558 
110.108948 
110.108643 
110.108337 
110.109253 
110.109558 
110.109558 
110.109863 
110.110474 
110.109863 
110.109863 
110.109863 
110.109863 
110.109558 
110.109863 
110.109558 
110.109253 
110.108948 
110.108948 
110.109558 
110.110474 
110.111389 
110.111389 
110.111694 
110.110779 
110.110779 
110.110474 
110.110474 
110.110474 
110.110168 
110.110168 
110.110168 
110.110168 
110.110168 
110.110168 
110.110779 
110.110779 
110.111389 
110.111389 
110.110779 
110.109558 
110.108643 
110.108948 
110.108948 
110.108948 
110.109558 
110.109863 
110.109558 
110.110168 
110.109863 
110.110168 
110.109863 
110.109863 
110.110168 
110.109863 
110.109863 
110.109253 
110.108948 
110.108643 
110.109558 
110.111084 
110.112000 
110.112305 
110.112000 
110.112610 
110.112610 
110.112000 
110.112915 
110.112915 
110.113525 
110.113831 
110.114441 
110.115356 
110.116272 
110.116882 
110.118408 
110.119629 
110.121155 
110.122070 
110.122681 
110.122986 
110.122986 
110.124512 
110.125732 
110.127563 
110.129700 
110.132141 
110.133667 
110.135803 
110.138245 
110.139771 
110.141907 
110.144043 
110.146179 
110.148315 
110.150452 
110.152588 
110.154114 
110.156555 
110.159302 
110.162964 
110.166016 
110.169067 
110.171814 
110.173645 
110.176086 
110.178223 
110.180359 
110.182495 
110.185242 
110.187378 
110.190430 
110.192871 
110.195313 
110.198059 
110.200806 
110.204163 
110.207520 
110.209656 
110.211792 
110.213013 
110.214844 
110.216980 
110.220337 
110.222778 
110.225830 
110.228882 
110.231934 
110.234375 
110.237732 
110.240173 
110.242920 
110.245972 
110.248108 
110.251160 
110.253296 
110.255737 
110.258179 
110.260620 
110.263977 
110.267639 
110.270996 
110.273438 
110.276794 
110.278625 
110.280762 
110.283508 
110.285950 
110.288086 
110.290527 
110.293274 
110.295715 
110.298767 
110.301514 
110.304260 
110.307007 
110.310364 
110.313110 
110.316162 
110.317993 
110.319214 
110.321350 
110.324097 
110.326843 
110.329590 
110.332642 
110.335693 
110.339050 
110.342102 
110.344543 
110.347595 
110.350342 
110.353394 
110.355530 
110.358582 
110.361023 
110.363159 
110.365601 
110.368347 
110.372620 
110.376282 
110.379944 
110.382996 
110.385437 
110.388489 
110.390930 
110.393982 
110.396729 
110.399170 
110.402222 
110.404663 
110.407410 
110.410461 
110.413513 
110.416260 
110.419617 
110.422668 
110.426025 
110.428772 
110.430603 
110.432739 
110.433960 
110.436401 
110.439453 
110.441895 
110.444946 
110.447693 
110.450745 
110.453186 
110.456238 
110.458374 
110.461121 
110.463257 
110.466003 
110.468445 
110.470581 
110.472717 
110.474854 
110.476990 
110.480347 
110.484009 
110.487061 
110.489807 
110.491943 
110.494385 
110.496216 
110.498657 
110.500793 
110.502625 
110.505371 
110.507507 
110.510254 
110.512390 
110.515137 
110.517578 
110.520325 
110.523071 
110.526123 
110.528259 
110.530396 
110.531921 
110.533142 
110.535583 
110.538025 
110.541077 
110.543823 
110.546570 
110.549927 
110.552368 
110.555420 
110.557556 
110.560303 
110.563049 
110.565186 
110.567627 
110.569763 
110.572205 
110.574341 
110.576782 
110.579834 
110.583496 
110.586853 
110.589905 
110.592346 
110.594482 
110.596924 
110.599060 
110.601501 
110.603638 
110.606384 
110.608826 
110.611572 
110.614014 
110.615845 
110.618896 
110.621948 
110.625000 
110.627747 
110.630493 
110.632629 
110.633545 
110.635376 
110.637817 
110.640564 
110.643311 
110.646057 
110.649109 
110.651550 
110.654602 
110.657349 
110.659790 
110.662231 
110.664978 
110.667419 
110.669861 
110.671997 
110.674438 
110.676270 
110.678711 
110.682068 
110.685425 
110.689087 
110.691833 
110.694275 
110.696106 
110.698853 
110.700989 
110.703125 
110.705872 
110.708618 
110.710754 
110.713501 
110.715942 
110.718994 
110.721436 
110.724487 
110.727234 
110.730286 
110.732422 
110.734558 
110.735779 
110.737305 
110.740051 
110.742798 
110.745544 
110.748291 
110.751343 
110.753479 
110.756836 
110.759583 
110.762329 
110.765076 
110.767517 
110.769958 
110.772095 
110.774841 
110.776672 
110.778809 
110.781250 
110.784607 
110.787964 
110.791931 
110.794373 
110.796509 
110.799255 
110.801697 
110.804138 
110.806274 
110.808411 
110.811157 
110.813599 
110.815735 
110.818481 
110.821228 
110.824280 
110.827026 
110.830078 
110.832825 
110.835266 
110.837708 
110.838623 
110.840149 
110.843201 
110.845337 
110.848694 
110.851135 
110.853882 
110.856628 
110.859375 
110.863037 
110.865479 
110.867615 
110.870361 
110.873108 
110.875244 
110.877686 
110.879517 
110.881653 
110.884399 
110.888062 
110.891418 
110.894470 
110.897522 
110.899658 
110.902100 
110.904236 
110.906372 
110.909424 
110.910645 
110.914001 
110.916443 
110.918274 
110.921326 
110.924072 
110.926819 
110.929260 
110.932617 
110.935669 
110.938110 
110.939941 
110.940857 
110.942993 
110.945435 
110.948181 
110.950928 
110.953369 
110.956726 
110.959167 
110.961914 
110.964661 
110.967712 
110.969849 
110.972900 
110.974731 
110.977478 
110.979309 
110.981750 
110.983887 
110.986633 
110.989990 
110.993652 
110.996704 
111.000061 
111.001892 
111.004333 
111.006775 
111.008911 
111.011047 
111.013184 
111.015930 
111.018982 
111.021423 
111.023865 
111.026611 
111.029663 
111.032715 
111.034851 
111.037903 
111.040649 
111.042480 
111.044006 
111.046143 
111.048279 
111.051025 
111.053467 
111.056519 
111.059570 
111.062622 
111.065369 
111.068115 
111.070557 
111.073303 
111.075745 
111.077881 
111.080627 
111.082764 
111.084900 
111.087036 
111.089783 
111.093140 
111.096497 
111.099854 
111.102600 
111.105042 
111.107483 
111.109619 
111.111450 
111.114502 
111.116333 
111.118774 
111.121826 
111.123962 
111.127014 
111.129150 
111.131897 
111.134949 
111.137695 
111.140442 
111.143188 
111.145020 
111.146240 
111.148682 
111.150818 
111.153259 
111.156311 
111.159058 
111.162109 
111.164856 
111.168213 
111.170044 
111.172791 
111.175842 
111.178284 
111.181030 
111.183472 
111.185303 
111.187134 
111.189880 
111.192627 
111.195679 
111.199646 
111.202698 
111.205139 
111.208191 
111.210327 
111.212158 
111.214905 
111.217041 
111.219177 
111.221313 
111.224365 
111.227112 
111.228943 
111.231995 
111.235352 
111.237488 
111.240234 
111.243591 
111.246033 
111.247559 
111.249084 
111.250916 
111.253662 
111.256409 
111.259460 
111.261902 
111.264648 
111.267700 
111.270752 
111.272888 
111.276245 
111.278076 
111.280518 
111.283264 
111.285706 
111.287842 
111.289978 
111.292419 
111.295166 
111.298523 
111.302490 
111.305542 
111.308289 
111.310425 
111.313171 
111.315002 
111.317139 
111.319885 
111.322021 
111.324768 
111.327209 
111.329651 
111.332397 
111.335449 
111.337891 
111.340332 
111.343994 
111.346741 
111.349182 
111.351013 
111.352539 
111.354675 
111.357117 
111.359863 
111.362305 
111.364746 
111.368103 
111.370850 
111.373596 
111.376648 
111.379089 
111.381531 
111.383972 
111.386414 
111.388855 
111.390991 
111.393433 
111.395264 
111.397705 
111.401367 
111.404724 
111.408081 
111.411133 
111.413574 
111.415710 
111.417847 
111.420593 
111.422119 
111.424866 
111.427307 
111.430054 
111.432495 
111.435242 
111.437683 
111.440430 
111.443176 
111.446228 
111.448975 
111.451416 
111.453247 
111.454773 
111.456604 
111.459045 
111.461792 
111.464844 
111.467896 
111.470337 
111.473389 
111.475830 
111.478577 
111.481323 
111.483765 
111.486511 
111.489258 
111.491089 
111.493835 
111.495667 
111.498413 
111.500854 
111.504211 
111.508179 
111.511230 
111.513977 
111.516113 
111.518250 
111.520691 
111.522827 
111.525269 
111.527405 
111.529846 
111.532593 
111.535034 
111.537170 
111.540222 
111.543274 
111.546021 
111.548767 
111.551514 
111.554260 
111.555481 
111.557007 
111.559448 
111.562195 
111.564331 
111.567993 
111.570129 
111.573181 
111.575928 
111.578369 
111.581421 
111.584167 
111.586304 
111.589050 
111.590881 
111.594238 
111.596375 
111.598206 
111.600647 
111.603394 
111.606140 
111.610413 
111.613159 
111.615906 
111.618347 
111.620789 
111.623230 
111.625366 
111.627808 
111.629944 
111.632385 
111.635132 
111.637573 
111.640015 
111.642761 
111.645813 
111.648254 
111.651611 
111.654358 
111.656799 
111.658325 
111.659851 
111.661682 
111.664429 
111.667175 
111.669617 
111.672363 
111.675720 
111.678772 
111.681519 
111.683960 
111.686401 
111.689148 
111.691284 
111.694031 
111.696167 
111.698608 
111.701050 
111.703186 
111.705933 
111.709290 
111.713257 
111.716003 
111.718750 
111.721191 
111.723328 
111.725464 
111.727600 
111.730042 
111.732483 
111.734924 
111.737671 
111.740112 
111.742554 
111.745300 
111.748047 
111.751099 
111.754150 
111.756897 
111.759338 
111.760559 
111.762390 
111.763916 
111.766968 
111.770020 
111.772461 
111.774902 
111.777954 
111.781006 
111.783752 
111.786499 
111.788940 
111.791382 
111.794128 
111.796570 
111.799316 
111.801453 
111.803589 
111.805725 
111.808167 
111.811829 
111.815796 
111.818848 
111.820984 
111.823730 
111.826172 
111.828308 
111.830444 
111.832581 
111.835327 
111.837463 
111.840210 
111.842651 
111.845398 
111.847534 
111.850586 
111.853638 
111.856995 
111.859131 
111.861877 
111.864014 
111.864624 
111.866760 
111.869507 
111.872253 
111.874695 
111.877747 
111.880798 
111.883240 
111.886597 
111.889038 
111.891174 
111.893921 
111.896667 
111.899109 
111.901550 
111.903381 
111.905823 
111.907959 
111.910095 
111.914063 
111.917725 
111.921082 
111.923523 
111.926270 
111.928101 
111.930542 
111.932678 
111.934814 
111.937866 
111.940002 
111.942444 
111.944885 
111.947937 
111.950073 
111.953125 
111.955872 
111.959534 
111.961975 
111.964417 
111.965637 
111.967163 
111.969299 
111.972351 
111.974792 
111.977539 
111.980286 
111.983337 
111.985779 
111.989136 
111.991272 
111.994324 
111.996460 
111.999207 
112.001648 
112.004395 
112.006531 
112.008057 
112.010193 
112.012939 
112.016907 
112.020264 
112.023621 
112.026062 
112.028198 
112.030640 
112.032776 
112.034912 
112.037659 
112.039795 
112.042542 
112.045288 
112.047424 
112.050171 
112.052917 
112.055664 
112.058411 
112.061157 
112.064514 
112.066956 
112.067871 
112.069397 
112.071838 
112.073975 
112.077332 
112.079773 
112.082520 
112.084961 
112.088013 
112.091370 
112.093201 
112.096252 
112.098694 
112.101135 
112.103577 
112.106323 
112.108154 
112.110291 
112.112732 
112.115784 
112.119141 
112.123108 
112.126160 
112.128906 
112.131348 
112.133484 
112.135620 
112.138062 
112.140198 
112.142639 
112.145081 
112.147827 
112.150269 
112.152710 
112.155762 
112.158508 
112.161255 
112.164001 
112.167358 
112.169189 
112.170715 
112.172241 
112.174377 
112.177124 
112.179871 
112.182007 
112.185059 
112.187805 
112.191162 
112.193909 
112.196655 
112.199097 
112.201538 
112.203979 
112.206726 
112.208862 
112.210999 
112.212830 
112.215271 
112.218018 
112.221680 
112.225342 
112.228394 
112.231140 
112.233582 
112.235413 
112.238464 
112.240295 
112.242737 
112.244873 
112.247620 
112.250061 
112.252197 
112.255249 
112.257996 
112.260437 
112.263489 
112.266541 
112.269287 
112.271729 
112.273560 
112.274780 
112.277222 
112.279053 
112.282410 
112.284851 
112.287903 
112.290649 
112.294006 
112.296143 
112.298889 
112.302246 
112.304688 
112.306824 
112.309265 
112.311401 
112.313843 
112.315979 
112.318115 
112.320557 
112.324524 
112.327881 
112.330933 
112.333679 
112.336121 
112.338257 
112.340393 
112.342834 
112.345276 
112.347412 
112.350464 
112.352600 
112.354736 
112.358093 
112.360535 
112.363281 
112.366333 
112.369385 
112.371826 
112.374573 
112.375793 
112.377014 
112.379456 
112.381897 
112.384644 
112.387390 
112.390442 
112.393494 
112.395935 
112.398376 
112.401428 
112.404175 
112.406616 
112.409363 
112.411804 
112.413635 
112.415771 
112.417908 
112.420654 
112.423401 
112.427368 
112.431030 
112.433777 
112.436523 
112.438965 
112.441101 
112.443237 
112.445679 
112.447815 
112.449951 
112.453003 
112.455139 
112.457886 
112.460632 
112.463074 
112.465820 
112.468872 
112.472229 
112.474670 
112.477112 
112.478638 
112.480164 
112.481689 
112.485046 
112.487488 
112.490234 
112.493591 
112.496338 
112.498779 
112.501526 
112.504578 
112.507019 
112.509460 
112.511902 
112.514343 
112.516479 
112.518921 
112.521057 
112.523193 
112.526245 
112.529907 
112.533569 
112.536926 
112.539368 
112.541809 
112.543640 
112.546082 
112.548218 
112.550659 
112.553101 
112.555237 
112.558289 
112.560730 
112.563171 
112.565918 
112.568970 
112.572021 
112.575073 
112.577515 
112.579651 
112.580872 
112.582397 
112.584839 
112.587585 
112.590637 
112.592773 
112.596130 
112.598572 
112.601929 
112.604370 
112.607117 
112.609253 
112.612305 
112.614746 
112.617188 
112.619934 
112.621765 
112.623901 
112.625732 
112.629089 
112.632751 
112.636108 
112.639160 
112.641602 
112.644043 
112.646484 
112.648621 
112.650757 
112.653198 
112.655945 
112.658081 
112.660828 
112.663269 
112.665710 
112.668762 
112.671204 
112.674561 
112.677002 
112.680054 
112.682495 
112.683716 
112.685242 
112.687683 
112.690125 
112.692871 
112.695923 
112.698059 
112.701111 
112.703857 
112.706604 
112.709351 
112.711792 
112.714539 
112.716675 
112.719421 
112.721863 
112.723389 
112.726135 
112.728577 
112.731323 
112.734985 
112.738342 
112.741699 
112.744446 
112.746277 
112.749023 
112.751160 
112.753601 
112.755737 
112.758179 
112.760925 
112.763367 
112.765503 
112.768555 
112.770996 
112.774353 
112.777100 
112.779846 
112.782898 
112.785034 
112.786255 
112.788086 
112.790527 
112.792969 
112.795715 
112.798462 
112.801208 
112.803955 
112.807007 
112.809753 
112.812195 
112.814636 
112.816772 
112.819519 
112.822266 
112.824402 
112.826843 
112.828674 
112.831116 
112.833862 
112.837524 
112.841187 
112.843933 
112.846680 
112.849121 
112.851563 
112.853394 
112.855835 
112.858276 
112.860413 
112.863159 
112.865601 
112.867737 
112.870483 
112.873535 
112.876282 
112.879333 
112.882385 
112.885132 
112.886963 
112.888794 
112.890320 
112.892151 
112.894897 
112.898254 
112.901001 
112.903442 
112.906494 
112.909546 
112.912292 
112.914734 
112.917175 
112.919617 
112.922058 
112.924805 
112.926941 
112.929382 
112.931519 
112.933044 
112.936401 
112.940674 
112.943420 
112.947083 
112.949524 
112.951355 
112.953491 
112.955933 
112.958069 
112.960205 
112.962952 
112.965698 
112.968140 
112.970581 
112.973633 
112.976074 
112.978210 
112.981567 
112.984619 
112.987366 
112.989807 
112.991028 
112.992859 
112.994385 
112.997742 
112.999878 
113.002930 
113.005676 
113.009033 
113.011475 
113.014221 
113.016663 
113.019409 
113.022156 
113.024902 
113.026733 
113.029480 
113.031311 
113.033752 
113.035889 
113.038635 
113.042297 
113.045959 
113.049011 
113.051758 
113.054504 
113.056641 
113.059082 
113.060303 
113.063049 
113.065491 
113.068237 
113.070374 
113.073120 
113.075867 
113.078308 
113.081360 
113.084412 
113.086853 
113.090210 
113.092346 
113.093567 
113.095093 
113.097534 
113.100281 
113.102722 
113.105774 
113.108826 
113.111572 
113.114319 
113.116455 
113.119507 
113.121948 
113.124695 
113.127136 
113.129578 
113.131409 
113.133850 
113.135986 
113.138428 
113.140869 
113.144531 
113.147888 
113.150635 
113.152771 
113.154907 
113.156738 
113.158569 
113.160095 
113.162231 
113.164063 
113.166199 
113.168030 
113.169250 
113.171387 
113.173218 
113.175354 
113.177490 
113.179626 
113.180847 
113.181763 
113.181763 
113.182678 
113.182983 
113.184509 
113.186340 
113.187256 
113.188477 
113.190002 
113.190918 
113.191528 
113.192444 
113.193359 
113.193359 
113.194275 
113.194580 
113.194580 
113.194885 
113.194580 
113.194580 
113.195190 
113.196411 
113.197937 
113.197937 
113.198547 
113.197632 
113.197937 
113.197632 
113.197021 
113.197327 
113.197021 
113.197021 
113.197021 
113.196716 
113.196716 
113.196716 
113.197327 
113.197021 
113.197632 
113.197632 
113.197327 
113.196411 
113.195190 
113.194580 
113.194885 
113.194580 
113.194580 
113.194885 
113.195190 
113.194885 
113.195190 
113.195190 
113.195190 
113.194885 
113.194580 
113.194275 
113.194275 
113.193359 
113.192749 
113.193054 
113.193359 
113.194580 
113.195190 
113.195496 
113.195496 
113.194885 
113.194580 
113.194580 
113.193665 
113.193359 
113.193054 
113.193359 
113.193054 
113.193359 
113.193054 
113.193054 
113.193665 
113.193359 
113.193665 
113.194275 
113.193665 
113.192749 
113.191833 
113.191528 
113.191223 
113.191833 
113.192139 
113.191833 
113.192749 
113.192749 
113.192444 
113.192444 
113.192749 
113.192749 
113.192749 
113.193054 
113.192444 
113.191833 
113.191833 
113.191528 
113.191833 
113.193359 
113.193665 
113.194275 
113.193970 
113.193665 
113.193359 
113.193359 
113.193054 
113.193054 
113.193054 
113.192749 
113.192749 
113.192444 
113.192749 
113.193054 
113.193359 
113.193359 
113.193665 
113.193970 
113.193359 
113.192139 
113.191528 
113.190918 
113.190918 
113.191528 
113.191528 
113.191528 
113.192139 
113.192139 
113.192139 
113.192444 
113.192139 
113.192139 
113.191833 
113.191833 
113.191833 
113.191528 
113.190918 
113.190613 
113.190918 
113.192139 
113.193359 
113.193359 
113.193359 
113.193359 
113.192749 
113.192444 
113.192444 
113.192139 
113.191833 
113.192139 
113.192139 
113.191833 
113.192139 
113.191528 
113.192139 
113.192444 
113.193054 
113.193359 
113.192749 
113.191528 
113.190308 
113.190308 
113.190308 
113.190613 
113.190918 
113.190918 
113.191223 
113.191223 
113.191528 
113.191528 
113.191223 
113.191833 
113.191833 
113.191223 
113.191223 
113.191223 
113.190613 
113.190308 
113.191223 
113.192139 
113.193054 
113.193359 
113.193359 
113.193054 
113.192749 
113.192444 
113.191833 
113.191833 
113.192444 
113.192139 
113.192139 
113.191833 
113.191833 
113.192444 
113.192444 
113.192749 
113.193054 
113.193665 
113.193054 
113.191833 
113.191223 
113.190918 
113.191223 
113.190918 
113.191528 
113.191528 
113.191528 
113.191833 
113.192444 
113.192139 
113.192139 
113.192139 
113.192444 
113.191833 
113.191528 
113.191528 
113.190918 
113.190613 
113.191528 
113.192444 
113.193054 
113.193665 
113.193359 
113.193359 
113.193665 
113.192749 
113.192139 
113.192444 
113.192444 
113.191833 
113.192444 
113.191833 
113.191833 
113.192139 
113.192749 
113.193359 
113.193359 
113.193665 
113.192444 
113.191528 
113.190918 
113.190613 
113.190613 
113.190613 
113.190918 
113.190918 
113.191223 
113.191528 
113.191833 
113.191833 
113.192139 
113.191833 
113.191528 
113.191528 
113.191223 
113.190918 
113.190308 
113.190308 
113.190613 
113.192139 
113.192749 
113.192749 
113.193054 
113.192749 
113.192444 
113.192444 
113.191833 
113.191528 
113.191833 
113.191528 
113.191528 
113.191528 
113.192139 
113.191528 
113.192139 
113.192444 
113.192749 
113.192444 
113.192139 
113.191223 
113.190002 
113.190308 
113.190002 
113.190613 
113.190308 
113.191223 
113.191223 
113.191223 
113.191528 
113.191528 
113.191528 
113.192139 
113.191528 
113.191223 
113.190918 
113.190918 
113.190308 
113.190308 
113.190613 
113.191833 
113.192749 
113.193359 
113.192749 
113.192749 
113.192749 
113.192139 
113.192444 
113.191528 
113.191833 
113.192139 
113.191833 
113.191833 
113.191833 
113.191833 
113.192444 
113.192444 
113.192749 
113.193359 
113.192749 
113.190918 
113.190308 
113.190308 
113.190613 
113.190918 
113.190918 
113.190918 
113.191223 
113.192139 
113.191528 
113.191528 
113.191833 
113.191833 
113.191528 
113.191223 
113.191528 
113.190918 
113.190613 
113.190002 
113.190918 
113.192139 
113.192444 
113.193665 
113.192749 
113.192444 
113.192444 
113.192444 
113.191833 
113.191833 
113.191528 
113.191528 
113.191528 
113.191528 
113.191833 
113.191833 
113.192139 
113.192139 
113.192749 
113.192749 
113.192139 
113.190918 
113.190002 
113.189697 
113.190002 
113.190308 
113.190613 
113.190918 
113.190613 
113.191223 
113.191528 
113.191528 
113.191528 
113.191223 
113.191223 
113.191223 
113.190918 
113.190308 
113.190308 
113.190002 
113.190613 
113.191833 
113.192749 
113.192444 
113.192444 
113.192139 
113.191833 
113.191833 
113.191528 
113.191223 
113.191223 
113.191223 
113.191223 
113.191223 
113.191528 
113.191833 
113.191833 
113.192139 
113.192444 
113.193054 
113.191833 
113.190918 
113.190002 
113.190002 
113.190002 
113.190308 
113.190613 
113.191223 
113.191223 
113.191223 
113.191223 
113.191833 
113.191528 
113.190918 
113.191223 
113.191528 
113.190918 
113.190613 
113.190308 
113.190308 
113.190918 
113.192139 
113.192749 
113.192749 
113.193054 
113.192444 
113.192444 
113.192139 
113.191833 
113.192139 
113.191833 
113.191833 
113.191833 
113.191833 
113.191833 
113.191833 
113.191833 
113.192749 
113.193359 
113.193054 
113.192444 
113.191223 
113.190308 
113.190308 
113.190613 
113.190308 
113.190918 
113.191528 
113.191223 
113.191528 
113.191833 
113.191528 
113.191528 
113.191833 
113.191223 
113.191223 
113.190918 
113.190613 
113.190002 
113.190002 
113.190918 
113.191528 
113.193054 
113.193359 
113.192749 
113.192749 
113.192444 
113.191833 
113.191528 
113.191528 
113.191528 
113.191528 
113.191528 
113.191528 
113.191528 
113.191833 
113.192139 
113.192139 
113.192749 
113.192444 
113.191528 
113.190918 
113.190002 
113.189697 
113.190308 
113.190002 
113.190613 
113.190613 
113.191223 
113.191528 
113.191223 
113.191528 
113.191528 
113.191223 
113.191528 
113.191223 
113.191223 
113.190308 
113.190002 
113.190002 
113.190308 
113.192139 
113.192749 
113.192749 
113.192749 
113.192139 
113.192139 
113.191833 
113.191528 
113.191223 
113.191223 
113.191528 
113.191528 
113.191528 
113.191528 
113.192139 
113.192139 
113.192444 
113.192444 
113.192444 
113.191833 
113.191223 
113.190308 
113.190002 
113.190002 
113.190613 
113.190918 
113.191223 
113.191223 
113.191528 
113.191528 
113.191223 
113.191833 
113.191223 
113.191528 
113.191223 
113.190918 
113.190613 
113.190308 
113.190308 
113.191223 
113.192139 
113.192749 
113.193054 
113.193054 
113.192444 
113.192139 
113.192139 
113.191833 
113.191528 
113.191833 
113.191223 
113.191528 
113.191833 
113.191833 
113.191833 
113.192139 
113.192139 
113.192749 
113.192749 
113.192444 
113.190613 
113.190002 
113.190308 
113.190613 
113.190918 
113.191223 
113.190918 
113.191528 
113.191833 
113.191833 
113.191223 
113.191528 
113.191528 
113.191223 
113.191223 
113.190918 
113.190613 
113.190613 
113.190308 
113.190918 
113.192139 
113.193054 
113.193054 
113.192444 
113.192444 
113.191833 
113.191833 
113.191528 
113.191528 
113.191528 
113.191528 
113.191528 
113.191528 
113.191528 
113.191833 
113.192749 
113.192444 
113.192749 
113.193054 
113.191833 
113.190613 
113.190002 
113.190002 
113.190002 
113.190308 
113.190613 
113.191223 
113.190918 
113.191528 
113.191223 
113.191223 
113.191528 
113.190918 
113.191223 
113.191223 
113.190613 
113.190308 
113.190308 
113.189697 
113.190308 
113.191528 
113.192749 
113.192749 
113.192139 
113.192444 
113.192139 
113.191833 
113.192139 
113.191528 
113.191528 
113.191528 
113.191223 
113.191528 
113.191223 
113.192444 
113.192139 
113.192444 
113.192749 
113.191833 
113.191833 
113.190918 
113.190002 
113.190002 
113.190308 
113.190613 
113.190613 
113.190613 
113.190918 
113.191223 
113.191223 
113.191223 
113.191223 
113.190918 
113.191528 
113.190918 
113.190918 
113.190308 
113.190308 
113.190002 
113.190613 
113.191833 
113.192444 
113.192749 
113.192444 
113.192444 
113.192139 
113.191833 
113.191223 
113.191223 
113.191223 
113.191528 
113.191223 
113.191223 
113.191528 
113.192139 
113.191833 
113.192444 
113.192749 
113.192444 
113.191833 
113.190918 
113.190002 
113.190308 
113.190308 
113.190002 
113.190613 
113.191223 
113.190918 
113.191528 
113.191223 
113.191223 
113.191223 
113.191223 
113.190918 
113.190918 
113.190308 
113.190613 
113.190002 
113.189697 
113.190613 
113.191833 
113.192444 
113.192444 
113.192139 
113.192444 
113.191833 
113.191833 
113.191223 
113.191528 
113.191223 
113.191528 
113.191223 
113.191833 
113.191528 
113.191528 
113.191833 
113.192444 
113.192444 
113.192444 
113.191528 
113.190918 
113.190002 
113.190308 
113.190002 
113.190613 
113.190918 
113.190918 
113.190918 
113.191223 
113.191528 
113.191528 
113.191223 
113.191528 
113.191528 
113.190918 
113.190613 
113.190613 
113.190002 
113.189697 
113.190613 
113.192139 
113.192444 
113.192139 
113.192444 
113.191833 
113.191833 
113.191833 
113.191528 
113.191528 
113.191528 
113.191223 
113.191223 
113.191528 
113.191528 
113.191833 
113.191833 
113.192139 
113.192749 
113.192749 
113.191833 
113.190613 
113.190002 
113.190308 
113.190308 
113.190613 
113.190918 
113.190918 
113.190918 
113.191528 
113.191833 
113.191528 
113.191223 
113.191223 
113.191223 
113.190918 
113.190308 
113.190002 
113.189697 
113.190002 
113.190613 
113.191833 
113.192444 
113.192749 
113.192444 
113.192444 
113.192139 
113.191833 
113.191528 
113.191223 
113.191223 
113.190918 
113.191223 
113.191528 
113.191528 
113.191223 
113.191833 
113.192444 
113.192139 
113.192749 
113.191833 
113.190613 
113.190308 
113.190002 
113.190308 
113.190613 
113.190918 
113.190918 
113.191223 
113.191528 
113.191528 
113.191223 
113.191223 
113.191223 
113.190918 
113.190918 
113.190918 
113.190308 
113.190002 
113.190002 
113.190613 
113.191833 
113.192749 
113.192749 
113.191833 
113.192139 
113.191833 
113.191528 
113.191528 
113.191528 
113.191223 
113.191528 
113.191223 
113.191223 
113.191223 
113.191833 
113.191833 
113.191833 
113.192749 
113.192444 
113.191528 
113.190613 
113.190002 
113.190002 
113.190308 
113.190308 
113.190308 
113.190613 
113.191528 
113.190918 
113.190918 
113.191528 
113.191528 
113.190918 
113.191528 
113.190918 
113.190613 
113.190308 
113.190002 
113.190002 
113.190918 
113.191528 
113.192444 
113.192444 
113.192444 
113.191833 
113.191528 
113.191528 
113.191833 
113.191223 
113.191528 
113.191223 
113.191223 
113.191223 
113.191223 
113.191528 
113.191833 
113.192444 
113.192139 
113.192444 
113.191833 
113.190613 
113.190002 
113.190002 
113.190002 
113.190308 
113.190613 
113.190918 
113.190918 
113.191528 
113.191528 
113.191223 
113.191223 
113.191528 
113.190918 
113.191223 
113.190918 
113.190002 
113.189697 
113.190308 
113.190613 
113.192139 
113.192749 
113.192749 
113.192444 
113.192139 
113.192139 
113.191223 
113.191223 
113.191223 
113.191528 
113.190918 
113.191223 
113.190918 
113.191528 
113.191223 
113.191528 
113.192444 
113.191833 
113.192444 
113.191528 
113.190613 
113.190002 
113.190002 
113.190308 
113.190308 
113.190918 
113.190918 
113.191223 
113.191833 
113.191223 
113.191223 
113.191528 
113.190918 
113.191223 
113.191223 
113.190918 
113.190002 
113.190308 
113.190308 
113.190918 
113.192139 
113.192749 
113.192749 
113.192139 
113.192444 
113.192139 
113.191833 
113.191833 
113.191223 
113.190918 
113.191528 
113.191223 
113.191223 
113.191223 
113.191528 
113.191833 
113.192444 
113.192749 
113.192139 
113.191528 
113.190918 
113.189697 
113.189697 
113.190613 
113.190613 
113.190308 
113.190918 
113.191223 
113.191223 
113.191528 
113.191528 
113.191223 
113.191223 
113.191223 
113.191223 
113.190308 
113.190308 
113.189697 
113.189697 
113.191223 
113.192139 
113.192444 
113.192749 
113.192139 
113.191833 
113.191833 
113.191528 
113.191223 
113.191223 
113.190918 
113.190918 
113.191223 
113.191223 
113.190918 
113.191223 
113.191833 
113.192139 
113.191833 
113.192139 
113.191223 
113.190613 
113.189697 
113.190002 
113.190002 
113.190308 
113.190308 
113.190613 
113.191223 
113.190918 
113.190918 
113.191528 
113.191528 
113.191223 
113.190918 
113.190918 
113.190308 
113.189697 
113.190002 
113.189697 
113.190918 
113.192139 
113.192749 
113.192749 
113.192444 
113.192139 
113.192139 
113.191833 
113.191528 
113.190918 
113.191223 
113.190918 
113.190918 
113.190918 
113.191223 
113.191528 
113.191833 
113.191833 
113.192749 
113.192444 
113.191833 
113.190308 
113.190002 
113.190002 
113.190002 
113.190308 
113.190613 
113.190918 
113.190918 
113.191223 
113.191528 
113.191223 
113.191528 
113.191528 
113.190918 
113.190918 
113.190613 
113.190613 
113.190308 
113.190002 
113.190918 
113.192444 
113.192749 
113.192444 
113.192444 
113.192139 
113.192139 
113.191528 
113.191528 
113.191223 
113.191223 
113.191223 
113.190918 
113.191223 
113.191833 
113.191833 
113.191528 
113.192139 
113.192139 
113.192139 
113.191223 
113.190002 
113.189392 
113.189392 
113.190002 
113.190308 
113.190002 
113.190308 
113.190918 
113.191223 
113.191223 
113.190918 
113.191223 
113.191223 
113.191223 
113.190918 
113.190918 
113.190308 
113.190002 
113.190308 
113.191223 
113.191833 
113.192444 
113.192444 
113.192444 
113.192139 
113.191833 
113.191833 
113.191528 
113.191223 
113.191223 
113.191223 
113.191223 
113.191223 
113.191528 
113.191528 
113.191833 
113.192139 
113.192444 
113.192444 
113.191528 
113.190918 
113.189697 
113.189697 
113.190308 
113.190613 
113.190002 
113.190613 
113.190918 
113.191528 
113.191223 
113.191528 
113.191528 
113.191528 
113.191223 
113.190918 
113.190613 
113.190308 
113.190002 
113.190002 
113.191528 
113.192444 
113.192444 
113.192749 
113.193054 
113.192139 
113.191833 
113.191833 
113.191833 
113.191223 
113.191223 
113.191223 
113.191223 
113.190918 
113.191528 
113.191223 
113.191833 
113.192444 
113.192749 
113.192444 
113.191833 
113.190308 
113.190308 
113.190002 
113.190308 
113.190613 
113.190613 
113.191223 
113.190613 
113.191223 
113.191223 
113.191528 
113.191528 
113.191223 
113.191528 
113.190918 
113.190613 
113.190002 
113.190002 
113.190002 
113.191223 
113.192139 
113.192749 
113.192749 
113.192749 
113.192139 
113.192139 
113.192139 
113.191223 
113.191223 
113.191223 
113.191528 
113.191223 
113.191528 
113.191528 
113.192139 
113.191833 
113.192139 
113.192749 
113.192139 
113.191223 
113.190308 
113.190002 
113.189697 
113.189697 
113.190308 
113.190613 
113.190918 
113.191223 
113.191223 
113.191223 
113.190918 
113.191528 
113.190918 
113.190918 
113.190613 
113.190308 
113.190002 
113.189697 
113.190002 
113.190918 
113.191833 
113.192444 
113.192139 
113.192139 
113.192139 
113.191833 
113.191833 
113.191223 
113.190918 
113.191223 
113.191223 
113.191223 
113.191528 
113.191528 
113.191833 
113.191833 
113.192444 
113.192749 
113.192444 
113.191223 
113.190613 
113.190002 
113.190002 
113.190002 
113.190308 
113.190308 
113.190918 
113.190613 
113.190613 
113.191528 
113.191223 
113.190918 
113.191528 
113.191223 
113.190918 
113.190613 
113.190308 
113.190002 
113.190308 
113.190918 
113.192139 
113.192749 
113.192444 
113.192444 
113.192139 
113.192139 
113.191528 
113.191833 
113.190918 
113.191223 
113.191528 
113.191223 
113.191223 
113.191223 
113.191223 
113.191833 
113.192444 
113.192749 
113.192444 
113.191528 
113.190308 
113.189697 
113.190002 
113.190002 
113.190613 
113.190613 
113.190918 
113.191223 
113.191223 
113.191223 
113.191223 
113.191223 
113.191223 
113.191223 
113.190918 
113.190918 
113.190002 
113.190002 
113.190308 
113.191223 
113.192139 
113.193054 
113.192749 
113.191833 
113.192139 
113.191833 
113.191528 
113.191528 
113.191528 
113.191223 
113.191223 
113.191528 
113.191223 
113.191223 
113.191528 
113.191833 
113.192139 
113.192444 
113.192749 
113.190918 
113.190308 
113.190002 
113.189087 
113.189697 
113.190308 
113.190308 
113.190613 
113.191223 
113.190918 
113.191223 
113.191223 
113.191223 
113.191223 
113.191223 
113.191223 
113.190613 
113.190002 
113.190308 
113.190308 
113.191223 
113.192139 
113.193054 
113.192749 
113.192444 
113.192139 
113.191833 
113.191528 
113.191223 
113.191223 
113.191223 
113.191223 
113.191528 
113.191528 
113.191528 
113.191223 
113.191833 
113.192139 
113.192444 
113.192444 
113.191528 
113.190308 
113.189697 
113.189697 
113.190002 
113.190308 
113.190308 
113.190918 
113.190918 
113.190918 
113.191528 
113.191223 
113.191223 
113.190918 
113.191223 
113.190918 
113.190613 
113.190308 
113.190002 
113.190308 
113.191528 
113.192444 
113.192749 
113.193054 
113.192444 
113.192444 
113.192139 
113.191833 
113.191528 
113.191833 
113.191528 
113.191223 
113.190918 
113.191528 
113.191833 
113.191833 
113.191528 
113.192749 
113.192139 
113.192444 
113.191528 
113.190308 
113.190002 
113.189697 
113.190308 
113.190002 
113.190613 
113.190613 
113.190918 
113.190918 
113.191223 
113.191528 
113.191223 
113.191223 
113.191223 
113.191223 
113.190308 
113.190308 
113.190002 
113.190002 
113.191528 
113.191833 
113.192749 
113.193054 
113.192444 
113.192444 
113.191833 
113.191833 
113.191223 
113.191528 
113.191223 
113.191528 
113.191223 
113.191528 
113.191528 
113.191833 
113.191528 
113.192139 
113.192444 
113.192139 
113.191223 
113.190308 
113.190002 
113.189697 
113.190308 
113.190002 
113.190613 
113.190613 
113.191223 
113.190613 
113.191223 
113.190918 
113.190918 
113.190918 
113.191223 
113.190613 
113.190308 
113.190613 
113.189697 
113.189697 
113.191528 
113.192139 
113.192444 
113.192444 
113.192444 
113.191833 
113.191833 
113.191833 
113.191528 
113.191528 
113.191833 
113.191528 
113.191223 
113.191223 
113.191223 
113.191833 
113.191833 
113.192139 
113.192749 
113.192749 
113.190918 
113.190308 
113.189697 
113.190002 
113.190002 
113.190002 
113.190613 
113.190613 
113.190918 
113.191223 
113.190918 
113.190918 
113.191528 
113.191528 
113.191223 
113.191223 
113.190308 
113.190002 
113.189697 
113.190308 
113.191223 
113.191833 
113.192749 
113.192749 
113.192139 
113.192139 
113.191833 
113.191833 
113.191528 
113.191528 
113.191528 
113.191223 
113.191223 
113.191223 
113.191223 
113.191833 
113.192139 
113.192444 
113.192444 
113.192139 
113.190613 
113.190002 
113.190002 
113.189392 
113.190308 
113.190613 
113.190613 
113.190613 
113.191528 
113.191223 
113.191223 
113.191223 
113.191528 
113.190918 
113.190918 
113.190613 
113.190308 
113.190308 
113.190002 
113.190002 
113.191223 
113.192139 
113.192749 
113.192444 
113.192749 
113.191833 
113.191833 
113.191528 
113.191528 
113.191528 
113.191223 
113.191223 
113.190613 
113.191223 
113.191223 
113.191833 
113.192139 
113.192139 
113.192749 
113.192139 
113.191223 
113.190002 
113.189697 
113.190002 
113.190308 
113.190002 
113.190613 
113.190613 
113.190918 
113.191223 
113.191223 
113.190918 
113.191223 
113.191223 
113.190918 
113.190918 
113.190613 
113.190002 
113.190308 
113.190002 
113.191528 
113.192139 
113.192749 
113.192139 
113.192139 
113.191833 
113.191833 
113.191528 
113.191223 
113.191528 
113.191528 
113.191223 
113.191223 
113.191223 
113.191528 
113.192139 
113.192139 
113.192139 
113.192749 
113.192444 
113.191223 
113.190002 
113.189697 
113.190308 
113.190308 
113.190308 
113.190613 
113.190918 
113.191223 
113.190918 
113.190918 
113.191223 
113.190918 
113.190918 
113.191223 
113.190918 
113.190308 
113.190002 
113.190002 
113.190002 
113.191528 
113.192444 
113.192749 
113.192749 
113.192444 
113.192139 
113.191833 
113.191833 
113.191528 
113.191528 
113.191223 
113.191223 
113.190918 
113.191528 
113.191223 
113.191833 
113.192139 
113.192444 
113.192749 
113.192749 
113.191223 
113.190613 
113.189697 
113.190002 
113.190613 
113.190918 
113.190613 
113.190918 
113.191223 
113.191223 
113.190918 
113.191223 
113.191223 
113.191223 
113.190918 
113.190918 
113.190308 
113.190002 
113.190002 
113.190308 
113.191223 
113.192444 
113.192749 
113.192444 
113.192444 
113.191833 
113.191528 
113.191528 
113.191223 
113.191223 
113.191223 
113.190918 
113.190918 
113.191223 
113.191528 
113.191833 
113.192139 
113.192444 
113.192444 
113.191833 
113.191223 
113.190002 
113.189697 
113.190002 
113.190308 
113.190613 
113.190613 
113.190918 
113.191528 
113.191223 
113.191223 
113.191223 
113.191528 
113.191528 
113.191223 
113.190613 
113.190613 
113.190002 
113.190002 
113.190002 
113.190918 
113.192444 
113.192444 
113.192444 
113.192139 
113.191833 
113.191833 
113.191528 
113.191528 
113.191223 
113.191223 
113.191223 
113.190918 
113.190918 
113.191223 
113.191833 
113.192139 
113.192749 
113.192444 
113.192139 
113.191223 
113.190002 
113.190002 
113.190002 
113.190002 
113.190308 
113.190613 
113.190918 
113.190918 
113.191223 
113.191223 
113.191223 
113.191528 
113.191528 
113.191223 
113.190613 
113.190308 
113.190308 
113.189697 
113.190308 
113.191528 
113.192444 
113.192749 
113.192444 
113.192139 
113.192139 
113.191528 
113.191528 
113.191223 
113.191223 
113.190918 
113.190918 
113.191223 
113.191223 
113.191223 
113.191528 
113.192139 
113.192444 
113.192749 
113.192444 
113.190918 
113.190002 
113.190002 
113.190002 
113.190308 
113.190613 
113.190918 
113.190918 
113.190918 
113.191528 
113.191528 
113.191223 
113.191223 
113.191223 
113.191223 
113.190918 
113.190613 
113.189697 
113.190002 
113.190308 
113.191528 
113.192749 
113.192749 
113.192139 
113.192444 
113.192139 
113.191833 
113.191223 
113.191528 
113.190918 
113.191223 
113.190918 
113.191223 
113.190918 
113.191223 
113.191833 
113.192139 
113.192139 
113.192749 
113.191833 
113.190918 
113.190613 
113.189697 
113.190308 
113.190308 
113.190613 
113.190308 
113.190613 
113.191223 
113.191223 
113.191223 
113.191223 
113.191528 
113.191223 
113.191223 
113.191223 
113.190613 
113.190002 
113.190002 
113.190002 
113.191223 
113.192444 
113.192444 
113.192444 
113.192139 
113.192139 
113.191528 
113.191223 
113.191528 
113.191223 
113.191223 
113.190918 
113.190918 
113.191223 
113.191528 
113.191528 
113.191833 
113.192139 
113.192139 
113.192139 
113.191223 
113.190308 
113.189697 
113.190308 
113.190308 
113.190613 
113.190918 
113.190918 
113.191223 
113.191528 
113.191223 
113.190918 
113.191223 
113.190918 
113.190918 
113.190613 
113.190613 
113.190002 
113.190002 
113.190613 
113.191528 
113.192444 
113.193054 
113.192749 
113.192139 
113.192139 
113.192139 
113.191528 
113.191528 
113.191223 
113.190918 
113.191223 
113.191223 
113.191528 
113.191223 
113.191528 
113.191833 
113.192139 
113.192444 
113.192139 
113.190918 
113.190002 
113.189697 
113.190002 
113.190308 
113.190308 
113.190918 
113.191223 
113.191223 
113.191528 
113.191528 
113.191223 
113.191223 
113.190918 
113.190918 
113.190613 
113.190613 
113.190308 
113.190308 
113.190308 
113.191528 
113.192749 
113.192444 
113.192444 
113.192139 
113.192139 
113.191528 
113.191833 
113.191528 
113.191223 
113.191528 
113.190918 
113.191223 
113.191833 
113.191528 
113.191833 
113.191833 
113.192444 
113.192444 
113.191833 
113.190613 
113.189392 
113.189392 
113.190002 
113.190002 
113.190002 
113.190918 
113.190613 
113.190918 
113.191223 
113.191833 
113.191223 
113.191223 
113.191223 
113.190918 
113.190613 
113.190613 
113.190002 
113.190002 
113.190613 
113.191528 
113.192444 
113.193054 
113.192749 
113.192139 
113.192139 
113.191833 
113.191223 
113.190918 
113.191528 
113.191223 
113.191223 
113.191223 
113.191528 
113.191528 
113.191833 
113.192139 
113.192139 
113.192444 
113.192139 
113.190613 
113.190308 
113.189697 
113.190002 
113.190308 
113.190613 
113.190918 
113.190918 
113.191223 
113.191223 
113.191223 
113.190918 
113.191528 
113.190918 
113.191223 
113.190918 
113.190308 
113.190002 
113.190002 
113.190308 
113.191223 
113.192749 
113.192749 
113.192444 
113.192444 
113.192139 
113.191833 
113.191528 
113.191833 
113.190918 
113.191223 
113.190918 
113.190918 
113.190918 
113.191223 
113.191833 
113.191833 
113.192444 
113.192444 
113.192139 
113.190918 
113.190002 
113.189697 
113.190308 
113.190613 
113.190613 
113.190613 
113.190613 
113.190918 
113.190918 
113.190918 
113.191223 
113.190918 
113.190918 
113.190918 
113.190308 
113.190613 
113.189697 
113.189697 
113.190308 
113.191223 
113.192139 
113.192444 
113.192444 
113.191223 
113.191223 
113.190613 
113.190308 
113.189697 
113.189087 
113.188171 
113.188477 
113.187866 
113.186951 
113.186646 
113.186340 
113.185730 
113.185730 
113.184509 
113.183289 
113.180542 
113.179016 
113.178101 
113.177185 
113.175354 
113.174438 
113.173523 
113.172302 
113.170776 
113.169556 
113.168030 
113.166199 
113.164368 
113.162537 
113.160400 
113.158264 
113.155823 
113.153076 
113.150635 
113.149109 
113.147888 
113.146667 
113.144836 
113.141785 
113.139343 
113.136597 
113.133850 
113.131104 
113.128662 
113.125610 
113.122864 
113.120422 
113.117676 
113.115234 
113.113098 
113.110046 
113.107605 
113.105469 
113.102722 
113.099976 
113.095703 
113.092346 
113.089294 
113.086548 
113.083496 
113.081360 
113.078613 
113.075867 
113.073730 
113.070679 
113.068542 
113.065186 
113.062744 
113.059692 
113.056946 
113.054504 
113.050232 
113.047485 
113.044128 
113.041687 
113.040771 
113.038635 
113.036499 
113.034058 
113.031006 
113.027344 
113.024902 
113.021545 
113.018799 
113.016052 
113.013306 
113.010559 
113.007507 
113.005371 
113.002930 
113.000488 
112.998047 
112.995605 
112.993469 
112.990112 
112.986755 
112.983093 
112.980042 
112.977600 
112.975159 
112.972717 
112.970886 
112.967834 
112.965698 
112.963257 
112.960815 
112.958069 
112.955627 
112.952576 
112.949829 
112.947388 
112.944031 
112.940979 
112.938232 
112.936707 
112.934875 
112.933350 
112.930908 
112.928467 
112.925415 
112.922668 
112.919617 
112.916565 
112.914124 
112.911377 
112.908325 
112.906189 
112.903442 
112.900696 
112.898254 
112.895813 
112.893372 
112.891235 
112.888489 
112.885437 
112.881775 
112.878113 
112.875671 
112.872925 
112.870483 
112.867737 
112.865906 
112.863770 
112.861328 
112.858582 
112.856140 
112.853699 
112.850952 
112.848511 
112.845764 
112.842712 
112.839966 
112.836609 
112.833862 
112.831726 
112.830200 
112.828674 
112.826233 
112.823486 
112.821045 
112.817993 
112.814941 
112.812195 
112.809753 
112.806702 
112.804260 
112.801208 
112.799072 
112.796326 
112.793579 
112.791443 
112.789001 
112.786865 
112.784424 
112.781372 
112.778015 
112.774658 
112.771301 
112.769165 
112.766724 
112.764282 
112.762146 
112.760010 
112.757263 
112.754822 
112.752075 
112.750244 
112.747803 
112.745056 
112.742004 
112.738953 
112.736206 
112.733154 
112.730408 
112.728271 
112.727356 
112.725220 
112.723083 
112.720642 
112.717896 
112.715149 
112.712097 
112.709656 
112.706604 
112.703857 
112.701111 
112.698669 
112.695923 
112.693481 
112.690735 
112.688599 
112.687073 
112.684631 
112.681885 
112.679138 
112.675171 
112.671509 
112.669067 
112.666321 
112.664185 
112.661743 
112.659607 
112.656860 
112.654724 
112.652283 
112.650146 
112.647095 
112.644653 
112.641602 
112.639160 
112.636414 
112.633362 
112.630310 
112.627258 
112.625427 
112.624207 
112.622681 
112.619934 
112.617493 
112.614746 
112.612000 
112.609253 
112.605591 
112.603149 
112.600403 
112.597656 
112.594910 
112.592468 
112.590027 
112.587585 
112.585144 
112.583008 
112.580261 
112.577820 
112.574463 
112.570801 
112.567749 
112.564697 
112.561951 
112.559509 
112.557678 
112.555237 
112.552795 
112.550659 
112.548218 
112.545471 
112.543030 
112.540283 
112.537537 
112.535095 
112.532349 
112.529297 
112.526245 
112.523804 
112.521362 
112.520142 
112.518616 
112.516174 
112.513428 
112.510376 
112.507935 
112.505188 
112.502136 
112.498779 
112.496338 
112.494202 
112.491455 
112.488708 
112.486267 
112.484131 
112.481995 
112.479248 
112.477722 
112.474670 
112.471313 
112.468262 
112.464294 
112.461853 
112.459106 
112.457275 
112.454529 
112.452393 
112.450256 
112.447510 
112.445068 
112.442627 
112.440186 
112.437744 
112.434998 
112.432556 
112.429504 
112.426147 
112.423401 
112.420349 
112.418518 
112.417297 
112.415771 
112.413330 
112.410583 
112.407532 
112.404785 
112.402344 
112.399292 
112.396240 
112.393799 
112.391052 
112.388306 
112.385864 
112.383423 
112.380676 
112.378845 
112.376404 
112.374573 
112.371826 
112.368774 
112.365417 
112.361450 
112.359009 
112.356567 
112.353821 
112.351074 
112.349243 
112.347107 
112.344666 
112.342224 
112.339172 
112.337341 
112.334290 
112.332153 
112.329102 
112.326050 
112.323303 
112.320251 
112.317810 
112.315369 
112.314453 
112.312622 
112.310181 
112.307739 
112.304993 
112.301941 
112.298889 
112.296448 
112.293396 
112.290649 
112.288208 
112.285461 
112.283020 
112.280579 
112.277832 
112.275696 
112.273865 
112.271118 
112.268372 
112.265320 
112.261658 
112.257996 
112.255554 
112.253113 
112.250061 
112.248535 
112.245789 
112.243347 
112.241516 
112.238770 
112.236328 
112.233887 
112.231140 
112.228699 
112.225952 
112.222595 
112.220459 
112.217102 
112.214355 
112.212219 
112.210693 
112.208862 
112.207031 
112.204285 
112.201538 
112.198486 
112.195435 
112.192993 
112.190247 
112.187805 
112.185059 
112.182617 
112.180176 
112.177734 
112.175293 
112.172546 
112.170410 
112.168579 
112.166138 
112.162781 
112.159119 
112.155762 
112.153015 
112.150879 
112.148132 
112.145996 
112.143860 
112.141724 
112.138977 
112.136536 
112.134399 
112.131653 
112.129211 
112.126465 
112.123718 
112.120972 
112.117920 
112.115173 
112.112122 
112.109985 
112.108459 
112.107239 
112.104492 
112.102356 
112.099304 
112.096558 
112.093811 
112.090454 
112.087708 
112.085266 
112.082520 
112.080383 
112.077332 
112.075195 
112.073059 
112.069702 
112.067871 
112.065735 
112.063293 
112.059937 
112.056274 
112.052917 
112.050171 
112.048035 
112.045288 
112.042847 
112.040710 
112.038269 
112.036133 
112.033997 
112.031250 
112.028809 
112.026062 
112.023315 
112.020569 
112.017822 
112.014465 
112.011414 
112.008972 
112.007446 
112.005615 
112.003784 
112.001648 
111.998596 
111.996155 
111.993713 
111.990356 
111.987305 
111.984863 
111.982422 
111.979370 
111.977234 
111.974487 
111.972046 
111.969604 
111.967468 
111.965332 
111.962891 
111.960754 
111.957092 
111.953125 
111.950073 
111.947327 
111.944580 
111.942444 
111.940002 
111.937256 
111.935425 
111.932983 
111.931152 
111.928101 
111.925659 
111.922607 
111.920166 
111.917419 
111.914368 
111.911316 
111.908875 
111.905823 
111.903992 
111.902466 
111.900940 
111.898499 
111.895447 
111.893005 
111.889954 
111.887207 
111.884460 
111.881714 
111.878967 
111.876526 
111.874084 
111.871338 
111.868896 
111.866150 
111.864014 
111.861572 
111.860046 
111.857605 
111.854248 
111.850281 
111.846924 
111.844177 
111.841736 
111.838989 
111.837158 
111.834106 
111.832275 
111.830139 
111.827698 
111.825256 
111.822510 
111.819763 
111.817017 
111.814880 
111.811829 
111.808472 
111.806030 
111.802673 
111.801147 
111.799927 
111.797485 
111.795044 
111.792297 
111.789246 
111.787109 
111.784058 
111.781006 
111.778259 
111.775818 
111.773071 
111.770020 
111.767883 
111.765442 
111.763000 
111.760559 
111.758728 
111.755981 
111.754150 
111.750793 
111.747131 
111.743469 
111.741028 
111.738281 
111.736145 
111.734009 
111.731567 
111.729126 
111.726990 
111.724243 
111.721497 
111.719055 
111.716919 
111.714172 
111.710815 
111.708069 
111.705322 
111.701965 
111.700134 
111.697693 
111.696777 
111.694641 
111.692505 
111.689453 
111.687012 
111.684265 
111.680908 
111.678162 
111.675415 
111.672668 
111.670227 
111.667175 
111.665039 
111.662292 
111.660461 
111.658020 
111.655579 
111.653442 
111.651001 
111.647644 
111.643677 
111.640015 
111.637878 
111.635132 
111.632996 
111.630859 
111.628418 
111.626282 
111.623840 
111.621094 
111.618958 
111.616516 
111.613464 
111.611023 
111.608582 
111.605225 
111.602478 
111.599121 
111.596680 
111.594543 
111.593018 
111.591492 
111.589355 
111.586304 
111.583557 
111.580811 
111.578369 
111.575012 
111.572266 
111.569824 
111.567078 
111.564636 
111.561890 
111.559753 
111.557312 
111.554871 
111.552429 
111.550903 
111.548157 
111.544495 
111.541138 
111.538086 
111.535034 
111.532593 
111.530457 
111.528320 
111.525879 
111.523743 
111.520691 
111.518555 
111.516113 
111.513672 
111.511230 
111.508484 
111.505737 
111.502686 
111.499939 
111.496887 
111.494446 
111.492310 
111.491089 
111.488647 
111.486816 
111.483765 
111.481018 
111.478271 
111.475525 
111.472778 
111.469727 
111.466980 
111.463928 
111.461792 
111.459351 
111.456909 
111.454163 
111.452026 
111.450195 
111.447754 
111.445313 
111.442261 
111.438293 
111.434937 
111.431885 
111.429443 
111.427002 
111.425476 
111.422729 
111.420593 
111.418152 
111.416016 
111.412964 
111.410828 
111.408081 
111.405640 
111.402588 
111.399841 
111.396790 
111.394043 
111.391602 
111.389771 
111.388245 
111.386108 
111.383972 
111.381226 
111.378479 
111.375732 
111.372986 
111.370239 
111.367493 
111.364746 
111.361694 
111.359558 
111.356812 
111.354370 
111.351929 
111.349487 
111.347351 
111.345215 
111.342773 
111.339417 
111.336060 
111.332703 
111.329651 
111.326904 
111.324768 
111.322327 
111.320190 
111.318054 
111.315918 
111.313171 
111.310425 
111.308594 
111.305542 
111.302795 
111.300354 
111.297607 
111.294250 
111.291199 
111.288452 
111.287231 
111.285400 
111.283569 
111.281128 
111.278076 
111.275635 
111.272278 
111.269836 
111.267090 
111.264343 
111.261292 
111.258545 
111.256714 
111.253662 
111.250916 
111.249390 
111.246948 
111.244507 
111.242981 
111.239929 
111.236572 
111.232910 
111.230164 
111.226807 
111.224670 
111.222229 
111.220093 
111.217957 
111.215515 
111.213074 
111.210632 
111.208191 
111.205750 
111.203308 
111.200867 
111.197815 
111.195068 
111.192017 
111.188660 
111.186218 
111.184692 
111.183167 
111.181641 
111.178894 
111.176147 
111.173096 
111.170044 
111.167297 
111.164551 
111.161804 
111.159058 
111.156311 
111.153259 
111.151123 
111.148682 
111.146545 
111.144104 
111.141663 
111.139832 
111.137695 
111.134033 
111.130066 
111.126709 
111.124573 
111.122131 
111.119385 
111.116943 
111.115112 
111.112671 
111.110229 
111.108093 
111.105652 
111.102905 
111.100159 
111.097412 
111.095276 
111.091919 
111.088867 
111.086121 
111.083374 
111.082153 
111.080017 
111.078796 
111.076050 
111.073303 
111.070557 
111.067810 
111.064758 
111.062012 
111.059265 
111.056519 
111.054077 
111.051331 
111.048889 
111.046143 
111.044006 
111.041565 
111.039124 
111.037292 
111.034851 
111.030884 
111.027527 
111.024475 
111.021423 
111.018982 
111.016541 
111.014099 
111.011963 
111.009827 
111.007080 
111.004944 
111.003113 
111.000061 
110.997314 
110.995178 
110.991821 
110.989075 
110.986023 
110.983276 
110.980530 
110.978699 
110.977173 
110.975037 
110.972900 
110.969849 
110.967407 
110.964050 
110.961914 
110.958557 
110.955811 
110.953064 
110.950928 
110.947876 
110.945435 
110.943298 
110.940857 
110.938721 
110.936279 
110.934143 
110.931396 
110.928345 
110.924683 
110.921326 
110.918579 
110.916138 
110.913391 
110.911560 
110.909424 
110.906982 
110.904846 
110.902405 
110.899963 
110.897217 
110.894775 
110.892029 
110.888977 
110.886536 
110.883179 
110.880432 
110.877991 
110.876160 
110.874634 
110.872803 
110.870667 
110.867310 
110.864868 
110.862427 
110.858765 
110.855408 
110.853271 
110.850220 
110.847473 
110.845337 
110.842285 
110.840149 
110.838013 
110.835266 
110.833130 
110.830994 
110.828857 
110.824890 
110.821533 
110.818481 
110.815125 
110.812988 
110.811157 
110.808411 
110.806580 
110.804138 
110.801697 
110.798950 
110.796814 
110.794067 
110.791626 
110.789185 
110.785522 
110.783081 
110.780029 
110.776978 
110.774536 
110.773010 
110.771790 
110.769958 
110.766602 
110.764465 
110.761719 
110.758667 
110.755920 
110.753174 
110.749817 
110.747681 
110.744934 
110.742188 
110.739746 
110.737305 
110.735168 
110.732727 
110.730591 
110.728149 
110.725708 
110.722046 
110.718384 
110.715027 
110.712280 
110.710144 
110.708008 
110.705872 
110.703125 
110.700989 
110.698547 
110.696106 
110.693665 
110.691528 
110.688477 
110.686035 
110.683289 
110.680237 
110.677185 
110.674438 
110.671997 
110.670166 
110.668640 
110.666504 
110.664063 
110.661316 
110.658569 
110.655823 
110.653076 
110.650024 
110.647278 
110.644531 
110.641785 
110.639343 
110.636902 
110.633850 
110.632019 
110.629578 
110.627747 
110.625000 
110.622559 
110.618896 
110.615540 
110.612488 
110.609741 
110.607300 
110.604858 
110.603027 
110.600281 
110.598145 
110.596008 
110.593262 
110.591431 
110.588684 
110.585938 
110.583191 
110.580444 
110.577393 
110.574341 
110.571289 
110.569153 
110.567627 
110.566406 
110.564270 
110.561829 
110.559082 
110.556335 
110.553284 
110.550537 
110.547180 
110.544434 
110.541382 
110.538940 
110.536194 
110.534058 
110.531616 
110.529175 
110.526733 
110.524902 
110.522461 
110.520020 
110.516357 
110.512695 
110.509338 
110.506897 
110.503845 
110.502014 
110.499573 
110.497742 
110.495605 
110.493164 
110.490723 
110.488281 
110.485535 
110.483093 
110.480652 
110.477600 
110.474854 
110.471802 
110.468445 
110.466003 
110.464478 
110.463257 
110.461121 
110.458679 
110.456238 
110.452881 
110.450439 
110.447083 
110.444641 
110.441895 
110.439148 
110.436401 
110.433655 
110.431519 
110.428162 
110.426331 
110.424194 
110.422058 
110.419922 
110.417175 
110.413818 
110.409851 
110.406494 
110.404358 
110.402222 
110.399170 
110.397339 
110.394897 
110.393066 
110.390015 
110.387573 
110.385437 
110.382996 
110.380249 
110.377197 
110.374756 
110.371704 
110.368652 
110.365906 
110.363159 
110.361633 
110.360413 
110.358276 
110.356140 
110.352783 
110.350037 
110.347595 
110.344238 
110.341797 
110.339050 
110.335999 
110.333557 
110.331421 
110.328674 
110.325928 
110.323792 
110.321350 
110.319214 
110.317078 
110.314331 
110.310974 
110.307312 
110.304260 
110.301208 
110.299072 
110.296631 
110.294495 
110.292053 
110.289612 
110.287781 
110.285034 
110.282593 
110.280151 
110.277100 
110.274353 
110.272217 
110.269165 
110.266113 
110.263367 
110.260620 
110.259094 
110.258179 
110.255737 
110.253296 
110.250549 
110.248108 
110.245056 
110.242004 
110.239258 
110.236511 
110.233765 
110.230713 
110.228271 
110.225830 
110.223389 
110.220642 
110.219116 
110.216370 
110.213928 
110.211792 
110.208130 
110.204773 
110.201416 
110.198975 
110.196228 
110.194092 
110.191956 
110.189819 
110.187378 
110.184937 
110.182190 
110.180054 
110.177612 
110.175171 
110.172424 
110.169678 
110.166626 
110.163574 
110.161133 
110.158691 
110.157166 
110.155945 
110.154114 
110.151672 
110.148926 
110.146790 
110.144043 
110.141907 
110.140381 
110.137939 
110.135498 
110.133667 
110.131836 
110.130310 
110.129089 
110.127258 
110.125732 
110.124512 
110.123596 
110.122070 
110.119934 
110.117798 
110.116577 
110.114746 
110.114136 
110.113220 
110.112915 
110.112305 
110.112000 
110.111389 
110.111084 
110.110168 
110.110168 
110.109863 
110.108948 
110.108337 
110.107727 
110.107422 
110.106812 
110.106506 
110.108032 
110.108643 
110.109253 
110.109253 
110.108643 
110.108337 
110.108337 
110.108337 
110.107727 
110.108337 
110.107727 
110.108337 
110.108032 
110.108032 
110.108032 
110.108337 
110.108643 
110.109253 
110.109558 
110.109253 
110.108337 
110.107727 
110.106812 
110.107117 
110.107727 
110.108032 
110.108032 
110.108337 
110.108643 
110.108948 
110.108948 
110.108643 
110.108643 
110.109253 
110.108948 
110.108948 
110.108643 
110.108032 
110.107422 
110.107727 
110.109253 
110.110168 
110.110779 
110.110779 
110.110779 
110.110474 
110.110474 
110.109863 
110.109558 
110.109558 
110.109253 
110.109253 
110.109558 
110.109558 
110.109863 
110.109863 
110.110168 
110.110474 
110.111084 
110.110474 
110.109863 
110.108643 
110.108337 
110.108032 
110.108337 
110.108948 
110.109253 
110.109558 
110.109558 
110.109558 
110.109863 
110.110168 
110.109863 
110.109558 
110.109863 
110.108948 
110.108948 
110.108337 
110.108643 
110.108948 
110.109558 
110.110779 
110.111389 
110.110779 
110.111084 
110.110779 
110.110168 
110.110168 
110.110168 
110.109863 
