Blum, K. P., D’Incamps, B. L., Zytnicki, D., & Ting, L. H. (2017).
Force encoding in muscle spindles during stretch of
passive muscle. PLoS computational biology, 13(9), 
e1005767. <https://journals.plos.org/ploscompbiol/article?
id=10.1371/journal.pcbi.1005767>

cat medial gastrocnemius muscle lengths over t  (in 0.0005 s increments)
110.109253 
110.109253 
110.108948 
110.108948 
110.109253 
110.109253 
110.109863 
110.110168 
110.109863 
110.109558 
110.109863 
110.110168 
110.109863 
110.109253 
110.108948 
110.109253 
110.108337 
110.108032 
110.108643 
110.109558 
110.111084 
110.111084 
110.111389 
110.111389 
110.111084 
110.110474 
110.110474 
110.110168 
110.110168 
110.109863 
110.109863 
110.110474 
110.110474 
110.110474 
110.110779 
110.111084 
110.111084 
110.111694 
110.111389 
110.110168 
110.108948 
110.108032 
110.108948 
110.109253 
110.108643 
110.108948 
110.109253 
110.109863 
110.109558 
110.110168 
110.109558 
110.109253 
110.109558 
110.109253 
110.108643 
110.108337 
110.108643 
110.108032 
110.108337 
110.109863 
110.110779 
110.111389 
110.111389 
110.111389 
110.110779 
110.110474 
110.110779 
110.109863 
110.110474 
110.110168 
110.110168 
110.109863 
110.110474 
110.110474 
110.110779 
110.110779 
110.111389 
110.111389 
110.111084 
110.110168 
110.108948 
110.108643 
110.108643 
110.108948 
110.109253 
110.109558 
110.109558 
110.109253 
110.109863 
110.109558 
110.109558 
110.110168 
110.109253 
110.109863 
110.109253 
110.108643 
110.108337 
110.108643 
110.108643 
110.110168 
110.110779 
110.111389 
110.111084 
110.111084 
110.110474 
110.111084 
110.110779 
110.110168 
110.110168 
110.110474 
110.110474 
110.111084 
110.111389 
110.111694 
110.112305 
110.113525 
110.115051 
110.117188 
110.117798 
110.118103 
110.118713 
110.119934 
110.122070 
110.124512 
110.127258 
110.130615 
110.133972 
110.137329 
110.141296 
110.145264 
110.149536 
110.153809 
110.157776 
110.162964 
110.167542 
110.172729 
110.177612 
110.183411 
110.190125 
110.197449 
110.205688 
110.213318 
110.220337 
110.227966 
110.236206 
110.243835 
110.251770 
110.260010 
110.268555 
110.277405 
110.286865 
110.295410 
110.305786 
110.315552 
110.325928 
110.336304 
110.346985 
110.357971 
110.368347 
110.378418 
110.388794 
110.400085 
110.411377 
110.423584 
110.436096 
110.448914 
110.462036 
110.475159 
110.487671 
110.501099 
110.514221 
110.526733 
110.539246 
110.551758 
110.563049 
110.574646 
110.585327 
110.596313 
110.607910 
110.619812 
110.631714 
110.642395 
110.652771 
110.662842 
110.672913 
110.682983 
110.692139 
110.701904 
110.711975 
110.721436 
110.731201 
110.740967 
110.750427 
110.760193 
110.770874 
110.780334 
110.790100 
110.800781 
110.809631 
110.818176 
110.827026 
110.835876 
110.845642 
110.855713 
110.865784 
110.875549 
110.885925 
110.896301 
110.906067 
110.916138 
110.925903 
110.935669 
110.945740 
110.955811 
110.965271 
110.975342 
110.984802 
110.995178 
111.005249 
111.016541 
111.028137 
111.039429 
111.049194 
111.059570 
111.069336 
111.079407 
111.089478 
111.099548 
111.109314 
111.119690 
111.129761 
111.140137 
111.150208 
111.160583 
111.171265 
111.181946 
111.192932 
111.203308 
111.213379 
111.222229 
111.231689 
111.241150 
111.251221 
111.262207 
111.272583 
111.282959 
111.293945 
111.304321 
111.314697 
111.325073 
111.335754 
111.345825 
111.355591 
111.366577 
111.376648 
111.386108 
111.396179 
111.405945 
111.416016 
111.428223 
111.439514 
111.450195 
111.460571 
111.470947 
111.481323 
111.491394 
111.501465 
111.511841 
111.522217 
111.532288 
111.542358 
111.552429 
111.563110 
111.573792 
111.584167 
111.595154 
111.606140 
111.616211 
111.626587 
111.635742 
111.644897 
111.654663 
111.665039 
111.675110 
111.684875 
111.696167 
111.706543 
111.716919 
111.727295 
111.737366 
111.747742 
111.758118 
111.767883 
111.778259 
111.788025 
111.797791 
111.807556 
111.817627 
111.828003 
111.838989 
111.850586 
111.861267 
111.871643 
111.881409 
111.891479 
111.901245 
111.911316 
111.920776 
111.929932 
111.940308 
111.950378 
111.959839 
111.969604 
111.979065 
111.988525 
111.997986 
112.007446 
112.016602 
112.024841 
112.032166 
112.039185 
112.046509 
112.054138 
112.061462 
112.068787 
112.076111 
112.083740 
112.090759 
112.096863 
112.103577 
112.108765 
112.114868 
112.120361 
112.125244 
112.129822 
112.134094 
112.138062 
112.142029 
112.146301 
112.151184 
112.155457 
112.159424 
112.162476 
112.164612 
112.166748 
112.168274 
112.170410 
112.171631 
112.172546 
112.173462 
112.174072 
112.174683 
112.175293 
112.175598 
112.175598 
112.175598 
112.175903 
112.174988 
112.174072 
112.171631 
112.168579 
112.166138 
112.164001 
112.161865 
112.160034 
112.156677 
112.154541 
112.151184 
112.146912 
112.143250 
112.139282 
112.134399 
112.129822 
112.124939 
112.119446 
112.113037 
112.106934 
112.100525 
112.094421 
112.088623 
112.083435 
112.076721 
112.069092 
112.061462 
112.052917 
112.044373 
112.035217 
112.026062 
112.016907 
112.007141 
111.997681 
111.987915 
111.977539 
111.967468 
111.957397 
111.947021 
111.936951 
111.926270 
111.915283 
111.903076 
111.890564 
111.878967 
111.867676 
111.856689 
111.845398 
111.834412 
111.823730 
111.812439 
111.801453 
111.789856 
111.778870 
111.767273 
111.755981 
111.744995 
111.733398 
111.721497 
111.709900 
111.698608 
111.687927 
111.677551 
111.668091 
111.657715 
111.646423 
111.635132 
111.624756 
111.613159 
111.601868 
111.590881 
111.580200 
111.569519 
111.558533 
111.547852 
111.537170 
111.526489 
111.516418 
111.506348 
111.496277 
111.485596 
111.474915 
111.463013 
111.451416 
111.440430 
111.429443 
111.419067 
111.408997 
111.398926 
111.388550 
111.378784 
111.368713 
111.358032 
111.347961 
111.337585 
111.326904 
111.316528 
111.306152 
111.295166 
111.284180 
111.274109 
111.264038 
111.254578 
111.245422 
111.235962 
111.225891 
111.215515 
111.205139 
111.194458 
111.184082 
111.173096 
111.162415 
111.152039 
111.141663 
111.131287 
111.120911 
111.110535 
111.100769 
111.090698 
111.080933 
111.070862 
111.060486 
111.049194 
111.037598 
111.026611 
111.015625 
111.005554 
110.995178 
110.984497 
110.974426 
110.964050 
110.953979 
110.943604 
110.932617 
110.922546 
110.911255 
110.900574 
110.889587 
110.878601 
110.867615 
110.856018 
110.845947 
110.836487 
110.826721 
110.817261 
110.806580 
110.795898 
110.785217 
110.775146 
110.764160 
110.753174 
110.742798 
110.732117 
110.722046 
110.711975 
110.701294 
110.690918 
110.680847 
110.670776 
110.661316 
110.650940 
110.640564 
110.629578 
110.617981 
110.607300 
110.596619 
110.586243 
110.576172 
110.566101 
110.556335 
110.545349 
110.535278 
110.525513 
110.515137 
110.505066 
110.494690 
110.484314 
110.473328 
110.462952 
110.452271 
110.441589 
110.431213 
110.422058 
110.413208 
110.403748 
110.393677 
110.382996 
110.372620 
110.362244 
110.351868 
110.341187 
110.331116 
110.320435 
110.310974 
110.301208 
110.291443 
110.281982 
110.272827 
110.264282 
110.255737 
110.246887 
110.238953 
110.228577 
110.219727 
110.210571 
110.203552 
110.196228 
110.189819 
110.183411 
110.177307 
110.171204 
110.166321 
110.161438 
110.155640 
110.150757 
110.145874 
110.141602 
110.137024 
110.133057 
110.128784 
110.125427 
110.122070 
110.120850 
110.119629 
110.117798 
110.115967 
110.114136 
110.112305 
110.111084 
110.109253 
110.108032 
110.107117 
110.106812 
110.106506 
110.106201 
110.106506 
110.107422 
110.108032 
110.108948 
110.110474 
110.111694 
110.113220 
110.113831 
110.114746 
110.115662 
110.118408 
110.121460 
110.124512 
110.128174 
110.131836 
110.135803 
110.140991 
110.145264 
110.149841 
110.154724 
110.159607 
110.165405 
110.170593 
110.176086 
110.182190 
110.187988 
110.195007 
110.203552 
110.211487 
110.220337 
110.228577 
110.236816 
110.245056 
110.253601 
110.262451 
110.271301 
110.280762 
110.290527 
110.300903 
110.310974 
110.321655 
110.332642 
110.343018 
110.354614 
110.366211 
110.377502 
110.388184 
110.398865 
110.408325 
110.418701 
110.429382 
110.440063 
110.451050 
110.462036 
110.473022 
110.484009 
110.494995 
110.505371 
110.516357 
110.526428 
110.536804 
110.547180 
110.557251 
110.567322 
110.577393 
110.586548 
110.597229 
110.608826 
110.620117 
110.631104 
110.641174 
110.651550 
110.661621 
110.671387 
110.681458 
110.691528 
110.700989 
110.711670 
110.722046 
110.732117 
110.742188 
110.751953 
110.762329 
110.773010 
110.783691 
110.794067 
110.804443 
110.812988 
110.821838 
110.831604 
110.841370 
110.851135 
110.862427 
110.872498 
110.882874 
110.893860 
110.903931 
110.914001 
110.924377 
110.934448 
110.944214 
110.953979 
110.964050 
110.973816 
110.983582 
110.993652 
111.003723 
111.014709 
111.026611 
111.037292 
111.047668 
111.057739 
111.067810 
111.077881 
111.087646 
111.097107 
111.107178 
111.117249 
111.127014 
111.137085 
111.147156 
111.157227 
111.167908 
111.178589 
111.189270 
111.199951 
111.210022 
111.218262 
111.227722 
111.236572 
111.246948 
111.257019 
111.267700 
111.277466 
111.287842 
111.298523 
111.308899 
111.319275 
111.329651 
111.340332 
111.350098 
111.360474 
111.370239 
111.380005 
111.390076 
111.399536 
111.410217 
111.421509 
111.433105 
111.444092 
111.454468 
111.464844 
111.475220 
111.485291 
111.495667 
111.505432 
111.515808 
111.525879 
111.536255 
111.546631 
111.556702 
111.567383 
111.578064 
111.588745 
111.600037 
111.610413 
111.621094 
111.630249 
111.639099 
111.649170 
111.658630 
111.669312 
111.679688 
111.690369 
111.700745 
111.711426 
111.721802 
111.732483 
111.742554 
111.752930 
111.763000 
111.773071 
111.783142 
111.792908 
111.802979 
111.813049 
111.823120 
111.834412 
111.845398 
111.856384 
111.867065 
111.877136 
111.886902 
111.896667 
111.907043 
111.916199 
111.926575 
111.936035 
111.945801 
111.955872 
111.965637 
111.975403 
111.985168 
111.994629 
112.004089 
112.013245 
112.021790 
112.029114 
112.036133 
112.043457 
112.051086 
112.058716 
112.066345 
112.073364 
112.080994 
112.087708 
112.094421 
112.100830 
112.106628 
112.112122 
112.117615 
112.122803 
112.127686 
112.131958 
112.136230 
112.139893 
112.143860 
112.149048 
112.153015 
112.157288 
112.160645 
112.162781 
112.165222 
112.167358 
112.168579 
112.169800 
112.170715 
112.172241 
112.172241 
112.173462 
112.173767 
112.174377 
112.174072 
112.174072 
112.174072 
112.173767 
112.172852 
112.170715 
112.167664 
112.165527 
112.163391 
112.161255 
112.158813 
112.156067 
112.153015 
112.150269 
112.146301 
112.142639 
112.138367 
112.134094 
112.129211 
112.124023 
112.118530 
112.112427 
112.106323 
112.099609 
112.092896 
112.087708 
112.081909 
112.075500 
112.068176 
112.060242 
112.052002 
112.043457 
112.034607 
112.024841 
112.015686 
112.005920 
111.996765 
111.986694 
111.976624 
111.966858 
111.956177 
111.945801 
111.935730 
111.925354 
111.914673 
111.902771 
111.889954 
111.878357 
111.867065 
111.856079 
111.845093 
111.834106 
111.822815 
111.812439 
111.801147 
111.790161 
111.778870 
111.767578 
111.756592 
111.745300 
111.733704 
111.722412 
111.710815 
111.699829 
111.688538 
111.678467 
111.669006 
111.658630 
111.647949 
111.636963 
111.625977 
111.614990 
111.604004 
111.593018 
111.581421 
111.571045 
111.560364 
111.549377 
111.538696 
111.528320 
111.517944 
111.507263 
111.497498 
111.487732 
111.476746 
111.465149 
111.453247 
111.442261 
111.431580 
111.421204 
111.410828 
111.400452 
111.390686 
111.380005 
111.370239 
111.360168 
111.349792 
111.339111 
111.328735 
111.317749 
111.307068 
111.296387 
111.286011 
111.275024 
111.264343 
111.255188 
111.246033 
111.236572 
111.226807 
111.216125 
111.205750 
111.195068 
111.184387 
111.173706 
111.163025 
111.152649 
111.141968 
111.131592 
111.121521 
111.111145 
111.100769 
111.090393 
111.080933 
111.070862 
111.060791 
111.049194 
111.036987 
111.026001 
111.015015 
111.004944 
110.994263 
110.983887 
110.973816 
110.963745 
110.953674 
110.942993 
110.932007 
110.921936 
110.911255 
110.900879 
110.889893 
110.879517 
110.868530 
110.857239 
110.846558 
110.837097 
110.827942 
110.818481 
110.808411 
110.798035 
110.787659 
110.776978 
110.766602 
110.755615 
110.745544 
110.734558 
110.724182 
110.714111 
110.703125 
110.692444 
110.682678 
110.672607 
110.662842 
110.652771 
110.642700 
110.631104 
110.619202 
110.608215 
110.597839 
110.587463 
110.577087 
110.567017 
110.557251 
110.546570 
110.536804 
110.526428 
110.516968 
110.506287 
110.496521 
110.485535 
110.475159 
110.464783 
110.454102 
110.443115 
110.433350 
110.423889 
110.414429 
110.405273 
110.395508 
110.384827 
110.374451 
110.364075 
110.353394 
110.343018 
110.332336 
110.321960 
110.312195 
110.302429 
110.292969 
110.283203 
110.274048 
110.265503 
110.256653 
110.248718 
110.240479 
110.230713 
110.221558 
110.213013 
110.205994 
110.198364 
110.191345 
110.184937 
110.179138 
110.173645 
110.167847 
110.162659 
110.157166 
110.152283 
110.147400 
110.142517 
110.138245 
110.134583 
110.130310 
110.126343 
110.123291 
110.121155 
110.119934 
110.118103 
110.116577 
110.114746 
110.112915 
110.111084 
110.109253 
110.108337 
110.107117 
110.106812 
110.106506 
110.106812 
110.106506 
110.106812 
110.107727 
110.108948 
110.109863 
110.112000 
110.113220 
110.113525 
110.114441 
110.115967 
110.119019 
110.121460 
110.124817 
110.127869 
110.132141 
110.136108 
110.140686 
110.145264 
110.150146 
110.155334 
110.160217 
110.165100 
110.171204 
110.177002 
110.182495 
110.189209 
110.195313 
110.203552 
110.212097 
110.221252 
110.228882 
110.237732 
110.245972 
110.254822 
110.263672 
110.272827 
110.281677 
110.291748 
110.301514 
110.311890 
110.322266 
110.332642 
110.343323 
110.354004 
110.365295 
110.376892 
110.387268 
110.397644 
110.407104 
110.416565 
110.427246 
110.438232 
110.449219 
110.459595 
110.470581 
110.481262 
110.492249 
110.502625 
110.513306 
110.523682 
110.534058 
110.545044 
110.555115 
110.564880 
110.575256 
110.585022 
110.595398 
110.606079 
110.618286 
110.629272 
110.640259 
110.650024 
110.660095 
110.670166 
110.679932 
110.689697 
110.699768 
110.710144 
110.720825 
110.730591 
110.740967 
110.751343 
110.761108 
110.771484 
110.782776 
110.793152 
110.803528 
110.812378 
110.821533 
110.830383 
110.840149 
110.850525 
110.861206 
110.871277 
110.882263 
110.892334 
110.902710 
110.912781 
110.923462 
110.933228 
110.943298 
110.953064 
110.963135 
110.972900 
110.982666 
110.992432 
111.002197 
111.013794 
111.025391 
111.036072 
111.046448 
111.056824 
111.066284 
111.076355 
111.086426 
111.095581 
111.105957 
111.115723 
111.125793 
111.135254 
111.145935 
111.156006 
111.166382 
111.177368 
111.187744 
111.198120 
111.208191 
111.217041 
111.226196 
111.235352 
111.245422 
111.255493 
111.265564 
111.276245 
111.286621 
111.296997 
111.307068 
111.318054 
111.328125 
111.338501 
111.348877 
111.358948 
111.368713 
111.378784 
111.388550 
111.398621 
111.408997 
111.419983 
111.431580 
111.442871 
111.453247 
111.463623 
111.473694 
111.483459 
111.494141 
111.504211 
111.514282 
111.524658 
111.535034 
111.544800 
111.555481 
111.566162 
111.576233 
111.587219 
111.597900 
111.608582 
111.618958 
111.628113 
111.637573 
111.647034 
111.656799 
111.667175 
111.677551 
111.688232 
111.699219 
111.709595 
111.720276 
111.730347 
111.740417 
111.751099 
111.761169 
111.771240 
111.781311 
111.791077 
111.801453 
111.811218 
111.820984 
111.832275 
111.843872 
111.854553 
111.865234 
111.875610 
111.885376 
111.895142 
111.905212 
111.914673 
111.925049 
111.934509 
111.944275 
111.954041 
111.964111 
111.973877 
111.983337 
111.992798 
112.002258 
112.011719 
112.020569 
112.028198 
112.035217 
112.041931 
112.049561 
112.057190 
112.064819 
112.072144 
112.079773 
112.086487 
112.092896 
112.099609 
112.105713 
112.111206 
112.117004 
112.122192 
112.126770 
112.131042 
112.135315 
112.139282 
112.142639 
112.147522 
112.152405 
112.156067 
112.159424 
112.162170 
112.164001 
112.166138 
112.167969 
112.168884 
112.170105 
112.171326 
112.171631 
112.172241 
112.172852 
112.173157 
112.173157 
112.172852 
112.173157 
112.173157 
112.172241 
112.169800 
112.167358 
112.164612 
112.162476 
112.160034 
112.157593 
112.155151 
112.152405 
112.149353 
112.145996 
112.142334 
112.138062 
112.133484 
112.128906 
112.124023 
112.118530 
112.112122 
112.106323 
112.100220 
112.093506 
112.088318 
112.082214 
112.076111 
112.068787 
112.061157 
112.052917 
112.044678 
112.035828 
112.026367 
112.016907 
112.007446 
111.997986 
111.987915 
111.978149 
111.968079 
111.958008 
111.947632 
111.937256 
111.926880 
111.916504 
111.904297 
111.891785 
111.880188 
111.868896 
111.857910 
111.847229 
111.835938 
111.824951 
111.813660 
111.802979 
111.791687 
111.780396 
111.769104 
111.757813 
111.746826 
111.735535 
111.723938 
111.712646 
111.701355 
111.689758 
111.679688 
111.669922 
111.660156 
111.649475 
111.638489 
111.627197 
111.615906 
111.605225 
111.594238 
111.582947 
111.571960 
111.561279 
111.550598 
111.540222 
111.529541 
111.519165 
111.508789 
111.499023 
111.488647 
111.477966 
111.466675 
111.455078 
111.443481 
111.432495 
111.422424 
111.411743 
111.401672 
111.391602 
111.381531 
111.371765 
111.361084 
111.351013 
111.340332 
111.329651 
111.319275 
111.308594 
111.297913 
111.287231 
111.276245 
111.265869 
111.256714 
111.247559 
111.237793 
111.228027 
111.217346 
111.206970 
111.196289 
111.185608 
111.174927 
111.164246 
111.153259 
111.143188 
111.132507 
111.122437 
111.112061 
111.101990 
111.091614 
111.081543 
111.072083 
111.061096 
111.050110 
111.038208 
111.026917 
111.015625 
111.005249 
110.995178 
110.984497 
110.974426 
110.964355 
110.953979 
110.943909 
110.933533 
110.923157 
110.912170 
110.901794 
110.891113 
110.880432 
110.870056 
110.859070 
110.847778 
110.838928 
110.829773 
110.820007 
110.809937 
110.799866 
110.789185 
110.778809 
110.768127 
110.757446 
110.747070 
110.736084 
110.725708 
110.715332 
110.704956 
110.694275 
110.684204 
110.673828 
110.664063 
110.654297 
110.644226 
110.633240 
110.621033 
110.609741 
110.599060 
110.588989 
110.578613 
110.568542 
110.558777 
110.548706 
110.538330 
110.528259 
110.517883 
110.507813 
110.497437 
110.487366 
110.476990 
110.466309 
110.455627 
110.444946 
110.434570 
110.424805 
110.415955 
110.406799 
110.396729 
110.386353 
110.375671 
110.365295 
110.354919 
110.344849 
110.334167 
110.323792 
110.314026 
110.303955 
110.294495 
110.284729 
110.275574 
110.266724 
110.258179 
110.250244 
110.241699 
110.232239 
110.223694 
110.214539 
110.206604 
110.199585 
110.192871 
110.186462 
110.180054 
110.174255 
110.168152 
110.163269 
110.158081 
110.152893 
110.148010 
110.143433 
110.139465 
110.134583 
110.130920 
110.127258 
110.123596 
110.121155 
110.119934 
110.118408 
110.116577 
110.115051 
110.112915 
110.111389 
110.109863 
110.108337 
110.107422 
110.106506 
110.106201 
110.106506 
110.106506 
110.106812 
110.107422 
110.108337 
110.109863 
110.111084 
110.112610 
110.113220 
110.114441 
110.115967 
110.118103 
110.120850 
110.124207 
110.127869 
110.132141 
110.135803 
110.140076 
110.144958 
110.149841 
110.154724 
110.159607 
110.165100 
110.171204 
110.176697 
110.182495 
110.188293 
110.195007 
110.202942 
110.211792 
110.220642 
110.228577 
110.237427 
110.245972 
110.254517 
110.263062 
110.272217 
110.281372 
110.291138 
110.301208 
110.310669 
110.321655 
110.332031 
110.342712 
110.353088 
110.364380 
110.375671 
110.386353 
110.396423 
110.405884 
110.415649 
110.425415 
110.436401 
110.447083 
110.457458 
110.468445 
110.479736 
110.490417 
110.500793 
110.511475 
110.522156 
110.532837 
110.543213 
110.553589 
110.563354 
110.573425 
110.583496 
110.593567 
110.604553 
110.616150 
110.627747 
110.638123 
110.648499 
110.659180 
110.668945 
110.678711 
110.688477 
110.698547 
110.708923 
110.719604 
110.729370 
110.739136 
110.749512 
110.760193 
110.770569 
110.781555 
110.791626 
110.802307 
110.811462 
110.820007 
110.829163 
110.838623 
110.848999 
110.859375 
110.870056 
110.880737 
110.891113 
110.901184 
110.911560 
110.922241 
110.932007 
110.942078 
110.952148 
110.962219 
110.971680 
110.981140 
110.991211 
111.000977 
111.011963 
111.023865 
111.034546 
111.045227 
111.055603 
111.065369 
111.075439 
111.085205 
111.095276 
111.104126 
111.114807 
111.124268 
111.134338 
111.144714 
111.155090 
111.165161 
111.175842 
111.186523 
111.196899 
111.206970 
111.216431 
111.224976 
111.234436 
111.244202 
111.254272 
111.264343 
111.274719 
111.285706 
111.296082 
111.306458 
111.316833 
111.326904 
111.337585 
111.347656 
111.357727 
111.367798 
111.378174 
111.387939 
111.397095 
111.407471 
111.418457 
111.430359 
111.441345 
111.452026 
111.462402 
111.472473 
111.482544 
111.492920 
111.502686 
111.512756 
111.523438 
111.533203 
111.543274 
111.553650 
111.564331 
111.574707 
111.585083 
111.596069 
111.607056 
111.617432 
111.626587 
111.636047 
111.645508 
111.655884 
111.666260 
111.676331 
111.687317 
111.697388 
111.708069 
111.718140 
111.728516 
111.738892 
111.749268 
111.759644 
111.769714 
111.779480 
111.789551 
111.799316 
111.809387 
111.819458 
111.830444 
111.841736 
111.853027 
111.863708 
111.873474 
111.883850 
111.893921 
111.903381 
111.913452 
111.922913 
111.932983 
111.942749 
111.952515 
111.962585 
111.972351 
111.982117 
111.991577 
112.000732 
112.010498 
112.019043 
112.026978 
112.034302 
112.041016 
112.048340 
112.056274 
112.063904 
112.070923 
112.078552 
112.085571 
112.091675 
112.098694 
112.104797 
112.109985 
112.115479 
112.121277 
112.125854 
112.130432 
112.134705 
112.138367 
112.142334 
112.146606 
112.151184 
112.155457 
112.159119 
112.161865 
112.163696 
112.165833 
112.167664 
112.168884 
112.169800 
112.171326 
112.171936 
112.172546 
112.172852 
112.173157 
112.173462 
112.173462 
112.173462 
112.172852 
112.172546 
112.170715 
112.167969 
112.165222 
112.162476 
112.160645 
112.158203 
112.155457 
112.153015 
112.149658 
112.146301 
112.142334 
112.138672 
112.134399 
112.129517 
112.124634 
112.119141 
112.113342 
112.107239 
112.100830 
112.094116 
112.088318 
112.082825 
112.077026 
112.069702 
112.062683 
112.054138 
112.044983 
112.036438 
112.027283 
112.018127 
112.008667 
111.999207 
111.989441 
111.979065 
111.969299 
111.958923 
111.948547 
111.938171 
111.928406 
111.917725 
111.905518 
111.893616 
111.881409 
111.870422 
111.859131 
111.848145 
111.836853 
111.826172 
111.815186 
111.804199 
111.792297 
111.781616 
111.770935 
111.759338 
111.748047 
111.736755 
111.725464 
111.714172 
111.702271 
111.691284 
111.680603 
111.671143 
111.661072 
111.650696 
111.639404 
111.629028 
111.617737 
111.606445 
111.595764 
111.584473 
111.573792 
111.562805 
111.552124 
111.541443 
111.530762 
111.520691 
111.510315 
111.500244 
111.490173 
111.479187 
111.468506 
111.456604 
111.445007 
111.434021 
111.423950 
111.413574 
111.403198 
111.393127 
111.383057 
111.372986 
111.362610 
111.352539 
111.341858 
111.331482 
111.320496 
111.310120 
111.299438 
111.289063 
111.277771 
111.267700 
111.257629 
111.248474 
111.239624 
111.229553 
111.219177 
111.208191 
111.197815 
111.187439 
111.176758 
111.165771 
111.155090 
111.143799 
111.134033 
111.123657 
111.112976 
111.102905 
111.092529 
111.082764 
111.072693 
111.062317 
111.050720 
111.039429 
111.028137 
111.016541 
111.006470 
110.996094 
110.985718 
110.975037 
110.965271 
110.955200 
110.944824 
110.934448 
110.924377 
110.914001 
110.903320 
110.892639 
110.882263 
110.871277 
110.860596 
110.849915 
110.840149 
110.830688 
110.821838 
110.811768 
110.801392 
110.791016 
110.780334 
110.769348 
110.758972 
110.747986 
110.737610 
110.727234 
110.716858 
110.706177 
110.695801 
110.685425 
110.675659 
110.665283 
110.655212 
110.645447 
110.634460 
110.622864 
110.611877 
110.600891 
110.590515 
110.580750 
110.570374 
110.559998 
110.550232 
110.540161 
110.529480 
110.519409 
110.509338 
110.498962 
110.488281 
110.478210 
110.467529 
110.456543 
110.446472 
110.435791 
110.426025 
110.417175 
110.408020 
110.397949 
110.387573 
110.377197 
110.367126 
110.356445 
110.346069 
110.335693 
110.325623 
110.315247 
110.305786 
110.295715 
110.286255 
110.277100 
110.268250 
110.260010 
110.251160 
110.242920 
110.234070 
110.224609 
110.215759 
110.207825 
110.200500 
110.193481 
110.187073 
110.180664 
110.175171 
110.169983 
110.163879 
110.158997 
110.154114 
110.149231 
110.144653 
110.139771 
110.135498 
110.131226 
110.127869 
110.124207 
110.121765 
110.120239 
110.119019 
110.116882 
110.115356 
110.113525 
110.111694 
110.109863 
110.108643 
110.107727 
110.107117 
110.106812 
110.106506 
110.105896 
110.107117 
110.107727 
110.108643 
110.109558 
110.110779 
110.112915 
110.113831 
110.114746 
110.115662 
110.117493 
110.120239 
110.123901 
110.126953 
110.131531 
110.135193 
110.140381 
110.144348 
110.149231 
110.154419 
110.159607 
110.165100 
110.170593 
110.176086 
110.181885 
110.188293 
110.194702 
110.202942 
110.210571 
110.219727 
110.228271 
110.236816 
110.245056 
110.253906 
110.262451 
110.271301 
110.280762 
110.290527 
110.299988 
110.310364 
110.320435 
110.330811 
110.341187 
110.351868 
110.363159 
110.373840 
110.385132 
110.395203 
110.404053 
110.413818 
110.424194 
110.434875 
110.445251 
110.456848 
110.467529 
110.478210 
110.488586 
110.499268 
110.510559 
110.520935 
110.531311 
110.541382 
110.552063 
110.562439 
110.572510 
110.582275 
110.592041 
110.603027 
110.614624 
110.625916 
110.636902 
110.647583 
110.657349 
110.667419 
110.677490 
110.687256 
110.697327 
110.707703 
110.717468 
110.727539 
110.737915 
110.748901 
110.758362 
110.769043 
110.779419 
110.789795 
110.800476 
110.810547 
110.819092 
110.828247 
110.837708 
110.848083 
110.857849 
110.868530 
110.879517 
110.889282 
110.899963 
110.910339 
110.920410 
110.930481 
110.940857 
110.950928 
110.960693 
110.970459 
110.979919 
110.989990 
110.999756 
111.010437 
111.022034 
111.033630 
111.044006 
111.054382 
111.063843 
111.074219 
111.083984 
111.093445 
111.103516 
111.113281 
111.123657 
111.133118 
111.143188 
111.153870 
111.163940 
111.174316 
111.184998 
111.195374 
111.206055 
111.215820 
111.224060 
111.233215 
111.242371 
111.253052 
111.263428 
111.273499 
111.284180 
111.294861 
111.304321 
111.315002 
111.325684 
111.335754 
111.346130 
111.356201 
111.366272 
111.376343 
111.386108 
111.395874 
111.405945 
111.416626 
111.428528 
111.439819 
111.450500 
111.460876 
111.470947 
111.481323 
111.491394 
111.501770 
111.512146 
111.521301 
111.531982 
111.542053 
111.552429 
111.563110 
111.573486 
111.584167 
111.594543 
111.605225 
111.615906 
111.625671 
111.634827 
111.644287 
111.654053 
111.664429 
111.674805 
111.685181 
111.695862 
111.706543 
111.716919 
111.727295 
111.737671 
111.747742 
111.758118 
111.767883 
111.778564 
111.788330 
111.797791 
111.808167 
111.817932 
111.828613 
111.840515 
111.851501 
111.862183 
111.872559 
111.882324 
111.893005 
111.902466 
111.911926 
111.921997 
111.931763 
111.941528 
111.951294 
111.961365 
111.970825 
111.980591 
111.989746 
111.999207 
112.008362 
112.017822 
112.025757 
112.032776 
112.039490 
112.047119 
112.055054 
112.062683 
112.069702 
112.077332 
112.084351 
112.091064 
112.097168 
112.103577 
112.109070 
112.115173 
112.120056 
112.125244 
112.129517 
112.134094 
112.137756 
112.141724 
112.145691 
112.150574 
112.155151 
112.158508 
112.160950 
112.163086 
112.165222 
112.167053 
112.168579 
112.169800 
112.170715 
112.171936 
112.172241 
112.172546 
112.172852 
112.173157 
112.173462 
112.173157 
112.172852 
112.172546 
112.170715 
112.168274 
112.165833 
112.163086 
112.160950 
112.158813 
112.156372 
112.153015 
112.150269 
112.147217 
112.143555 
112.139282 
112.135010 
112.130127 
112.124939 
112.120361 
112.114563 
112.108154 
112.101746 
112.095337 
112.088928 
112.083435 
112.077332 
112.070923 
112.063293 
112.055054 
112.046814 
112.037354 
112.028809 
112.019348 
112.010193 
112.000427 
111.990356 
111.980591 
111.970215 
111.960144 
111.949768 
111.939697 
111.929321 
111.918945 
111.907349 
111.895142 
111.883240 
111.871643 
111.860352 
111.849365 
111.838379 
111.827393 
111.816406 
111.806030 
111.794434 
111.782837 
111.772461 
111.760864 
111.749268 
111.738281 
111.726990 
111.715393 
111.703796 
111.692505 
111.682129 
111.672363 
111.662598 
111.652527 
111.641235 
111.629944 
111.619568 
111.607971 
111.596680 
111.585999 
111.575317 
111.564331 
111.553955 
111.542969 
111.532288 
111.521912 
111.511841 
111.501465 
111.491394 
111.481018 
111.470032 
111.458130 
111.446838 
111.435852 
111.425171 
111.414490 
111.404114 
111.394653 
111.384277 
111.373901 
111.363831 
111.353760 
111.343079 
111.333313 
111.322021 
111.311340 
111.300659 
111.290588 
111.279297 
111.268616 
111.258850 
111.249695 
111.240540 
111.230774 
111.220398 
111.210022 
111.199341 
111.188660 
111.177673 
111.166992 
111.156311 
111.145630 
111.135254 
111.124573 
111.114197 
111.103516 
111.094055 
111.083984 
111.073914 
111.063538 
111.052551 
111.041260 
111.029968 
111.018066 
111.007996 
110.997620 
110.987244 
110.976868 
110.967102 
110.956421 
110.946045 
110.935669 
110.925598 
110.914917 
110.904541 
110.894165 
110.883484 
110.872803 
110.862122 
110.850830 
110.840759 
110.831909 
110.822449 
110.812988 
110.802612 
110.792236 
110.781555 
110.771179 
110.760803 
110.749512 
110.739441 
110.728455 
110.718079 
110.708313 
110.697632 
110.687561 
110.677185 
110.667114 
110.657349 
110.646973 
110.636292 
110.625000 
110.613403 
110.602417 
110.592041 
110.581970 
110.571289 
110.561829 
110.551758 
110.541077 
110.531006 
110.520935 
110.510864 
110.499878 
110.490112 
110.479736 
110.469360 
110.458374 
110.447998 
110.437317 
110.427246 
110.418091 
110.409546 
110.399475 
110.389099 
110.378723 
110.368347 
110.357666 
110.347595 
110.337219 
110.326843 
110.317078 
110.307007 
110.297241 
110.287476 
110.278625 
110.269470 
110.260925 
110.252686 
110.244751 
110.235596 
110.226135 
110.217285 
110.209045 
110.201721 
110.194702 
110.188293 
110.182190 
110.176392 
110.170288 
110.164795 
110.159607 
110.154419 
110.150452 
110.144958 
110.140381 
110.136414 
110.132141 
110.128479 
110.124207 
110.121460 
110.120239 
110.119019 
110.117188 
110.115356 
110.113831 
110.111694 
110.110168 
110.108948 
110.107422 
110.107117 
110.106201 
110.105286 
110.104980 
110.104675 
110.105286 
110.104980 
110.105591 
110.106201 
110.106506 
110.105896 
110.104675 
110.103760 
110.103455 
110.103149 
110.103760 
110.103760 
110.104065 
110.104980 
110.104980 
110.105286 
110.105286 
110.105591 
110.105591 
110.105591 
110.105896 
110.105591 
110.105286 
110.104980 
110.104980 
110.105286 
110.106506 
110.108337 
110.109253 
110.108948 
110.108948 
110.108643 
110.109253 
110.108948 
110.108948 
110.108643 
110.108337 
110.108643 
110.108337 
110.108643 
110.108948 
110.109558 
110.109863 
110.110168 
110.110779 
110.110168 
110.108643 
110.108032 
110.107422 
110.107422 
110.107727 
110.107727 
110.108032 
110.108948 
110.108948 
110.108948 
110.108948 
110.109253 
110.108643 
110.108948 
110.108948 
110.108643 
110.107727 
110.108032 
110.107727 
110.108032 
110.109253 
110.109863 
110.111084 
110.111084 
110.111084 
110.110779 
110.110779 
110.110474 
110.110168 
110.109863 
110.109863 
110.109863 
110.110474 
110.110168 
110.110168 
110.110474 
110.110779 
110.111084 
110.111389 
110.111084 
110.109863 
