Blum, K. P., D’Incamps, B. L., Zytnicki, D., & Ting, L. H. (2017).
Force encoding in muscle spindles during stretch of
passive muscle. PLoS computational biology, 13(9), 
e1005767. <https://journals.plos.org/ploscompbiol/article?
id=10.1371/journal.pcbi.1005767>

cat medial gastrocnemius muscle lengths over t  (in 0.0005 s increments)
110.108032 
110.108337 
110.109253 
110.110474 
110.111084 
110.111084 
110.111389 
110.111084 
110.111389 
110.110474 
110.110168 
110.110474 
110.110168 
110.110168 
110.110168 
110.110779 
110.110474 
110.110168 
110.110779 
110.111084 
110.111694 
110.111694 
110.110779 
110.109253 
110.108948 
110.108032 
110.109253 
110.108948 
110.108948 
110.109253 
110.109558 
110.109558 
110.109558 
110.110168 
110.109863 
110.109558 
110.109558 
110.109253 
110.108643 
110.108337 
110.108032 
110.108032 
110.109253 
110.110168 
110.111084 
110.111389 
110.111694 
110.111084 
110.110779 
110.110168 
110.110168 
110.110168 
110.110474 
110.110168 
110.110168 
110.110168 
110.110168 
110.110474 
110.110779 
110.111389 
110.111694 
110.112305 
110.110779 
110.109253 
110.108643 
110.108337 
110.108643 
110.108948 
110.108948 
110.109558 
110.109558 
110.109558 
110.109558 
110.109253 
110.109863 
110.109863 
110.109253 
110.109253 
110.108948 
110.108337 
110.108337 
110.108337 
110.109253 
110.110474 
110.111389 
110.111694 
110.111389 
110.110779 
110.111084 
110.110474 
110.110168 
110.110168 
110.110168 
110.109863 
110.110474 
110.110168 
110.110474 
110.110474 
110.111084 
110.111389 
110.111694 
110.111389 
110.111084 
110.108948 
110.108643 
110.108643 
110.108948 
110.108643 
110.109253 
110.109558 
110.109863 
110.110168 
110.110168 
110.110168 
110.110779 
110.110779 
110.110474 
110.111084 
110.111389 
110.112000 
110.112610 
110.112915 
110.114746 
110.117493 
110.119934 
110.121155 
110.122681 
110.123901 
110.125732 
110.126953 
110.129089 
110.130920 
110.132446 
110.135193 
110.137939 
110.140686 
110.143433 
110.146790 
110.149536 
110.153503 
110.157166 
110.160217 
110.163269 
110.165710 
110.168457 
110.172119 
110.176086 
110.180359 
110.184937 
110.189819 
110.194702 
110.200195 
110.204773 
110.210266 
110.215454 
110.220337 
110.225220 
110.231018 
110.237122 
110.242615 
110.248413 
110.254517 
110.261841 
110.269470 
110.277710 
110.284424 
110.290833 
110.297852 
110.304565 
110.311584 
110.318604 
110.325928 
110.333862 
110.341492 
110.350342 
110.357971 
110.366821 
110.375977 
110.384827 
110.394897 
110.405273 
110.415344 
110.424500 
110.433350 
110.443115 
110.453796 
110.464478 
110.476074 
110.487671 
110.499573 
110.511475 
110.523987 
110.535889 
110.547791 
110.559998 
110.571899 
110.583496 
110.594788 
110.605774 
110.616760 
110.627747 
110.638428 
110.650330 
110.662231 
110.673828 
110.684204 
110.694275 
110.704651 
110.714722 
110.724182 
110.733337 
110.742798 
110.752258 
110.761414 
110.770874 
110.780029 
110.789185 
110.798340 
110.807800 
110.816650 
110.825806 
110.834656 
110.842285 
110.849304 
110.856323 
110.864868 
110.873108 
110.880737 
110.888672 
110.896912 
110.904846 
110.912476 
110.920715 
110.927734 
110.935059 
110.942383 
110.949097 
110.955811 
110.962219 
110.968628 
110.975037 
110.981140 
110.988770 
110.995789 
111.003113 
111.009521 
111.015320 
111.021423 
111.026917 
111.032104 
111.036987 
111.042175 
111.047363 
111.052551 
111.057434 
111.062012 
111.066895 
111.071777 
111.076355 
111.081238 
111.085815 
111.089478 
111.092834 
111.095276 
111.098022 
111.101074 
111.104431 
111.108093 
111.111755 
111.114807 
111.117859 
111.120911 
111.123352 
111.126099 
111.128540 
111.130676 
111.132507 
111.134338 
111.135559 
111.137390 
111.138611 
111.139832 
111.142273 
111.144714 
111.146545 
111.147461 
111.148682 
111.149292 
111.149292 
111.149902 
111.149902 
111.150208 
111.150208 
111.150513 
111.150818 
111.150818 
111.151123 
111.151123 
111.151428 
111.152039 
111.152039 
111.152039 
111.150818 
111.149597 
111.148682 
111.148682 
111.148376 
111.148376 
111.148682 
111.148682 
111.148682 
111.148682 
111.148071 
111.147766 
111.147766 
111.147156 
111.146851 
111.146240 
111.145935 
111.145020 
111.144104 
111.144104 
111.144714 
111.145630 
111.146545 
111.146545 
111.145630 
111.145630 
111.145020 
111.144104 
111.144104 
111.143188 
111.142883 
111.142883 
111.142883 
111.142883 
111.142273 
111.142578 
111.142883 
111.143188 
111.143188 
111.143188 
111.141968 
111.140747 
111.139832 
111.139221 
111.139832 
111.139526 
111.139526 
111.139832 
111.140137 
111.140442 
111.140442 
111.140137 
111.140137 
111.140137 
111.140137 
111.139832 
111.139221 
111.138916 
111.138611 
111.138611 
111.140137 
111.141052 
111.142273 
111.142273 
111.141968 
111.141968 
111.141663 
111.141052 
111.141357 
111.141052 
111.141357 
111.141052 
111.141357 
111.141357 
111.141357 
111.141663 
111.141968 
111.142273 
111.143188 
111.143188 
111.141968 
111.140747 
111.140137 
111.139832 
111.140137 
111.140137 
111.140747 
111.140747 
111.141052 
111.141663 
111.141663 
111.141663 
111.141663 
111.141357 
111.141052 
111.141052 
111.141052 
111.140137 
111.140137 
111.140137 
111.141052 
111.142273 
111.143188 
111.143494 
111.143494 
111.143494 
111.142578 
111.142883 
111.142883 
111.142273 
111.142273 
111.142273 
111.141968 
111.142273 
111.142273 
111.142273 
111.142883 
111.143188 
111.143494 
111.143494 
111.142273 
111.141052 
111.140442 
111.140137 
111.140442 
111.140137 
111.140137 
111.141357 
111.141052 
111.141052 
111.141052 
111.140747 
111.140747 
111.140442 
111.140137 
111.140137 
111.139832 
111.139221 
111.138916 
111.138916 
111.139832 
111.141052 
111.141968 
111.141663 
111.141663 
111.141357 
111.141357 
111.140747 
111.140442 
111.140442 
111.140442 
111.140137 
111.140442 
111.140442 
111.140442 
111.140747 
111.141052 
111.141357 
111.141968 
111.141663 
111.140442 
111.139526 
111.138916 
111.138611 
111.138916 
111.139221 
111.139221 
111.139526 
111.139832 
111.140137 
111.139832 
111.139832 
111.140137 
111.139832 
111.139832 
111.139526 
111.139221 
111.138916 
111.138611 
111.138611 
111.139526 
111.141357 
111.142273 
111.142273 
111.141968 
111.142273 
111.141663 
111.141357 
111.141052 
111.141052 
111.141357 
111.141052 
111.141052 
111.141052 
111.141357 
111.141357 
111.142273 
111.142578 
111.142578 
111.142273 
111.141663 
111.140137 
111.139526 
111.139526 
111.139832 
111.139832 
111.140442 
111.140442 
111.140747 
111.140747 
111.140747 
111.140747 
111.140747 
111.140442 
111.140442 
111.140137 
111.139832 
111.139832 
111.138916 
111.139526 
111.140137 
111.141663 
111.142578 
111.142578 
111.142273 
111.142273 
111.141663 
111.141052 
111.141052 
111.140747 
111.141052 
111.140747 
111.141052 
111.141052 
111.141052 
111.141663 
111.141663 
111.141968 
111.142273 
111.142273 
111.141052 
111.139832 
111.138916 
111.138916 
111.139221 
111.138916 
111.139526 
111.139526 
111.139832 
111.139832 
111.139832 
111.140137 
111.139832 
111.139526 
111.139221 
111.139832 
111.138916 
111.138306 
111.138000 
111.138306 
111.139526 
111.140747 
111.141052 
111.141357 
111.141357 
111.141052 
111.141052 
111.140747 
111.140137 
111.140137 
111.140442 
111.140137 
111.139832 
111.140442 
111.140137 
111.140137 
111.141052 
111.141052 
111.141357 
111.141357 
111.140747 
111.138916 
111.138306 
111.138611 
111.138611 
111.138611 
111.139221 
111.139526 
111.139526 
111.139832 
111.139832 
111.139526 
111.139832 
111.139832 
111.139526 
111.138916 
111.138916 
111.138916 
111.138306 
111.138306 
111.139526 
111.141052 
111.141968 
111.141968 
111.141663 
111.141357 
111.141357 
111.141052 
111.140747 
111.140747 
111.140747 
111.140747 
111.140747 
111.141052 
111.141052 
111.141052 
111.141357 
111.141968 
111.142273 
111.142273 
111.141052 
111.139832 
111.139221 
111.138916 
111.139221 
111.139832 
111.139832 
111.139526 
111.140442 
111.140137 
111.140442 
111.140137 
111.140137 
111.139832 
111.139832 
111.139832 
111.139221 
111.138916 
111.138916 
111.138611 
111.140137 
111.141052 
111.141357 
111.142273 
111.141357 
111.141052 
111.140747 
111.140442 
111.140137 
111.140137 
111.140442 
111.140442 
111.140442 
111.140442 
111.140747 
111.140442 
111.141052 
111.141663 
111.141968 
111.141357 
111.140747 
111.139526 
111.138916 
111.138611 
111.138916 
111.138916 
111.138916 
111.139832 
111.139526 
111.139832 
111.139832 
111.139526 
111.139832 
111.139221 
111.139221 
111.139221 
111.138916 
111.138611 
111.138000 
111.138306 
111.139526 
111.141052 
111.141357 
111.141357 
111.141357 
111.141052 
111.140442 
111.140442 
111.140137 
111.140137 
111.140137 
111.140137 
111.140442 
111.139832 
111.140137 
111.140747 
111.141052 
111.141663 
111.141968 
111.141663 
111.140442 
111.138916 
111.138611 
111.138916 
111.139526 
111.138916 
111.139221 
111.139221 
111.140137 
111.139832 
111.139832 
111.140137 
111.139832 
111.139832 
111.139526 
111.139221 
111.139221 
111.138916 
111.138611 
111.138916 
111.140137 
111.141052 
111.141968 
111.142273 
111.141663 
111.141663 
111.141357 
111.141052 
111.140442 
111.140747 
111.141052 
111.140747 
111.140442 
111.140747 
111.140747 
111.141052 
111.141357 
111.141663 
111.142273 
111.141968 
111.140747 
111.139526 
111.138916 
111.138916 
111.138611 
111.139221 
111.139832 
111.139526 
111.139832 
111.139832 
111.139832 
111.140137 
111.139832 
111.139832 
111.139526 
111.139526 
111.139221 
111.138306 
111.138000 
111.138611 
111.139526 
111.141052 
111.141357 
111.141663 
111.141052 
111.141052 
111.140747 
111.140442 
111.140442 
111.140442 
111.140137 
111.140442 
111.139832 
111.140137 
111.140442 
111.140442 
111.141052 
111.141357 
111.141357 
111.141052 
111.140137 
111.139221 
111.138611 
111.138000 
111.138306 
111.138611 
111.138916 
111.139221 
111.139526 
111.139526 
111.138916 
111.139526 
111.139526 
111.138916 
111.139221 
111.138916 
111.138306 
111.138306 
111.138306 
111.138306 
111.139526 
111.141052 
111.141357 
111.141663 
111.141357 
111.140747 
111.140747 
111.140137 
111.140442 
111.140442 
111.140137 
111.140137 
111.140137 
111.140442 
111.140442 
111.140442 
111.141052 
111.141663 
111.141663 
111.141663 
111.140442 
111.139221 
111.138611 
111.138916 
111.138916 
111.139221 
111.139526 
111.139832 
111.139832 
111.139832 
111.140137 
111.139526 
111.140137 
111.139832 
111.139526 
111.139526 
111.139221 
111.138611 
111.138611 
111.138611 
111.140137 
111.141052 
111.141663 
111.141968 
111.141357 
111.141052 
111.141357 
111.141052 
111.140747 
111.141052 
111.140747 
111.140747 
111.140442 
111.140747 
111.141052 
111.141052 
111.141357 
111.141357 
111.141968 
111.142273 
111.140137 
111.139221 
111.138916 
111.138306 
111.138306 
111.138916 
111.138916 
111.139526 
111.139526 
111.139526 
111.139526 
111.139526 
111.139526 
111.139221 
111.139221 
111.139221 
111.138611 
111.138306 
111.138306 
111.138306 
111.139221 
111.140747 
111.141357 
111.141052 
111.141357 
111.140747 
111.140442 
111.140442 
111.140137 
111.140137 
111.140137 
111.140137 
111.140137 
111.140442 
111.140442 
111.140442 
111.141052 
111.141357 
111.141052 
111.141357 
111.140442 
111.138916 
111.138306 
111.138306 
111.138306 
111.138916 
111.139221 
111.139526 
111.138916 
111.139526 
111.139526 
111.139221 
111.139526 
111.139526 
111.139221 
111.139221 
111.138611 
111.138306 
111.138000 
111.138306 
111.139221 
111.140747 
111.141357 
111.141968 
111.141663 
111.141357 
111.140747 
111.140747 
111.140747 
111.140747 
111.140442 
111.140442 
111.140747 
111.140137 
111.140442 
111.141052 
111.141052 
111.141663 
111.141663 
111.141968 
111.140442 
111.139221 
111.138916 
111.138611 
111.139221 
111.138916 
111.139221 
111.140137 
111.139832 
111.139526 
111.139526 
111.139832 
111.139832 
111.139526 
111.139832 
111.138916 
111.138916 
111.138916 
111.138306 
111.138306 
111.139832 
111.141052 
111.141357 
111.141357 
111.141357 
111.141052 
111.141052 
111.140442 
111.139832 
111.140137 
111.140442 
111.140137 
111.140137 
111.140442 
111.140137 
111.140747 
111.141357 
111.141357 
111.141968 
111.141663 
111.140137 
111.138916 
111.138306 
111.138306 
111.138611 
111.139221 
111.138916 
111.139221 
111.139221 
111.139832 
111.139526 
111.139221 
111.139526 
111.139221 
111.139221 
111.138916 
111.138611 
111.138000 
111.138000 
111.138611 
111.139221 
111.140747 
111.141357 
111.141052 
111.141052 
111.141052 
111.140442 
111.140442 
111.140137 
111.139832 
111.140137 
111.140137 
111.140442 
111.140442 
111.140747 
111.140442 
111.141357 
111.141663 
111.141052 
111.141357 
111.140137 
111.139221 
111.138306 
111.138611 
111.138916 
111.138916 
111.138916 
111.139526 
111.139526 
111.140137 
111.139832 
111.139526 
111.139832 
111.139832 
111.139526 
111.139221 
111.138916 
111.138000 
111.138306 
111.138611 
111.140137 
111.141357 
111.141663 
111.141357 
111.141357 
111.141357 
111.140747 
111.140747 
111.140747 
111.140747 
111.140442 
111.140442 
111.140442 
111.140442 
111.140442 
111.141052 
111.141663 
111.141968 
111.141968 
111.141663 
111.139832 
111.139221 
111.138611 
111.138611 
111.138916 
111.138916 
111.139526 
111.139832 
111.139832 
111.139832 
111.139526 
111.139832 
111.139526 
111.139526 
111.139526 
111.138916 
111.138611 
111.138306 
111.138000 
111.138306 
111.139526 
111.141052 
111.141357 
111.141357 
111.141357 
111.140747 
111.140442 
111.140442 
111.140442 
111.140442 
111.140747 
111.140442 
111.140442 
111.140137 
111.140137 
111.140442 
111.141357 
111.141357 
111.141663 
111.141357 
111.140137 
111.138916 
111.138306 
111.138611 
111.138916 
111.138611 
111.139221 
111.139221 
111.139832 
111.139526 
111.139221 
111.139526 
111.139221 
111.139221 
111.139526 
111.138916 
111.138916 
111.138306 
111.137695 
111.138306 
111.139832 
111.140747 
111.141357 
111.141052 
111.140747 
111.141052 
111.140747 
111.140137 
111.140442 
111.140442 
111.140137 
111.140442 
111.140442 
111.140442 
111.140442 
111.140747 
111.141052 
111.141357 
111.141968 
111.141663 
111.139832 
111.139221 
111.138611 
111.138306 
111.138916 
111.139526 
111.138916 
111.139526 
111.140137 
111.139832 
111.139526 
111.139832 
111.139526 
111.139832 
111.139526 
111.139221 
111.138611 
111.138611 
111.138611 
111.138611 
111.139832 
111.141052 
111.141357 
111.141357 
111.141357 
111.140747 
111.140442 
111.140747 
111.140442 
111.140137 
111.140747 
111.140137 
111.140137 
111.140442 
111.140442 
111.140747 
111.141052 
111.141968 
111.141968 
111.141663 
111.140137 
111.138916 
111.138611 
111.138611 
111.138916 
111.138916 
111.139832 
111.139526 
111.139526 
111.139832 
111.139221 
111.139832 
111.139832 
111.139526 
111.139221 
111.139221 
111.138611 
111.138000 
111.138000 
111.138306 
111.139526 
111.141052 
111.141357 
111.141052 
111.141357 
111.141052 
111.140442 
111.140442 
111.140137 
111.139832 
111.140442 
111.140137 
111.140137 
111.140442 
111.140442 
111.140442 
111.140747 
111.141052 
111.141663 
111.141052 
111.139526 
111.138611 
111.138000 
111.138611 
111.138916 
111.138916 
111.138916 
111.139221 
111.139526 
111.139832 
111.139526 
111.139832 
111.139526 
111.139221 
111.139221 
111.138916 
111.138611 
111.138000 
111.137695 
111.138611 
111.140137 
111.141052 
111.141357 
111.141052 
111.141052 
111.141052 
111.140442 
111.140747 
111.140137 
111.140137 
111.140442 
111.140442 
111.140442 
111.140442 
111.140747 
111.140747 
111.141052 
111.141357 
111.141968 
111.141052 
111.140137 
111.138916 
111.138611 
111.138916 
111.139221 
111.139221 
111.139526 
111.139526 
111.139526 
111.139526 
111.139526 
111.139526 
111.139526 
111.139526 
111.139526 
111.138611 
111.138611 
111.138306 
111.138000 
111.138611 
111.139832 
111.141052 
111.141052 
111.141663 
111.141052 
111.141052 
111.140747 
111.140442 
111.140137 
111.140137 
111.140442 
111.140137 
111.140442 
111.140747 
111.140442 
111.140442 
111.141052 
111.141663 
111.141663 
111.141052 
111.139832 
111.138916 
111.138916 
111.138611 
111.138916 
111.139221 
111.138916 
111.138916 
111.139526 
111.139526 
111.139221 
111.139526 
111.139221 
111.139221 
111.139221 
111.139221 
111.138306 
111.138000 
111.138000 
111.138306 
111.139221 
111.140747 
111.141052 
111.140747 
111.140747 
111.141052 
111.140747 
111.139832 
111.140137 
111.140137 
111.140137 
111.140137 
111.140137 
111.140137 
111.140747 
111.140747 
111.141052 
111.141968 
111.141663 
111.141052 
111.140137 
111.138611 
111.138306 
111.138306 
111.138916 
111.139221 
111.139526 
111.139221 
111.139832 
111.139832 
111.139526 
111.139526 
111.139526 
111.139526 
111.139526 
111.138916 
111.138916 
111.138306 
111.137695 
111.138611 
111.139832 
111.141052 
111.141357 
111.140747 
111.140747 
111.140747 
111.140137 
111.139832 
111.139832 
111.140137 
111.140137 
111.140442 
111.140442 
111.140137 
111.140442 
111.140747 
111.141052 
111.141663 
111.141357 
111.141357 
111.139832 
111.138611 
111.138611 
111.138306 
111.138611 
111.139221 
111.139526 
111.139832 
111.139221 
111.139832 
111.139526 
111.139832 
111.139526 
111.139526 
111.139221 
111.138611 
111.138611 
111.138306 
111.138000 
111.138611 
111.140137 
111.141357 
111.141357 
111.141357 
111.141052 
111.140747 
111.140442 
111.140137 
111.140137 
111.140137 
111.139832 
111.140137 
111.140137 
111.140137 
111.140442 
111.140747 
111.141052 
111.140747 
111.142273 
111.141357 
111.139832 
111.138611 
111.138306 
111.138611 
111.138916 
111.139221 
111.139221 
111.139526 
111.139526 
111.139526 
111.139832 
111.139526 
111.139526 
111.139526 
111.139526 
111.138916 
111.138611 
111.138306 
111.137695 
111.138306 
111.140137 
111.140747 
111.141052 
111.141357 
111.141052 
111.140747 
111.140442 
111.140442 
111.140442 
111.140137 
111.140137 
111.140137 
111.140137 
111.140442 
111.140747 
111.140747 
111.141357 
111.141663 
111.141968 
111.141052 
111.140137 
111.138611 
111.138306 
111.138611 
111.138916 
111.138611 
111.139221 
111.139526 
111.139526 
111.139832 
111.139221 
111.139832 
111.139832 
111.139832 
111.139221 
111.138916 
111.138611 
111.138306 
111.138000 
111.138916 
111.140137 
111.141052 
111.141357 
111.141052 
111.140747 
111.141052 
111.140747 
111.140137 
111.139832 
111.139832 
111.140137 
111.140137 
111.140137 
111.140442 
111.140747 
111.141052 
111.141357 
111.141663 
111.141968 
111.141052 
111.140137 
111.138611 
111.138611 
111.138611 
111.138611 
111.138916 
111.139221 
111.139526 
111.139832 
111.139832 
111.139526 
111.139526 
111.139526 
111.139221 
111.139526 
111.139221 
111.138306 
111.138306 
111.138306 
111.138916 
111.139832 
111.141052 
111.141663 
111.141357 
111.141052 
111.141052 
111.140137 
111.140137 
111.140137 
111.140137 
111.140137 
111.140137 
111.140137 
111.140137 
111.140747 
111.140747 
111.141052 
111.141663 
111.141663 
111.141052 
111.140137 
111.138916 
111.138306 
111.138611 
111.138916 
111.139526 
111.139832 
111.139526 
111.139832 
111.139526 
111.139526 
111.139832 
111.139832 
111.139221 
111.139221 
111.139221 
111.138611 
111.138306 
111.138000 
111.138916 
111.140137 
111.141052 
111.141357 
111.141052 
111.141052 
111.140442 
111.140442 
111.140137 
111.140137 
111.140137 
111.140747 
111.140137 
111.139832 
111.140442 
111.140442 
111.140747 
111.141052 
111.141663 
111.141663 
111.141357 
111.139526 
111.138916 
111.138306 
111.138306 
111.138611 
111.138916 
111.139221 
111.139526 
111.139832 
111.139526 
111.139526 
111.139526 
111.139221 
111.139832 
111.139526 
111.138916 
111.138306 
111.138306 
111.138000 
111.138611 
111.140137 
111.141357 
111.141357 
111.141357 
111.141052 
111.140442 
111.140442 
111.140137 
111.139832 
111.140137 
111.140442 
111.139832 
111.139832 
111.140442 
111.140442 
111.140747 
111.141052 
111.141357 
111.141357 
111.141052 
111.139526 
111.138611 
111.138306 
111.138611 
111.138611 
111.138916 
111.139221 
111.139526 
111.139526 
111.139832 
111.139526 
111.139526 
111.139832 
111.139526 
111.139526 
111.139526 
111.138611 
111.138000 
111.138306 
111.138611 
111.140137 
111.140747 
111.141357 
111.141357 
111.141052 
111.140747 
111.140747 
111.140137 
111.140442 
111.140137 
111.140137 
111.140137 
111.140137 
111.140442 
111.140442 
111.140442 
111.141052 
111.141357 
111.141663 
111.141052 
111.139832 
111.138916 
111.138306 
111.138611 
111.138916 
111.138916 
111.139221 
111.139526 
111.139526 
111.139526 
111.139832 
111.139526 
111.139526 
111.139526 
111.139221 
111.138916 
111.138611 
111.138306 
111.138306 
111.138611 
111.140137 
111.141052 
111.141663 
111.141357 
111.140747 
111.140442 
111.140442 
111.140442 
111.140442 
111.140137 
111.140137 
111.139832 
111.140442 
111.140442 
111.140442 
111.140747 
111.141357 
111.141357 
111.141968 
111.141052 
111.139526 
111.138611 
111.138306 
111.138306 
111.138611 
111.138916 
111.139221 
111.139221 
111.139526 
111.139832 
111.139526 
111.139832 
111.139221 
111.139526 
111.139221 
111.138916 
111.138611 
111.138000 
111.138000 
111.138916 
111.140137 
111.140747 
111.141357 
111.141052 
111.140747 
111.140442 
111.140442 
111.139832 
111.139832 
111.140137 
111.139832 
111.140137 
111.139526 
111.140137 
111.140137 
111.140442 
111.141052 
111.141663 
111.141357 
111.140747 
111.139221 
111.138611 
111.138000 
111.138611 
111.138306 
111.138916 
111.139221 
111.139221 
111.139832 
111.139526 
111.139221 
111.139526 
111.139526 
111.139526 
111.139221 
111.138916 
111.138306 
111.138306 
111.138000 
111.138611 
111.140137 
111.141052 
111.141357 
111.141357 
111.140747 
111.140747 
111.140442 
111.140442 
111.140137 
111.140137 
111.140137 
111.140442 
111.140137 
111.140137 
111.140137 
111.140442 
111.140747 
111.141357 
111.141663 
111.140747 
111.139526 
111.138916 
111.138611 
111.138306 
111.138611 
111.139221 
111.139526 
111.139526 
111.139526 
111.139526 
111.139526 
111.139832 
111.139526 
111.139526 
111.139221 
111.138611 
111.138611 
111.138000 
111.138000 
111.138916 
111.140137 
111.141357 
111.141663 
111.140747 
111.141052 
111.140442 
111.140137 
111.140442 
111.140137 
111.139832 
111.140442 
111.140442 
111.140137 
111.140442 
111.140442 
111.140442 
111.141052 
111.141663 
111.141663 
111.140747 
111.139221 
111.138611 
111.138611 
111.138306 
111.138611 
111.138611 
111.139221 
111.139526 
111.139526 
111.139221 
111.139526 
111.139221 
111.139526 
111.138916 
111.139221 
111.138611 
111.138611 
111.138000 
111.138000 
111.138916 
111.140137 
111.140747 
111.141357 
111.140747 
111.140442 
111.140747 
111.140442 
111.140137 
111.139832 
111.140442 
111.140442 
111.140137 
111.140442 
111.140137 
111.140442 
111.140747 
111.141052 
111.141357 
111.141357 
111.141052 
111.139526 
111.138916 
111.138306 
111.138306 
111.138916 
111.139221 
111.139221 
111.139526 
111.139832 
111.139526 
111.139526 
111.139832 
111.139832 
111.139526 
111.139221 
111.138916 
111.138306 
111.138306 
111.138000 
111.139221 
111.140137 
111.141357 
111.141663 
111.141052 
111.140747 
111.141052 
111.140747 
111.140137 
111.140442 
111.140137 
111.140137 
111.140137 
111.140137 
111.140442 
111.140442 
111.140747 
111.141052 
111.141663 
111.141663 
111.140747 
111.139221 
111.138611 
111.138611 
111.138611 
111.138916 
111.138916 
111.139221 
111.139526 
111.139832 
111.139526 
111.139526 
111.139832 
111.139221 
111.139526 
111.138916 
111.139221 
111.138306 
111.138306 
111.138306 
111.138916 
111.140137 
111.141663 
111.141357 
111.141052 
111.141357 
111.141052 
111.140442 
111.140442 
111.140137 
111.140442 
111.140442 
111.140137 
111.140137 
111.140442 
111.140442 
111.140747 
111.141357 
111.141052 
111.141357 
111.140442 
111.139221 
111.138306 
111.138306 
111.138306 
111.138611 
111.138916 
111.139526 
111.139221 
111.139832 
111.139221 
111.139526 
111.139526 
111.139832 
111.139221 
111.139221 
111.138916 
111.138916 
111.138000 
111.138306 
111.139221 
111.140137 
111.140747 
111.141357 
111.141052 
111.140747 
111.140442 
111.140137 
111.140137 
111.140137 
111.139832 
111.139832 
111.140442 
111.140137 
111.140137 
111.140747 
111.140747 
111.140747 
111.141357 
111.141663 
111.140747 
111.139221 
111.138306 
111.138611 
111.138916 
111.138611 
111.138916 
111.139221 
111.139526 
111.139832 
111.139526 
111.139526 
111.139526 
111.139526 
111.139221 
111.139221 
111.138916 
111.138611 
111.138306 
111.138306 
111.138916 
111.140442 
111.141357 
111.141663 
111.141052 
111.141052 
111.140747 
111.140442 
111.140137 
111.140442 
111.140442 
111.140137 
111.140442 
111.140137 
111.140442 
111.140442 
111.141052 
111.141052 
111.141968 
111.141968 
111.140442 
111.139526 
111.138611 
111.138611 
111.138611 
111.139221 
111.139221 
111.139221 
111.139526 
111.139832 
111.139526 
111.139526 
111.139832 
111.139221 
111.139221 
111.139221 
111.138916 
111.138611 
111.138000 
111.138000 
111.138916 
111.140137 
111.140747 
111.141052 
111.141357 
111.140747 
111.140747 
111.140137 
111.140442 
111.140442 
111.139832 
111.140137 
111.140442 
111.140442 
111.140442 
111.140442 
111.140747 
111.141357 
111.141663 
111.141357 
111.140442 
111.139221 
111.138306 
111.138306 
111.138611 
111.138916 
111.138611 
111.139221 
111.139221 
111.139526 
111.139526 
111.139221 
111.139221 
111.139526 
111.139526 
111.138916 
111.138916 
111.138306 
111.138306 
111.137695 
111.139221 
111.140137 
111.141357 
111.141052 
111.141052 
111.140747 
111.140137 
111.140442 
111.140137 
111.140137 
111.140137 
111.140137 
111.140442 
111.140442 
111.140137 
111.140442 
111.141052 
111.141052 
111.141663 
111.141663 
111.140442 
111.139221 
111.138611 
111.138306 
111.138916 
111.139221 
111.139221 
111.139221 
111.140137 
111.139832 
111.139526 
111.139526 
111.139832 
111.139221 
111.139221 
111.139221 
111.138611 
111.138306 
111.138306 
111.138306 
111.139221 
111.140442 
111.141357 
111.141357 
111.141052 
111.141357 
111.140747 
111.140442 
111.140137 
111.140137 
111.140442 
111.140442 
111.140137 
111.140137 
111.140137 
111.140442 
111.140747 
111.141357 
111.141663 
111.141357 
111.140442 
111.139832 
111.138611 
111.138306 
111.138611 
111.138916 
111.138611 
111.139526 
111.139526 
111.139832 
111.139526 
111.139832 
111.139526 
111.139526 
111.139221 
111.139221 
111.138916 
111.138306 
111.138000 
111.138306 
111.139221 
111.140442 
111.141052 
111.141663 
111.141052 
111.141052 
111.140442 
111.140442 
111.140137 
111.140137 
111.140137 
111.140137 
111.140137 
111.140442 
111.139832 
111.140747 
111.140747 
111.141357 
111.141968 
111.141663 
111.140442 
111.138916 
111.138306 
111.138306 
111.138916 
111.138611 
111.138916 
111.139221 
111.139526 
111.139526 
111.139526 
111.139526 
111.139526 
111.139526 
111.139526 
111.139221 
111.138916 
111.138611 
111.138000 
111.137695 
111.138916 
111.140137 
111.140747 
111.141663 
111.141052 
111.140747 
111.140747 
111.140137 
111.139832 
111.140137 
111.140137 
111.140137 
111.140137 
111.140137 
111.140442 
111.140137 
111.140747 
111.141357 
111.141663 
111.141357 
111.140442 
111.139221 
111.138611 
111.138306 
111.138611 
111.139221 
111.139221 
111.139526 
111.139832 
111.139526 
111.139832 
111.139526 
111.139526 
111.139221 
111.139526 
111.138916 
111.138611 
111.138306 
111.137695 
111.138306 
111.138916 
111.140442 
111.141357 
111.141357 
111.141052 
111.141052 
111.140442 
111.140442 
111.140137 
111.140137 
111.139832 
111.140442 
111.140137 
111.139832 
111.140442 
111.140442 
111.140747 
111.141052 
111.141357 
111.141357 
111.140442 
111.139221 
111.138306 
111.138306 
111.138611 
111.138916 
111.138916 
111.139221 
111.139221 
111.139526 
111.139526 
111.139221 
111.139221 
111.139526 
111.139221 
111.139221 
111.138916 
111.138306 
111.137695 
111.138306 
111.139221 
111.140137 
111.141052 
111.141357 
111.140747 
111.141052 
111.140442 
111.140137 
111.140137 
111.139832 
111.139832 
111.139526 
111.139526 
111.139526 
111.139221 
111.138916 
111.138306 
111.138000 
111.138000 
111.136780 
111.134949 
111.133118 
111.131287 
111.129456 
111.128540 
111.127014 
111.125488 
111.124268 
111.123047 
111.120911 
111.119080 
111.116943 
111.114807 
111.112061 
111.109314 
111.106567 
111.103210 
111.099548 
111.096497 
111.092834 
111.090698 
111.088867 
111.085205 
111.081848 
111.078186 
111.073608 
111.069031 
111.063538 
111.059265 
111.054077 
111.049194 
111.044006 
111.038208 
111.033630 
111.027832 
111.022034 
111.016541 
111.010742 
111.004944 
110.998230 
110.990601 
110.982361 
110.974731 
110.967712 
110.960083 
110.953064 
110.945435 
110.938416 
110.930481 
110.922546 
110.914307 
110.905762 
110.897522 
110.888062 
110.879211 
110.869751 
110.859985 
110.850220 
110.840149 
110.830078 
110.821533 
110.813293 
110.804138 
110.794067 
110.783691 
110.773315 
110.762329 
110.751648 
110.741272 
110.730591 
110.719910 
110.709229 
110.698547 
110.687866 
110.677490 
110.666809 
110.657043 
110.646057 
110.636292 
110.625305 
110.614014 
110.602112 
110.590515 
110.579834 
110.569458 
110.559082 
110.548401 
110.537720 
110.527649 
110.517578 
110.506897 
110.496826 
110.487061 
110.476990 
110.466919 
110.456543 
110.446777 
110.437317 
110.427246 
110.418091 
110.409851 
110.402527 
110.394592 
110.385742 
110.377197 
110.369263 
110.360413 
110.352173 
110.344849 
110.336304 
110.328674 
110.321045 
110.313416 
110.306396 
110.299377 
110.292969 
110.286255 
110.280151 
110.274353 
110.267639 
110.260010 
110.252991 
110.245972 
110.239868 
110.233765 
110.228271 
110.223083 
110.217896 
110.213013 
110.207825 
110.203247 
110.198364 
110.193481 
110.188599 
110.184631 
110.179443 
110.174866 
110.170288 
110.165710 
110.162354 
110.159607 
110.156860 
110.155029 
110.151672 
110.148010 
110.144653 
110.141602 
110.138550 
110.135498 
110.132751 
110.130615 
110.127869 
110.125122 
110.123596 
110.121155 
110.119629 
110.118713 
110.117493 
110.115967 
110.114746 
110.112305 
110.109863 
110.108337 
110.107727 
110.106812 
110.106506 
110.105591 
110.106201 
110.105896 
110.105896 
110.105896 
110.105591 
110.105286 
110.105286 
110.105286 
110.104675 
110.104370 
110.104065 
110.104065 
110.103760 
110.105286 
110.106506 
110.107422 
110.107422 
110.107117 
110.107422 
110.106812 
110.106506 
110.106201 
110.106506 
110.106506 
110.107117 
110.106506 
110.107117 
110.107117 
110.107727 
110.108337 
110.108643 
110.108948 
110.109253 
110.107422 
110.107117 
110.106812 
110.106506 
110.106506 
110.107117 
110.107117 
110.108032 
110.108337 
110.108948 
110.108337 
110.108948 
110.108643 
110.108643 
110.108643 
110.108643 
110.108643 
110.108337 
110.108032 
110.108337 
110.109558 
110.110779 
110.111084 
110.112000 
110.112000 
110.111389 
110.111084 
110.111084 
110.110779 
110.110474 
110.110779 
110.110474 
110.110779 
110.110474 
110.110474 
110.111084 
110.111389 
110.112000 
110.112305 
110.112000 
110.110779 
110.109558 
110.108948 
110.108948 
110.108948 
110.109253 
110.109863 
110.109558 
110.109863 
110.109558 
110.110168 
110.109253 
110.109863 
110.109863 
110.109558 
110.109253 
110.108948 
110.108643 
110.108032 
110.108337 
