Blum, K. P., D’Incamps, B. L., Zytnicki, D., & Ting, L. H. (2017).
Force encoding in muscle spindles during stretch of
passive muscle. PLoS computational biology, 13(9), 
e1005767. <https://journals.plos.org/ploscompbiol/article?
id=10.1371/journal.pcbi.1005767>

cat medial gastrocnemius muscle lengths over t  (in 0.0005 s increments)
110.109253 
110.108643 
110.108643 
110.109558 
110.110474 
110.110779 
110.111084 
110.110779 
110.110779 
110.110779 
110.110168 
110.110168 
110.109863 
110.110168 
110.109863 
110.109863 
110.110168 
110.110168 
110.110168 
110.110779 
110.110779 
110.111389 
110.111084 
110.110474 
110.109253 
110.108643 
110.108948 
110.108337 
110.108948 
110.108948 
110.109558 
110.109558 
110.109558 
110.109863 
110.109558 
110.110168 
110.110168 
110.109558 
110.109558 
110.109253 
110.109253 
110.108337 
110.108948 
110.108948 
110.110474 
110.111084 
110.111389 
110.110779 
110.110779 
110.110474 
110.110779 
110.109863 
110.110168 
110.110168 
110.110474 
110.109863 
110.110168 
110.109558 
110.110168 
110.110779 
110.110474 
110.111389 
110.111084 
110.110474 
110.108948 
110.108948 
110.108643 
110.108643 
110.108643 
110.108643 
110.109253 
110.109863 
110.109863 
110.110168 
110.109863 
110.110168 
110.110168 
110.110168 
110.109863 
110.109253 
110.109558 
110.108948 
110.108643 
110.109558 
110.110474 
110.111084 
110.111694 
110.111389 
110.111084 
110.110779 
110.110779 
110.110474 
110.110168 
110.110168 
110.109863 
110.109558 
110.109558 
110.110168 
110.110474 
110.110168 
110.111389 
110.111389 
110.111389 
110.110168 
110.109558 
110.108643 
110.108643 
110.109253 
110.108948 
110.109253 
110.109558 
110.110474 
110.110474 
110.110474 
110.110779 
110.110779 
110.112000 
110.112000 
110.112000 
110.112915 
110.113220 
110.113831 
110.114746 
110.116882 
110.119019 
110.121155 
110.122681 
110.123596 
110.125732 
110.127563 
110.129089 
110.130920 
110.133057 
110.135498 
110.138245 
110.140991 
110.144043 
110.147095 
110.150757 
110.154419 
110.158081 
110.162048 
110.165405 
110.168762 
110.171204 
110.174561 
110.178833 
110.182800 
110.187988 
110.192261 
110.197449 
110.202942 
110.208130 
110.213013 
110.218201 
110.223694 
110.228882 
110.234680 
110.240479 
110.245361 
110.251160 
110.257263 
110.263367 
110.270996 
110.278931 
110.286560 
110.293579 
110.300598 
110.307312 
110.314636 
110.321960 
110.329285 
110.336914 
110.344849 
110.352783 
110.360718 
110.370178 
110.378723 
110.387878 
110.397949 
110.408020 
110.418701 
110.428772 
110.438538 
110.448303 
110.458679 
110.469666 
110.481567 
110.493469 
110.505371 
110.518494 
110.531311 
110.544128 
110.557251 
110.570068 
110.582581 
110.595398 
110.607910 
110.619507 
110.631714 
110.643616 
110.655518 
110.667114 
110.679932 
110.693359 
110.705872 
110.718079 
110.729980 
110.741577 
110.752869 
110.765076 
110.776978 
110.788574 
110.800781 
110.813599 
110.825806 
110.838623 
110.851440 
110.865173 
110.878601 
110.892029 
110.905762 
110.919189 
110.932312 
110.944519 
110.958252 
110.972290 
110.986938 
111.001282 
111.016235 
111.031799 
111.046753 
111.061401 
111.076660 
111.091919 
111.106567 
111.121826 
111.136780 
111.151733 
111.166992 
111.182251 
111.197205 
111.212463 
111.228638 
111.245422 
111.261902 
111.277161 
111.292419 
111.307983 
111.323547 
111.339111 
111.354675 
111.370239 
111.385803 
111.401367 
111.416931 
111.432495 
111.448364 
111.464539 
111.480713 
111.496887 
111.513062 
111.529541 
111.544189 
111.558838 
111.573486 
111.589050 
111.604614 
111.620483 
111.636658 
111.652222 
111.668701 
111.684265 
111.700134 
111.715393 
111.730652 
111.745911 
111.761169 
111.776428 
111.791382 
111.806030 
111.821289 
111.835938 
111.851807 
111.868286 
111.884155 
111.899414 
111.914368 
111.929626 
111.944275 
111.959229 
111.974182 
111.989136 
112.003784 
112.019043 
112.033997 
112.048950 
112.064514 
112.080078 
112.094727 
112.110596 
112.126160 
112.141113 
112.155457 
112.169189 
112.183533 
112.198181 
112.213440 
112.228394 
112.243652 
112.258606 
112.274170 
112.289429 
112.303772 
112.318420 
112.332764 
112.347412 
112.362061 
112.376099 
112.389832 
112.403870 
112.417297 
112.431335 
112.446289 
112.461243 
112.475586 
112.489319 
112.502441 
112.515564 
112.528076 
112.540894 
112.554016 
112.566528 
112.579041 
112.591553 
112.604370 
112.616882 
112.629395 
112.640991 
112.653809 
112.666016 
112.677917 
112.689819 
112.700500 
112.710876 
112.721863 
112.732544 
112.743835 
112.754822 
112.765808 
112.776489 
112.787476 
112.798462 
112.808533 
112.818909 
112.828979 
112.838135 
112.848206 
112.857361 
112.866516 
112.875671 
112.883911 
112.892456 
112.902832 
112.912903 
112.922058 
112.930908 
112.938843 
112.946472 
112.954712 
112.962036 
112.969971 
112.977295 
112.984924 
112.992554 
112.999573 
113.007202 
113.014221 
113.020935 
113.028259 
113.035278 
113.041992 
113.048401 
113.054199 
113.059387 
113.064880 
113.070679 
113.076477 
113.082581 
113.088074 
113.093872 
113.099365 
113.104553 
113.109741 
113.114929 
113.119507 
113.124390 
113.128662 
113.132629 
113.136597 
113.140259 
113.143616 
113.147583 
113.152466 
113.156738 
113.161011 
113.164368 
113.167419 
113.170166 
113.172302 
113.175659 
113.178101 
113.180237 
113.182983 
113.185425 
113.187256 
113.189087 
113.191528 
113.193359 
113.195190 
113.197632 
113.198853 
113.200378 
113.201294 
113.200989 
113.201599 
113.202209 
113.203125 
113.203735 
113.204651 
113.205872 
113.206177 
113.206482 
113.207397 
113.207397 
113.207703 
113.207703 
113.207397 
113.207092 
113.207703 
113.207092 
113.206482 
113.206482 
113.207397 
113.208618 
113.208923 
113.208313 
113.208618 
113.208008 
113.207703 
113.207092 
113.207092 
113.206482 
113.206177 
113.205872 
113.205872 
113.205872 
113.205261 
113.205566 
113.205566 
113.205261 
113.205872 
113.205566 
113.204651 
113.203735 
113.202515 
113.202515 
113.202820 
113.202515 
113.202515 
113.203125 
113.203125 
113.202820 
113.203125 
113.202820 
113.202820 
113.202820 
113.202515 
113.201599 
113.201294 
113.200684 
113.200684 
113.200684 
113.201294 
113.202515 
113.202820 
113.202820 
113.202515 
113.202515 
113.201904 
113.201294 
113.201294 
113.200684 
113.201294 
113.200684 
113.200378 
113.200989 
113.201294 
113.201294 
113.201599 
113.201599 
113.201904 
113.202209 
113.201294 
113.199768 
113.199158 
113.199158 
113.199463 
113.199158 
113.199768 
113.200073 
113.200378 
113.200378 
113.200378 
113.200378 
113.200378 
113.200684 
113.200073 
113.200073 
113.199768 
113.199158 
113.198547 
113.199158 
113.199463 
113.200684 
113.201294 
113.201294 
113.200684 
113.200684 
113.200378 
113.199768 
113.199768 
113.199768 
113.199158 
113.199463 
113.199463 
113.199463 
113.199158 
113.199463 
113.199768 
113.200073 
113.200378 
113.200684 
113.199158 
113.197937 
113.197937 
113.197327 
113.197632 
113.197632 
113.198547 
113.198547 
113.198242 
113.198853 
113.198853 
113.199158 
113.198853 
113.198853 
113.198547 
113.198853 
113.198242 
113.197632 
113.197327 
113.197632 
113.198547 
113.199768 
113.200378 
113.199768 
113.199768 
113.199768 
113.199158 
113.198853 
113.198853 
113.198853 
113.198242 
113.198547 
113.198547 
113.198547 
113.198853 
113.198853 
113.199158 
113.199158 
113.199463 
113.199463 
113.198853 
113.198242 
113.197021 
113.197021 
113.197327 
113.197937 
113.198242 
113.198547 
113.198853 
113.198853 
113.199463 
113.199158 
113.199463 
113.199158 
113.199158 
113.198853 
113.198547 
113.198242 
113.197937 
113.198547 
113.199158 
113.200073 
113.200684 
113.200684 
113.200378 
113.200073 
113.199463 
113.199768 
113.199158 
113.199158 
113.199463 
113.199158 
113.199158 
113.199463 
113.199463 
113.199463 
113.200073 
113.200378 
113.200684 
113.200378 
113.199463 
113.198547 
113.198242 
113.198242 
113.197937 
113.198547 
113.198547 
113.198853 
113.198547 
113.199158 
113.199768 
113.199158 
113.199463 
113.199158 
113.199158 
113.199158 
113.198547 
113.197937 
113.197632 
113.197937 
113.198547 
113.199768 
113.200378 
113.200073 
113.199768 
113.199463 
113.199158 
113.198853 
113.198547 
113.198242 
113.198242 
113.198242 
113.198547 
113.198547 
113.198547 
113.198853 
113.198853 
113.199158 
113.199463 
113.199463 
113.198242 
113.197632 
113.197021 
113.197021 
113.197021 
113.197327 
113.197327 
113.197632 
113.198242 
113.198242 
113.198242 
113.198242 
113.197937 
113.198242 
113.198242 
113.197937 
113.197021 
113.197021 
113.197021 
113.197021 
113.197632 
113.199158 
113.199463 
113.199158 
113.199158 
113.199158 
113.198853 
113.198547 
113.198242 
113.198547 
113.197937 
113.198547 
113.198242 
113.198242 
113.197937 
113.198547 
113.198853 
113.199158 
113.199463 
113.199463 
113.198853 
113.197327 
113.197021 
113.197021 
113.197021 
113.197327 
113.197937 
113.197937 
113.198242 
113.198547 
113.198547 
113.198853 
113.198853 
113.198547 
113.199158 
113.198242 
113.197937 
113.197937 
113.197327 
113.197632 
113.198242 
113.199463 
113.200073 
113.199768 
113.199768 
113.199158 
113.199158 
113.198853 
113.198853 
113.198853 
113.198547 
113.198547 
113.198547 
113.198547 
113.198547 
113.199158 
113.199158 
113.199768 
113.200073 
113.199463 
113.198853 
113.197632 
113.197327 
113.197021 
113.197021 
113.197327 
113.197937 
113.197937 
113.198242 
113.198242 
113.198242 
113.198547 
113.198242 
113.198547 
113.198242 
113.197937 
113.197937 
113.197632 
113.196716 
113.197021 
113.197937 
113.198853 
113.199463 
113.199463 
113.199158 
113.198853 
113.198853 
113.198242 
113.197937 
113.198242 
113.197937 
113.197632 
113.197632 
113.197937 
113.197632 
113.198242 
113.198547 
113.198853 
113.199463 
113.198853 
113.198242 
113.196716 
113.196716 
113.196716 
113.196716 
113.196716 
113.197327 
113.197937 
113.197937 
113.197632 
113.197937 
113.197937 
113.197937 
113.197937 
113.197937 
113.197632 
113.197632 
113.197021 
113.196716 
113.197021 
113.197937 
113.199463 
113.199463 
113.199463 
113.199158 
113.199158 
113.198547 
113.198547 
113.198547 
113.198242 
113.198242 
113.198242 
113.197937 
113.198242 
113.198547 
113.198547 
113.198853 
113.199158 
113.200073 
113.199463 
113.198853 
113.197327 
113.196716 
113.197021 
113.197327 
113.197632 
113.197937 
113.197937 
113.198547 
113.198242 
113.198242 
113.198853 
113.198547 
113.198242 
113.198242 
113.197937 
113.197021 
113.197021 
113.197021 
113.197021 
113.198242 
113.199463 
113.199768 
113.199463 
113.199463 
113.199463 
113.198547 
113.198853 
113.198242 
113.198242 
113.197937 
113.198547 
113.198242 
113.197937 
113.198242 
113.198547 
113.198853 
113.199158 
113.199158 
113.199158 
113.198242 
113.197327 
113.196411 
113.196716 
113.197021 
113.197021 
113.197021 
113.197327 
113.197937 
113.197632 
113.197632 
113.197937 
113.197937 
113.197937 
113.197937 
113.197632 
113.197327 
113.196716 
113.196411 
113.197021 
113.197937 
113.198547 
113.198853 
113.199158 
113.198853 
113.198547 
113.198547 
113.198242 
113.197937 
113.197937 
113.197937 
113.197937 
113.197937 
113.198242 
113.197937 
113.198242 
113.198853 
113.198853 
113.199463 
113.199158 
113.198242 
113.197327 
113.196716 
113.196716 
113.197021 
113.197021 
113.197632 
113.197632 
113.197632 
113.197937 
113.198547 
113.198242 
113.198242 
113.198547 
113.197937 
113.197632 
113.197632 
113.197021 
113.196716 
113.197021 
113.197937 
113.199463 
113.199768 
113.199768 
113.199463 
113.199463 
113.198853 
113.198547 
113.198547 
113.198242 
113.198242 
113.197937 
113.198242 
113.198547 
113.198547 
113.198547 
113.199158 
113.199158 
113.199463 
113.199463 
113.198242 
113.197632 
113.197021 
113.196716 
113.197021 
113.197327 
113.197327 
113.197327 
113.197937 
113.198242 
113.198242 
113.197937 
113.197937 
113.198242 
113.197937 
113.197632 
113.197632 
113.197327 
113.196716 
113.196716 
113.197632 
113.198853 
113.198853 
113.199158 
113.198547 
113.198853 
113.198853 
113.197937 
113.198242 
113.197937 
113.197937 
113.197937 
113.197937 
113.197937 
113.198242 
113.198242 
113.198547 
113.198853 
113.199158 
113.198853 
113.197632 
113.196716 
113.196411 
113.196106 
113.196106 
113.196716 
113.197021 
113.197021 
113.197632 
113.197327 
113.197632 
113.197937 
113.197937 
113.197327 
113.197632 
113.197327 
113.197021 
113.196716 
113.196411 
113.196411 
113.197937 
113.198853 
113.199158 
113.199158 
113.199158 
113.198853 
113.198547 
113.197937 
113.198547 
113.197937 
113.197632 
113.197632 
113.197937 
113.197937 
113.198242 
113.198547 
113.198853 
113.198853 
113.199158 
113.198853 
113.197937 
113.197021 
113.196411 
113.196716 
113.197021 
113.197327 
113.197327 
113.197327 
113.197632 
113.197937 
113.197937 
113.197937 
113.197937 
113.197632 
113.197937 
113.197327 
113.197327 
113.197327 
113.197021 
113.197021 
113.197937 
113.199158 
113.199158 
113.199463 
113.199158 
113.198853 
113.198853 
113.198242 
113.198242 
113.198242 
113.198242 
113.197632 
113.197937 
113.198242 
113.198547 
113.198242 
113.198547 
113.199158 
113.198853 
113.199463 
113.198242 
113.197021 
113.196716 
113.196411 
113.197021 
113.197021 
113.197327 
113.197632 
113.197327 
113.197632 
113.198242 
113.197632 
113.197937 
113.198242 
113.197632 
113.197021 
113.197021 
113.196716 
113.196106 
113.197021 
113.197937 
113.198547 
113.199158 
113.198853 
113.198547 
113.198242 
113.198547 
113.198242 
113.197632 
113.197937 
113.197632 
113.197632 
113.197937 
113.197937 
113.198242 
113.198242 
113.198853 
113.198853 
113.198853 
113.198853 
113.197632 
113.197021 
113.196716 
113.196716 
113.197021 
113.197327 
113.197327 
113.197632 
113.197327 
113.197632 
113.197632 
113.197632 
113.197632 
113.197937 
113.197632 
113.197632 
113.197327 
113.197021 
113.196106 
113.197021 
113.197937 
113.198853 
113.199463 
113.199158 
113.198853 
113.198853 
113.198242 
113.198242 
113.198547 
113.198242 
113.197937 
113.197632 
113.198242 
113.198242 
113.198242 
113.198853 
113.199158 
113.199158 
113.199158 
113.198853 
113.198242 
113.197327 
113.196716 
113.196716 
113.197327 
113.197021 
113.197632 
113.197632 
113.197937 
113.197632 
113.198242 
113.197937 
113.197937 
113.197937 
113.197937 
113.197632 
113.197021 
113.197021 
113.197021 
113.196716 
113.197937 
113.198853 
113.199463 
113.199463 
113.198853 
113.199158 
113.198547 
113.198242 
113.197937 
113.197632 
113.197632 
113.197937 
113.197937 
113.198242 
113.197937 
113.198547 
113.198547 
113.198853 
113.199158 
113.198547 
113.197937 
113.196716 
113.196411 
113.196411 
113.197021 
113.197021 
113.197021 
113.197327 
113.197632 
113.197632 
113.197632 
113.197937 
113.197327 
113.197632 
113.197632 
113.197327 
113.196716 
113.196716 
113.196106 
113.196716 
113.197632 
113.198853 
113.199158 
113.199158 
113.198547 
113.198242 
113.198242 
113.197937 
113.197632 
113.197632 
113.197937 
113.197937 
113.197937 
113.198242 
113.197937 
113.197937 
113.198547 
113.198853 
113.199158 
113.198853 
113.198242 
113.197021 
113.196716 
113.196716 
113.196716 
113.197021 
113.197632 
113.197327 
113.197632 
113.197632 
113.197937 
113.197937 
113.197937 
113.198242 
113.197632 
113.197327 
113.197327 
113.197021 
113.196411 
113.197021 
113.197937 
113.198547 
113.199463 
113.199463 
113.198853 
113.199158 
113.198547 
113.198242 
113.198242 
113.198242 
113.197937 
113.197632 
113.197937 
113.198242 
113.198242 
113.197937 
113.198853 
113.198853 
113.199158 
113.199158 
113.197327 
113.197327 
113.196716 
113.196716 
113.196411 
113.197021 
113.197327 
113.197327 
113.197937 
113.197937 
113.197632 
113.197937 
113.197937 
113.197632 
113.197937 
113.197632 
113.197327 
113.196716 
113.196411 
113.196716 
113.197632 
113.199158 
113.199158 
113.199158 
113.198547 
113.198547 
113.198242 
113.197937 
113.197937 
113.197937 
113.197632 
113.197632 
113.197937 
113.197937 
113.198242 
113.198242 
113.198853 
113.198853 
113.198853 
113.198853 
113.197327 
113.196716 
113.196411 
113.196716 
113.196411 
113.197021 
113.197021 
113.197632 
113.197632 
113.197632 
113.197632 
113.197937 
113.197632 
113.197327 
113.197632 
113.197327 
113.197021 
113.196716 
113.196716 
113.196716 
113.197632 
113.199158 
113.199158 
113.198853 
113.198853 
113.198547 
113.198242 
113.198242 
113.197937 
113.197937 
113.197937 
113.197632 
113.197632 
113.197937 
113.198242 
113.198242 
113.198242 
113.198853 
113.199158 
113.198242 
113.197937 
113.196716 
113.196716 
113.196411 
113.196716 
113.196716 
113.197021 
113.197327 
113.197937 
113.197937 
113.197937 
113.198242 
113.197937 
113.197632 
113.197937 
113.197327 
113.197327 
113.196716 
113.196716 
113.197021 
113.198242 
113.199158 
113.199158 
113.199463 
113.198547 
113.198547 
113.198242 
113.198242 
113.198242 
113.197937 
113.197937 
113.197632 
113.197937 
113.198242 
113.197632 
113.198242 
113.198547 
113.199158 
113.199158 
113.198853 
113.197632 
113.196716 
113.196106 
113.196716 
113.196411 
113.197021 
113.197327 
113.197632 
113.197632 
113.197632 
113.197937 
113.197937 
113.197937 
113.197937 
113.197632 
113.197632 
113.197021 
113.196716 
113.196411 
113.196716 
113.198242 
113.198547 
113.199463 
113.199463 
113.198853 
113.198853 
113.198242 
113.198242 
113.197937 
113.198242 
113.197937 
113.197937 
113.197632 
113.197632 
113.197632 
113.198547 
113.198853 
113.198853 
113.199158 
113.198853 
113.197632 
113.196411 
113.196411 
113.196716 
113.196411 
113.196716 
113.197021 
113.197327 
113.197937 
113.197632 
113.197937 
113.197937 
113.198242 
113.197632 
113.197632 
113.197327 
113.197021 
113.196716 
113.196716 
113.196411 
113.197632 
113.199158 
113.199158 
113.198853 
113.198242 
113.198853 
113.198547 
113.197937 
113.197632 
113.197937 
113.197632 
113.197937 
113.197937 
113.198242 
113.197632 
113.198242 
113.198853 
113.198853 
113.199158 
113.198547 
113.197937 
113.196716 
113.196716 
113.196716 
113.196716 
113.197021 
113.197327 
113.197327 
113.197937 
113.197632 
113.197632 
113.197632 
113.197937 
113.197632 
113.197632 
113.197021 
113.197021 
113.196411 
113.196716 
113.197021 
113.197937 
113.199158 
113.199158 
113.198853 
113.198853 
113.198853 
113.198547 
113.198242 
113.197937 
113.198242 
113.197632 
113.197937 
113.197632 
113.197632 
113.198242 
113.197937 
113.198547 
113.199158 
113.199158 
113.198547 
113.197632 
113.196411 
113.196411 
113.196411 
113.196411 
113.196411 
113.197021 
113.197021 
113.197021 
113.197632 
113.197632 
113.197327 
113.197937 
113.197632 
113.197327 
113.197327 
113.196716 
113.196716 
113.196411 
113.196716 
113.197632 
113.198853 
113.199158 
113.199158 
113.199158 
113.198547 
113.198242 
113.198242 
113.198242 
113.197937 
113.197937 
113.197937 
113.197937 
113.197937 
113.198242 
113.198242 
113.198853 
113.198853 
113.198853 
113.198853 
113.197937 
113.196411 
113.196411 
113.196716 
113.196716 
113.196716 
113.197021 
113.197632 
113.197937 
113.197937 
113.197937 
113.197937 
113.198242 
113.197632 
113.197327 
113.197021 
113.197021 
113.196716 
113.196411 
113.196716 
113.198242 
113.198547 
113.199158 
113.199158 
113.198853 
113.198547 
113.198547 
113.197937 
113.197937 
113.197937 
113.197632 
113.197937 
113.197632 
113.197937 
113.197632 
113.198242 
113.198547 
113.198853 
113.199158 
113.198547 
113.197632 
113.196411 
113.196411 
113.196716 
113.196411 
113.197021 
113.196716 
113.197327 
113.197327 
113.197937 
113.197632 
113.197937 
113.197632 
113.197632 
113.198242 
113.197632 
113.197021 
113.196716 
113.196716 
113.196716 
113.197937 
113.198547 
113.199463 
113.199158 
113.198547 
113.198547 
113.198242 
113.197937 
113.197632 
113.197937 
113.197632 
113.197937 
113.197937 
113.197937 
113.197937 
113.198242 
113.198853 
113.198547 
113.198853 
113.198547 
113.197632 
113.196716 
113.196716 
113.196106 
113.196716 
113.197327 
113.197327 
113.197021 
113.197937 
113.197632 
113.198242 
113.197937 
113.197937 
113.197021 
113.197632 
113.197021 
113.197021 
113.196716 
113.196716 
113.197021 
113.197937 
113.198853 
113.199158 
113.199158 
113.198853 
113.198853 
113.198547 
113.197937 
113.197632 
113.197937 
113.197937 
113.197632 
113.197937 
113.197937 
113.197937 
113.197937 
113.198853 
113.198853 
113.199463 
113.198547 
113.197327 
113.197021 
113.196716 
113.196106 
113.196411 
113.197021 
113.197327 
113.197632 
113.197632 
113.197632 
113.197327 
113.197632 
113.197937 
113.197632 
113.197632 
113.197632 
113.196716 
113.196411 
113.196716 
113.197021 
113.198242 
113.198547 
113.199463 
113.198547 
113.198853 
113.198853 
113.198242 
113.197937 
113.197937 
113.197632 
113.197937 
113.197937 
113.197327 
113.197937 
113.197632 
113.198242 
113.198242 
113.198853 
113.198853 
113.198547 
113.197021 
113.196716 
113.195801 
113.196411 
113.196716 
113.196716 
113.197021 
113.197327 
113.197632 
113.197632 
113.197632 
113.197632 
113.197632 
113.197327 
113.197327 
113.197021 
113.196716 
113.196716 
113.196106 
113.196716 
113.197632 
113.198853 
113.199158 
113.199158 
113.198853 
113.198547 
113.198242 
113.198242 
113.197937 
113.197327 
113.197937 
113.197937 
113.197632 
113.197937 
113.197327 
113.197937 
113.198853 
113.198853 
113.199463 
113.198547 
113.197632 
113.197021 
113.196411 
113.196716 
113.196716 
113.197021 
113.197327 
113.197327 
113.197327 
113.197937 
113.197937 
113.197632 
113.197632 
113.197632 
113.197632 
113.197327 
113.196716 
113.196716 
113.196106 
113.197021 
113.198242 
113.198547 
113.198853 
113.199158 
113.198853 
113.198547 
113.198242 
113.198242 
113.197937 
113.197937 
113.197937 
113.197937 
113.197632 
113.198242 
113.197937 
113.198242 
113.198853 
113.199158 
113.199158 
113.198242 
113.197632 
113.196716 
113.196411 
113.196411 
113.196716 
113.197021 
113.197327 
113.197632 
113.197632 
113.197632 
113.197632 
113.197937 
113.197632 
113.197327 
113.197327 
113.197327 
113.197327 
113.196716 
113.196716 
113.197021 
113.198242 
113.198853 
113.199463 
113.198853 
113.198547 
113.198547 
113.198242 
113.197937 
113.197632 
113.197937 
113.197632 
113.197632 
113.197632 
113.197937 
113.197937 
113.198242 
113.198242 
113.198547 
113.198853 
113.198547 
113.197632 
113.196716 
113.196106 
113.196411 
113.196716 
113.197021 
113.197021 
113.197021 
113.197937 
113.197632 
113.197937 
113.197937 
113.197632 
113.197327 
113.197632 
113.197327 
113.196716 
113.196716 
113.196411 
113.196716 
113.197632 
113.199158 
113.199158 
113.198853 
113.198547 
113.198547 
113.197937 
113.197632 
113.197937 
113.197632 
113.197632 
113.197632 
113.197327 
113.197632 
113.197937 
113.198242 
113.198547 
113.198853 
113.199158 
113.198547 
113.197632 
113.196716 
113.196106 
113.196716 
113.197021 
113.197021 
113.197327 
113.197632 
113.197632 
113.197937 
113.197937 
113.197937 
113.197937 
113.197632 
113.197632 
113.197327 
113.196716 
113.197021 
113.196716 
113.197327 
113.198242 
113.198853 
113.198853 
113.198853 
113.198853 
113.198547 
113.197937 
113.197937 
113.197937 
113.197937 
113.197937 
113.197632 
113.197632 
113.197632 
113.197937 
113.198547 
113.198853 
113.198853 
113.198853 
113.198547 
113.197632 
113.196716 
113.196411 
113.196716 
113.196716 
113.197327 
113.197327 
113.197327 
113.197327 
113.197632 
113.197937 
113.197632 
113.197632 
113.197937 
113.197327 
113.197021 
113.196716 
113.196411 
113.196411 
113.197021 
113.197937 
113.198853 
113.198547 
113.198853 
113.198242 
113.198242 
113.198242 
113.197937 
113.197937 
113.197937 
113.197632 
113.197327 
113.197937 
113.197937 
113.197937 
113.198242 
113.198547 
113.198853 
113.199158 
113.198547 
113.197327 
113.196411 
113.196411 
113.196716 
113.196716 
113.197021 
113.197632 
113.197327 
113.197937 
113.197632 
113.197632 
113.197632 
113.197937 
113.197327 
113.197327 
113.197632 
113.197021 
113.197021 
113.196411 
113.197021 
113.198242 
113.198853 
113.198853 
113.198853 
113.198547 
113.198547 
113.197937 
113.197937 
113.197937 
113.197937 
113.197937 
113.198242 
113.197937 
113.197632 
113.197632 
113.198547 
113.198242 
113.199158 
113.199463 
113.198547 
113.197327 
113.196716 
113.196411 
113.196411 
113.197021 
113.197327 
113.197021 
113.197937 
113.197632 
113.197937 
113.197937 
113.197937 
113.197937 
113.197632 
113.197937 
113.197021 
113.196716 
113.196716 
113.196411 
113.197021 
113.198547 
113.198853 
113.199158 
113.199158 
113.198242 
113.198547 
113.197937 
113.197632 
113.197937 
113.197327 
113.197937 
113.197632 
113.197632 
113.197327 
113.197632 
113.197937 
113.198547 
113.198853 
113.199158 
113.197937 
113.197327 
113.196411 
113.196106 
113.196716 
113.197021 
113.196716 
113.197021 
113.197327 
113.197632 
113.197632 
113.198242 
113.198242 
113.197632 
113.197632 
113.197937 
113.197327 
113.197021 
113.196716 
113.196411 
113.197021 
113.197937 
113.198853 
113.199158 
113.198853 
113.198547 
113.198547 
113.197937 
113.197632 
113.197327 
113.197632 
113.197632 
113.197632 
113.197632 
113.197937 
113.197937 
113.197937 
113.198547 
113.198853 
113.199158 
113.198547 
113.197327 
113.196106 
113.196411 
113.196716 
113.197327 
113.197327 
113.197327 
113.197021 
113.197632 
113.198242 
113.197632 
113.197937 
113.197937 
113.198242 
113.197632 
113.197327 
113.196716 
113.196716 
113.196411 
113.197021 
113.197937 
113.198853 
113.198853 
113.198853 
113.198242 
113.198547 
113.198242 
113.197632 
113.197937 
113.197327 
113.197327 
113.197937 
113.197937 
113.197937 
113.197937 
113.198242 
113.198547 
113.198547 
113.198853 
113.198853 
113.197327 
113.196411 
113.196411 
113.197021 
113.197021 
113.197327 
113.197327 
113.197937 
113.197937 
113.197937 
113.197937 
113.197632 
113.197937 
113.197632 
113.197327 
113.197632 
113.197021 
113.196716 
113.197021 
113.197021 
113.198242 
113.199158 
113.199463 
113.198853 
113.198547 
113.198242 
113.197937 
113.197632 
113.197632 
113.197632 
113.197021 
113.197632 
113.197632 
113.197632 
113.197937 
113.198547 
113.198242 
113.199158 
113.199158 
113.198242 
113.197327 
113.196716 
113.196106 
113.196106 
113.196716 
113.197021 
113.197327 
113.197632 
113.197632 
113.197632 
113.197937 
113.197937 
113.197937 
113.197632 
113.197327 
113.197021 
113.196716 
113.196411 
113.196411 
113.197021 
113.197937 
113.198853 
113.198853 
113.198547 
113.198853 
113.198547 
113.197632 
113.197632 
113.198242 
113.197632 
113.197021 
113.197327 
113.197632 
113.197632 
113.198242 
113.198242 
113.198547 
113.198853 
113.198853 
113.198242 
113.197632 
113.196411 
113.196411 
113.196411 
113.196716 
113.197021 
113.197021 
113.197327 
113.197937 
113.197632 
113.197937 
113.198242 
113.197937 
113.197632 
113.197937 
113.197327 
113.197021 
113.196716 
113.196716 
113.197327 
113.198242 
113.198853 
113.199463 
113.198853 
113.198547 
113.198853 
113.198242 
113.197937 
113.197937 
113.197937 
113.197327 
113.197327 
113.197937 
113.197937 
113.197937 
113.198547 
113.198242 
113.198853 
113.199158 
113.198547 
113.197327 
113.196716 
113.196106 
113.196716 
113.196716 
113.197021 
113.197632 
113.197632 
113.197632 
113.197632 
113.197632 
113.197937 
113.197632 
113.197632 
113.197327 
113.197021 
113.197021 
113.197021 
113.196716 
113.197021 
113.198547 
113.198547 
113.198853 
113.198853 
113.198547 
113.198242 
113.197937 
113.197632 
113.197632 
113.197632 
113.197937 
113.197632 
113.197327 
113.197632 
113.197632 
113.197937 
113.198853 
113.198853 
113.198853 
113.198853 
113.197632 
113.196411 
113.196106 
113.197021 
113.197021 
113.197021 
113.197632 
113.197327 
113.197632 
113.197937 
113.197937 
113.197632 
113.197632 
113.197632 
113.197327 
113.197021 
113.197021 
113.196411 
113.196411 
113.196716 
113.198242 
113.198547 
113.198853 
113.199158 
113.198242 
113.198242 
113.198242 
113.197632 
113.197327 
113.197327 
113.197632 
113.197632 
113.197937 
113.197937 
113.197937 
113.198547 
113.198853 
113.198853 
113.199158 
113.198242 
113.197021 
113.196411 
113.196716 
113.196716 
113.197021 
113.197021 
113.197327 
113.197632 
113.197937 
113.197937 
113.197632 
113.197632 
113.197632 
113.197632 
113.197021 
113.197327 
113.197327 
113.196716 
113.196411 
113.197327 
113.197937 
113.198853 
113.199158 
113.199158 
113.198242 
113.198547 
113.198242 
113.197632 
113.197632 
113.197937 
113.197632 
113.197327 
113.197632 
113.197937 
113.197632 
113.198242 
113.198547 
113.199158 
113.199158 
113.198547 
113.197021 
113.196716 
113.196411 
113.196716 
113.197021 
113.197021 
113.197327 
113.197632 
113.197632 
113.197632 
113.197937 
113.197632 
113.197937 
113.197632 
113.197632 
113.197632 
113.196716 
113.196411 
113.196411 
113.197327 
113.197937 
113.199158 
113.199158 
113.198853 
113.198547 
113.198242 
113.197937 
113.197632 
113.197632 
113.197632 
113.197632 
113.197937 
113.197632 
113.197632 
113.197937 
113.198242 
113.198547 
113.199158 
113.198853 
113.197937 
113.196716 
113.196716 
113.196411 
113.196106 
113.196716 
113.197021 
113.197021 
113.197632 
113.197632 
113.197632 
113.197632 
113.197632 
113.197632 
113.197327 
113.197937 
113.197021 
113.197021 
113.196716 
113.196411 
113.197327 
113.198242 
113.199158 
113.198853 
113.198853 
113.198853 
113.198242 
113.197937 
113.197937 
113.197937 
113.197937 
113.197327 
113.197937 
113.197632 
113.197937 
113.197937 
113.198547 
113.198242 
113.198547 
113.198547 
113.197937 
113.197021 
113.196106 
113.196106 
113.196716 
113.196716 
113.196716 
113.197021 
113.197327 
113.197327 
113.197327 
113.197327 
113.197021 
113.196411 
113.195801 
113.195801 
113.194580 
113.193665 
113.192444 
113.191833 
113.191528 
113.191833 
113.191223 
113.190613 
113.189087 
113.187256 
113.185425 
113.183289 
113.180847 
113.178711 
113.176880 
113.174744 
113.171997 
113.169250 
113.167419 
113.164368 
113.161926 
113.159180 
113.156738 
113.153381 
113.149109 
113.144531 
113.139954 
113.136597 
113.132629 
113.128052 
113.123779 
113.120117 
113.115540 
113.110657 
113.106079 
113.101196 
113.095703 
113.090820 
113.084717 
113.078613 
113.072510 
113.065796 
113.059692 
113.052979 
113.046875 
113.041382 
113.035278 
113.028564 
113.021240 
113.013611 
113.005676 
112.998047 
112.990112 
112.981873 
112.973328 
112.965088 
112.956848 
112.948303 
112.939453 
112.930908 
112.921753 
112.913513 
112.904663 
112.895508 
112.884827 
112.874451 
112.863770 
112.853088 
112.843323 
112.833557 
112.823181 
112.813721 
112.803040 
112.793274 
112.782288 
112.771301 
112.761230 
112.749634 
112.737427 
112.726440 
112.714233 
112.702026 
112.690125 
112.678223 
112.666626 
112.655640 
112.644043 
112.631226 
112.619019 
112.606201 
112.593079 
112.579041 
112.565918 
112.552185 
112.538452 
112.525024 
112.511292 
112.497253 
112.483521 
112.469788 
112.455444 
112.441711 
112.427063 
112.412415 
112.397156 
112.381287 
112.365417 
112.349854 
112.334900 
112.319336 
112.304382 
112.289124 
112.273865 
112.258301 
112.243042 
112.227173 
112.211609 
112.195740 
112.179871 
112.163696 
112.147827 
112.131653 
112.115173 
112.099304 
112.084351 
112.069397 
112.054749 
112.039490 
112.023926 
112.008057 
111.992188 
111.976624 
111.961365 
111.945496 
111.930237 
111.914673 
111.899414 
111.883850 
111.868591 
111.853638 
111.838684 
111.823730 
111.808472 
111.792603 
111.776428 
111.759338 
111.742859 
111.727295 
111.711426 
111.695862 
111.680298 
111.664734 
111.649475 
111.633911 
111.618347 
111.601868 
111.586609 
111.571350 
111.554871 
111.539307 
111.523438 
111.506958 
111.490784 
111.475220 
111.460571 
111.445923 
111.430969 
111.416016 
111.399841 
111.384277 
111.368713 
111.353455 
111.337585 
111.321411 
111.305847 
111.290588 
111.275330 
111.259766 
111.244507 
111.229553 
111.214905 
111.199951 
111.185303 
111.169434 
111.153564 
111.137085 
111.121216 
111.105957 
111.091003 
111.075745 
111.061096 
111.046143 
111.031189 
111.016235 
111.001587 
110.986328 
110.971375 
110.956726 
110.941772 
110.927124 
110.912476 
110.897522 
110.882568 
110.868225 
110.854492 
110.841370 
110.828552 
110.814819 
110.800781 
110.787354 
110.773621 
110.760193 
110.746765 
110.733643 
110.720825 
110.708008 
110.695190 
110.682678 
110.671082 
110.658875 
110.646973 
110.635681 
110.624695 
110.612793 
110.600586 
110.588074 
110.576477 
110.565186 
110.553894 
110.543518 
110.533447 
110.523071 
110.513000 
110.502930 
110.493164 
110.483398 
110.473328 
110.463867 
110.454102 
110.444946 
110.435486 
110.425415 
110.416260 
110.407410 
110.399475 
110.392151 
110.383911 
110.375671 
110.367737 
110.359497 
110.350952 
110.342712 
110.335083 
110.326843 
110.319519 
110.312195 
110.304871 
110.297546 
110.290833 
110.284424 
110.278320 
110.271912 
110.265808 
110.259705 
110.252686 
110.245667 
110.239258 
110.232849 
110.227356 
110.221863 
110.216675 
110.212097 
110.207520 
110.202332 
110.197754 
110.192871 
110.188904 
110.184021 
110.179443 
110.175476 
110.171204 
110.166931 
110.162354 
110.158691 
110.155640 
110.153503 
110.150757 
110.147400 
110.144958 
110.141602 
110.138550 
110.135498 
110.132751 
110.129395 
110.127258 
110.125427 
110.122986 
110.121460 
110.119629 
110.118103 
110.116577 
110.116272 
110.114746 
110.113831 
110.112000 
110.109863 
110.108337 
110.107422 
110.107422 
110.106812 
110.106506 
110.106812 
110.106812 
110.106812 
110.107422 
110.107117 
110.106812 
110.106812 
110.106812 
110.106506 
110.106201 
110.105896 
110.105896 
110.105591 
110.106506 
110.107727 
110.108337 
110.108337 
110.108337 
110.108032 
110.108032 
110.107422 
110.107422 
110.107422 
110.107422 
110.107422 
110.107727 
110.107727 
110.108032 
110.108337 
110.108643 
110.108948 
110.109253 
110.109558 
110.108948 
110.108032 
110.107117 
110.107117 
110.107422 
110.107727 
110.108337 
110.108337 
110.108643 
110.108948 
110.108948 
110.109558 
110.109558 
110.109253 
110.108948 
110.108643 
110.108948 
110.108337 
110.108337 
110.108337 
110.109253 
110.109863 
110.110779 
110.111084 
110.110779 
110.110474 
110.110474 
110.109863 
110.109863 
110.109863 
110.109558 
110.109558 
110.109558 
110.109558 
110.109558 
110.109863 
110.110474 
110.110474 
110.111084 
110.110474 
110.109863 
110.108948 
110.108643 
110.108643 
110.108643 
110.108948 
110.108643 
110.109253 
110.109253 
110.109253 
110.109863 
110.109558 
110.109863 
110.109558 
110.109863 
110.109253 
110.108948 
110.108643 
110.108643 
