Blum, K. P., D’Incamps, B. L., Zytnicki, D., & Ting, L. H. (2017).
Force encoding in muscle spindles during stretch of
passive muscle. PLoS computational biology, 13(9), 
e1005767. <https://journals.plos.org/ploscompbiol/article?
id=10.1371/journal.pcbi.1005767>

cat medial gastrocnemius muscle lengths over t  (in 0.0005 s increments)
110.109253 
110.109253 
110.109253 
110.109863 
110.109863 
110.110168 
110.109863 
110.110168 
110.109863 
110.109558 
110.109558 
110.108948 
110.108643 
110.108337 
110.108643 
110.109558 
110.110779 
110.111694 
110.111694 
110.111694 
110.111389 
110.111389 
110.111084 
110.110474 
110.110474 
110.110474 
110.110168 
110.110474 
110.110779 
110.110779 
110.111084 
110.111389 
110.112000 
110.112305 
110.112000 
110.111084 
110.109558 
110.108643 
110.108643 
110.108948 
110.108948 
110.109558 
110.109558 
110.109863 
110.109863 
110.110168 
110.110168 
110.109558 
110.109863 
110.109863 
110.109558 
110.109253 
110.108643 
110.107727 
110.108948 
110.109863 
110.111389 
110.111694 
110.111694 
110.111084 
110.111694 
110.111389 
110.110779 
110.110779 
110.110779 
110.110168 
110.110779 
110.110779 
110.110779 
110.111084 
110.111389 
110.111694 
110.111694 
110.112000 
110.112000 
110.110474 
110.109863 
110.108337 
110.108643 
110.108948 
110.108948 
110.109558 
110.109558 
110.110168 
110.109558 
110.109863 
110.110168 
110.109863 
110.109863 
110.109253 
110.109558 
110.108948 
110.108643 
110.108337 
110.108643 
110.110168 
110.111084 
110.112000 
110.112000 
110.111694 
110.111084 
110.111084 
110.110474 
110.110779 
110.110474 
110.111084 
110.110474 
110.110168 
110.110779 
110.111084 
110.111084 
110.111389 
110.112610 
110.112915 
110.112915 
110.112305 
110.111084 
110.110779 
110.111389 
110.112610 
110.113525 
110.115051 
110.115967 
110.118103 
110.119324 
110.121155 
110.122681 
110.124512 
110.126648 
110.128479 
110.130615 
110.132446 
110.134888 
110.137634 
110.140381 
110.144653 
110.149536 
110.152893 
110.156860 
110.160522 
110.164185 
110.167542 
110.170898 
110.174255 
110.178223 
110.182495 
110.186768 
110.191040 
110.195923 
110.200195 
110.205994 
110.211182 
110.216675 
110.221863 
110.227051 
110.231628 
110.236206 
110.241089 
110.246277 
110.252686 
110.258484 
110.265503 
110.271912 
110.278931 
110.286255 
110.292358 
110.299683 
110.306702 
110.313721 
110.321045 
110.328369 
110.335693 
110.343018 
110.351257 
110.359802 
110.368652 
110.378418 
110.388184 
110.397339 
110.406494 
110.415344 
110.424805 
110.433960 
110.443115 
110.453186 
110.463257 
110.473938 
110.484619 
110.495605 
110.507202 
110.518799 
110.531616 
110.544128 
110.556946 
110.570068 
110.581360 
110.593262 
110.605774 
110.619507 
110.632935 
110.646973 
110.661316 
110.675049 
110.688782 
110.702515 
110.716553 
110.729370 
110.742493 
110.755005 
110.767517 
110.780029 
110.791626 
110.803833 
110.815430 
110.827942 
110.841370 
110.855713 
110.869446 
110.882263 
110.895081 
110.907898 
110.921326 
110.934143 
110.947571 
110.961609 
110.975342 
110.989685 
111.003723 
111.018982 
111.033630 
111.048584 
111.064148 
111.079407 
111.095276 
111.109924 
111.123962 
111.138306 
111.152954 
111.168213 
111.184082 
111.199951 
111.215210 
111.230774 
111.246643 
111.262207 
111.277771 
111.293640 
111.308899 
111.324463 
111.339722 
111.355286 
111.369934 
111.384583 
111.398926 
111.414490 
111.430969 
111.447449 
111.463013 
111.478271 
111.493530 
111.508179 
111.522827 
111.536865 
111.551208 
111.565857 
111.579895 
111.594238 
111.608887 
111.623230 
111.637573 
111.652832 
111.667786 
111.683044 
111.697998 
111.712341 
111.726074 
111.739197 
111.753540 
111.768188 
111.783142 
111.797791 
111.813354 
111.828308 
111.844177 
111.859131 
111.874390 
111.889343 
111.904602 
111.919556 
111.934814 
111.950073 
111.965027 
111.979370 
111.994629 
112.009888 
112.025757 
112.042847 
112.058716 
112.073975 
112.089539 
112.104797 
112.120056 
112.135010 
112.149963 
112.164917 
112.179871 
112.195435 
112.210693 
112.225952 
112.241821 
112.256775 
112.272644 
112.288513 
112.303467 
112.318420 
112.332153 
112.345581 
112.359314 
112.373352 
112.388000 
112.402649 
112.417297 
112.431335 
112.445679 
112.459717 
112.473755 
112.487488 
112.501221 
112.514038 
112.527161 
112.540283 
112.552490 
112.565002 
112.577209 
112.590332 
112.604370 
112.617188 
112.630920 
112.643127 
112.654724 
112.666321 
112.677917 
112.688904 
112.700500 
112.711792 
112.722473 
112.733765 
112.744751 
112.755737 
112.766418 
112.777100 
112.787781 
112.799377 
112.809448 
112.819519 
112.828064 
112.836609 
112.845764 
112.854614 
112.864075 
112.873840 
112.882996 
112.892761 
112.902222 
112.911377 
112.919617 
112.928467 
112.937012 
112.945251 
112.953186 
112.961121 
112.968445 
112.975769 
112.983093 
112.990723 
112.999268 
113.007813 
113.015747 
113.023376 
113.029785 
113.036804 
113.042908 
113.048706 
113.055115 
113.061218 
113.067322 
113.073120 
113.079224 
113.084717 
113.090515 
113.096008 
113.101807 
113.107605 
113.113098 
113.117676 
113.121338 
113.124695 
113.128662 
113.132935 
113.137512 
113.141479 
113.145447 
113.149719 
113.153992 
113.157959 
113.161316 
113.164978 
113.168335 
113.171082 
113.174133 
113.176575 
113.178711 
113.180847 
113.183289 
113.185120 
113.188477 
113.192139 
113.195190 
113.196716 
113.198242 
113.199768 
113.200684 
113.201904 
113.202209 
113.203735 
113.204041 
113.204651 
113.205261 
113.205566 
113.206177 
113.206787 
113.208008 
113.208313 
113.209229 
113.209229 
113.208008 
113.206787 
113.205872 
113.205566 
113.205566 
113.206177 
113.206177 
113.206177 
113.206482 
113.206482 
113.206177 
113.206177 
113.205872 
113.205566 
113.205261 
113.204956 
113.204346 
113.203735 
113.203430 
113.202820 
113.203430 
113.205261 
113.205566 
113.205261 
113.205261 
113.204956 
113.204041 
113.203735 
113.203430 
113.202820 
113.203125 
113.202515 
113.202209 
113.201904 
113.202209 
113.202515 
113.202515 
113.203430 
113.203430 
113.203125 
113.201904 
113.200378 
113.199768 
113.199158 
113.199463 
113.199768 
113.199768 
113.199768 
113.199768 
113.200378 
113.200073 
113.200073 
113.200073 
113.200073 
113.200073 
113.199463 
113.199463 
113.198853 
113.198242 
113.198853 
113.200073 
113.201294 
113.201904 
113.201904 
113.201599 
113.201294 
113.201294 
113.201294 
113.200989 
113.200684 
113.201294 
113.200989 
113.200989 
113.200989 
113.200989 
113.200989 
113.201904 
113.202209 
113.202515 
113.202209 
113.200989 
113.200378 
113.198853 
113.199463 
113.199158 
113.199463 
113.199768 
113.199768 
113.200073 
113.200378 
113.200684 
113.200378 
113.199768 
113.200378 
113.199768 
113.199463 
113.199463 
113.198853 
113.198547 
113.198853 
113.200073 
113.200989 
113.202209 
113.202209 
113.201904 
113.201599 
113.201294 
113.201294 
113.200989 
113.200684 
113.200684 
113.200684 
113.200989 
113.200989 
113.200989 
113.201294 
113.201904 
113.201904 
113.202515 
113.202209 
113.200989 
113.199768 
113.198547 
113.198547 
113.199158 
113.199158 
113.199158 
113.199158 
113.199463 
113.199463 
113.199768 
113.199768 
113.200073 
113.199768 
113.199768 
113.199158 
113.199158 
113.198242 
113.198242 
113.198547 
113.199768 
113.200989 
113.201294 
113.201904 
113.201904 
113.201599 
113.201599 
113.200684 
113.200684 
113.200684 
113.200378 
113.200684 
113.201294 
113.201294 
113.200989 
113.200989 
113.201599 
113.202209 
113.202515 
113.202820 
113.201294 
113.200073 
113.199158 
113.199158 
113.199463 
113.199768 
113.200073 
113.200378 
113.200378 
113.200378 
113.200684 
113.200989 
113.200989 
113.200989 
113.200684 
113.200684 
113.200378 
113.199768 
113.199768 
113.199463 
113.200989 
113.202515 
113.203125 
113.203430 
113.203735 
113.203125 
113.202820 
113.202515 
113.202820 
113.202820 
113.202209 
113.202515 
113.202515 
113.202209 
113.202820 
113.202820 
113.203125 
113.204041 
113.204041 
113.204041 
113.203125 
113.201599 
113.200378 
113.200684 
113.200989 
113.200989 
113.201294 
113.201599 
113.201599 
113.201599 
113.202209 
113.201904 
113.201599 
113.201904 
113.201599 
113.201294 
113.200989 
113.200684 
113.200073 
113.200073 
113.201599 
113.202515 
113.203430 
113.203430 
113.203125 
113.203430 
113.202515 
113.202820 
113.202515 
113.201904 
113.202515 
113.202515 
113.202209 
113.202515 
113.202820 
113.202820 
113.202820 
113.203430 
113.204041 
113.203430 
113.202515 
113.201294 
113.200073 
113.200073 
113.200073 
113.200073 
113.200684 
113.200684 
113.200989 
113.201294 
113.201599 
113.201294 
113.200989 
113.200989 
113.201294 
113.200684 
113.200378 
113.200073 
113.199768 
113.199768 
113.200989 
113.202515 
113.202820 
113.203430 
113.202820 
113.203125 
113.202515 
113.202209 
113.202209 
113.201904 
113.201599 
113.202515 
113.202209 
113.202209 
113.202209 
113.202515 
113.202820 
113.203125 
113.204041 
113.203735 
113.202209 
113.201294 
113.200684 
113.200378 
113.200378 
113.200378 
113.200989 
113.200989 
113.201599 
113.201599 
113.201599 
113.201599 
113.201599 
113.201599 
113.200684 
113.201294 
113.200378 
113.200684 
113.200073 
113.199768 
113.200989 
113.202209 
113.203430 
113.203735 
113.203430 
113.203125 
113.202820 
113.202820 
113.202209 
113.202209 
113.202209 
113.202515 
113.201904 
113.202209 
113.202515 
113.202820 
113.203125 
113.203125 
113.203735 
113.203430 
113.202515 
113.201294 
113.200378 
113.200378 
113.200378 
113.200684 
113.200378 
113.200684 
113.200989 
113.200989 
113.200989 
113.200989 
113.200684 
113.200378 
113.200684 
113.200684 
113.200073 
113.199768 
113.199463 
113.199158 
113.200073 
113.201904 
113.202515 
113.202820 
113.202515 
113.202820 
113.201904 
113.201599 
113.202209 
113.201294 
113.201904 
113.201599 
113.200989 
113.201599 
113.201294 
113.201599 
113.201904 
113.202515 
113.202820 
113.202515 
113.201599 
113.200378 
113.199158 
113.199158 
113.199463 
113.199463 
113.199768 
113.200073 
113.199768 
113.200684 
113.200378 
113.200684 
113.200378 
113.200073 
113.200073 
113.199768 
113.199158 
113.199158 
113.199158 
113.198853 
113.199768 
113.201294 
113.201904 
113.202209 
113.201904 
113.201904 
113.201599 
113.200989 
113.200989 
113.200989 
113.201294 
113.201294 
113.201294 
113.201294 
113.201599 
113.201599 
113.201904 
113.202515 
113.202820 
113.202515 
113.201904 
113.200073 
113.199768 
113.199158 
113.199463 
113.200073 
113.199768 
113.199768 
113.200378 
113.200378 
113.200684 
113.200684 
113.200073 
113.200073 
113.200073 
113.200073 
113.199768 
113.199158 
113.198242 
113.198547 
113.200073 
113.201294 
113.202209 
113.202209 
113.202209 
113.201599 
113.201904 
113.201294 
113.200989 
113.200989 
113.200989 
113.200989 
113.200684 
113.201294 
113.201294 
113.201599 
113.201599 
113.202209 
113.202209 
113.202515 
113.201294 
113.200073 
113.199158 
113.199158 
113.199158 
113.198853 
113.198853 
113.199768 
113.199463 
113.199768 
113.199768 
113.199768 
113.199768 
113.199463 
113.199463 
113.198853 
113.199158 
113.198547 
113.198242 
113.198242 
113.199463 
113.200684 
113.201294 
113.202209 
113.201294 
113.200989 
113.200989 
113.200378 
113.200378 
113.200378 
113.200684 
113.200073 
113.200378 
113.200684 
113.200378 
113.200378 
113.201294 
113.201294 
113.201599 
113.201904 
113.200684 
113.199158 
113.198547 
113.198547 
113.198853 
113.198547 
113.198853 
113.199158 
113.199158 
113.199768 
113.199463 
113.199158 
113.199463 
113.199463 
113.199158 
113.198853 
113.198853 
113.198242 
113.197937 
113.198547 
113.198853 
113.200684 
113.200989 
113.201599 
113.201599 
113.200989 
113.200989 
113.200378 
113.200378 
113.200378 
113.200378 
113.200073 
113.200378 
113.200378 
113.200378 
113.200684 
113.201294 
113.201599 
113.201599 
113.201904 
113.200989 
113.199158 
113.198547 
113.197937 
113.198547 
113.198853 
113.198853 
113.199463 
113.199158 
113.199768 
113.199768 
113.199768 
113.199463 
113.199463 
113.199158 
113.198853 
113.198547 
113.198547 
113.197632 
113.197937 
113.198853 
113.200073 
113.200989 
113.200989 
113.200989 
113.200989 
113.200989 
113.200073 
113.199768 
113.200073 
113.199463 
113.200073 
113.199768 
113.200378 
113.200073 
113.200684 
113.200684 
113.201599 
113.201599 
113.201294 
113.200378 
113.198853 
113.198242 
113.197632 
113.197937 
113.197937 
113.197937 
113.198547 
113.198547 
113.198547 
113.199158 
113.199158 
113.199158 
113.198853 
113.198547 
113.198242 
113.198242 
113.197632 
113.197327 
113.197327 
113.198242 
113.199463 
113.200684 
113.201294 
113.200378 
113.200684 
113.200378 
113.199768 
113.199768 
113.199463 
113.200073 
113.199768 
113.199768 
113.199768 
113.199768 
113.200073 
113.200378 
113.200684 
113.201599 
113.201599 
113.200378 
113.198853 
113.198242 
113.197937 
113.197937 
113.198242 
113.198242 
113.198853 
113.198547 
113.198853 
113.199158 
113.199158 
113.198853 
113.199158 
113.198547 
113.198547 
113.198242 
113.197327 
113.197327 
113.197327 
113.198547 
113.199768 
113.200989 
113.200684 
113.200989 
113.200378 
113.200378 
113.200073 
113.200073 
113.199768 
113.199463 
113.199768 
113.199463 
113.199463 
113.199768 
113.200378 
113.200378 
113.200989 
113.201294 
113.200989 
113.200073 
113.198547 
113.197632 
113.197632 
113.197937 
113.197937 
113.197937 
113.198853 
113.198242 
113.198853 
113.198853 
113.198853 
113.198547 
113.198853 
113.198853 
113.198547 
113.197937 
113.197937 
113.197327 
113.197021 
113.198242 
113.199463 
113.200378 
113.200684 
113.200378 
113.200073 
113.200073 
113.199463 
113.199463 
113.199463 
113.199463 
113.199463 
113.199158 
113.199463 
113.199768 
113.199768 
113.200073 
113.200684 
113.200684 
113.200989 
113.200073 
113.198547 
113.197632 
113.197327 
113.197632 
113.197632 
113.198242 
113.198547 
113.198547 
113.198547 
113.198547 
113.198547 
113.198547 
113.198547 
113.198242 
113.198242 
113.197937 
113.197632 
113.196716 
113.196716 
113.197937 
113.199158 
113.200073 
113.200684 
113.200073 
113.200073 
113.199768 
113.199768 
113.199158 
113.199463 
113.199158 
113.199158 
113.199463 
113.199463 
113.199463 
113.200073 
113.200073 
113.200684 
113.200684 
113.200989 
113.200073 
113.198242 
113.197632 
113.197937 
113.197327 
113.197632 
113.197937 
113.198242 
113.198547 
113.198547 
113.198853 
113.198853 
113.198853 
113.198547 
113.198242 
113.198547 
113.198242 
113.197937 
113.197021 
113.197021 
113.197937 
113.199463 
113.200378 
113.200378 
113.199768 
113.200073 
113.199768 
113.199158 
113.199158 
113.199158 
113.199463 
113.199158 
113.199463 
113.199158 
113.199463 
113.199768 
113.199768 
113.200378 
113.200684 
113.200989 
113.199463 
113.198547 
113.197632 
113.197327 
113.197632 
113.197327 
113.197632 
113.197632 
113.198547 
113.198547 
113.197937 
113.198242 
113.197937 
113.197937 
113.198242 
113.197937 
113.197632 
113.197021 
113.196716 
113.196411 
113.197632 
113.198547 
113.199768 
113.199768 
113.200073 
113.199463 
113.199158 
113.199463 
113.199158 
113.198853 
113.198853 
113.199158 
113.198853 
113.198853 
113.199158 
113.199463 
113.199768 
113.200073 
113.200684 
113.200684 
113.199463 
113.198242 
113.197327 
113.197021 
113.197327 
113.197632 
113.197327 
113.197632 
113.197937 
113.198547 
113.197937 
113.198547 
113.198242 
113.197632 
113.197937 
113.197632 
113.197327 
113.197021 
113.196716 
113.196716 
113.197021 
113.199158 
113.199768 
113.200073 
113.200073 
113.199463 
113.199463 
113.199463 
113.199463 
113.198853 
113.198853 
113.198853 
113.199158 
113.198547 
113.199463 
113.199463 
113.199463 
113.200073 
113.200378 
113.200378 
113.199463 
113.197937 
113.197327 
113.197021 
113.197327 
113.197327 
113.197327 
113.197937 
113.198242 
113.197632 
113.198547 
113.198242 
113.198242 
113.198242 
113.197937 
113.197632 
113.197327 
113.197021 
113.196411 
113.197021 
113.197327 
113.198547 
113.199768 
113.200378 
113.199768 
113.199463 
113.199463 
113.199158 
113.198853 
113.198853 
113.198547 
113.198853 
113.198853 
113.198853 
113.198853 
113.199158 
113.199768 
113.199768 
113.200378 
113.200073 
113.199463 
113.197937 
113.197327 
113.196411 
113.196716 
113.197327 
113.197021 
113.197327 
113.197937 
113.198242 
113.197937 
113.197937 
113.197937 
113.198242 
113.197327 
113.197632 
113.197021 
113.197021 
113.196716 
113.196411 
113.197021 
113.198547 
113.199768 
113.199768 
113.199463 
113.199158 
113.199463 
113.199158 
113.198547 
113.198547 
113.198547 
113.198547 
113.198547 
113.198853 
113.198853 
113.198853 
113.199158 
113.200073 
113.200073 
113.200378 
113.199158 
113.198242 
113.197327 
113.196716 
113.196716 
113.197327 
113.197632 
113.197632 
113.197937 
113.198242 
113.197937 
113.197937 
113.198242 
113.197632 
113.197937 
113.197632 
113.197327 
113.196716 
113.196411 
113.196411 
113.197327 
113.198853 
113.199463 
113.199768 
113.199768 
113.199463 
113.199158 
113.198853 
113.199158 
113.198547 
113.198547 
113.198853 
113.198853 
113.198547 
113.199158 
113.199158 
113.199463 
113.200073 
113.200684 
113.200073 
113.199463 
113.197937 
113.196716 
113.197021 
113.197021 
113.197021 
113.197327 
113.197327 
113.197632 
113.197632 
113.198242 
113.197632 
113.197937 
113.197327 
113.197632 
113.197327 
113.197327 
113.196716 
113.196411 
113.196411 
113.197021 
113.198547 
113.199463 
113.200073 
113.199768 
113.199158 
113.199158 
113.198853 
113.198242 
113.198242 
113.198547 
113.198242 
113.198242 
113.198853 
113.198853 
113.198853 
113.199463 
113.199768 
113.200073 
113.200073 
113.199463 
113.197937 
113.196716 
113.196411 
113.196716 
113.196716 
113.196716 
113.197021 
113.197021 
113.198242 
113.197632 
113.197632 
113.197632 
113.197937 
113.197327 
113.197632 
113.197327 
113.196411 
113.196411 
113.196106 
113.197021 
113.198547 
113.199463 
113.199768 
113.199463 
113.199463 
113.198853 
113.198547 
113.198547 
113.198547 
113.198547 
113.198547 
113.198242 
113.198547 
113.198547 
113.198853 
113.199158 
113.199463 
113.200378 
113.200073 
113.198853 
113.197937 
113.197021 
113.196716 
113.196411 
113.196716 
113.197021 
113.197327 
113.197632 
113.197632 
113.197632 
113.197632 
113.197327 
113.197632 
113.197327 
113.197327 
113.197327 
113.196716 
113.196411 
113.196106 
113.197327 
113.198547 
113.199158 
113.199463 
113.199768 
113.199158 
113.199158 
113.198547 
113.198853 
113.198242 
113.198547 
113.198242 
113.198547 
113.198547 
113.198242 
113.198853 
113.199158 
113.199463 
113.200378 
113.199768 
113.199158 
113.197327 
113.197021 
113.196716 
113.196411 
113.196716 
113.197021 
113.197327 
113.197632 
113.197632 
113.197632 
113.197937 
113.197632 
113.197327 
113.197327 
113.197327 
113.197021 
113.196411 
113.196716 
113.196411 
113.196716 
113.198242 
113.198853 
113.199463 
113.199463 
113.199158 
113.198853 
113.198547 
113.198547 
113.198242 
113.198242 
113.198547 
113.198242 
113.198547 
113.198547 
113.198853 
113.198547 
113.199158 
113.199463 
113.200073 
113.199158 
113.197937 
113.196716 
113.196411 
113.196411 
113.196716 
113.196716 
113.197327 
113.197327 
113.197632 
113.197632 
113.197937 
113.197327 
113.197937 
113.197327 
113.197632 
113.196411 
113.196106 
113.195801 
113.195801 
113.197021 
113.198242 
113.199158 
113.199463 
113.199158 
113.198853 
113.199463 
113.198547 
113.198242 
113.197937 
113.198547 
113.198547 
113.197937 
113.198242 
113.198853 
113.198547 
113.198853 
113.199463 
113.199768 
113.200073 
113.198853 
113.197632 
113.196716 
113.196106 
113.196411 
113.196411 
113.197021 
113.197327 
113.197327 
113.197632 
113.197632 
113.197632 
113.197632 
113.197327 
113.197327 
113.196716 
113.196716 
113.196716 
113.196106 
113.195801 
113.197021 
113.198242 
113.199768 
113.200073 
113.199463 
113.199158 
113.198853 
113.198853 
113.198547 
113.198547 
113.198547 
113.197937 
113.198242 
113.198547 
113.198242 
113.198242 
113.198853 
113.199463 
113.199463 
113.200073 
113.198853 
113.197632 
113.197021 
113.196411 
113.196106 
113.196411 
113.197021 
113.197021 
113.197327 
113.197632 
113.197327 
113.197937 
113.197632 
113.197327 
113.197327 
113.197632 
113.196411 
113.196716 
113.195801 
113.196106 
113.196716 
113.197937 
113.199158 
113.199463 
113.199158 
113.198853 
113.198242 
113.198547 
113.198242 
113.197937 
113.197937 
113.198242 
113.197937 
113.198242 
113.198547 
113.198547 
113.199158 
113.199463 
113.199768 
113.199768 
113.198547 
113.197327 
113.196411 
113.196411 
113.196411 
113.196716 
113.197327 
113.197021 
113.197327 
113.197632 
113.197021 
113.197632 
113.197327 
113.197632 
113.197327 
113.197632 
113.197021 
113.196411 
113.195801 
113.195801 
113.197021 
113.198547 
113.199158 
113.199463 
113.198853 
113.198853 
113.198853 
113.198853 
113.198242 
113.198242 
113.197937 
113.198242 
113.197937 
113.198242 
113.198853 
113.198242 
113.198853 
113.198853 
113.199463 
113.199768 
113.199158 
113.197632 
113.196411 
113.196716 
113.196716 
113.196411 
113.197021 
113.197021 
113.197327 
113.197632 
113.197632 
113.197632 
113.197632 
113.197632 
113.197327 
113.197327 
113.196411 
113.196106 
113.195801 
113.196106 
113.196411 
113.197937 
113.199158 
113.199768 
113.198853 
113.198853 
113.198547 
113.198853 
113.198547 
113.198242 
113.197937 
113.198242 
113.197937 
113.198242 
113.198547 
113.198853 
113.198853 
113.199463 
113.199768 
113.199768 
113.199158 
113.197327 
113.196716 
113.196411 
113.196411 
113.196716 
113.197021 
113.196716 
113.197632 
113.197327 
113.197327 
113.197327 
113.197632 
113.197327 
113.197327 
113.197327 
113.196411 
113.196411 
113.196106 
113.196106 
113.197021 
113.197937 
113.199158 
113.199158 
113.199158 
113.199158 
113.199158 
113.198242 
113.198242 
113.198242 
113.198547 
113.198242 
113.198242 
113.198242 
113.198547 
113.198547 
113.199158 
113.199158 
113.199768 
113.200073 
113.198853 
113.197937 
113.196716 
113.196411 
113.196106 
113.196716 
113.197021 
113.197021 
113.197632 
113.197632 
113.197632 
113.197937 
113.197632 
113.197021 
113.197021 
113.197021 
113.197021 
113.196411 
113.196106 
113.195496 
113.196411 
113.197937 
113.199158 
113.199463 
113.199158 
113.199463 
113.198547 
113.198547 
113.198547 
113.197937 
113.198242 
113.198547 
113.197937 
113.197937 
113.197937 
113.198547 
113.198547 
113.198853 
113.199768 
113.199768 
113.199158 
113.197327 
113.196716 
113.196411 
113.196411 
113.196716 
113.196716 
113.197327 
113.197327 
113.197327 
113.197327 
113.197327 
113.197327 
113.197327 
113.197327 
113.197327 
113.196716 
113.196106 
113.195801 
113.195801 
113.196411 
113.198242 
113.199158 
113.199158 
113.199463 
113.199158 
113.198853 
113.198547 
113.198242 
113.197632 
113.198242 
113.197937 
113.198242 
113.198242 
113.198547 
113.198547 
113.198547 
113.199463 
113.199768 
113.199768 
113.199158 
113.197632 
113.196411 
113.196411 
113.196716 
113.196716 
113.196716 
113.197327 
113.197327 
113.197327 
113.197632 
113.197327 
113.197021 
113.197021 
113.197327 
113.197021 
113.196716 
113.196411 
113.195801 
113.196106 
113.196411 
113.197937 
113.198853 
113.199463 
113.199158 
113.198853 
113.198547 
113.198853 
113.198242 
113.198242 
113.198242 
113.198242 
113.198242 
113.197937 
113.198547 
113.198547 
113.198853 
113.199158 
113.199463 
113.199768 
113.198547 
113.197632 
113.196411 
113.196411 
113.196411 
113.196411 
113.196716 
113.197327 
113.197327 
113.197632 
113.197632 
113.197327 
113.197632 
113.197327 
113.197632 
113.196716 
113.196716 
113.195801 
113.195801 
113.195801 
113.196716 
113.197632 
113.199158 
113.199158 
113.199158 
113.198547 
113.199158 
113.198853 
113.198547 
113.198242 
113.197937 
113.198242 
113.197937 
113.198242 
113.197937 
113.198853 
113.199158 
113.198853 
113.199463 
113.199768 
113.198853 
113.197327 
113.196411 
113.196106 
113.196716 
113.196716 
113.197021 
113.197021 
113.197327 
113.197327 
113.197021 
113.197327 
113.197632 
113.197021 
113.197327 
113.197327 
113.196411 
113.196411 
113.196411 
113.195496 
113.196411 
113.197937 
113.199158 
113.199158 
113.199158 
113.198853 
113.198547 
113.198853 
113.198242 
113.197937 
113.197937 
113.198242 
113.198242 
113.197937 
113.197937 
113.198547 
113.199158 
113.199158 
113.199158 
113.199463 
113.198547 
113.197327 
113.197021 
113.196106 
113.196411 
113.196716 
113.197021 
113.197327 
113.197327 
113.197632 
113.197327 
113.197327 
113.197632 
113.197327 
113.197327 
113.197021 
113.197021 
113.196411 
113.195801 
113.195496 
113.196106 
113.197632 
113.198547 
113.199158 
113.199158 
113.198853 
113.198853 
113.198547 
113.197937 
113.197937 
113.197937 
113.197937 
113.198242 
113.198242 
113.198242 
113.198547 
113.198547 
113.199463 
113.199463 
113.199768 
113.198853 
113.197937 
113.196716 
113.196106 
113.196106 
113.196716 
113.197021 
113.197327 
113.197327 
113.197632 
113.197021 
113.197327 
113.197632 
113.197632 
113.197327 
113.197327 
113.197327 
113.196106 
113.195801 
113.195801 
113.196716 
113.197937 
113.198547 
113.199463 
113.199158 
113.199158 
113.198853 
113.198547 
113.198242 
113.197937 
113.198242 
113.198242 
113.198242 
113.197937 
113.198242 
113.198547 
113.198547 
113.199158 
113.199463 
113.199768 
113.198853 
113.197937 
113.196106 
113.196106 
113.196106 
113.196716 
113.196716 
113.197021 
113.197327 
113.197327 
113.197632 
113.197632 
113.197327 
113.197327 
113.197632 
113.197327 
113.197021 
113.196106 
113.196411 
113.195496 
113.196411 
113.197937 
113.199158 
113.199463 
113.199158 
113.199158 
113.198853 
113.198853 
113.198547 
113.197937 
113.198242 
113.197937 
113.198242 
113.198242 
113.197937 
113.198242 
113.198853 
113.199158 
113.199768 
113.199463 
113.198853 
113.197937 
113.196411 
113.196106 
113.196106 
113.196716 
113.197021 
113.197021 
113.197632 
113.197327 
113.197632 
113.197327 
113.197327 
113.197327 
113.197327 
113.197327 
113.196716 
113.196106 
113.195496 
113.195801 
113.196411 
113.197937 
113.198853 
113.199158 
113.199768 
113.198853 
113.198853 
113.198547 
113.197937 
113.198547 
113.198242 
113.198242 
113.197937 
113.198547 
113.198547 
113.198547 
113.198853 
113.199158 
113.199158 
113.199463 
113.198853 
113.197632 
113.196411 
113.196411 
113.196716 
113.196716 
113.196716 
113.197021 
113.197327 
113.197327 
113.197632 
113.197021 
113.197327 
113.197327 
113.197021 
113.197327 
113.196716 
113.196411 
113.195801 
113.195801 
113.196106 
113.197937 
113.199158 
113.199463 
113.199158 
113.198853 
113.198547 
113.197937 
113.198242 
113.198242 
113.197937 
113.198242 
113.197937 
113.197937 
113.198853 
113.198547 
113.198547 
113.198853 
113.199463 
113.200073 
113.199158 
113.197937 
113.196411 
113.196106 
113.196106 
113.196716 
113.196716 
113.197327 
113.197327 
113.197327 
113.197632 
113.197632 
113.197632 
113.197632 
113.197632 
113.197327 
113.196411 
113.196716 
113.196411 
113.195801 
113.196716 
113.197937 
113.199158 
113.199158 
113.199158 
113.199463 
113.199158 
113.198547 
113.198242 
113.198242 
113.197937 
113.198547 
113.198547 
113.197937 
113.198242 
113.198547 
113.198853 
113.199158 
113.199463 
113.199768 
113.198853 
113.197937 
113.197021 
113.195801 
113.196411 
113.197021 
113.196411 
113.196716 
113.197327 
113.197937 
113.197632 
113.197327 
113.197327 
113.197327 
113.197021 
113.197632 
113.197327 
113.196411 
113.195801 
113.196106 
113.196411 
113.197632 
113.198853 
113.199158 
113.199158 
113.198547 
113.199158 
113.198547 
113.198547 
113.197937 
113.198242 
113.197937 
113.197937 
113.197937 
113.197937 
113.198242 
113.198853 
113.198853 
113.199768 
113.200073 
113.199158 
113.197632 
113.196716 
113.196106 
113.196411 
113.196716 
113.196716 
113.197021 
113.197632 
113.197632 
113.197327 
113.197327 
113.197632 
113.197632 
113.197327 
113.197021 
113.196716 
113.196106 
113.195801 
113.195190 
113.196411 
113.197937 
113.198547 
113.198853 
113.199158 
113.199158 
113.198853 
113.199158 
113.198242 
113.197937 
113.198242 
113.197937 
113.198242 
113.198547 
113.198547 
113.198547 
113.198547 
113.199463 
113.199463 
113.199768 
113.199158 
113.197632 
113.196411 
113.196411 
113.196411 
113.196716 
113.196411 
113.197021 
113.197327 
113.197327 
113.197632 
113.197632 
113.197327 
113.197327 
113.197327 
113.197021 
113.196716 
113.196106 
113.196106 
113.195801 
113.196411 
113.197632 
113.198853 
113.199158 
113.199158 
113.198853 
113.198547 
113.198547 
113.198242 
113.197937 
113.197632 
113.198547 
113.197937 
113.197937 
113.198242 
113.198547 
113.198547 
113.199158 
113.199463 
113.199768 
113.198853 
113.197632 
113.196716 
113.196411 
113.196411 
113.196411 
113.196716 
113.197021 
113.197021 
113.197632 
113.197327 
113.197327 
113.197327 
113.197632 
113.197021 
113.197021 
113.196716 
113.196411 
113.195801 
113.195801 
113.196411 
113.197937 
113.198547 
113.199463 
113.198853 
113.199158 
113.198547 
113.198242 
113.198547 
113.198242 
113.197937 
113.198242 
113.197937 
113.197937 
113.197632 
113.198242 
113.198853 
113.199158 
113.199463 
113.199768 
113.199158 
113.197632 
113.196411 
113.196106 
113.196106 
113.196411 
113.196716 
113.196716 
113.197021 
113.197632 
113.197327 
113.197327 
113.197327 
113.197327 
113.197021 
113.197327 
113.196716 
113.196411 
113.196106 
113.195801 
113.196716 
113.197632 
113.198853 
113.199158 
113.199158 
113.199463 
113.198853 
113.198242 
113.198242 
113.198242 
113.197937 
113.198547 
113.198242 
113.197937 
113.197937 
113.198242 
113.198853 
113.198242 
113.198853 
113.198853 
113.197632 
113.195801 
113.193970 
113.192749 
113.191833 
113.191528 
113.190308 
113.189697 
113.188477 
113.187561 
113.185730 
113.184204 
113.182373 
113.180237 
113.177795 
113.175659 
113.172302 
113.169556 
113.166504 
113.163757 
113.160706 
113.159180 
113.156433 
113.153381 
113.150940 
113.146667 
113.143005 
113.138428 
113.133850 
113.128662 
113.125000 
113.120422 
113.115234 
113.110657 
113.106079 
113.100281 
113.095703 
113.090820 
113.085022 
113.079529 
113.073120 
113.065796 
113.058472 
113.051147 
113.044434 
113.038025 
113.031311 
113.024292 
113.017273 
113.009949 
113.002930 
112.995300 
112.987671 
112.979736 
112.971802 
112.963562 
112.955322 
112.946167 
112.937622 
112.929077 
112.920532 
112.913513 
112.906189 
112.897339 
112.888184 
112.878723 
112.869568 
112.860107 
112.850342 
112.840576 
112.831116 
112.821045 
112.810974 
112.800903 
112.791138 
112.780762 
112.770081 
112.760315 
112.749939 
112.738953 
112.727966 
112.715759 
112.702942 
112.691040 
112.679443 
112.667847 
112.656555 
112.645264 
112.633362 
112.621460 
112.609253 
112.597351 
112.585144 
112.572632 
112.558899 
112.546082 
112.532959 
112.519226 
112.505188 
112.491760 
112.478638 
112.466125 
112.453613 
112.440491 
112.426453 
112.412109 
112.397766 
112.382813 
112.367859 
112.352905 
112.337646 
112.322693 
112.307434 
112.292786 
112.277527 
112.261963 
112.247314 
112.232056 
112.217407 
112.202148 
112.186584 
112.169800 
112.153625 
112.137756 
112.122192 
112.106628 
112.091675 
112.076721 
112.061768 
112.046814 
112.031555 
112.016296 
112.001343 
111.985779 
111.969604 
111.954041 
111.938477 
111.922302 
111.906128 
111.890259 
111.875000 
111.860352 
111.846008 
111.830444 
111.814880 
111.799011 
111.783142 
111.767273 
111.751099 
111.735535 
111.719971 
111.704102 
111.688538 
111.673279 
111.657410 
111.642151 
111.626892 
111.611633 
111.596985 
111.582336 
111.566162 
111.549377 
111.533508 
111.517334 
111.501770 
111.485901 
111.470947 
111.455994 
111.441040 
111.426086 
111.410522 
111.395264 
111.380310 
111.365051 
111.349792 
111.334534 
111.318359 
111.302795 
111.287231 
111.271362 
111.256409 
111.242371 
111.228027 
111.213379 
111.198120 
111.182861 
111.166992 
111.151123 
111.135559 
111.120300 
111.105042 
111.089783 
111.074219 
111.059265 
111.044312 
111.029053 
111.014099 
110.999451 
110.985107 
110.971069 
110.955200 
110.939331 
110.923157 
110.908203 
110.894165 
110.879517 
110.865479 
110.850525 
110.837402 
110.823364 
110.810242 
110.796814 
110.783081 
110.769958 
110.756531 
110.743713 
110.730286 
110.717163 
110.704346 
110.691223 
110.679626 
110.668640 
110.658264 
110.646973 
110.635071 
110.623779 
110.611877 
110.600281 
110.588989 
110.577393 
110.566406 
110.555420 
110.544739 
110.534058 
110.523682 
110.513916 
110.504150 
110.494690 
110.485229 
110.475464 
110.465088 
110.454407 
110.444031 
110.434265 
110.425415 
110.416260 
110.407715 
110.399475 
110.391235 
110.382385 
110.374451 
110.366211 
110.357971 
110.350647 
110.342407 
110.335083 
110.327454 
110.319214 
110.311584 
110.304260 
110.297546 
110.292053 
110.286255 
110.280457 
110.274048 
110.267334 
110.261230 
110.254211 
110.248108 
110.242004 
110.236511 
110.229797 
110.224304 
110.219116 
110.213928 
110.208435 
110.204163 
110.199585 
110.195007 
110.190735 
110.186157 
110.180664 
110.175171 
110.170593 
110.166626 
110.162964 
110.159607 
110.156250 
110.152893 
110.149841 
110.146790 
110.144043 
110.140991 
110.138550 
110.135498 
110.133057 
110.130310 
110.127869 
110.124817 
110.122681 
110.121765 
110.120850 
110.120850 
110.119324 
110.117493 
110.116272 
110.115356 
110.114441 
110.112000 
110.111389 
110.111084 
110.109863 
110.109253 
110.109558 
110.108643 
110.108948 
110.109253 
110.109253 
110.109863 
110.110168 
110.109558 
110.108032 
110.106812 
110.106506 
110.106506 
110.106812 
110.106812 
110.107422 
110.107727 
110.108032 
110.108337 
110.108337 
110.108337 
110.108337 
110.107422 
110.108032 
110.107727 
110.107422 
110.107422 
110.106506 
110.107422 
110.108643 
110.110168 
110.111084 
110.110779 
110.110779 
110.110474 
110.110474 
110.110474 
110.110168 
110.110168 
110.110168 
110.110168 
110.109863 
110.110168 
110.109863 
110.110779 
110.110779 
110.111389 
110.111694 
110.111084 
110.109863 
110.109253 
110.108337 
110.108643 
110.108643 
110.108948 
110.108643 
110.109863 
110.109558 
110.109558 
110.109863 
110.109253 
110.109253 
110.109253 
110.109558 
110.108948 
110.108032 
110.108337 
110.107727 
110.108337 
110.109253 
110.110779 
110.111694 
110.111389 
110.111694 
110.111389 
110.111389 
110.110474 
110.110474 
110.110474 
110.110474 
110.110474 
110.110168 
110.110779 
110.110779 
110.111084 
110.112000 
110.112305 
110.112305 
110.111694 
110.110168 
110.109253 
110.108337 
110.108948 
110.109253 
