Blum, K. P., D’Incamps, B. L., Zytnicki, D., & Ting, L. H. (2017).
Force encoding in muscle spindles during stretch of
passive muscle. PLoS computational biology, 13(9), 
e1005767. <https://journals.plos.org/ploscompbiol/article?
id=10.1371/journal.pcbi.1005767>

cat medial gastrocnemius muscle lengths over t  (in 0.0005 s increments)
110.107117 
110.106506 
110.106201 
110.106201 
110.106812 
110.106506 
110.106812 
110.105896 
110.105286 
110.105896 
110.105896 
110.106506 
110.107727 
110.107117 
110.107727 
110.107727 
110.107727 
110.107117 
110.106812 
110.107422 
110.106812 
110.106812 
110.106812 
110.106506 
110.106506 
110.106812 
110.106812 
110.107117 
110.107117 
110.107422 
110.107422 
110.106506 
110.105896 
110.105591 
110.105896 
110.106201 
110.105896 
110.105896 
110.106506 
110.106812 
110.106201 
110.105591 
110.106506 
110.106506 
110.106201 
110.105896 
110.106201 
110.105896 
110.105591 
110.105896 
110.105591 
110.106201 
110.107117 
110.107727 
110.107422 
110.107422 
110.107117 
110.107117 
110.106506 
110.106812 
110.106506 
110.106812 
110.106506 
110.106201 
110.106812 
110.106812 
110.106812 
110.107422 
110.107422 
110.107727 
110.107422 
110.106506 
110.105591 
110.105286 
110.105896 
110.105896 
110.106201 
110.106506 
110.106201 
110.106506 
110.106506 
110.106506 
110.106506 
110.106506 
110.106506 
110.106506 
110.106201 
110.106201 
110.105896 
110.105286 
110.106201 
110.106812 
110.106812 
110.107727 
110.108032 
110.107727 
110.107422 
110.107117 
110.106812 
110.107117 
110.106506 
110.106812 
110.106812 
110.106812 
110.107422 
110.107117 
110.106812 
110.106812 
110.107422 
110.107727 
110.107117 
110.106506 
110.105896 
110.105591 
110.106506 
110.106506 
110.107117 
110.107117 
110.107727 
110.108032 
110.108948 
110.109558 
110.109863 
110.110474 
110.111389 
110.111694 
110.112610 
110.113220 
110.113831 
110.114441 
110.115662 
110.117798 
110.119324 
110.121460 
110.122681 
110.123596 
110.125427 
110.126343 
110.127563 
110.128784 
110.130310 
110.132141 
110.133667 
110.135498 
110.137634 
110.139771 
110.141907 
110.144348 
110.146484 
110.149536 
110.151062 
110.152588 
110.154419 
110.156555 
110.159607 
110.162354 
110.164795 
110.168152 
110.171814 
110.174561 
110.177307 
110.180664 
110.184021 
110.187073 
110.190430 
110.193787 
110.197144 
110.199890 
110.203857 
110.207214 
110.211487 
110.215759 
110.220337 
110.224915 
110.229187 
110.233154 
110.237427 
110.241394 
110.245361 
110.249329 
110.253601 
110.258484 
110.262451 
110.267029 
110.272217 
110.277100 
110.282288 
110.287170 
110.292969 
110.298157 
110.303345 
110.307922 
110.312805 
110.317688 
110.324097 
110.330200 
110.335693 
110.342407 
110.348816 
110.354919 
110.361633 
110.368042 
110.374451 
110.381470 
110.387878 
110.394592 
110.401306 
110.407715 
110.413818 
110.420532 
110.427551 
110.435181 
110.442505 
110.449524 
110.456543 
110.463257 
110.470276 
110.476990 
110.482788 
110.489502 
110.495911 
110.502930 
110.509644 
110.516663 
110.523987 
110.531006 
110.538025 
110.545654 
110.553284 
110.561218 
110.567627 
110.574646 
110.581665 
110.589294 
110.596313 
110.604553 
110.612183 
110.620117 
110.628662 
110.636902 
110.644836 
110.653076 
110.660706 
110.669250 
110.677795 
110.686035 
110.694275 
110.702820 
110.711060 
110.719910 
110.729065 
110.738831 
110.747681 
110.757446 
110.766602 
110.775452 
110.784607 
110.793457 
110.802307 
110.811462 
110.820923 
110.830078 
110.839539 
110.849609 
110.859375 
110.869751 
110.879211 
110.889587 
110.899353 
110.909729 
110.919495 
110.928650 
110.938416 
110.948181 
110.958557 
110.969238 
110.979919 
110.990906 
111.001892 
111.013184 
111.024170 
111.034851 
111.046143 
111.057434 
111.068420 
111.079407 
111.090393 
111.101074 
111.112366 
111.123657 
111.134949 
111.147156 
111.159363 
111.171265 
111.183777 
111.195679 
111.206665 
111.218262 
111.229553 
111.241760 
111.253052 
111.265259 
111.277466 
111.289673 
111.302185 
111.314392 
111.326904 
111.340027 
111.352539 
111.365662 
111.377869 
111.390076 
111.401978 
111.414490 
111.427612 
111.440430 
111.453857 
111.466980 
111.480408 
111.494141 
111.508179 
111.521301 
111.534424 
111.547546 
111.561890 
111.574707 
111.588135 
111.601563 
111.614990 
111.628723 
111.642761 
111.657715 
111.672668 
111.687012 
111.701050 
111.715698 
111.729736 
111.743469 
111.757507 
111.771545 
111.785889 
111.800232 
111.815491 
111.829529 
111.844482 
111.859131 
111.873779 
111.889038 
111.903992 
111.919250 
111.934204 
111.948242 
111.963501 
111.977844 
111.993103 
112.008057 
112.023621 
112.038574 
112.054749 
112.070007 
112.084961 
112.100525 
112.115784 
112.131348 
112.145996 
112.161865 
112.176819 
112.191772 
112.206421 
112.221680 
112.237244 
112.253723 
112.269287 
112.285156 
112.300720 
112.315369 
112.330933 
112.344971 
112.359924 
112.374573 
112.389832 
112.404785 
112.419128 
112.434387 
112.449646 
112.464294 
112.478638 
112.493591 
112.508240 
112.522888 
112.537537 
112.550659 
112.564392 
112.578735 
112.593079 
112.607422 
112.621765 
112.635803 
112.649536 
112.663879 
112.677917 
112.691650 
112.705383 
112.718811 
112.732239 
112.745972 
112.759705 
112.772522 
112.785339 
112.799072 
112.812195 
112.825928 
112.840271 
112.853394 
112.866516 
112.879333 
112.891541 
112.904358 
112.917175 
112.929382 
112.941284 
112.954407 
112.966919 
112.979126 
112.991638 
113.003845 
113.016052 
113.027954 
113.040466 
113.052979 
113.064270 
113.075256 
113.086548 
113.097839 
113.110046 
113.121338 
113.132935 
113.145142 
113.156433 
113.168335 
113.179016 
113.190918 
113.201599 
113.212891 
113.224182 
113.235168 
113.245544 
113.256226 
113.266602 
113.276978 
113.287964 
113.299561 
113.310852 
113.321838 
113.331909 
113.342590 
113.352356 
113.362427 
113.372803 
113.381958 
113.392639 
113.402405 
113.411865 
113.421936 
113.431396 
113.441162 
113.450928 
113.460999 
113.470764 
113.480225 
113.489685 
113.497925 
113.506775 
113.515625 
113.525085 
113.534546 
113.544312 
113.552856 
113.561707 
113.571167 
113.580322 
113.588562 
113.598022 
113.605652 
113.614502 
113.623047 
113.631287 
113.639221 
113.647461 
113.655701 
113.663940 
113.673401 
113.682861 
113.691101 
113.698730 
113.707275 
113.714600 
113.722229 
113.729553 
113.736572 
113.744812 
113.752136 
113.759460 
113.767090 
113.774414 
113.782043 
113.789063 
113.796387 
113.804016 
113.811035 
113.818054 
113.823853 
113.829956 
113.837585 
113.844604 
113.851318 
113.858032 
113.864746 
113.871765 
113.878479 
113.885193 
113.891602 
113.897705 
113.904114 
113.910522 
113.917236 
113.923035 
113.929749 
113.935242 
113.941956 
113.948669 
113.955383 
113.962708 
113.969116 
113.975525 
113.982239 
113.988647 
113.994141 
114.000549 
114.006958 
114.013062 
114.018860 
114.025269 
114.031372 
114.037476 
114.043884 
114.049988 
114.056091 
114.062195 
114.068298 
114.073486 
114.078674 
114.083252 
114.088745 
114.094849 
114.100342 
114.106140 
114.111328 
114.117126 
114.122620 
114.127197 
114.132385 
114.137268 
114.142151 
114.146729 
114.151306 
114.155579 
114.159546 
114.163513 
114.167480 
114.171448 
114.176025 
114.179688 
114.183960 
114.187622 
114.190674 
114.193420 
114.196167 
114.197998 
114.200439 
114.203186 
114.205322 
114.207458 
114.209290 
114.211426 
114.212952 
114.215088 
114.216919 
114.218445 
114.219971 
114.220276 
114.220276 
114.220276 
114.221191 
114.221802 
114.222412 
114.223022 
114.223633 
114.223938 
114.224854 
114.224854 
114.224854 
114.224854 
114.224548 
114.224243 
114.223633 
114.223328 
114.222412 
114.222412 
114.221191 
114.220886 
114.221191 
114.220886 
114.219971 
114.219666 
114.218445 
114.217529 
114.216614 
114.214783 
114.213562 
114.211731 
114.210815 
114.209595 
114.208374 
114.207764 
114.206543 
114.205627 
114.204712 
114.203796 
114.202881 
114.201355 
114.199524 
114.197693 
114.196777 
114.195862 
114.194946 
114.194336 
114.194031 
114.193420 
114.193115 
114.192200 
114.191589 
114.190674 
114.190063 
114.189758 
114.188538 
114.187927 
114.187317 
114.186707 
114.185791 
114.186707 
114.187012 
114.187012 
114.187012 
114.186707 
114.186096 
114.185486 
114.185486 
114.184570 
114.184570 
114.184265 
114.183655 
114.183655 
114.183044 
114.183044 
114.183044 
114.183044 
114.183044 
114.183350 
114.183350 
114.182129 
114.181213 
114.180908 
114.180298 
114.181213 
114.180603 
114.180603 
114.180908 
114.181213 
114.181213 
114.181213 
114.181213 
114.180908 
114.181213 
114.180603 
114.180908 
114.181213 
114.180298 
114.180603 
114.180603 
114.180603 
114.181824 
114.182129 
114.183044 
114.182739 
114.182739 
114.182739 
114.182434 
114.182739 
114.182739 
114.182739 
114.183350 
114.183350 
114.183655 
114.184265 
114.184265 
114.184265 
114.184875 
114.186096 
114.186096 
114.185791 
114.185486 
114.184875 
114.184875 
114.185486 
114.186096 
114.186707 
114.187012 
114.187317 
114.188232 
114.188232 
114.188538 
114.188538 
114.189148 
114.189758 
114.189758 
114.189758 
114.189453 
114.189148 
114.189758 
114.190674 
114.190979 
114.192200 
114.192505 
114.193420 
114.193420 
114.193420 
114.193115 
114.193115 
114.193115 
114.193420 
114.193420 
114.194031 
114.194336 
114.194336 
114.194641 
114.194946 
114.195251 
114.195862 
114.195862 
114.195557 
114.194946 
114.194946 
114.194641 
114.195251 
114.194946 
114.195251 
114.195557 
114.195862 
114.195862 
114.196167 
114.196167 
114.196472 
114.196167 
114.196472 
114.196472 
114.196167 
114.196167 
114.195862 
114.195557 
114.196167 
114.197083 
114.197388 
114.197388 
114.197388 
114.197693 
114.197083 
114.196777 
114.196777 
114.196777 
114.196777 
114.197083 
114.196167 
114.196472 
114.196777 
114.196167 
114.196472 
114.196472 
114.197083 
114.196777 
114.196472 
114.195557 
114.194946 
114.194336 
114.194641 
114.194641 
114.194946 
114.194641 
114.194946 
114.194641 
114.194946 
114.194641 
114.194946 
114.194946 
114.194336 
114.194336 
114.194336 
114.194031 
114.193115 
114.192810 
114.193420 
114.194336 
114.194641 
114.194641 
114.194641 
114.194336 
114.194031 
114.193726 
114.193115 
114.193115 
114.192505 
114.192810 
114.192200 
114.192200 
114.192200 
114.192200 
114.192200 
114.192505 
114.192200 
114.192505 
114.191589 
114.190674 
114.190063 
114.189453 
114.189758 
114.189758 
114.189758 
114.190063 
114.189453 
114.189758 
114.189453 
114.189453 
114.188843 
114.188538 
114.189148 
114.188538 
114.188232 
114.187622 
114.187012 
114.187012 
114.187317 
114.188232 
114.188538 
114.188538 
114.187927 
114.187927 
114.187317 
114.187317 
114.187317 
114.186401 
114.186707 
114.186096 
114.186401 
114.186401 
114.185791 
114.185486 
114.185791 
114.186096 
114.186401 
114.186096 
114.185791 
114.184570 
114.184265 
114.183960 
114.183655 
114.183960 
114.184265 
114.184265 
114.184265 
114.184875 
114.184265 
114.184265 
114.184265 
114.184265 
114.184265 
114.184265 
114.184570 
114.183655 
114.183350 
114.183960 
114.184265 
114.185181 
114.185791 
114.185486 
114.186096 
114.186401 
114.185486 
114.185791 
114.185486 
114.185181 
114.185486 
114.186401 
114.185791 
114.186096 
114.186707 
114.187012 
114.186707 
114.187927 
114.187622 
114.188232 
114.187927 
114.187927 
114.187012 
114.187012 
114.187927 
114.187927 
114.188232 
114.188843 
114.189758 
114.190063 
114.190674 
114.190674 
114.190369 
114.191284 
114.191284 
114.191589 
114.190979 
114.191284 
114.191589 
114.191284 
114.192505 
114.193420 
114.194336 
114.194946 
114.195557 
114.195251 
114.195251 
114.195251 
114.195251 
114.194946 
114.194946 
114.195557 
114.195251 
114.195557 
114.195862 
114.195862 
114.196472 
114.196777 
114.197693 
114.197388 
114.197083 
114.196167 
114.196167 
114.195862 
114.196777 
114.196777 
114.196777 
114.197388 
114.197388 
114.197083 
114.197388 
114.197083 
114.196777 
114.196777 
114.196777 
114.196777 
114.196777 
114.196167 
114.196167 
114.195862 
114.196167 
114.197083 
114.197083 
114.197693 
114.197083 
114.197388 
114.196777 
114.195862 
114.196472 
114.195557 
114.194946 
114.195557 
114.194946 
114.194946 
114.194336 
114.194031 
114.194031 
114.194031 
114.194031 
114.194031 
114.193115 
114.192505 
114.191284 
114.191284 
114.190979 
114.190979 
114.190979 
114.190979 
114.190979 
114.190979 
114.190979 
114.190369 
114.190063 
114.189758 
114.189758 
114.189453 
114.188538 
114.188232 
114.187622 
114.187317 
114.187622 
114.188232 
114.188843 
114.188232 
114.188843 
114.188538 
114.187622 
114.187622 
114.187012 
114.187012 
114.187012 
114.186707 
114.186096 
114.186401 
114.186096 
114.186096 
114.186096 
114.186707 
114.186707 
114.186707 
114.186096 
114.185486 
114.184875 
114.184875 
114.185181 
114.184875 
114.185181 
114.185486 
114.185791 
114.185486 
114.185791 
114.185486 
114.185486 
114.186096 
114.185791 
114.185486 
114.185791 
114.185486 
114.185181 
114.185486 
114.186401 
114.187012 
114.187622 
114.188232 
114.188538 
114.188232 
114.187927 
114.188232 
114.187927 
114.187622 
114.188232 
114.188538 
114.188232 
114.188538 
114.188843 
114.188843 
114.189453 
114.189758 
114.190063 
114.190063 
114.189758 
114.189148 
114.189148 
114.188843 
114.190063 
114.189453 
114.189758 
114.190674 
114.190979 
114.191284 
114.191284 
114.191589 
114.191284 
114.191589 
114.191895 
114.191895 
114.191589 
114.191284 
114.191284 
114.191589 
114.191895 
114.192505 
114.193726 
114.194336 
114.194336 
114.194336 
114.193726 
114.193420 
114.193115 
114.193115 
114.193115 
114.193420 
114.193420 
114.193420 
114.193115 
114.193420 
114.193420 
114.193420 
114.194031 
114.194031 
114.193420 
114.192505 
114.192505 
114.192505 
114.192505 
114.192810 
114.193115 
114.192810 
114.192810 
114.193420 
114.193115 
114.193115 
114.193115 
114.192505 
114.193115 
114.192810 
114.192505 
114.191895 
114.191589 
114.191284 
114.191895 
114.193115 
114.193726 
114.193115 
114.193726 
114.192810 
114.192810 
114.192200 
114.192505 
114.191895 
114.191895 
114.192505 
114.191895 
114.191895 
114.191895 
114.191589 
114.191895 
114.191589 
114.191895 
114.191589 
114.191284 
114.190369 
114.189758 
114.189453 
114.189758 
114.190063 
114.190063 
114.190369 
114.189758 
114.190674 
114.190674 
114.190063 
114.190063 
114.190369 
114.190063 
114.190063 
114.189758 
114.189453 
114.189148 
114.189148 
114.189453 
114.190369 
114.190674 
114.190369 
114.190369 
114.190369 
114.190063 
114.190063 
114.190369 
114.189453 
114.189758 
114.189758 
114.189758 
114.189758 
114.189758 
114.189453 
114.190063 
114.190063 
114.190063 
114.190369 
114.189453 
114.188538 
114.187927 
114.188232 
114.188232 
114.188232 
114.188843 
114.189148 
114.189148 
114.189453 
114.189453 
114.189148 
114.189148 
114.188843 
114.188843 
114.188843 
114.188843 
114.188538 
114.188232 
114.188232 
114.188843 
114.189453 
114.190063 
114.190063 
114.190369 
114.190369 
114.189758 
114.189758 
114.189453 
114.190063 
114.189453 
114.189758 
114.189758 
114.189758 
114.189758 
114.189758 
114.189758 
114.190063 
114.190369 
114.190369 
114.189453 
114.189148 
114.188538 
114.188538 
114.188843 
114.189453 
114.189453 
114.190063 
114.190369 
114.189758 
114.189758 
114.190063 
114.190063 
114.189758 
114.190369 
114.190063 
114.189758 
114.189148 
114.189453 
114.189148 
114.189758 
114.190674 
114.190674 
114.191895 
114.191589 
114.191589 
114.191284 
114.190979 
114.190979 
114.190979 
114.190979 
114.191284 
114.190979 
114.191284 
114.191589 
114.190979 
114.191589 
114.192200 
114.191895 
114.191895 
114.191589 
114.190674 
114.190674 
114.190063 
114.190674 
114.190979 
114.190979 
114.191589 
114.191589 
114.191589 
114.191589 
114.191895 
114.191895 
114.191895 
114.191284 
114.191589 
114.191284 
114.190979 
114.190674 
114.190979 
114.191589 
114.192200 
114.192810 
114.192505 
114.193115 
114.192810 
114.192810 
114.192200 
114.192505 
114.192200 
114.192810 
114.192200 
114.191895 
114.192200 
114.192505 
114.192200 
114.192200 
114.192505 
114.192810 
114.192200 
114.191589 
114.191284 
114.190369 
114.190674 
114.190674 
114.190369 
114.190674 
114.190979 
114.190979 
114.190979 
114.190979 
114.190674 
114.190674 
114.190979 
114.190369 
114.190063 
114.190063 
114.189453 
114.189758 
114.189453 
114.190063 
114.190369 
114.190979 
114.191284 
114.190674 
114.190674 
114.190369 
114.190369 
114.190063 
114.189758 
114.189758 
114.189758 
114.190063 
114.189758 
114.189453 
114.189453 
114.189148 
114.190063 
114.190063 
114.189758 
114.189148 
114.188232 
114.187927 
114.187927 
114.187927 
114.188232 
114.188538 
114.188538 
114.188538 
114.188843 
114.188232 
114.188538 
114.188538 
114.188538 
114.188843 
114.188538 
114.188232 
114.188232 
114.187927 
114.187927 
114.188232 
114.189453 
114.189758 
114.190063 
114.190063 
114.189758 
114.189758 
114.189758 
114.189148 
114.189758 
114.189453 
114.189758 
114.189758 
114.189758 
114.189758 
114.189758 
114.190063 
114.190063 
114.190674 
114.190674 
114.190063 
114.189758 
114.189148 
114.189453 
114.189453 
114.189758 
114.190063 
114.190063 
114.190369 
114.190674 
114.190369 
114.190674 
114.190674 
114.190674 
114.190979 
114.190674 
114.190674 
114.190063 
114.190063 
114.190063 
114.190979 
114.191895 
114.192200 
114.193115 
114.192505 
114.192505 
114.192505 
114.192200 
114.192200 
114.191895 
114.192505 
114.192200 
114.191895 
114.192200 
114.192505 
114.192810 
114.192200 
114.192810 
114.192810 
114.193115 
114.191895 
114.191589 
114.191284 
114.190674 
114.191284 
114.191589 
114.191284 
114.191589 
114.191895 
114.191895 
114.191895 
114.191895 
114.191895 
114.191895 
114.191589 
114.192200 
114.190979 
114.190674 
114.190674 
114.190674 
114.191589 
114.191895 
114.192505 
114.192810 
114.192200 
114.191895 
114.191589 
114.191589 
114.191589 
114.190674 
114.191589 
114.190979 
114.190674 
114.191284 
114.190979 
114.191284 
114.190979 
114.191284 
114.191284 
114.191284 
114.190674 
114.189758 
114.189148 
114.189148 
114.189148 
114.189758 
114.189453 
114.189453 
114.189758 
114.189453 
114.189453 
114.189453 
114.189758 
114.189453 
114.189453 
114.188843 
114.188843 
114.188538 
114.188232 
114.188232 
114.188843 
114.189758 
114.190063 
114.190369 
114.190063 
114.189758 
114.190063 
114.189453 
114.189758 
114.189453 
114.189453 
114.189148 
114.189453 
114.189453 
114.189453 
114.189758 
114.189758 
114.189758 
114.190063 
114.190063 
114.189148 
114.188538 
114.188232 
114.188538 
114.188232 
114.188538 
114.189453 
114.188843 
114.189453 
114.189453 
114.189148 
114.189758 
114.189453 
114.189758 
114.189758 
114.189758 
114.189148 
114.188843 
114.188843 
114.188843 
114.189453 
114.190369 
114.190674 
114.190979 
114.191284 
114.190979 
114.190674 
114.190674 
114.190369 
114.190369 
114.190369 
114.190674 
114.190369 
114.190674 
114.190979 
114.190979 
114.191284 
114.191284 
114.191895 
114.191895 
114.191284 
114.190063 
114.189758 
114.189758 
114.190369 
114.190369 
114.190979 
114.190674 
114.190674 
114.190979 
114.190979 
114.190674 
114.191284 
114.190979 
114.190979 
114.190979 
114.190674 
114.190369 
114.190063 
114.190369 
114.190979 
114.191589 
114.192200 
114.192505 
114.192200 
114.191895 
114.191895 
114.191895 
114.191284 
114.191284 
114.191284 
114.191589 
114.191284 
114.190979 
114.191284 
114.191284 
114.191589 
114.191589 
114.191895 
114.192200 
114.191284 
114.190674 
114.190063 
114.190063 
114.190063 
114.190063 
114.190369 
114.190369 
114.190979 
114.190979 
114.190369 
114.190674 
114.190674 
114.190674 
114.190979 
114.190369 
114.190369 
114.189453 
114.189758 
114.189453 
114.190369 
114.190674 
114.191895 
114.191284 
114.191589 
114.190979 
114.190979 
114.190369 
114.190369 
114.190369 
114.190369 
114.190063 
114.190369 
114.190674 
114.190369 
114.190674 
114.190369 
114.190979 
114.190979 
114.190979 
114.189758 
114.189758 
114.189453 
114.188843 
114.189148 
114.189453 
114.189758 
114.189758 
114.189453 
114.189453 
114.190063 
114.189758 
114.189758 
114.189453 
114.189758 
114.189453 
114.189453 
114.189148 
114.188538 
114.189148 
114.190063 
114.190369 
114.190979 
114.190979 
114.190674 
114.190674 
114.190674 
114.190063 
114.190063 
114.190063 
114.190063 
114.190063 
114.190369 
114.190063 
114.190063 
114.190063 
114.190369 
114.190674 
114.191284 
114.190979 
114.190369 
114.189758 
114.189148 
114.189148 
114.189453 
114.190063 
114.189758 
114.189453 
114.189758 
114.189758 
114.190063 
114.189758 
114.189758 
114.190063 
114.190063 
114.190369 
114.189453 
114.189148 
114.189148 
114.189453 
114.189758 
114.190674 
114.190979 
114.191589 
114.191284 
114.191284 
114.190979 
114.190674 
114.190369 
114.190369 
114.190369 
114.190369 
114.190369 
114.190674 
114.190369 
114.190979 
114.190979 
114.190979 
114.191284 
114.191284 
114.190369 
114.189758 
114.189453 
114.189758 
114.189758 
114.190063 
114.190674 
114.190674 
114.190674 
114.190674 
114.190369 
114.190369 
114.190063 
114.190674 
114.190369 
114.190369 
114.190063 
114.190063 
114.189453 
114.189453 
114.190369 
114.190979 
114.191284 
114.192200 
114.191589 
114.191589 
114.191284 
114.190979 
114.191284 
114.190979 
114.190979 
114.190979 
114.190979 
114.190979 
114.190979 
114.190674 
114.191284 
114.191589 
114.191589 
114.191589 
114.190674 
114.190674 
114.190063 
114.189758 
114.190063 
114.190369 
114.190369 
114.190369 
114.190674 
114.190674 
114.190369 
114.190369 
114.190674 
114.190063 
114.190063 
114.190063 
114.189758 
114.189758 
114.189453 
114.189453 
114.190063 
114.191284 
114.191284 
114.190979 
114.191589 
114.190979 
114.190979 
114.190979 
114.190369 
114.190063 
114.190369 
114.190979 
114.190369 
114.190674 
114.190674 
114.190063 
114.190369 
114.190979 
114.190979 
114.190674 
114.190369 
114.189758 
114.189148 
114.189758 
114.189453 
114.189453 
114.190063 
114.190063 
114.190063 
114.190369 
114.190063 
114.190063 
114.189758 
114.190063 
114.190063 
114.189453 
114.189453 
114.188538 
114.188538 
114.188843 
114.189453 
114.190369 
114.190979 
114.191284 
114.190674 
114.190979 
114.190674 
114.190063 
114.190063 
114.190063 
114.190369 
114.190063 
114.190369 
114.190063 
114.190063 
114.190369 
114.190369 
114.190674 
114.190979 
114.190369 
114.190369 
114.189148 
114.189148 
114.189148 
114.189453 
114.189453 
114.189758 
114.190369 
114.189758 
114.190369 
114.190369 
114.190369 
114.190369 
114.190369 
114.190369 
114.189758 
114.189453 
114.189148 
114.189453 
114.189148 
114.190369 
114.191284 
114.191589 
114.191589 
114.191589 
114.191589 
114.191284 
114.190979 
114.190674 
114.190674 
114.190674 
114.190369 
114.190674 
114.190979 
114.190674 
114.191284 
114.190979 
114.191284 
114.191284 
114.191284 
114.190674 
114.190063 
114.189453 
114.190369 
114.190369 
114.190369 
114.190369 
114.190674 
114.190674 
114.190369 
114.190369 
114.190674 
114.190674 
114.190674 
114.190674 
114.190674 
114.190063 
114.189453 
114.189453 
114.189758 
114.190369 
114.190979 
114.191895 
114.191895 
114.191284 
114.191895 
114.190674 
114.190674 
114.190979 
114.190674 
114.190674 
114.190979 
114.190063 
114.190369 
114.190369 
114.190979 
114.190674 
114.191589 
114.191589 
114.190979 
114.190369 
114.189758 
114.190063 
114.189453 
114.189758 
114.190063 
114.190063 
114.190369 
114.190063 
114.190063 
114.190063 
114.190063 
114.190063 
114.190369 
114.190369 
114.190063 
114.189758 
114.189148 
114.188843 
114.189453 
114.190369 
114.190674 
114.190979 
114.190979 
114.191284 
114.190674 
114.190674 
114.190063 
114.190063 
114.190369 
114.189758 
114.190063 
114.190369 
114.190369 
114.190063 
114.190369 
114.190674 
114.190369 
114.190979 
114.190674 
114.189758 
114.188843 
114.188843 
114.188843 
114.189148 
114.189453 
114.189453 
114.189758 
114.190063 
114.189758 
114.189758 
114.189453 
114.190063 
114.189758 
114.190063 
114.190063 
114.189453 
114.189148 
114.189148 
114.189453 
114.190369 
114.190979 
114.191284 
114.191284 
114.190979 
114.190674 
114.190369 
114.190674 
114.190369 
114.190369 
114.190369 
114.190674 
114.190369 
114.190674 
114.190369 
114.190674 
114.190979 
114.190979 
114.190979 
114.191284 
114.190369 
114.189453 
114.189453 
114.189758 
114.189758 
114.189758 
114.189758 
114.190674 
114.190369 
114.190369 
114.190369 
114.190369 
114.190369 
114.190674 
114.190369 
114.190063 
114.189758 
114.189758 
114.189758 
114.189453 
114.190674 
114.191284 
114.191589 
114.192200 
114.191284 
114.191284 
114.191589 
114.190979 
114.190979 
114.190979 
114.190979 
114.190979 
114.190979 
114.190674 
114.190674 
114.190979 
114.191284 
114.191284 
114.191589 
114.190979 
114.190063 
114.189148 
114.189758 
114.190063 
114.189758 
114.190063 
114.190063 
114.190063 
114.190063 
114.190674 
114.190063 
114.190369 
114.190369 
114.190369 
114.190369 
114.190369 
114.189758 
114.188843 
114.189148 
114.189148 
114.190369 
114.190979 
114.191284 
114.191284 
114.191284 
114.190979 
114.190674 
114.190674 
114.190674 
114.190369 
114.190369 
114.190674 
114.190674 
114.190369 
114.190674 
114.190063 
114.190369 
114.190979 
114.190979 
114.190979 
114.190063 
114.189453 
114.188843 
114.189453 
114.189758 
114.190063 
114.189453 
114.189453 
114.189758 
114.189758 
114.190063 
114.190063 
114.189453 
114.190063 
114.189758 
114.189758 
114.189453 
114.188843 
114.189148 
114.189148 
114.190063 
114.190369 
114.190979 
114.190979 
114.190979 
114.190979 
114.190369 
114.190369 
114.190369 
114.190369 
114.190063 
114.190063 
114.190063 
114.190369 
114.190063 
114.190369 
114.190369 
114.190674 
114.190674 
114.190979 
114.190063 
114.189148 
114.189453 
114.189453 
114.189758 
114.190063 
114.190369 
114.190063 
114.190369 
114.190369 
114.190063 
114.190063 
114.190369 
114.189758 
114.190063 
114.190063 
114.189758 
114.189758 
114.189148 
114.189453 
114.190063 
114.190979 
114.191284 
114.191589 
114.191589 
114.191589 
114.191284 
114.190674 
114.190674 
114.190369 
114.190674 
114.190369 
114.190063 
114.190979 
114.190674 
114.190369 
114.190674 
114.191589 
114.191284 
114.190979 
114.190369 
114.189453 
114.189453 
114.189758 
114.189758 
114.190063 
114.190369 
114.190369 
114.190674 
114.190063 
114.190674 
114.190369 
114.190063 
114.190369 
114.190369 
114.190369 
114.190063 
114.189758 
114.189758 
114.189453 
114.190674 
114.191589 
114.191589 
114.191589 
114.191284 
114.191284 
114.190674 
114.190674 
114.190369 
114.190369 
114.190674 
114.190674 
114.190979 
114.190063 
114.190674 
114.190674 
114.191284 
114.191284 
114.190979 
114.191284 
114.189453 
114.189758 
114.189148 
114.190063 
114.189453 
114.189758 
114.190063 
114.190063 
114.190369 
114.190674 
114.189758 
114.190063 
114.190369 
114.190674 
114.190063 
114.190369 
114.189758 
114.189148 
114.189453 
114.189758 
114.190063 
114.190979 
114.191284 
114.191284 
114.190979 
114.190979 
114.190674 
114.190674 
114.190674 
114.190063 
114.190369 
114.190369 
114.190674 
114.190369 
114.190674 
114.190674 
114.190979 
114.191284 
114.191284 
114.190674 
114.189758 
114.189148 
114.188843 
114.189758 
114.189758 
114.189758 
114.190063 
114.190369 
114.190063 
114.190369 
114.190369 
114.190369 
114.190063 
114.190063 
114.190063 
114.190063 
114.189453 
114.189453 
114.188843 
114.189453 
114.190674 
114.190979 
114.190979 
114.191589 
114.190979 
114.190674 
114.190674 
114.190674 
114.190063 
114.190674 
114.190674 
114.190369 
114.190674 
114.190674 
114.190674 
114.190674 
114.190674 
114.190979 
114.191284 
114.190979 
114.190063 
114.189453 
114.189148 
114.189453 
114.189758 
114.190063 
114.190063 
114.190063 
114.190369 
114.190674 
114.190674 
114.190369 
114.190369 
114.190063 
114.190674 
114.190063 
114.189758 
114.189148 
114.188843 
114.189453 
114.190063 
114.190979 
114.190979 
114.191284 
114.191284 
114.191284 
114.190674 
114.190674 
114.190674 
114.190369 
114.190674 
114.190369 
114.190674 
114.190674 
114.190369 
114.190369 
114.190979 
114.191284 
114.191284 
114.190979 
114.189758 
114.189148 
114.189148 
114.189453 
114.189758 
114.189758 
114.190063 
114.190063 
114.190369 
114.190369 
114.190063 
114.190369 
114.190063 
114.189758 
114.190063 
114.189758 
114.189453 
114.189453 
114.189758 
114.189758 
114.190369 
114.191284 
114.191284 
114.190979 
114.191284 
114.190979 
114.190979 
114.190369 
114.190674 
114.190674 
114.190674 
114.190369 
114.190369 
114.190369 
114.190369 
114.190674 
114.190674 
114.190979 
114.190979 
114.190674 
114.190369 
114.189758 
114.189453 
114.189148 
114.189453 
114.189758 
114.190063 
114.190063 
114.190063 
114.190369 
114.189758 
114.190063 
114.190369 
114.190063 
114.189758 
114.189758 
114.189758 
114.189453 
114.189453 
114.189758 
114.190063 
114.190674 
114.191284 
114.191589 
114.190979 
114.190979 
114.190674 
114.190369 
114.190369 
114.190063 
114.190063 
114.190063 
114.190369 
114.190369 
114.190674 
114.190674 
114.190063 
114.190979 
114.190979 
114.190674 
114.189758 
114.189758 
114.189148 
114.189758 
114.189758 
114.189758 
114.190063 
114.189758 
114.190063 
114.190063 
114.190063 
114.190369 
114.190369 
114.190063 
114.190063 
114.189758 
114.189453 
114.189453 
114.189453 
114.189453 
114.190369 
114.190979 
114.190979 
114.192200 
114.191284 
114.190979 
114.190674 
114.190674 
114.190674 
114.190369 
114.190369 
114.190369 
114.190674 
114.190674 
114.190369 
114.190369 
114.190674 
114.191284 
114.191284 
114.190979 
114.190674 
114.189758 
114.189758 
114.189758 
114.189758 
114.190063 
114.190369 
114.189758 
114.190674 
114.190063 
114.190369 
114.190369 
114.190674 
114.190369 
114.190063 
114.190369 
114.189758 
114.189453 
114.189453 
114.190063 
114.190979 
114.191284 
114.190979 
114.191284 
114.191589 
114.190979 
114.190674 
114.190369 
114.190369 
114.190674 
114.190369 
114.190674 
114.190369 
114.190063 
114.190674 
114.190674 
114.190979 
114.191284 
114.191284 
114.191284 
114.190063 
114.189758 
114.189453 
114.189758 
114.190063 
114.189758 
114.190369 
114.190369 
114.190369 
114.190369 
114.190369 
114.189758 
114.190369 
114.190674 
114.190063 
114.190063 
114.189453 
114.189453 
114.189453 
114.190063 
114.190369 
114.190674 
114.190979 
114.191284 
114.190979 
114.190369 
114.190369 
114.190674 
114.190369 
114.190369 
114.190674 
114.190369 
114.190674 
114.190674 
114.190369 
114.190063 
114.191284 
114.191284 
114.190979 
114.190674 
114.189758 
114.189453 
114.189148 
114.189148 
114.189758 
114.189758 
114.190369 
114.190369 
114.190063 
114.190674 
114.190369 
114.189758 
114.190063 
114.190063 
114.190063 
114.189453 
114.189453 
114.189148 
114.189453 
114.189453 
114.190369 
114.190979 
114.190979 
114.191284 
114.190979 
114.190979 
114.190674 
114.190063 
114.190674 
114.190369 
114.190369 
114.190674 
114.190674 
114.190369 
114.190063 
114.190979 
114.190674 
114.190979 
114.191284 
114.190369 
114.189758 
114.189148 
114.189758 
114.189758 
114.189758 
114.190063 
114.190369 
114.190369 
114.190063 
114.190369 
114.190063 
114.190674 
114.190369 
114.190369 
114.190063 
114.189758 
114.189148 
114.189453 
114.189453 
114.189758 
114.190674 
114.191284 
114.191284 
114.191589 
114.191284 
114.190979 
114.190674 
114.190674 
114.190369 
114.190674 
114.190674 
114.190674 
114.190674 
114.190369 
114.190369 
114.190369 
114.190979 
114.190979 
114.191284 
114.190979 
114.190369 
114.189453 
114.189453 
114.189148 
114.190369 
114.190063 
114.190674 
114.190369 
114.190369 
114.190369 
114.190063 
114.190674 
114.190369 
114.190674 
114.189758 
114.190063 
114.189148 
114.188843 
114.189148 
114.190063 
114.190369 
114.190979 
114.191589 
114.191589 
114.191284 
114.190979 
114.190674 
114.190369 
114.190063 
114.190369 
114.189758 
114.189758 
114.189453 
114.189148 
114.189148 
114.189148 
114.188843 
114.188843 
114.188538 
114.187317 
114.185791 
114.184570 
114.183655 
114.183655 
114.183044 
114.182129 
114.181519 
114.180603 
114.179993 
114.178772 
114.177551 
114.176636 
114.175415 
114.173889 
114.172363 
114.170837 
114.168701 
114.167175 
114.165344 
114.164429 
114.163513 
114.161682 
114.160461 
114.158325 
114.156494 
114.153748 
114.151611 
114.149170 
114.145813 
114.143677 
114.141235 
114.138489 
114.136047 
114.133606 
114.130859 
114.127808 
114.125061 
114.122620 
114.119568 
114.115906 
114.111633 
114.107971 
114.104614 
114.101257 
114.097595 
114.094543 
114.091492 
114.087219 
114.083557 
114.079590 
114.075317 
114.071655 
114.067078 
114.063416 
114.059143 
114.053955 
114.049683 
114.044495 
114.040527 
114.035950 
114.031982 
114.028015 
114.023743 
114.018860 
114.013977 
114.008789 
114.003601 
113.998108 
113.992615 
113.987122 
113.981934 
113.976135 
113.970947 
113.965149 
113.959961 
113.955078 
113.949280 
113.943787 
113.937683 
113.931580 
113.924866 
113.918152 
113.912048 
113.906555 
113.900146 
113.894348 
113.888245 
113.881836 
113.875732 
113.869629 
113.863220 
113.856201 
113.849487 
113.842773 
113.835449 
113.828125 
113.821106 
113.813782 
113.806763 
113.800049 
113.793640 
113.786926 
113.779602 
113.771973 
113.765259 
113.757019 
113.749390 
113.741455 
113.733521 
113.725281 
113.717651 
113.710022 
113.701782 
113.694153 
113.685913 
113.677673 
113.668823 
113.660889 
113.653259 
113.644104 
113.635254 
113.625488 
113.616943 
113.608704 
113.599548 
113.591614 
113.582458 
113.573914 
113.565063 
113.555603 
113.546753 
113.537903 
113.528442 
113.518677 
113.509216 
113.499146 
113.489380 
113.479919 
113.469849 
113.460693 
113.451843 
113.442383 
113.432617 
113.423157 
113.412476 
113.402405 
113.392334 
113.380737 
113.370972 
113.359985 
113.349304 
113.338928 
113.328857 
113.318176 
113.307495 
113.297119 
113.286133 
113.275757 
113.265076 
113.253174 
113.240967 
113.229370 
113.218079 
113.206482 
113.195496 
113.184509 
113.172913 
113.161621 
113.150330 
113.139038 
113.127441 
113.115540 
113.103333 
113.091125 
113.079529 
113.067017 
113.054810 
113.041687 
113.029480 
113.017883 
113.005981 
112.994690 
112.982483 
112.969666 
112.956848 
112.944031 
112.930908 
112.917480 
112.904663 
112.891235 
112.878418 
112.864990 
112.851257 
112.838440 
112.825317 
112.811890 
112.798157 
112.785034 
112.771606 
112.756958 
112.742615 
112.727966 
112.714233 
112.700500 
112.686157 
112.672119 
112.658691 
112.644958 
112.630615 
112.616577 
112.602234 
112.587280 
112.572937 
112.558289 
112.543335 
112.528381 
112.513123 
112.498169 
112.482910 
112.468262 
112.454529 
112.439575 
112.424622 
112.409668 
112.394409 
112.378845 
112.363281 
112.347412 
112.331543 
112.316284 
112.300415 
112.285156 
112.269287 
112.253723 
112.237854 
112.222595 
112.207642 
112.191772 
112.176514 
112.160339 
112.143860 
112.127380 
112.111511 
112.095947 
112.080383 
112.065430 
112.050171 
112.033997 
112.019653 
112.003784 
111.988220 
111.973267 
111.957397 
111.942139 
111.927185 
111.911011 
111.895447 
111.880188 
111.865540 
111.850891 
111.836548 
111.822205 
111.807251 
111.792908 
111.778259 
111.762390 
111.747742 
111.733093 
111.718445 
111.703491 
111.689148 
111.674500 
111.660461 
111.646118 
111.632080 
111.618042 
111.604004 
111.591187 
111.577148 
111.562805 
111.548157 
111.534119 
111.520081 
111.506348 
111.493225 
111.479187 
111.466370 
111.453857 
111.440735 
111.427612 
111.414185 
111.401978 
111.389160 
111.375427 
111.362915 
111.350098 
111.337280 
111.323853 
111.311340 
111.299133 
111.288147 
111.275635 
111.263733 
111.252136 
111.240234 
111.227417 
111.215515 
111.203308 
111.191101 
111.179199 
111.167908 
111.155396 
111.144104 
111.133118 
111.121521 
111.110229 
111.099243 
111.087952 
111.077271 
111.065369 
111.053467 
111.041870 
111.030884 
111.020508 
111.009521 
110.998840 
110.988464 
110.978088 
110.968323 
110.957947 
110.947876 
110.937500 
110.927734 
110.917053 
110.906982 
110.896606 
110.886230 
110.876160 
110.866394 
110.856934 
110.848389 
110.839233 
110.829773 
110.820618 
110.811157 
110.801697 
110.791626 
110.781860 
110.772400 
110.763245 
110.753784 
110.744629 
110.735474 
110.726624 
110.717468 
110.708923 
110.699768 
110.691223 
110.682373 
110.673523 
110.664063 
110.654602 
110.646362 
110.637512 
110.629883 
110.621338 
110.613403 
110.605774 
110.597839 
110.590210 
110.581970 
110.574646 
110.566711 
110.559387 
110.551758 
110.543213 
110.535583 
110.528259 
110.520935 
110.513916 
110.507813 
110.501099 
110.494080 
110.487671 
110.480957 
110.473328 
110.466003 
110.459595 
110.452271 
110.445557 
110.438843 
110.432129 
110.425720 
110.419312 
110.413208 
110.407104 
110.401306 
110.395203 
110.389099 
110.382690 
110.375977 
110.369873 
110.363770 
110.358276 
110.352478 
110.346985 
110.342102 
110.336609 
110.331726 
110.326233 
110.321045 
110.315552 
110.311279 
110.305481 
110.300598 
110.295410 
110.289917 
110.285034 
110.279846 
110.276184 
110.272217 
110.268250 
110.264282 
110.259399 
110.255127 
110.250854 
110.246277 
110.242004 
110.237122 
110.232849 
110.228882 
110.224915 
110.220947 
110.217285 
110.213928 
110.210266 
110.206604 
110.203247 
110.199890 
110.195618 
110.191345 
110.187683 
110.184631 
110.181274 
110.178528 
110.175476 
110.172729 
110.170288 
110.167847 
110.164490 
110.162659 
110.159607 
110.156555 
110.154724 
110.151978 
110.149536 
110.146484 
110.144348 
110.142212 
110.140381 
110.138855 
110.137634 
110.136108 
110.134277 
110.132446 
110.130615 
110.128174 
110.126343 
110.124207 
110.122681 
110.121155 
110.119629 
110.118103 
110.116882 
110.115967 
110.114746 
110.113525 
110.113525 
110.112305 
110.110779 
110.108948 
110.107117 
110.107117 
110.106812 
110.106201 
110.105591 
110.105286 
110.105896 
110.105286 
110.104980 
110.104980 
110.104675 
110.104370 
110.104675 
110.104675 
110.103760 
110.104065 
110.103455 
110.103455 
110.104370 
110.104980 
110.105286 
110.105896 
110.105591 
110.105591 
110.105591 
110.105286 
110.105286 
110.105286 
110.104980 
110.104675 
110.104980 
110.105286 
110.104980 
110.104980 
110.105286 
110.105591 
110.106201 
110.106201 
110.104980 
110.104370 
110.104370 
110.104370 
110.104980 
110.104675 
110.104980 
110.104980 
110.105286 
110.105896 
110.105591 
110.105286 
110.105896 
110.105286 
110.104980 
110.105896 
110.105286 
110.104980 
110.104675 
110.105286 
110.105286 
110.106506 
110.106812 
110.107117 
110.107117 
110.106812 
110.106506 
110.106506 
110.106506 
110.105896 
110.106506 
110.106201 
110.106201 
110.106201 
110.106201 
110.106201 
110.106506 
110.106812 
110.107117 
110.106812 
110.106201 
110.105591 
110.104980 
110.105286 
110.105591 
110.105591 
110.105286 
110.105896 
110.105896 
110.106201 
110.105896 
110.106201 
110.105896 
110.106201 
110.105896 
110.105591 
110.105591 
110.105286 
110.104980 
110.104675 
110.105896 
110.106506 
110.107117 
110.107422 
110.107422 
