Blum, K. P., D’Incamps, B. L., Zytnicki, D., & Ting, L. H. (2017).
Force encoding in muscle spindles during stretch of
passive muscle. PLoS computational biology, 13(9), 
e1005767. <https://journals.plos.org/ploscompbiol/article?
id=10.1371/journal.pcbi.1005767>

cat medial gastrocnemius muscle lengths over t  (in 0.0005 s increments)
110.106812 
110.106812 
110.106506 
110.107117 
110.107422 
110.107422 
110.107727 
110.108032 
110.108337 
110.106812 
110.105896 
110.104980 
110.105286 
110.105591 
110.105591 
110.105591 
110.105896 
110.106201 
110.106812 
110.106201 
110.106506 
110.106812 
110.106201 
110.106201 
110.106201 
110.105896 
110.105591 
110.105286 
110.105286 
110.106201 
110.107117 
110.108032 
110.107117 
110.107422 
110.106812 
110.107117 
110.106812 
110.106812 
110.106812 
110.106812 
110.107117 
110.106812 
110.106812 
110.107422 
110.106812 
110.107727 
110.107422 
110.107422 
110.107422 
110.106812 
110.105591 
110.105591 
110.105591 
110.105896 
110.105896 
110.105896 
110.106506 
110.106201 
110.106506 
110.106506 
110.106201 
110.106201 
110.106812 
110.106201 
110.106506 
110.106201 
110.105591 
110.105286 
110.105286 
110.105896 
110.107117 
110.107727 
110.107422 
110.107727 
110.107727 
110.107117 
110.106812 
110.107117 
110.106812 
110.106812 
110.106812 
110.107117 
110.106506 
110.107117 
110.107117 
110.106506 
110.107422 
110.107422 
110.107422 
110.106506 
110.105896 
110.105286 
110.105591 
110.106201 
110.105896 
110.106201 
110.106201 
110.106201 
110.106812 
110.106506 
110.106201 
110.106506 
110.106812 
110.106201 
110.106506 
110.105896 
110.105896 
110.104980 
110.105286 
110.106201 
110.107117 
110.108643 
110.109558 
110.111084 
110.112915 
110.114136 
110.115662 
110.117493 
110.119934 
110.122375 
110.125427 
110.128784 
110.132446 
110.137024 
110.141296 
110.146179 
110.151367 
110.156860 
110.162964 
110.167847 
110.173645 
110.179749 
110.186768 
110.194397 
110.202332 
110.210876 
110.219116 
110.228271 
110.237732 
110.246277 
110.255737 
110.265198 
110.274963 
110.284424 
110.294189 
110.304260 
110.314636 
110.324707 
110.336304 
110.347900 
110.360413 
110.373535 
110.386353 
110.400391 
110.413818 
110.426941 
110.441284 
110.455627 
110.469666 
110.484924 
110.498352 
110.513000 
110.526733 
110.539246 
110.551758 
110.563965 
110.575562 
110.586548 
110.596924 
110.606384 
110.615234 
110.623474 
110.633240 
110.642090 
110.651245 
110.660706 
110.669861 
110.679321 
110.687866 
110.697632 
110.706482 
110.715637 
110.724792 
110.733643 
110.742798 
110.751648 
110.760498 
110.769653 
110.779114 
110.789185 
110.800171 
110.809937 
110.820313 
110.830078 
110.839844 
110.849915 
110.859375 
110.869446 
110.879211 
110.889282 
110.899048 
110.909119 
110.919189 
110.929565 
110.939941 
110.950012 
110.960693 
110.971375 
110.982056 
110.991821 
111.000366 
111.010437 
111.020508 
111.031494 
111.041565 
111.052246 
111.062317 
111.072998 
111.083984 
111.094055 
111.105042 
111.114807 
111.125183 
111.135559 
111.145935 
111.155701 
111.165771 
111.176147 
111.186523 
111.197205 
111.208496 
111.219482 
111.229858 
111.240845 
111.251221 
111.261597 
111.271057 
111.281433 
111.291504 
111.301270 
111.311340 
111.321716 
111.332703 
111.343079 
111.353149 
111.364136 
111.373901 
111.385193 
111.395264 
111.405029 
111.414185 
111.423950 
111.433716 
111.444397 
111.454468 
111.464844 
111.475525 
111.486206 
111.497192 
111.507874 
111.518250 
111.528320 
111.538696 
111.548767 
111.559143 
111.569214 
111.579285 
111.589050 
111.599426 
111.610107 
111.621704 
111.632080 
111.642456 
111.653748 
111.663818 
111.673889 
111.683350 
111.694031 
111.703796 
111.713867 
111.723938 
111.734009 
111.744080 
111.754456 
111.765137 
111.775208 
111.785583 
111.796265 
111.806641 
111.816101 
111.824951 
111.835022 
111.844788 
111.855164 
111.865540 
111.875610 
111.886292 
111.896057 
111.906738 
111.917419 
111.927490 
111.937561 
111.947327 
111.958618 
111.968079 
111.977844 
111.988220 
111.997681 
112.008057 
112.018738 
112.030029 
112.040405 
112.051392 
112.061768 
112.072449 
112.081909 
112.091675 
112.101746 
112.111206 
112.121887 
112.131958 
112.142029 
112.152405 
112.162781 
112.172852 
112.182922 
112.193298 
112.204285 
112.214355 
112.223816 
112.232666 
112.242737 
112.252808 
112.262878 
112.273865 
112.283936 
112.294312 
112.304993 
112.315369 
112.325439 
112.335815 
112.345886 
112.356262 
112.366028 
112.376099 
112.386169 
112.395935 
112.405701 
112.416382 
112.426758 
112.438049 
112.449036 
112.459412 
112.470398 
112.480469 
112.490234 
112.500610 
112.510071 
112.519836 
112.530212 
112.540283 
112.550049 
112.560730 
112.571106 
112.581177 
112.591858 
112.602539 
112.612915 
112.623291 
112.632751 
112.642212 
112.651367 
112.661133 
112.672119 
112.681885 
112.692261 
112.702942 
112.713013 
112.723694 
112.734070 
112.744141 
112.755127 
112.765503 
112.775269 
112.785339 
112.795105 
112.804871 
112.814636 
112.825012 
112.835388 
112.846680 
112.857666 
112.868042 
112.878723 
112.888489 
112.898865 
112.908630 
112.918701 
112.928772 
112.938843 
112.949219 
112.959900 
112.969360 
112.979126 
112.989502 
113.000488 
113.010559 
113.020935 
113.030701 
113.039856 
113.049011 
113.057861 
113.066406 
113.076477 
113.085022 
113.093567 
113.102112 
113.110046 
113.117981 
113.125610 
113.132629 
113.139038 
113.145752 
113.151550 
113.156738 
113.161316 
113.166199 
113.170166 
113.174133 
113.178406 
113.182373 
113.186340 
113.189392 
113.191833 
113.193665 
113.195496 
113.196106 
113.197021 
113.197937 
113.197937 
113.198853 
113.199158 
113.199768 
113.200073 
113.200073 
113.200378 
113.200989 
113.200989 
113.200684 
113.200378 
113.199158 
113.198242 
113.197632 
113.197327 
113.197021 
113.196716 
113.197021 
113.197021 
113.196106 
113.195801 
113.195496 
113.195190 
113.194885 
113.194275 
113.193359 
113.193054 
113.192749 
113.191833 
113.191833 
113.191528 
113.191833 
113.192749 
113.192749 
113.192749 
113.192749 
113.192139 
113.191528 
113.190918 
113.190613 
113.190308 
113.190308 
113.190002 
113.190002 
113.190308 
113.190308 
113.190002 
113.190613 
113.190308 
113.190918 
113.190002 
113.189392 
113.188171 
113.188171 
113.188477 
113.188171 
113.187866 
113.189087 
113.189087 
113.188782 
113.189087 
113.189087 
113.188782 
113.189087 
113.188782 
113.188782 
113.188477 
113.188171 
113.188171 
113.187561 
113.187866 
113.189087 
113.189697 
113.190002 
113.190308 
113.190002 
113.189697 
113.189697 
113.189087 
113.189392 
113.189697 
113.189392 
113.189392 
113.189697 
113.189697 
113.189697 
113.190308 
113.190308 
113.190308 
113.190613 
113.190002 
113.189087 
113.188477 
113.188171 
113.188782 
113.188782 
113.189087 
113.189392 
113.189087 
113.189392 
113.189697 
113.189087 
113.189087 
113.189392 
113.188782 
113.189087 
113.188782 
113.188477 
113.188171 
113.187866 
113.188477 
113.189087 
113.190002 
113.189697 
113.190613 
113.190613 
113.189697 
113.189697 
113.189087 
113.189087 
113.189697 
113.189087 
113.188782 
113.188782 
113.189087 
113.189087 
113.189697 
113.189392 
113.190002 
113.189697 
113.189392 
113.188171 
113.187561 
113.187256 
113.187561 
113.186951 
113.187256 
113.187561 
113.187866 
113.188171 
113.188171 
113.187866 
113.187866 
113.187866 
113.187561 
113.187256 
113.187866 
113.187256 
113.186646 
113.186951 
113.186340 
113.187866 
113.188477 
113.188477 
113.189087 
113.188782 
113.188477 
113.188477 
113.187866 
113.187866 
113.188171 
113.187561 
113.187561 
113.187866 
113.188171 
113.188171 
113.188477 
113.188782 
113.188477 
113.188477 
113.188477 
113.187561 
113.186646 
113.186951 
113.187561 
113.186951 
113.187256 
113.187561 
113.187866 
113.188477 
113.187866 
113.187866 
113.188477 
113.188477 
113.187866 
113.188171 
113.187561 
113.187561 
113.186951 
113.186951 
113.187256 
113.188477 
113.189087 
113.188782 
113.189697 
113.189392 
113.189392 
113.189392 
113.188782 
113.188782 
113.188782 
113.188782 
113.188477 
113.188477 
113.189087 
113.188782 
113.189392 
113.189392 
113.189697 
113.189392 
113.189392 
113.188782 
113.187561 
113.187561 
113.187866 
113.187866 
113.188171 
113.188171 
113.188477 
113.188782 
113.188477 
113.188477 
113.188782 
113.188477 
113.188477 
113.188171 
113.187866 
113.187866 
113.186951 
113.187256 
113.187561 
113.188477 
113.189087 
113.188782 
113.189392 
113.189392 
113.188782 
113.188782 
113.188782 
113.188782 
113.188477 
113.188782 
113.188171 
113.188782 
113.188171 
113.188171 
113.188477 
113.188782 
113.189087 
113.189392 
113.188782 
113.187256 
113.186951 
113.186646 
113.186951 
113.186951 
113.186951 
113.186951 
113.186951 
113.186951 
113.187256 
113.187561 
113.187561 
113.187561 
113.187256 
113.186951 
113.187256 
113.186646 
113.186340 
113.185730 
113.186646 
113.187256 
113.188171 
113.188171 
113.188477 
113.188171 
113.188171 
113.187866 
113.187866 
113.187866 
113.187866 
113.187866 
113.188171 
113.187866 
113.187866 
113.188171 
113.187866 
113.188477 
113.188782 
113.188782 
113.188477 
113.187561 
113.186646 
113.186340 
113.186951 
113.186951 
113.187256 
113.187561 
113.187561 
113.187866 
113.188171 
113.187561 
113.188171 
113.188171 
113.188171 
113.187561 
113.187561 
113.187256 
113.187256 
113.186951 
113.187561 
113.188477 
113.188782 
113.189392 
113.189697 
113.189392 
113.189087 
113.188782 
113.188477 
113.188477 
113.188782 
113.188782 
113.188477 
113.188782 
113.188477 
113.188782 
113.189087 
113.188782 
113.189392 
113.189392 
113.189087 
113.188477 
113.186951 
113.187256 
113.187561 
113.187561 
113.187561 
113.187561 
113.188171 
113.188477 
113.188477 
113.188171 
113.188782 
113.188171 
113.188171 
113.187561 
113.187561 
113.186951 
113.186646 
113.186951 
113.186646 
113.187866 
113.188782 
113.188477 
113.189392 
113.189087 
113.189087 
113.188782 
113.188782 
113.188477 
113.187561 
113.187561 
113.187866 
113.187866 
113.187561 
113.188171 
113.188171 
113.188477 
113.188477 
113.189087 
113.188477 
113.187561 
113.186646 
113.186340 
113.186646 
113.186646 
113.186646 
113.186951 
113.186951 
113.187256 
113.187561 
113.187561 
113.187256 
113.186951 
113.187256 
113.186951 
113.187256 
113.186646 
113.186340 
113.186340 
113.186340 
113.186951 
113.188477 
113.188171 
113.188782 
113.188782 
113.188477 
113.188171 
113.188171 
113.188171 
113.188171 
113.187561 
113.187866 
113.187866 
113.187866 
113.187866 
113.188477 
113.188171 
113.188477 
113.188477 
113.188477 
113.187866 
113.186340 
113.186646 
113.186951 
113.187256 
113.187256 
113.187256 
113.187866 
113.188171 
113.188171 
113.187866 
113.188171 
113.187561 
113.188171 
113.187561 
113.187561 
113.187256 
113.186951 
113.186646 
113.186951 
113.188171 
113.188782 
113.188782 
113.189392 
113.189087 
113.189087 
113.188782 
113.188782 
113.188477 
113.188171 
113.188782 
113.188171 
113.188171 
113.188477 
113.188782 
113.188782 
113.188782 
113.189087 
113.189087 
113.188782 
113.188171 
113.187256 
113.186646 
113.186951 
113.187256 
113.186951 
113.187256 
113.187866 
113.187866 
113.188171 
113.187866 
113.187256 
113.187561 
113.187561 
113.187561 
113.187256 
113.186951 
113.186340 
113.186646 
113.186340 
113.187866 
113.188477 
113.188782 
113.189087 
113.189087 
113.188477 
113.188477 
113.188171 
113.188171 
113.187866 
113.188171 
113.187256 
113.187866 
113.187866 
113.187866 
113.188171 
113.188171 
113.188171 
113.189087 
113.188477 
113.187256 
113.187256 
113.186340 
113.186340 
113.186646 
113.186646 
113.186646 
113.186951 
113.187256 
113.186951 
113.187561 
113.187256 
113.187561 
113.187561 
113.187256 
113.186951 
113.186951 
113.186035 
113.186035 
113.186951 
113.187561 
113.188782 
113.188782 
113.189087 
113.188782 
113.188782 
113.188477 
113.187866 
113.187866 
113.187866 
113.188171 
113.187866 
113.188171 
113.187866 
113.187866 
113.188171 
113.188171 
113.188782 
113.188782 
113.188782 
113.187561 
113.186646 
113.186951 
113.186951 
113.186951 
113.187256 
113.187561 
113.187866 
113.187866 
113.187866 
113.187866 
113.187866 
113.187866 
113.187866 
113.187561 
113.187561 
113.186646 
113.187256 
113.186340 
113.187256 
113.187866 
113.188477 
113.188782 
113.189392 
113.188782 
113.189087 
113.188782 
113.188477 
113.188782 
113.188171 
113.188171 
113.188477 
113.188477 
113.188477 
113.188782 
113.188171 
113.188477 
113.189087 
113.189087 
113.188782 
113.188171 
113.186951 
113.186951 
113.186951 
113.186951 
113.186951 
113.187256 
113.187256 
113.187561 
113.187561 
113.187561 
113.187561 
113.187256 
113.187256 
113.187256 
113.187256 
113.186951 
113.186340 
113.186646 
113.186340 
113.187561 
113.188477 
113.188477 
113.188477 
113.189087 
113.188477 
113.188171 
113.187866 
113.188171 
113.188171 
113.187866 
113.187561 
113.187866 
113.188171 
113.187561 
113.188171 
113.188477 
113.188171 
113.188782 
113.188477 
113.187866 
113.186646 
113.186646 
113.186646 
113.186340 
113.186646 
113.186646 
113.186646 
113.187256 
113.187256 
113.187256 
113.187256 
113.187561 
113.187256 
113.187561 
113.187256 
113.186646 
113.186951 
113.186340 
113.186646 
113.187561 
113.188171 
113.188782 
113.189087 
113.188782 
113.188782 
113.188477 
113.188477 
113.187866 
113.187866 
113.187866 
113.188171 
113.187866 
113.188477 
113.188477 
113.188171 
113.188477 
113.188782 
113.188782 
113.188782 
113.187866 
113.186340 
113.186340 
113.186951 
113.187256 
113.187256 
113.187561 
113.187866 
113.187561 
113.187866 
113.187866 
113.187866 
113.187866 
113.187866 
113.187256 
113.187256 
113.187256 
113.186340 
113.186340 
113.186951 
113.187561 
113.188477 
113.188477 
113.188782 
113.189087 
113.188477 
113.188782 
113.188171 
113.187866 
113.187866 
113.188171 
113.187866 
113.188171 
113.187561 
113.187866 
113.188171 
113.188782 
113.188171 
113.188782 
113.188477 
113.187866 
113.187256 
113.185730 
113.186646 
113.186646 
113.186951 
113.186951 
113.187256 
113.187256 
113.187256 
113.187561 
113.186951 
113.187256 
113.187561 
113.186951 
113.187256 
113.186646 
113.186646 
113.186340 
113.186340 
113.187256 
113.187866 
113.188477 
113.188782 
113.189087 
113.188782 
113.188171 
113.187866 
113.187866 
113.187866 
113.187561 
113.188171 
113.187866 
113.187866 
113.188171 
113.188171 
113.188171 
113.188477 
113.188477 
113.188782 
113.187561 
113.186646 
113.186035 
113.186340 
113.186646 
113.186646 
113.186646 
113.186951 
113.187561 
113.187561 
113.187256 
113.187561 
113.187561 
113.187256 
113.187256 
113.187256 
113.187561 
113.186340 
113.186646 
113.186646 
113.187561 
113.188477 
113.188477 
113.188477 
113.188782 
113.189087 
113.188477 
113.188171 
113.187866 
113.188171 
113.188171 
113.187866 
113.188171 
113.188171 
113.188171 
113.188477 
113.188782 
113.188477 
113.188782 
113.188782 
113.188171 
113.187256 
113.186646 
113.186340 
113.186951 
113.186951 
113.186951 
113.187256 
113.187561 
113.187866 
113.187866 
113.187866 
113.187561 
113.187561 
113.187256 
113.187561 
113.186646 
113.186340 
113.186340 
113.186646 
113.187561 
113.188477 
113.188477 
113.188782 
113.188782 
113.188782 
113.188477 
113.187866 
113.187866 
113.187561 
113.187866 
113.187866 
113.188171 
113.187866 
113.187866 
113.187866 
113.188171 
113.188477 
113.188782 
113.188477 
113.187866 
113.186951 
113.186340 
113.186340 
113.186646 
113.186646 
113.186951 
113.187256 
113.187561 
113.187256 
113.187561 
113.187256 
113.186951 
113.187561 
113.187256 
113.186646 
113.186951 
113.186340 
113.186035 
113.186035 
113.187256 
113.187561 
113.188477 
113.188477 
113.188782 
113.188477 
113.188171 
113.188171 
113.187866 
113.187256 
113.188171 
113.187866 
113.187866 
113.187866 
113.187866 
113.188171 
113.188477 
113.188477 
113.188477 
113.188782 
113.187561 
113.187256 
113.186340 
113.186340 
113.186646 
113.186951 
113.187256 
113.186951 
113.187256 
113.187561 
113.187561 
113.187256 
113.187561 
113.187256 
113.187256 
113.187561 
113.186646 
113.186340 
113.186646 
113.186646 
113.187256 
113.188171 
113.188477 
113.188171 
113.189392 
113.189087 
113.188171 
113.188477 
113.188171 
113.187866 
113.187866 
113.188171 
113.188171 
113.187866 
113.188171 
113.188477 
113.188477 
113.188782 
113.189087 
113.188782 
113.187866 
113.186951 
113.186340 
113.186646 
113.186646 
113.186951 
113.187256 
113.186951 
113.187256 
113.187866 
113.187866 
113.187561 
113.186646 
113.187561 
113.187561 
113.187256 
113.186646 
113.186035 
113.186340 
113.186646 
113.187561 
113.187561 
113.188171 
113.188477 
113.189087 
113.188782 
113.188171 
113.188171 
113.187866 
113.187866 
113.187866 
113.187866 
113.187561 
113.187866 
113.187866 
113.188171 
113.188477 
113.188782 
113.188782 
113.188171 
113.187561 
113.187256 
113.186646 
113.186340 
113.186951 
113.186646 
113.187256 
113.186646 
113.187866 
113.187561 
113.187256 
113.187866 
113.187256 
113.187561 
113.186951 
113.186951 
113.187256 
113.186340 
113.186646 
113.186646 
113.187256 
113.188171 
113.188477 
113.188171 
113.188782 
113.188782 
113.188171 
113.187866 
113.187866 
113.188171 
113.187866 
113.188171 
113.187866 
113.188171 
113.187866 
113.188477 
113.188171 
113.188477 
113.188782 
113.188477 
113.187866 
113.187256 
113.186951 
113.186340 
113.187256 
113.187256 
113.187256 
113.187256 
113.187561 
113.187561 
113.187561 
113.187256 
113.187561 
113.187561 
113.187256 
113.187256 
113.186951 
113.186646 
113.186035 
113.186340 
113.186951 
113.188171 
113.187866 
113.188477 
113.189087 
113.188782 
113.188782 
113.188171 
113.188171 
113.187866 
113.188171 
113.187866 
113.188171 
113.187561 
113.187866 
113.188171 
113.188477 
113.188477 
113.188782 
113.188477 
113.187866 
113.187256 
113.186340 
113.186340 
113.186646 
113.186951 
113.187256 
113.187256 
113.187561 
113.187866 
113.187866 
113.187561 
113.188171 
113.187256 
113.187561 
113.187256 
113.186340 
113.186340 
113.186340 
113.186035 
113.187256 
113.188171 
113.188171 
113.189087 
113.189087 
113.188477 
113.188171 
113.187866 
113.187561 
113.188171 
113.187561 
113.187866 
113.188171 
113.187866 
113.187866 
113.187866 
113.187866 
113.188782 
113.188782 
113.188477 
113.187561 
113.186951 
113.186340 
113.186340 
113.186951 
113.186646 
113.186951 
113.187256 
113.187561 
113.187561 
113.187256 
113.187561 
113.187256 
113.187256 
113.187256 
113.187256 
113.186951 
113.186340 
113.185730 
113.186340 
113.186951 
113.187866 
113.188477 
113.188171 
113.188782 
113.188782 
113.188171 
113.187866 
113.187561 
113.187866 
113.187561 
113.187866 
113.187866 
113.187866 
113.187866 
113.188171 
113.188782 
113.188477 
113.189087 
113.188477 
113.187866 
113.186951 
113.186951 
113.186646 
113.186646 
113.186951 
113.187256 
113.186951 
113.187561 
113.187561 
113.187561 
113.187561 
113.187561 
113.187561 
113.187256 
113.187256 
113.186646 
113.186340 
113.186340 
113.186035 
113.186951 
113.187866 
113.188477 
113.188477 
113.188477 
113.188477 
113.188782 
113.188171 
113.187866 
113.187866 
113.187866 
113.188171 
113.188171 
113.188171 
113.187866 
113.188171 
113.188477 
113.188477 
113.188477 
113.188477 
113.187866 
113.186951 
113.186646 
113.186340 
113.186646 
113.186951 
113.187256 
113.187256 
113.187561 
113.187561 
113.187561 
113.187256 
113.187866 
113.187866 
113.187561 
113.186951 
113.187256 
113.186340 
113.186340 
113.186340 
113.186951 
113.188171 
113.188782 
113.188477 
113.188782 
113.188477 
113.188171 
113.188477 
113.188171 
113.187561 
113.187561 
113.187561 
113.187866 
113.188171 
113.187866 
113.188171 
113.188171 
113.188477 
113.188782 
113.188477 
113.188171 
113.186646 
113.186646 
113.186646 
113.186951 
113.186951 
113.187256 
113.187256 
113.187561 
113.187561 
113.187256 
113.187561 
113.187561 
113.187561 
113.187256 
113.187256 
113.186646 
113.186646 
113.186340 
113.186340 
113.187256 
113.188171 
113.188171 
113.188782 
113.188782 
113.188782 
113.188171 
113.188171 
113.188171 
113.187866 
113.187561 
113.187866 
113.187866 
113.187866 
113.188171 
113.188477 
113.188171 
113.188171 
113.189087 
113.188782 
113.187866 
113.187256 
113.186340 
113.186035 
113.186951 
113.186646 
113.186951 
113.187256 
113.187866 
113.187561 
113.187256 
113.187561 
113.187256 
113.187561 
113.187561 
113.186951 
113.187256 
113.186646 
113.186340 
113.186340 
113.186951 
113.188171 
113.188782 
113.188171 
113.189087 
113.188782 
113.188171 
113.187866 
113.188171 
113.187866 
113.188171 
113.187866 
113.187866 
113.187866 
113.187866 
113.188171 
113.188477 
113.188171 
113.188782 
113.189087 
113.187561 
113.187256 
113.186340 
113.186340 
113.186646 
113.186951 
113.187256 
113.187561 
113.187256 
113.187561 
113.187561 
113.187256 
113.187561 
113.187866 
113.187256 
113.186951 
113.186951 
113.186340 
113.186035 
113.186340 
113.186951 
113.187866 
113.188477 
113.188782 
113.189087 
113.188477 
113.188477 
113.187866 
113.187866 
113.187866 
113.188171 
113.187866 
113.187866 
113.187561 
113.187561 
113.188171 
113.188171 
113.188782 
113.188171 
113.188477 
113.187561 
113.187256 
113.186646 
113.186646 
113.186646 
113.186646 
113.187256 
113.187256 
113.186951 
113.187561 
113.187561 
113.187256 
113.187256 
113.187256 
113.186951 
113.187256 
113.186951 
113.186951 
113.186340 
113.186340 
113.187256 
113.187561 
113.188477 
113.189087 
113.188477 
113.188782 
113.188171 
113.187866 
113.188171 
113.188171 
113.187866 
113.188171 
113.187561 
113.187866 
113.188171 
113.188171 
113.188171 
113.188477 
113.188782 
113.188782 
113.187866 
113.187256 
113.186646 
113.186340 
113.186646 
113.186951 
113.186951 
113.186646 
113.187866 
113.187561 
113.187256 
113.187256 
113.187256 
113.187256 
113.187256 
113.187256 
113.186951 
113.186951 
113.186340 
113.186035 
113.186951 
113.187866 
113.188171 
113.188477 
113.188477 
113.188782 
113.188782 
113.187866 
113.187866 
113.188171 
113.187866 
113.188171 
113.188171 
113.187866 
113.187561 
113.188171 
113.187866 
113.188171 
113.188477 
113.188782 
113.187866 
113.186646 
113.186646 
113.186340 
113.186646 
113.187256 
113.186951 
113.187256 
113.187256 
113.187561 
113.187561 
113.187561 
113.186951 
113.187561 
113.186951 
113.187256 
113.187256 
113.186646 
113.186340 
113.185730 
113.186951 
113.188171 
113.188477 
113.188477 
113.188477 
113.189087 
113.188171 
113.188171 
113.188171 
113.187561 
113.187561 
113.187561 
113.187866 
113.188171 
113.187561 
113.187561 
113.187866 
113.188477 
113.188477 
113.188782 
113.187866 
113.187256 
113.186646 
113.186340 
113.186951 
113.186646 
113.186646 
113.187256 
113.187256 
113.187561 
113.187256 
113.187561 
113.187561 
113.187561 
113.187561 
113.186951 
113.186646 
113.186646 
113.186646 
113.186035 
113.186951 
113.187866 
113.188171 
113.188782 
113.188782 
113.188477 
113.188477 
113.187866 
113.188171 
113.187561 
113.187561 
113.187866 
113.187866 
113.187561 
113.187866 
113.188171 
113.188171 
113.189087 
113.188782 
113.188477 
113.188477 
113.186951 
113.186646 
113.186646 
113.186340 
113.186340 
113.186951 
113.186951 
113.186951 
113.187256 
113.186951 
113.187561 
113.187256 
113.187561 
113.187256 
113.187256 
113.186951 
113.186340 
113.186340 
113.186340 
113.186646 
113.187561 
113.188477 
113.188171 
113.188782 
113.188477 
113.188171 
113.187866 
113.188171 
113.187866 
113.188171 
113.187866 
113.187561 
113.187866 
113.188171 
113.188171 
113.188477 
113.188171 
113.188782 
113.188782 
113.187866 
113.187256 
113.186340 
113.186035 
113.186951 
113.186340 
113.186646 
113.187256 
113.187561 
113.187561 
113.187256 
113.187256 
113.187256 
113.187866 
113.187256 
113.187256 
113.186951 
113.186646 
113.186340 
113.186340 
113.186646 
113.187561 
113.188782 
113.188782 
113.188782 
113.188782 
113.188477 
113.187866 
113.188171 
113.187561 
113.188171 
113.187866 
113.187866 
113.187866 
113.187561 
113.188171 
113.187866 
113.188171 
113.188782 
113.188477 
113.188171 
113.187256 
113.186340 
113.186340 
113.186646 
113.186951 
113.186951 
113.187561 
113.186951 
113.187256 
113.187256 
113.187561 
113.187561 
113.187256 
113.187256 
113.186951 
113.186951 
113.186340 
113.186646 
113.186035 
113.186951 
113.187561 
113.188171 
113.188477 
113.189087 
113.188782 
113.188171 
113.187866 
113.187866 
113.187866 
113.187561 
113.187561 
113.187866 
113.187866 
113.187866 
113.188171 
113.188171 
113.188782 
113.188782 
113.188782 
113.188171 
113.187256 
113.186951 
113.186035 
113.186951 
113.186951 
113.186951 
113.186951 
113.187256 
113.187256 
113.187561 
113.187561 
113.187561 
113.187256 
113.186951 
113.186951 
113.186951 
113.186646 
113.186340 
113.186646 
113.186646 
113.187256 
113.188477 
113.188782 
113.188477 
113.188782 
113.188171 
113.187866 
113.188171 
113.187561 
113.187561 
113.187866 
113.187866 
113.187866 
113.188171 
113.188171 
113.188477 
113.188782 
113.188477 
113.188477 
113.188171 
113.187256 
113.186646 
113.186340 
113.186340 
113.186951 
113.186340 
113.187256 
113.187256 
113.187561 
113.187256 
113.187561 
113.186951 
113.187256 
113.187561 
113.187256 
113.186951 
113.186951 
113.186340 
113.186340 
113.186646 
113.187866 
113.188171 
113.188477 
113.188782 
113.188477 
113.188477 
113.187866 
113.188171 
113.187866 
113.187866 
113.188171 
113.187561 
113.187561 
113.187866 
113.187561 
113.188171 
113.188171 
113.188171 
113.188782 
113.188171 
113.186951 
113.186340 
113.186035 
113.186951 
113.186951 
113.186951 
113.187561 
113.187561 
113.187561 
113.187866 
113.187256 
113.187561 
113.187561 
113.187256 
113.187256 
113.186951 
113.186951 
113.186646 
113.186340 
113.186340 
113.187561 
113.188477 
113.188477 
113.188782 
113.188782 
113.188477 
113.188171 
113.187866 
113.187561 
113.187561 
113.187866 
113.188171 
113.188171 
113.188171 
113.187866 
113.188171 
113.187866 
113.188782 
113.188782 
113.188171 
113.187561 
113.186646 
113.186340 
113.186340 
113.186646 
113.186951 
113.186951 
113.187256 
113.187561 
113.187561 
113.187256 
113.187866 
113.187256 
113.186951 
113.187256 
113.186951 
113.186646 
113.186340 
113.186035 
113.186646 
113.187256 
113.187866 
113.188477 
113.189087 
113.188477 
113.188171 
113.188171 
113.187866 
113.187561 
113.187561 
113.187561 
113.188171 
113.187866 
113.188171 
113.188171 
113.188171 
113.188171 
113.188477 
113.188782 
113.188782 
113.187561 
113.186646 
113.186340 
113.186951 
113.186340 
113.186951 
113.186951 
113.187256 
113.187256 
113.187561 
113.187256 
113.187561 
113.187256 
113.187561 
113.186951 
113.186951 
113.186340 
113.186340 
113.186035 
113.186646 
113.187866 
113.188171 
113.188171 
113.188477 
113.188477 
113.188477 
113.188477 
113.187866 
113.187866 
113.187866 
113.187561 
113.187866 
113.187561 
113.187866 
113.187866 
113.187866 
113.188171 
113.188477 
113.188477 
113.188477 
113.187561 
113.186340 
113.186035 
113.186646 
113.186646 
113.187256 
113.187561 
113.187256 
113.187561 
113.187256 
113.187561 
113.187561 
113.186951 
113.187256 
113.187256 
113.186646 
113.186646 
113.186340 
113.186035 
113.186340 
113.187256 
113.188171 
113.188477 
113.188477 
113.188477 
113.188171 
113.188171 
113.188171 
113.187866 
113.187561 
113.188171 
113.187561 
113.187866 
113.187866 
113.188171 
113.187866 
113.188782 
113.188477 
113.188782 
113.188477 
113.187256 
113.186951 
113.186646 
113.186646 
113.186646 
113.187256 
113.187256 
113.187866 
113.187256 
113.186951 
113.187561 
113.187256 
113.187256 
113.187256 
113.187256 
113.186951 
113.186646 
113.185730 
113.186035 
113.186646 
113.187256 
113.188171 
113.188171 
113.188782 
113.188477 
113.188171 
113.188171 
113.188171 
113.188171 
113.187561 
113.187561 
113.187866 
113.187256 
113.187866 
113.187866 
113.188477 
113.188171 
113.188477 
113.188782 
113.188171 
113.187256 
113.186646 
113.186646 
113.186646 
113.186646 
113.186951 
113.186646 
113.187561 
113.187561 
113.187256 
113.187561 
113.187256 
113.187866 
113.187256 
113.186951 
113.186951 
113.186646 
113.186340 
113.186340 
113.186951 
113.187561 
113.188171 
113.188782 
113.188782 
113.188477 
113.188782 
113.187866 
113.188171 
113.187866 
113.187561 
113.187866 
113.187866 
113.187561 
113.187866 
113.187866 
113.188171 
113.188171 
113.188171 
113.189087 
113.188171 
113.187561 
113.186646 
113.186646 
113.186951 
113.186951 
113.186951 
113.187256 
113.187256 
113.187256 
113.187256 
113.187256 
113.187256 
113.187561 
113.187561 
113.187256 
113.187256 
113.186646 
113.186340 
113.186340 
113.186646 
113.187256 
113.188477 
113.188477 
113.188782 
113.188782 
113.188477 
113.188171 
113.188171 
113.187256 
113.187561 
113.187866 
113.187866 
113.188171 
113.187561 
113.188171 
113.188171 
113.188477 
113.188477 
113.188782 
113.188477 
113.188171 
113.186951 
113.186340 
113.186951 
113.186951 
113.186340 
113.186951 
113.187256 
113.187561 
113.187561 
113.187561 
113.187866 
113.187561 
113.187561 
113.186951 
113.186951 
113.186340 
113.186646 
113.186035 
113.186951 
113.187561 
113.188171 
113.188477 
113.188782 
113.188782 
113.188477 
113.188171 
113.187561 
113.187866 
113.187561 
113.187561 
113.187866 
113.188171 
113.187561 
113.187561 
113.187561 
113.188171 
113.188477 
113.188477 
113.188477 
113.187561 
113.186646 
113.186646 
113.186646 
113.186951 
113.186951 
113.186951 
113.187256 
113.187561 
113.187256 
113.187256 
113.187561 
113.187256 
113.187561 
113.187561 
113.187256 
113.186646 
113.186646 
113.186646 
113.186340 
113.187561 
113.188171 
113.188477 
113.188782 
113.188477 
113.187561 
113.186951 
113.186646 
113.184814 
113.183594 
113.182373 
113.180542 
113.178711 
113.176270 
113.173828 
113.171387 
113.168640 
113.165588 
113.161926 
113.157959 
113.152161 
113.146667 
113.140869 
113.135376 
113.129883 
113.123474 
113.117065 
113.110046 
113.102722 
113.094482 
113.085938 
113.077087 
113.068237 
113.058777 
113.049011 
113.038635 
113.027649 
113.016968 
113.006287 
112.995605 
112.986145 
112.975769 
112.965088 
112.954407 
112.943115 
112.931519 
112.920227 
112.908630 
112.897339 
112.885742 
112.874451 
112.863464 
112.852478 
112.841492 
112.830200 
112.820435 
112.809753 
112.799072 
112.788391 
112.777405 
112.765808 
112.754517 
112.742920 
112.732544 
112.722168 
112.711487 
112.701721 
112.691040 
112.680969 
112.670593 
112.660522 
112.649536 
112.639160 
112.628784 
112.618713 
112.607727 
112.597351 
112.586975 
112.575684 
112.565613 
112.556763 
112.546997 
112.536926 
112.526855 
112.517090 
112.506409 
112.495728 
112.485046 
112.474976 
112.464294 
112.454224 
112.443848 
112.433472 
112.422791 
112.413025 
112.402649 
112.392578 
112.382813 
112.372437 
112.362366 
112.351074 
112.339783 
112.329712 
112.319031 
112.308960 
112.298889 
112.288513 
112.278748 
112.268677 
112.258606 
112.248535 
112.238159 
112.228088 
112.217712 
112.207336 
112.196960 
112.186279 
112.175598 
112.165222 
112.154846 
112.145081 
112.136230 
112.125549 
112.115784 
112.105408 
112.095032 
112.084351 
112.073364 
112.062683 
112.052307 
112.041931 
112.030945 
112.020874 
112.010498 
112.000122 
111.990051 
111.979370 
111.969604 
111.959534 
111.948547 
111.937561 
111.926270 
111.915283 
111.905518 
111.895142 
111.884766 
111.874695 
111.864319 
111.854553 
111.844482 
111.834106 
111.824341 
111.813660 
111.803284 
111.792603 
111.782532 
111.771240 
111.760559 
111.749878 
111.740112 
111.730957 
111.721497 
111.711426 
111.701660 
111.691284 
111.680603 
111.669922 
111.659851 
111.649170 
111.638489 
111.628113 
111.618042 
111.607361 
111.596985 
111.586914 
111.577148 
111.566772 
111.557007 
111.546936 
111.536255 
111.525574 
111.513977 
111.503296 
111.493225 
111.482849 
111.472473 
111.462708 
111.452332 
111.442261 
111.432495 
111.421814 
111.412354 
111.401672 
111.391296 
111.381531 
111.370544 
111.359863 
111.349487 
111.339111 
111.328735 
111.318970 
111.309204 
111.299438 
111.289368 
111.279602 
111.269531 
111.258545 
111.247864 
111.237488 
111.226501 
111.216431 
111.206055 
111.195679 
111.185608 
111.175232 
111.164856 
111.154480 
111.144714 
111.134644 
111.124268 
111.113281 
111.101685 
111.091309 
111.080933 
111.070557 
111.060486 
111.050720 
111.040649 
111.030579 
111.020813 
111.009827 
110.999756 
110.989380 
110.979309 
110.968933 
110.958252 
110.948181 
110.936890 
110.926514 
110.916443 
110.906677 
110.897827 
110.888062 
110.877991 
110.868225 
110.857544 
110.846558 
110.836487 
110.825500 
110.815125 
110.804749 
110.794678 
110.783997 
110.773621 
110.763550 
110.753479 
110.743408 
110.733032 
110.723572 
110.712891 
110.701294 
110.690308 
110.679321 
110.668945 
110.658875 
110.648804 
110.638428 
110.628662 
110.618286 
110.608826 
110.598145 
110.588074 
110.577698 
110.567627 
110.557556 
110.546265 
110.536194 
110.525208 
110.514832 
110.504456 
110.494995 
110.485229 
110.475769 
110.465698 
110.455933 
110.445251 
110.435181 
110.424194 
110.413513 
110.403137 
110.392761 
110.382080 
110.371704 
110.361633 
110.351257 
110.341492 
110.331421 
110.321350 
110.311279 
110.301208 
110.289917 
110.278931 
110.267944 
110.258179 
110.248413 
110.238647 
110.228882 
110.219727 
110.210876 
110.202637 
110.194092 
110.185852 
110.178223 
110.170288 
110.162964 
110.156555 
110.149536 
110.143433 
110.137939 
110.133057 
110.128784 
110.125732 
110.121765 
110.118408 
110.115662 
110.112610 
110.110474 
110.108337 
110.106506 
110.104980 
110.104065 
110.103149 
110.102539 
110.101929 
110.101929 
110.102234 
110.101929 
110.102539 
110.103149 
110.102844 
110.101929 
110.101318 
110.101013 
110.100708 
110.101013 
110.101318 
110.102234 
110.102539 
110.102844 
110.103149 
110.103149 
110.103149 
110.103760 
110.103760 
110.103455 
110.103760 
110.103455 
110.103455 
110.103149 
110.103760 
110.104675 
110.105896 
110.106201 
110.106812 
110.107422 
110.107117 
110.107117 
110.106506 
110.106812 
110.106201 
110.106201 
110.106201 
110.106201 
110.106201 
110.106506 
110.106812 
110.106812 
110.107117 
110.107422 
110.107117 
110.106506 
110.105286 
110.104980 
110.105286 
110.105286 
110.104980 
110.105896 
110.105896 
110.105896 
110.105896 
110.106201 
110.106201 
110.105896 
110.105896 
110.105896 
110.105591 
110.105286 
110.104980 
110.104675 
110.104675 
110.105896 
110.106812 
110.107117 
110.107422 
110.107422 
110.107727 
110.107117 
110.107117 
110.106506 
110.106812 
110.106812 
110.106812 
110.106506 
110.106812 
110.106812 
110.107117 
110.107117 
110.107422 
110.108032 
110.107117 
110.106812 
110.105286 
110.105286 
