Blum, K. P., D’Incamps, B. L., Zytnicki, D., & Ting, L. H. (2017).
Force encoding in muscle spindles during stretch of
passive muscle. PLoS computational biology, 13(9), 
e1005767. <https://journals.plos.org/ploscompbiol/article?
id=10.1371/journal.pcbi.1005767>

cat medial gastrocnemius muscle lengths over t  (in 0.0005 s increments)
110.107117 
110.106812 
110.106812 
110.106812 
110.107117 
110.107117 
110.107422 
110.107727 
110.107727 
110.108032 
110.107117 
110.106506 
110.105896 
110.105286 
110.105896 
110.105896 
110.105896 
110.106201 
110.106201 
110.106506 
110.106506 
110.106506 
110.106201 
110.106506 
110.106506 
110.106201 
110.106201 
110.105591 
110.105286 
110.105286 
110.105591 
110.106506 
110.107422 
110.107727 
110.107422 
110.107422 
110.107422 
110.107117 
110.106812 
110.106812 
110.106812 
110.106812 
110.107422 
110.106812 
110.107117 
110.107117 
110.107117 
110.107727 
110.108032 
110.108032 
110.107422 
110.106506 
110.105896 
110.105286 
110.105591 
110.105896 
110.105591 
110.106201 
110.105896 
110.106506 
110.106506 
110.106201 
110.106506 
110.106506 
110.106201 
110.105896 
110.106201 
110.105896 
110.105286 
110.105286 
110.105591 
110.106812 
110.107422 
110.108032 
110.108032 
110.107422 
110.107727 
110.107117 
110.107117 
110.106506 
110.106812 
110.106812 
110.107117 
110.106812 
110.107422 
110.106812 
110.107117 
110.107727 
110.107727 
110.107727 
110.107727 
110.106506 
110.106201 
110.105896 
110.105286 
110.105286 
110.105896 
110.106201 
110.106201 
110.105896 
110.106201 
110.106506 
110.106812 
110.106201 
110.106506 
110.106201 
110.106506 
110.105896 
110.105286 
110.105591 
110.105591 
110.107117 
110.107422 
110.108032 
110.108643 
110.108337 
110.108337 
110.108643 
110.108337 
110.108643 
110.109253 
110.109863 
110.110474 
110.111084 
110.112305 
110.113220 
110.114136 
110.115051 
110.116272 
110.117493 
110.118713 
110.118408 
110.118713 
110.119629 
110.121155 
110.122375 
110.123596 
110.125427 
110.127869 
110.129700 
110.131531 
110.133362 
110.134888 
110.137024 
110.138855 
110.140381 
110.142517 
110.143738 
110.145874 
110.147705 
110.150757 
110.153809 
110.157166 
110.160217 
110.162964 
110.165710 
110.168457 
110.170898 
110.173340 
110.176086 
110.178528 
110.181885 
110.184937 
110.188293 
110.191650 
110.195007 
110.198669 
110.202942 
110.206299 
110.210266 
110.213623 
110.216064 
110.219727 
110.222778 
110.226746 
110.230713 
110.235596 
110.239563 
110.244446 
110.249023 
110.253906 
110.258789 
110.263062 
110.267639 
110.271912 
110.277100 
110.281982 
110.286255 
110.291748 
110.296936 
110.302429 
110.309448 
110.315552 
110.321960 
110.328369 
110.334778 
110.340271 
110.346680 
110.352783 
110.359192 
110.365906 
110.372925 
110.379944 
110.387573 
110.395203 
110.402832 
110.410156 
110.418091 
110.425720 
110.433044 
110.440063 
110.446472 
110.452576 
110.459290 
110.466309 
110.473328 
110.480042 
110.487061 
110.493774 
110.500793 
110.507813 
110.514526 
110.520935 
110.527649 
110.534668 
110.540771 
110.547180 
110.554199 
110.560303 
110.567322 
110.574341 
110.582275 
110.590515 
110.598145 
110.606079 
110.613403 
110.620728 
110.628357 
110.635071 
110.643005 
110.650940 
110.658569 
110.666809 
110.675049 
110.683289 
110.691833 
110.700378 
110.708923 
110.718689 
110.727234 
110.735779 
110.743408 
110.751648 
110.760498 
110.769958 
110.778503 
110.788269 
110.797729 
110.807495 
110.817261 
110.827026 
110.836487 
110.846252 
110.856018 
110.866089 
110.875549 
110.885620 
110.895386 
110.904846 
110.914917 
110.925293 
110.936279 
110.947571 
110.958252 
110.968628 
110.978699 
110.988770 
110.999146 
111.008911 
111.019287 
111.029358 
111.040039 
111.049805 
111.060486 
111.070862 
111.080933 
111.091614 
111.101685 
111.112671 
111.122742 
111.132813 
111.142578 
111.151733 
111.161499 
111.172180 
111.182861 
111.193237 
111.203613 
111.214294 
111.224670 
111.235657 
111.246033 
111.256104 
111.266174 
111.276245 
111.286926 
111.296997 
111.307068 
111.316833 
111.326904 
111.338501 
111.349487 
111.360168 
111.371460 
111.382141 
111.392517 
111.402588 
111.412659 
111.422729 
111.432495 
111.442566 
111.452942 
111.463623 
111.473389 
111.484070 
111.494751 
111.505432 
111.515503 
111.526184 
111.536560 
111.546631 
111.556091 
111.565247 
111.575012 
111.585693 
111.595764 
111.605835 
111.616821 
111.627197 
111.637573 
111.648254 
111.658020 
111.668396 
111.679077 
111.688538 
111.698303 
111.709290 
111.718445 
111.728210 
111.738586 
111.749268 
111.759644 
111.770630 
111.781311 
111.791992 
111.802673 
111.811829 
111.821899 
111.832275 
111.841736 
111.851807 
111.861877 
111.872253 
111.882629 
111.892700 
111.902771 
111.913147 
111.923523 
111.933899 
111.944275 
111.954346 
111.963501 
111.973572 
111.982727 
111.993408 
112.003784 
112.014160 
112.024536 
112.034607 
112.045288 
112.055664 
112.065735 
112.076111 
112.086487 
112.096252 
112.106628 
112.117004 
112.126465 
112.136230 
112.146606 
112.156982 
112.168274 
112.178955 
112.189331 
112.200317 
112.210388 
112.220459 
112.230225 
112.240295 
112.250366 
112.259827 
112.270508 
112.280579 
112.290649 
112.301025 
112.311096 
112.321777 
112.332153 
112.342224 
112.352600 
112.362366 
112.371216 
112.380676 
112.390137 
112.400513 
112.410583 
112.419739 
112.430420 
112.440491 
112.450256 
112.460327 
112.469788 
112.479248 
112.488403 
112.497864 
112.507019 
112.515869 
112.525024 
112.533264 
112.542419 
112.551880 
112.561951 
112.571106 
112.579956 
112.589722 
112.598267 
112.606506 
112.614746 
112.622986 
112.630920 
112.639465 
112.647400 
112.655640 
112.663574 
112.671509 
112.679749 
112.687988 
112.696228 
112.703857 
112.711792 
112.718811 
112.725525 
112.732544 
112.739563 
112.748108 
112.754822 
112.762451 
112.769470 
112.777405 
112.784424 
112.791748 
112.799072 
112.805786 
112.812805 
112.819214 
112.825623 
112.832031 
112.838745 
112.844543 
112.850647 
112.857666 
112.864685 
112.871704 
112.878723 
112.884827 
112.891235 
112.896729 
112.902527 
112.908325 
112.913818 
112.919312 
112.925110 
112.930908 
112.936401 
112.941895 
112.947083 
112.953186 
112.958679 
112.964172 
112.969360 
112.973938 
112.978210 
112.982483 
112.987061 
112.992249 
112.996826 
113.002014 
113.007202 
113.011780 
113.016663 
113.021240 
113.025513 
113.030090 
113.034058 
113.038330 
113.042297 
113.046570 
113.050537 
113.054199 
113.057861 
113.062134 
113.067017 
113.071289 
113.075256 
113.079529 
113.082581 
113.086243 
113.089294 
113.092346 
113.095093 
113.098450 
113.101807 
113.104553 
113.108215 
113.110657 
113.113708 
113.117065 
113.120117 
113.122864 
113.125916 
113.128052 
113.129578 
113.131409 
113.133240 
113.136292 
113.138428 
113.140564 
113.143616 
113.145752 
113.147888 
113.150330 
113.151855 
113.154297 
113.155518 
113.157654 
113.159180 
113.160400 
113.161621 
113.162537 
113.164063 
113.165588 
113.168030 
113.170166 
113.171692 
113.173218 
113.173828 
113.175049 
113.175354 
113.175659 
113.176575 
113.177185 
113.177795 
113.178101 
113.178711 
113.179016 
113.179626 
113.180847 
113.180542 
113.181152 
113.181763 
113.181458 
113.180847 
113.179626 
113.179932 
113.179932 
113.180237 
113.180237 
113.180542 
113.180847 
113.181152 
113.181152 
113.181152 
113.181152 
113.181152 
113.180847 
113.180847 
113.180542 
113.180237 
113.179626 
113.179626 
113.179932 
113.179932 
113.181763 
113.181763 
113.181763 
113.181763 
113.181152 
113.180542 
113.180237 
113.180237 
113.179626 
113.179626 
113.179626 
113.179626 
113.179626 
113.179321 
113.179321 
113.179932 
113.179626 
113.179932 
113.179626 
113.178406 
113.177490 
113.177185 
113.177185 
113.177490 
113.177185 
113.177490 
113.178406 
113.177795 
113.178101 
113.177795 
113.177795 
113.177795 
113.177795 
113.178101 
113.177490 
113.177185 
113.177185 
113.176575 
113.177185 
113.178101 
113.178406 
113.179016 
113.179016 
113.178711 
113.179321 
113.178406 
113.177795 
113.178101 
113.178101 
113.178101 
113.178406 
113.177795 
113.178101 
113.178101 
113.178406 
113.178711 
113.178406 
113.179016 
113.178406 
113.177185 
113.177185 
113.176575 
113.176575 
113.176880 
113.176880 
113.176575 
113.177490 
113.177185 
113.177490 
113.177490 
113.177795 
113.177490 
113.177795 
113.177185 
113.177490 
113.176575 
113.176575 
113.176575 
113.176575 
113.177795 
113.178406 
113.178711 
113.178711 
113.178711 
113.178711 
113.178101 
113.178101 
113.178101 
113.178101 
113.177795 
113.177795 
113.177795 
113.178101 
113.178101 
113.178101 
113.178711 
113.178711 
113.178711 
113.179016 
113.177185 
113.176880 
113.176270 
113.176575 
113.176880 
113.176270 
113.176880 
113.177490 
113.177185 
113.177795 
113.177185 
113.177185 
113.177490 
113.176880 
113.176880 
113.177185 
113.176880 
113.176270 
113.176270 
113.176270 
113.177490 
113.177795 
113.178406 
113.178711 
113.178101 
113.178406 
113.178406 
113.178406 
113.177795 
113.177490 
113.177795 
113.177795 
113.177185 
113.177490 
113.178101 
113.177795 
113.178101 
113.178101 
113.178711 
113.177490 
113.176880 
113.176270 
113.175964 
113.175964 
113.176575 
113.176270 
113.176575 
113.176270 
113.176575 
113.177185 
113.176880 
113.176880 
113.176575 
113.176575 
113.176575 
113.176575 
113.176270 
113.176270 
113.175659 
113.175964 
113.176880 
113.178101 
113.178406 
113.178406 
113.178101 
113.178101 
113.178101 
113.177490 
113.177795 
113.177185 
113.177490 
113.177490 
113.177490 
113.177795 
113.177795 
113.178101 
113.178406 
113.178406 
113.178711 
113.178101 
113.176880 
113.176575 
113.176270 
113.176575 
113.176880 
113.175964 
113.176270 
113.176880 
113.176880 
113.176880 
113.176880 
113.176880 
113.177185 
113.176880 
113.177185 
113.176575 
113.175964 
113.175964 
113.175964 
113.176270 
113.177490 
113.178101 
113.178711 
113.178711 
113.178406 
113.178406 
113.177795 
113.177490 
113.177490 
113.177490 
113.177795 
113.177490 
113.177795 
113.177490 
113.178101 
113.177795 
113.178101 
113.178101 
113.178711 
113.178101 
113.176880 
113.176575 
113.175659 
113.176575 
113.176270 
113.176270 
113.176575 
113.176270 
113.177185 
113.177185 
113.176880 
113.176880 
113.176880 
113.177185 
113.176575 
113.176270 
113.176270 
113.175659 
113.175354 
113.176270 
113.177185 
113.177795 
113.178101 
113.177795 
113.178101 
113.178101 
113.177490 
113.177795 
113.177490 
113.177185 
113.177490 
113.177185 
113.177490 
113.177185 
113.177795 
113.177490 
113.177795 
113.178101 
113.178406 
113.177795 
113.176880 
113.176270 
113.175964 
113.175964 
113.175964 
113.175964 
113.176270 
113.176270 
113.177185 
113.176575 
113.176575 
113.176270 
113.176575 
113.176880 
113.176270 
113.176270 
113.176270 
113.175964 
113.175354 
113.175964 
113.177185 
113.177795 
113.178101 
113.178101 
113.178101 
113.178101 
113.177795 
113.177185 
113.177490 
113.177490 
113.177795 
113.177185 
113.177490 
113.177490 
113.177490 
113.177490 
113.177490 
113.178406 
113.178101 
113.177490 
113.176880 
113.176575 
113.175964 
113.176270 
113.176270 
113.176575 
113.176880 
113.176880 
113.177185 
113.177185 
113.176880 
113.176880 
113.176880 
113.176880 
113.176575 
113.176575 
113.176270 
113.175964 
113.175659 
113.176270 
113.177185 
113.177795 
113.178101 
113.178406 
113.178406 
113.178101 
113.177795 
113.177490 
113.177490 
113.177795 
113.177490 
113.177490 
113.177185 
113.177795 
113.177490 
113.177490 
113.178406 
113.177795 
113.178101 
113.177795 
113.176575 
113.176270 
113.175659 
113.175964 
113.176575 
113.175964 
113.176575 
113.176575 
113.177185 
113.176880 
113.176880 
113.176575 
113.176880 
113.176575 
113.176270 
113.176270 
113.175659 
113.175964 
113.175354 
113.176270 
113.176880 
113.177490 
113.178101 
113.178406 
113.178101 
113.178101 
113.177795 
113.177490 
113.177185 
113.177185 
113.177490 
113.177185 
113.177185 
113.177185 
113.177490 
113.177490 
113.177795 
113.177795 
113.177795 
113.177795 
113.176575 
113.176270 
113.175354 
113.175964 
113.175964 
113.176270 
113.175964 
113.176575 
113.176880 
113.176880 
113.176880 
113.176880 
113.176880 
113.176575 
113.176270 
113.175964 
113.175659 
113.175659 
113.175354 
113.175659 
113.176880 
113.177795 
113.178101 
113.178101 
113.178101 
113.178101 
113.177185 
113.177490 
113.177185 
113.176880 
113.177185 
113.177490 
113.177795 
113.177490 
113.177185 
113.177490 
113.177795 
113.178101 
113.178101 
113.177795 
113.176575 
113.175964 
113.175964 
113.176575 
113.176270 
113.176270 
113.176880 
113.176575 
113.176880 
113.177185 
113.176575 
113.177185 
113.176880 
113.176880 
113.176880 
113.176270 
113.175964 
113.175659 
113.175659 
113.175964 
113.176880 
113.177490 
113.177795 
113.178101 
113.178101 
113.177795 
113.177490 
113.177490 
113.177490 
113.177185 
113.177795 
113.177185 
113.177185 
113.177185 
113.177185 
113.177795 
113.177795 
113.177795 
113.177795 
113.177490 
113.176880 
113.175964 
113.175659 
113.176270 
113.176270 
113.176270 
113.176270 
113.176575 
113.176880 
113.176880 
113.176575 
113.176880 
113.177185 
113.176270 
113.176270 
113.176270 
113.175964 
113.175659 
113.175049 
113.176270 
113.176880 
113.177490 
113.178101 
113.177795 
113.177795 
113.177795 
113.177185 
113.177490 
113.177185 
113.177490 
113.177185 
113.177185 
113.176880 
113.177185 
113.177185 
113.177795 
113.177795 
113.178101 
113.177795 
113.177795 
113.176880 
113.176270 
113.175354 
113.176270 
113.176270 
113.175964 
113.176575 
113.176575 
113.176880 
113.176880 
113.176575 
113.177185 
113.176575 
113.176575 
113.176575 
113.175964 
113.175964 
113.175964 
113.175354 
113.175964 
113.176575 
113.177185 
113.177490 
113.177795 
113.178101 
113.177490 
113.177490 
113.177490 
113.177185 
113.177185 
113.177490 
113.177185 
113.177185 
113.177490 
113.177185 
113.177490 
113.177795 
113.177795 
113.178406 
113.177490 
113.176575 
113.176270 
113.175964 
113.176270 
113.175964 
113.175964 
113.176575 
113.176575 
113.176880 
113.176880 
113.176575 
113.176575 
113.176880 
113.176270 
113.176575 
113.176270 
113.175964 
113.175659 
113.175659 
113.175964 
113.177185 
113.177185 
113.178101 
113.178101 
113.177795 
113.177795 
113.177795 
113.177490 
113.177490 
113.176880 
113.177185 
113.176880 
113.177185 
113.177490 
113.177185 
113.177795 
113.177490 
113.177795 
113.178101 
113.177795 
113.176575 
113.175964 
113.175659 
113.175964 
113.175964 
113.175964 
113.176575 
113.176575 
113.176575 
113.176575 
113.176575 
113.176575 
113.176575 
113.176270 
113.176270 
113.176270 
113.175964 
113.175659 
113.175354 
113.175964 
113.176880 
113.177185 
113.177490 
113.177490 
113.178101 
113.177490 
113.177490 
113.177185 
113.177185 
113.176880 
113.176880 
113.177185 
113.177185 
113.177185 
113.177490 
113.177185 
113.177490 
113.177795 
113.177795 
113.177795 
113.176575 
113.175964 
113.175354 
113.175964 
113.176575 
113.175964 
113.176270 
113.176575 
113.176575 
113.176880 
113.176575 
113.176880 
113.176575 
113.176270 
113.176575 
113.176575 
113.175659 
113.175964 
113.175659 
113.175964 
113.176880 
113.177490 
113.177795 
113.178101 
113.177795 
113.177185 
113.177185 
113.177185 
113.177185 
113.176880 
113.176880 
113.177185 
113.177185 
113.177185 
113.177185 
113.177185 
113.177795 
113.177795 
113.178101 
113.177795 
113.176575 
113.175964 
113.175964 
113.175964 
113.176575 
113.175964 
113.176270 
113.176575 
113.176880 
113.176575 
113.176575 
113.176880 
113.176880 
113.176575 
113.176270 
113.175964 
113.175659 
113.175659 
113.175964 
113.175659 
113.177185 
113.177490 
113.177185 
113.177795 
113.177795 
113.177795 
113.177185 
113.177185 
113.176880 
113.177185 
113.177185 
113.177185 
113.177490 
113.177185 
113.177795 
113.177185 
113.177490 
113.177795 
113.178406 
113.177490 
113.176575 
113.175964 
113.175659 
113.176270 
113.175964 
113.175964 
113.176575 
113.176270 
113.176880 
113.176575 
113.176270 
113.176575 
113.176880 
113.176880 
113.176575 
113.176270 
113.175659 
113.175964 
113.175354 
113.175659 
113.176575 
113.177490 
113.177490 
113.178406 
113.178101 
113.177795 
113.177490 
113.177185 
113.176880 
113.176880 
113.176880 
113.177185 
113.176880 
113.177185 
113.177185 
113.177490 
113.177490 
113.177795 
113.178101 
113.177795 
113.176575 
113.175964 
113.175659 
113.176270 
113.175964 
113.176575 
113.175964 
113.176880 
113.176575 
113.176880 
113.176575 
113.176575 
113.176575 
113.176575 
113.176270 
113.176575 
113.176270 
113.175354 
113.175964 
113.176575 
113.176880 
113.177490 
113.177490 
113.178406 
113.177795 
113.177490 
113.177795 
113.177185 
113.176880 
113.177185 
113.176880 
113.176880 
113.177185 
113.177185 
113.177185 
113.177185 
113.177795 
113.178101 
113.178101 
113.177795 
113.176880 
113.175354 
113.175964 
113.175964 
113.175659 
113.176270 
113.176270 
113.176575 
113.176880 
113.176575 
113.176575 
113.176880 
113.176575 
113.176575 
113.176270 
113.176270 
113.175964 
113.175354 
113.175354 
113.176270 
113.176880 
113.177490 
113.178101 
113.177795 
113.177795 
113.177795 
113.177490 
113.177185 
113.176880 
113.177185 
113.177185 
113.177185 
113.177490 
113.177185 
113.177185 
113.177490 
113.177490 
113.177795 
113.177795 
113.177490 
113.176880 
113.176270 
113.175659 
113.176575 
113.175964 
113.175964 
113.176270 
113.176575 
113.176575 
113.176880 
113.176575 
113.176575 
113.176880 
113.176880 
113.176270 
113.175964 
113.175964 
113.175964 
113.175659 
113.176270 
113.176880 
113.177490 
113.177490 
113.178101 
113.178101 
113.177795 
113.177185 
113.177185 
113.177185 
113.177185 
113.177490 
113.177185 
113.176880 
113.176880 
113.177185 
113.177490 
113.177185 
113.177795 
113.178101 
113.177490 
113.176880 
113.175964 
113.175659 
113.176270 
113.176270 
113.176270 
113.176880 
113.176575 
113.177185 
113.177185 
113.176880 
113.176880 
113.176575 
113.176270 
113.176575 
113.175964 
113.176270 
113.175659 
113.175659 
113.176270 
113.176880 
113.178101 
113.178101 
113.177795 
113.177795 
113.177490 
113.177490 
113.177490 
113.177185 
113.177185 
113.177185 
113.176880 
113.176880 
113.177185 
113.176575 
113.177490 
113.177795 
113.177795 
113.178101 
113.177490 
113.176880 
113.175354 
113.175964 
113.175964 
113.175964 
113.176270 
113.176270 
113.176575 
113.176880 
113.176880 
113.176575 
113.176880 
113.176575 
113.176880 
113.176575 
113.175964 
113.175964 
113.175659 
113.175659 
113.175964 
113.177185 
113.177185 
113.177490 
113.178406 
113.177795 
113.177490 
113.177490 
113.177795 
113.177185 
113.177490 
113.177490 
113.177185 
113.177185 
113.177185 
113.176880 
113.177185 
113.177795 
113.177795 
113.178101 
113.177490 
113.176575 
113.175964 
113.175659 
113.175964 
113.175964 
113.176270 
113.176270 
113.176575 
113.176880 
113.176575 
113.176270 
113.176880 
113.176575 
113.176575 
113.176575 
113.176270 
113.175964 
113.175659 
113.175354 
113.175964 
113.176270 
113.177490 
113.178101 
113.178101 
113.177490 
113.177490 
113.177185 
113.177185 
113.176575 
113.176880 
113.176880 
113.177185 
113.176880 
113.177185 
113.177185 
113.177490 
113.177490 
113.177490 
113.178101 
113.177490 
113.176575 
113.176270 
113.175659 
113.175964 
113.175964 
113.175659 
113.176270 
113.176270 
113.176880 
113.176575 
113.176270 
113.176575 
113.177185 
113.176575 
113.176575 
113.176270 
113.175964 
113.175659 
113.175354 
113.175964 
113.176575 
113.177185 
113.177795 
113.178101 
113.178101 
113.177795 
113.177185 
113.177490 
113.177185 
113.177185 
113.177490 
113.177185 
113.176880 
113.177490 
113.177185 
113.177490 
113.177490 
113.177795 
113.178101 
113.177185 
113.176880 
113.175964 
113.175964 
113.175659 
113.175964 
113.175964 
113.176270 
113.176575 
113.176575 
113.176880 
113.176575 
113.176575 
113.176880 
113.176575 
113.176270 
113.175659 
113.175659 
113.175659 
113.175659 
113.175964 
113.176880 
113.177795 
113.177795 
113.177795 
113.177795 
113.177795 
113.177490 
113.176880 
113.176880 
113.177185 
113.177185 
113.177185 
113.177185 
113.177185 
113.176880 
113.177490 
113.177795 
113.177490 
113.178101 
113.177795 
113.176270 
113.175964 
113.175659 
113.175659 
113.175354 
113.175964 
113.176270 
113.176270 
113.176575 
113.176575 
113.176575 
113.176575 
113.176270 
113.176575 
113.176575 
113.176270 
113.175659 
113.176270 
113.175049 
113.175659 
113.176575 
113.177795 
113.177795 
113.177795 
113.178101 
113.177490 
113.177490 
113.177185 
113.177490 
113.177185 
113.177490 
113.177185 
113.177185 
113.177185 
113.177490 
113.176880 
113.177795 
113.177795 
113.178406 
113.177490 
113.176270 
113.175659 
113.175659 
113.176270 
113.176270 
113.175964 
113.176270 
113.176575 
113.176270 
113.176880 
113.176575 
113.176575 
113.176880 
113.176575 
113.176575 
113.176270 
113.176270 
113.175964 
113.175659 
113.175964 
113.176575 
113.177490 
113.178101 
113.177795 
113.177795 
113.177795 
113.177490 
113.176880 
113.176880 
113.177185 
113.176880 
113.176880 
113.177185 
113.177490 
113.177490 
113.177185 
113.177795 
113.177795 
113.177490 
113.177185 
113.176270 
113.175964 
113.175354 
113.175964 
113.175964 
113.175964 
113.176270 
113.176270 
113.176575 
113.176575 
113.176270 
113.176575 
113.176575 
113.176575 
113.176270 
113.176270 
113.175964 
113.175659 
113.175354 
113.175964 
113.176575 
113.177490 
113.178101 
113.177490 
113.177795 
113.177795 
113.177185 
113.176880 
113.177185 
113.177185 
113.176880 
113.177185 
113.177185 
113.177185 
113.177185 
113.177490 
113.177490 
113.178406 
113.178101 
113.177490 
113.176270 
113.175964 
113.175659 
113.175354 
113.175659 
113.175964 
113.176270 
113.176575 
113.176575 
113.176270 
113.176270 
113.176880 
113.176575 
113.176575 
113.176270 
113.176270 
113.175659 
113.175964 
113.175659 
113.176270 
113.177185 
113.177490 
113.178101 
113.178101 
113.177490 
113.177185 
113.177490 
113.176880 
113.177185 
113.177490 
113.177185 
113.177185 
113.177185 
113.177185 
113.177490 
113.177490 
113.177795 
113.178101 
113.178101 
113.177490 
113.176270 
113.175659 
113.175659 
113.175659 
113.175659 
113.176270 
113.176270 
113.176575 
113.176880 
113.176575 
113.176575 
113.176575 
113.176880 
113.176575 
113.176270 
113.176270 
113.175964 
113.175659 
113.175354 
113.175964 
113.176880 
113.177795 
113.177795 
113.177795 
113.177795 
113.177490 
113.177795 
113.177185 
113.176880 
113.177185 
113.176880 
113.177185 
113.177185 
113.177185 
113.177490 
113.177185 
113.177490 
113.178101 
113.178101 
113.177795 
113.176575 
113.175964 
113.175659 
113.175964 
113.175659 
113.176270 
113.176575 
113.176575 
113.176270 
113.176880 
113.176880 
113.176575 
113.176575 
113.176270 
113.176575 
113.175964 
113.175659 
113.175659 
113.175659 
113.175964 
113.176880 
113.177795 
113.178101 
113.177795 
113.177795 
113.177490 
113.177185 
113.177185 
113.176880 
113.176880 
113.177185 
113.177185 
113.177185 
113.177185 
113.177185 
113.176880 
113.177185 
113.177795 
113.177795 
113.177490 
113.176270 
113.176270 
113.175964 
113.175964 
113.175964 
113.175964 
113.176575 
113.176270 
113.176270 
113.176575 
113.176270 
113.176575 
113.177185 
113.176270 
113.176270 
113.176270 
113.175964 
113.175659 
113.175659 
113.175964 
113.177185 
113.177795 
113.177795 
113.178101 
113.178101 
113.177795 
113.177185 
113.177490 
113.176880 
113.177185 
113.177185 
113.177490 
113.177185 
113.177490 
113.177490 
113.177185 
113.177795 
113.177795 
113.177795 
113.177185 
113.176270 
113.175964 
113.175354 
113.175964 
113.176270 
113.175964 
113.176270 
113.176575 
113.176880 
113.176880 
113.176575 
113.176270 
113.176575 
113.176270 
113.176575 
113.175964 
113.175964 
113.175964 
113.175659 
113.175964 
113.176880 
113.177490 
113.177490 
113.178101 
113.178101 
113.177795 
113.177795 
113.177185 
113.177185 
113.177490 
113.176880 
113.176880 
113.177185 
113.177185 
113.177490 
113.177795 
113.177795 
113.177795 
113.178101 
113.177795 
113.176575 
113.175354 
113.175659 
113.175964 
113.176270 
113.175659 
113.175964 
113.176575 
113.176575 
113.176575 
113.176575 
113.176575 
113.176575 
113.176270 
113.176575 
113.175964 
113.175964 
113.175659 
113.175659 
113.175964 
113.176880 
113.177795 
113.177490 
113.178101 
113.178101 
113.177795 
113.177490 
113.177185 
113.177185 
113.176880 
113.176880 
113.177185 
113.177185 
113.176880 
113.177185 
113.177490 
113.177490 
113.177490 
113.177490 
113.177490 
113.176880 
113.175964 
113.175659 
113.176270 
113.175964 
113.175964 
113.176575 
113.176880 
113.176880 
113.176270 
113.176270 
113.176880 
113.176575 
113.176270 
113.176575 
113.176270 
113.175659 
113.175354 
113.175659 
113.176270 
113.177185 
113.177490 
113.177795 
113.178101 
113.178101 
113.177795 
113.177490 
113.177185 
113.176880 
113.177185 
113.177490 
113.177185 
113.177185 
113.176880 
113.177185 
113.177185 
113.177795 
113.177795 
113.177795 
113.177795 
113.176575 
113.175659 
113.175659 
113.175659 
113.175659 
113.176270 
113.176270 
113.175964 
113.176880 
113.176880 
113.176575 
113.176880 
113.176270 
113.176880 
113.176270 
113.176270 
113.175964 
113.175354 
113.175354 
113.175964 
113.177185 
113.177490 
113.177490 
113.177490 
113.177490 
113.177490 
113.177490 
113.177185 
113.177185 
113.176880 
113.176880 
113.176880 
113.177490 
113.177490 
113.177185 
113.177490 
113.177490 
113.177795 
113.178101 
113.176880 
113.176575 
113.175354 
113.175354 
113.175964 
113.175659 
113.175964 
113.176270 
113.176270 
113.176575 
113.176575 
113.176880 
113.176575 
113.176270 
113.176575 
113.176270 
113.175964 
113.176270 
113.175354 
113.175354 
113.176270 
113.176575 
113.177185 
113.177795 
113.177795 
113.178101 
113.177490 
113.177795 
113.177490 
113.177185 
113.177185 
113.177185 
113.177185 
113.177185 
113.177185 
113.177185 
113.177490 
113.177795 
113.177795 
113.177795 
113.177185 
113.176880 
113.175659 
113.175354 
113.175659 
113.175964 
113.175964 
113.176575 
113.176575 
113.176575 
113.176270 
113.176270 
113.176575 
113.176270 
113.176270 
113.176270 
113.176575 
113.176270 
113.175659 
113.175354 
113.176270 
113.176880 
113.177185 
113.177795 
113.177795 
113.177490 
113.177490 
113.176880 
113.177490 
113.177185 
113.176880 
113.177185 
113.177185 
113.177490 
113.177185 
113.177185 
113.177185 
113.177795 
113.177795 
113.178101 
113.177490 
113.176270 
113.175964 
113.175659 
113.175659 
113.175964 
113.175964 
113.176575 
113.176575 
113.176575 
113.176575 
113.176575 
113.176575 
113.176880 
113.176270 
113.176575 
113.175964 
113.175659 
113.175659 
113.175354 
113.175964 
113.177490 
113.177185 
113.177490 
113.177795 
113.177795 
113.177795 
113.177185 
113.177185 
113.176880 
113.176880 
113.177185 
113.176880 
113.176880 
113.177185 
113.177185 
113.177185 
113.177490 
113.177490 
113.177490 
113.176880 
113.175964 
113.175659 
113.175659 
113.176270 
113.175964 
113.176270 
113.176270 
113.176270 
113.176575 
113.176880 
113.176880 
113.176575 
113.176575 
113.176270 
113.176270 
113.175659 
113.175659 
113.175354 
113.175354 
113.176270 
113.177185 
113.177185 
113.177795 
113.177795 
113.177490 
113.177795 
113.177490 
113.176880 
113.176880 
113.176575 
113.176880 
113.176880 
113.176880 
113.177185 
113.177185 
113.177490 
113.177490 
113.177795 
113.178101 
113.177185 
113.176575 
113.175659 
113.175354 
113.175659 
113.175354 
113.175964 
113.176270 
113.176575 
113.176880 
113.176880 
113.176575 
113.176575 
113.176880 
113.176270 
113.176880 
113.175659 
113.175659 
113.175659 
113.175659 
113.175964 
113.176880 
113.177185 
113.177795 
113.177490 
113.177795 
113.177795 
113.177185 
113.176575 
113.177185 
113.176880 
113.177185 
113.176880 
113.176880 
113.177185 
113.177185 
113.177185 
113.177490 
113.177795 
113.177795 
113.177185 
113.176575 
113.175964 
113.175354 
113.175659 
113.175964 
113.176270 
113.175964 
113.176575 
113.176880 
113.176270 
113.176270 
113.176270 
113.176270 
113.176270 
113.176270 
113.176270 
113.175659 
113.175354 
113.175354 
113.175659 
113.176880 
113.177490 
113.177185 
113.177490 
113.177795 
113.177795 
113.177185 
113.177185 
113.176880 
113.177185 
113.176880 
113.177490 
113.176575 
113.176880 
113.177490 
113.177490 
113.177490 
113.178101 
113.177490 
113.177185 
113.176270 
113.175354 
113.175659 
113.175659 
113.175964 
113.175964 
113.176270 
113.176575 
113.176575 
113.176575 
113.176575 
113.176575 
113.176575 
113.176575 
113.176270 
113.175964 
113.175354 
113.175354 
113.175354 
113.176270 
113.177185 
113.177490 
113.177795 
113.177795 
113.177795 
113.177490 
113.177490 
113.177185 
113.176880 
113.177185 
113.177185 
113.177185 
113.177490 
113.176880 
113.177185 
113.177490 
113.177185 
113.177490 
113.177795 
113.177185 
113.176270 
113.175354 
113.175659 
113.175964 
113.175964 
113.175964 
113.175964 
113.176270 
113.176575 
113.176575 
113.176880 
113.176575 
113.176575 
113.176575 
113.176270 
113.176575 
113.175964 
113.175354 
113.175659 
113.175964 
113.177185 
113.177490 
113.177795 
113.178101 
113.178101 
113.177490 
113.177185 
113.177185 
113.176880 
113.176575 
113.176880 
113.177185 
113.177185 
113.177490 
113.177185 
113.177795 
113.177795 
113.177795 
113.178101 
113.176880 
113.176575 
113.175659 
113.175659 
113.175964 
113.175964 
113.175354 
113.176270 
113.176270 
113.176575 
113.176270 
113.176270 
113.176270 
113.176270 
113.176575 
113.176575 
113.175964 
113.175964 
113.175964 
113.175354 
113.176270 
113.177185 
113.177490 
113.178101 
113.178101 
113.178101 
113.177795 
113.176880 
113.176880 
113.176880 
113.177185 
113.176880 
113.176880 
113.176880 
113.177185 
113.177490 
113.177490 
113.177795 
113.177795 
113.178406 
113.177795 
113.176270 
113.175659 
113.175354 
113.176270 
113.175964 
113.176270 
113.176270 
113.176575 
113.176575 
113.176575 
113.175964 
113.176270 
113.176575 
113.176270 
113.175964 
113.175964 
113.175354 
113.175049 
113.175049 
113.176270 
113.176880 
113.177490 
113.177795 
113.177795 
113.177490 
113.177490 
113.177185 
113.177185 
113.176575 
113.176880 
113.177185 
113.177185 
113.176880 
113.176880 
113.177185 
113.176880 
113.177795 
113.177185 
113.177795 
113.177185 
113.176270 
113.175659 
113.175049 
113.175964 
113.175964 
113.176270 
113.176270 
113.176270 
113.176575 
113.176270 
113.176575 
113.176575 
113.176575 
113.176575 
113.176270 
113.175964 
113.175659 
113.175354 
113.175354 
113.175964 
113.177185 
113.177490 
113.177490 
113.178406 
113.177490 
113.177795 
113.177185 
113.177185 
113.176880 
113.177185 
113.176880 
113.176880 
113.176880 
113.176880 
113.177490 
113.177490 
113.177490 
113.178101 
113.178101 
113.177490 
113.176270 
113.175659 
113.175659 
113.175659 
113.175964 
113.175964 
113.176575 
113.176575 
113.176575 
113.176270 
113.176270 
113.176270 
113.176270 
113.176270 
113.175964 
113.176270 
113.175659 
113.175354 
113.175354 
113.176270 
113.176880 
113.177490 
113.177795 
113.178101 
113.177795 
113.177490 
113.177490 
113.177185 
113.176880 
113.176575 
113.177185 
113.177185 
113.176880 
113.176880 
113.177490 
113.177490 
113.177490 
113.177795 
113.177490 
113.177185 
113.176270 
113.175354 
113.175354 
113.174744 
113.174744 
113.174744 
113.174438 
113.174133 
113.174133 
113.173828 
113.173218 
113.172607 
113.171997 
113.171387 
113.170166 
113.169250 
113.168030 
113.166504 
113.165588 
113.164978 
113.164673 
113.164978 
113.163452 
113.162537 
113.161011 
113.159485 
113.157959 
113.155823 
113.153687 
113.152161 
113.150635 
113.148804 
113.146667 
113.144836 
113.143005 
113.140869 
113.138733 
113.136902 
113.134766 
113.131714 
113.128662 
113.124695 
113.122559 
113.119812 
113.116760 
113.114624 
113.111877 
113.109436 
113.106384 
113.103333 
113.100586 
113.097229 
113.093567 
113.090210 
113.086243 
113.082275 
113.078918 
113.074951 
113.070984 
113.067627 
113.064270 
113.061218 
113.057556 
113.053589 
113.049316 
113.044434 
113.039856 
113.035583 
113.030396 
113.025818 
113.021240 
113.016663 
113.011475 
113.007202 
113.002319 
112.997437 
112.992554 
112.988281 
112.982788 
112.977295 
112.970886 
112.965088 
112.959290 
112.954102 
112.948914 
112.943420 
112.938232 
112.933044 
112.927246 
112.921753 
112.915344 
112.910156 
112.903748 
112.897949 
112.891541 
112.884827 
112.878418 
112.871704 
112.865295 
112.859192 
112.854004 
112.848206 
112.841492 
112.835388 
112.828674 
112.821655 
112.814026 
112.807312 
112.799988 
112.793274 
112.785950 
112.778625 
112.771301 
112.764282 
112.756958 
112.749939 
112.742310 
112.734680 
112.727356 
112.719116 
112.709961 
112.701416 
112.693481 
112.685547 
112.677612 
112.669678 
112.661743 
112.654114 
112.646179 
112.637939 
112.629395 
112.621155 
112.612305 
112.604065 
112.595520 
112.586060 
112.576904 
112.567749 
112.558594 
112.550354 
112.542114 
112.533875 
112.524719 
112.516479 
112.507019 
112.497253 
112.488098 
112.478333 
112.467957 
112.458496 
112.449341 
112.438660 
112.429199 
112.419434 
112.409363 
112.399902 
112.389832 
112.380371 
112.369995 
112.359314 
112.348633 
112.337036 
112.327271 
112.316895 
112.306519 
112.296448 
112.286682 
112.276611 
112.266235 
112.256165 
112.245483 
112.235107 
112.224731 
112.214661 
112.204285 
112.193604 
112.182312 
112.171936 
112.161560 
112.152100 
112.142334 
112.132263 
112.122498 
112.112122 
112.101746 
112.091370 
112.080383 
112.070007 
112.059021 
112.048950 
112.038574 
112.027893 
112.017517 
112.007141 
111.997070 
111.986389 
111.976624 
111.966248 
111.955566 
111.944885 
111.933594 
111.922302 
111.911621 
111.901855 
111.891174 
111.881104 
111.870728 
111.860657 
111.851196 
111.840515 
111.830444 
111.820374 
111.810303 
111.799316 
111.788940 
111.778259 
111.767883 
111.757202 
111.747131 
111.736755 
111.727600 
111.718140 
111.708069 
111.698303 
111.687927 
111.677551 
111.666870 
111.656494 
111.645508 
111.635437 
111.624756 
111.614685 
111.604309 
111.593628 
111.584167 
111.573486 
111.563721 
111.554260 
111.543274 
111.532898 
111.521606 
111.510620 
111.499939 
111.489563 
111.479187 
111.468811 
111.458740 
111.448975 
111.439209 
111.428528 
111.418457 
111.408386 
111.398010 
111.387329 
111.377258 
111.366577 
111.356201 
111.345215 
111.334839 
111.325378 
111.315308 
111.305847 
111.295776 
111.286011 
111.275330 
111.264954 
111.254272 
111.243896 
111.232910 
111.222534 
111.212463 
111.202087 
111.191406 
111.181030 
111.170959 
111.160889 
111.150513 
111.140747 
111.130676 
111.119080 
111.108093 
111.097412 
111.087036 
111.076965 
111.066589 
111.056213 
111.046448 
111.036682 
111.026611 
111.016235 
111.005859 
110.995483 
110.985718 
110.974731 
110.964661 
110.954285 
110.943909 
110.933228 
110.923157 
110.914001 
110.904541 
110.895386 
110.885620 
110.875854 
110.866089 
110.855713 
110.845947 
110.835876 
110.826111 
110.816040 
110.806580 
110.797424 
110.787659 
110.778809 
110.769653 
110.760498 
110.751648 
110.742493 
110.733643 
110.723877 
110.714111 
110.704651 
110.695190 
110.686951 
110.678101 
110.669861 
110.661316 
110.653381 
110.645142 
110.636902 
110.628662 
110.621033 
110.612793 
110.604248 
110.596313 
110.588379 
110.580139 
110.571899 
110.563965 
110.557251 
110.550842 
110.543213 
110.536499 
110.528870 
110.521851 
110.514526 
110.506897 
110.499573 
110.491943 
110.485229 
110.477905 
110.470581 
110.464172 
110.457764 
110.450745 
110.444641 
110.437927 
110.432129 
110.426025 
110.418701 
110.411987 
110.404968 
110.398254 
110.392761 
110.386047 
110.380249 
110.374756 
110.369263 
110.363770 
110.358276 
110.352478 
110.346985 
110.341492 
110.335693 
110.330200 
110.324707 
110.319214 
110.313721 
110.308838 
110.303955 
110.300293 
110.295410 
110.290833 
110.286560 
110.281677 
110.277405 
110.271606 
110.266724 
110.262146 
110.257568 
110.253296 
110.249023 
110.244751 
110.240479 
110.236511 
110.232544 
110.228577 
110.224915 
110.221252 
110.216370 
110.212097 
110.207825 
110.203857 
110.200500 
110.197144 
110.193787 
110.190735 
110.187683 
110.184937 
110.181885 
110.179138 
110.176086 
110.173035 
110.169983 
110.166931 
110.164185 
110.161133 
110.157776 
110.155640 
110.153198 
110.151978 
110.150146 
110.148315 
110.146179 
110.144043 
110.141602 
110.139465 
110.136719 
110.134888 
110.132751 
110.131226 
110.128784 
110.127258 
110.125732 
110.124817 
110.123291 
110.121765 
110.120544 
110.119019 
110.117493 
110.115662 
110.113831 
110.112610 
110.111694 
110.110779 
110.109863 
110.109863 
110.108643 
110.108337 
110.108337 
110.107117 
110.106812 
110.106812 
110.106201 
110.105286 
110.105286 
110.104980 
110.104370 
110.104065 
110.104675 
110.105591 
110.105896 
110.105896 
110.106201 
110.106201 
110.105591 
110.105896 
110.105591 
110.105286 
110.105286 
110.104980 
110.105591 
110.105591 
110.105591 
110.105591 
110.105591 
110.106506 
110.106506 
110.106201 
110.105591 
110.104675 
110.104370 
110.104370 
110.104980 
110.104675 
110.104980 
110.104675 
110.105286 
110.105591 
110.105896 
110.105286 
110.105286 
110.105591 
110.105286 
110.105591 
110.104980 
110.104980 
110.104675 
110.104370 
110.105591 
110.106506 
110.107117 
110.106812 
110.107422 
110.107117 
110.107117 
110.106812 
110.106201 
110.106506 
110.106506 
110.106506 
110.106812 
110.106812 
110.106812 
110.106812 
110.107117 
110.107117 
110.107117 
110.107422 
110.106812 
110.106201 
110.105286 
110.105591 
110.105896 
110.105896 
110.105591 
110.105896 
110.105896 
110.106506 
110.106201 
110.105896 
110.106201 
110.106506 
110.106201 
110.106201 
110.105896 
110.104980 
110.105286 
110.105286 
110.104980 
110.106812 
110.107117 
110.107422 
110.108032 
110.107422 
110.107117 
110.106506 
110.106812 
110.106201 
110.106812 
