Blum, K. P., D’Incamps, B. L., Zytnicki, D., & Ting, L. H. (2017).
Force encoding in muscle spindles during stretch of
passive muscle. PLoS computational biology, 13(9), 
e1005767. <https://journals.plos.org/ploscompbiol/article?
id=10.1371/journal.pcbi.1005767>

cat medial gastrocnemius muscle lengths over t  (in 0.0005 s increments)
110.111084 
110.111084 
110.110474 
110.110474 
110.110474 
110.110168 
110.110474 
110.110474 
110.110168 
110.110779 
110.110779 
110.110779 
110.111084 
110.111389 
110.111694 
110.111694 
110.110474 
110.109253 
110.109253 
110.108948 
110.109253 
110.109558 
110.109558 
110.109558 
110.109558 
110.109863 
110.109863 
110.109558 
110.109558 
110.109558 
110.109863 
110.109558 
110.108948 
110.108032 
110.108032 
110.108948 
110.109253 
110.111084 
110.111389 
110.111084 
110.111084 
110.110474 
110.110474 
110.110474 
110.110168 
110.110168 
110.110779 
110.110168 
110.110168 
110.110168 
110.110474 
110.111084 
110.111084 
110.111084 
110.111084 
110.111389 
110.110168 
110.109558 
110.108643 
110.108948 
110.108337 
110.109558 
110.108948 
110.109863 
110.109558 
110.109863 
110.109558 
110.109558 
110.109558 
110.109558 
110.109863 
110.109558 
110.108948 
110.108337 
110.108948 
110.108337 
110.109558 
110.110474 
110.111084 
110.111084 
110.110779 
110.110779 
110.110474 
110.110779 
110.110474 
110.110474 
110.110168 
110.110168 
110.110474 
110.110474 
110.110474 
110.110779 
110.111084 
110.111389 
110.111389 
110.111389 
110.110168 
110.108948 
110.108643 
110.108337 
110.108643 
110.108948 
110.108948 
110.109863 
110.109558 
110.109558 
110.109558 
110.109558 
110.109558 
110.109558 
110.109863 
110.109253 
110.109253 
110.108643 
110.108948 
110.109558 
110.109863 
110.111694 
110.112610 
110.112915 
110.112610 
110.113220 
110.113525 
110.113831 
110.114136 
110.114746 
110.115662 
110.115662 
110.117188 
110.118408 
110.119324 
110.120544 
110.121765 
110.122986 
110.124512 
110.126343 
110.126343 
110.126953 
110.127869 
110.128784 
110.131226 
110.133057 
110.134888 
110.137024 
110.139771 
110.141907 
110.143738 
110.146179 
110.148010 
110.150452 
110.152588 
110.154724 
110.157166 
110.158997 
110.161743 
110.164185 
110.167847 
110.172424 
110.175476 
110.178223 
110.181274 
110.184021 
110.187073 
110.189819 
110.192566 
110.195923 
110.199585 
110.202637 
110.206299 
110.209961 
110.213623 
110.217590 
110.222168 
110.226135 
110.229797 
110.233765 
110.236816 
110.240173 
110.243225 
110.247803 
110.252075 
110.256653 
110.261536 
110.266113 
110.270996 
110.275879 
110.281067 
110.285950 
110.290833 
110.295410 
110.300598 
110.305176 
110.309753 
110.314636 
110.319824 
110.325317 
110.331421 
110.338440 
110.344543 
110.350952 
110.357056 
110.362549 
110.368347 
110.374451 
110.380249 
110.386963 
110.393982 
110.401001 
110.407410 
110.414429 
110.422363 
110.429688 
110.437012 
110.445251 
110.453491 
110.460815 
110.467834 
110.474854 
110.481567 
110.489807 
110.498047 
110.506287 
110.514221 
110.522461 
110.530701 
110.538940 
110.546570 
110.554810 
110.562744 
110.570679 
110.578308 
110.585938 
110.592957 
110.600281 
110.607605 
110.615845 
110.624084 
110.632935 
110.641479 
110.649414 
110.657349 
110.664673 
110.672607 
110.679932 
110.687866 
110.696106 
110.704041 
110.712585 
110.720825 
110.729065 
110.737305 
110.746765 
110.755310 
110.764160 
110.773621 
110.782166 
110.789795 
110.798340 
110.806274 
110.815125 
110.824890 
110.834045 
110.843811 
110.853882 
110.863953 
110.873718 
110.883179 
110.893555 
110.903320 
110.912781 
110.922852 
110.932922 
110.942688 
110.952759 
110.962524 
110.972595 
110.984192 
110.995178 
111.005859 
111.016541 
111.027222 
111.037292 
111.047363 
111.057434 
111.067505 
111.077576 
111.088257 
111.098022 
111.108398 
111.119080 
111.129456 
111.140137 
111.151123 
111.161499 
111.171875 
111.182556 
111.192017 
111.201172 
111.210632 
111.221008 
111.231079 
111.241455 
111.251831 
111.263123 
111.273499 
111.283875 
111.294556 
111.304321 
111.315002 
111.325073 
111.335449 
111.345520 
111.355591 
111.365356 
111.375427 
111.385498 
111.396790 
111.408081 
111.419373 
111.429749 
111.439819 
111.450195 
111.460266 
111.469727 
111.480408 
111.490479 
111.500549 
111.510925 
111.521301 
111.531372 
111.541748 
111.552429 
111.562805 
111.573486 
111.583862 
111.593933 
111.603394 
111.612549 
111.621704 
111.631775 
111.641846 
111.653137 
111.663513 
111.673584 
111.684570 
111.694336 
111.704712 
111.714783 
111.725159 
111.735229 
111.745300 
111.755676 
111.765137 
111.774597 
111.784363 
111.794739 
111.806030 
111.817627 
111.828308 
111.838379 
111.848755 
111.858826 
111.868286 
111.878662 
111.888428 
111.898804 
111.908569 
111.918945 
111.929016 
111.939392 
111.949768 
111.960449 
111.971130 
111.981812 
111.992188 
112.002258 
112.011719 
112.020264 
112.030029 
112.039795 
112.050476 
112.060547 
112.071533 
112.081299 
112.092285 
112.102661 
112.112732 
112.123413 
112.133484 
112.143250 
112.153625 
112.163696 
112.173462 
112.183533 
112.193298 
112.203369 
112.214966 
112.225952 
112.236633 
112.247620 
112.257080 
112.267761 
112.277527 
112.287598 
112.297363 
112.307434 
112.317505 
112.327881 
112.337341 
112.347717 
112.358093 
112.368164 
112.378540 
112.388916 
112.398987 
112.409058 
112.417603 
112.426758 
112.435913 
112.445374 
112.455139 
112.464600 
112.474670 
112.484436 
112.494202 
112.503662 
112.512817 
112.521973 
112.531433 
112.540588 
112.549438 
112.558594 
112.566833 
112.575378 
112.584229 
112.593384 
112.602844 
112.612000 
112.621765 
112.630310 
112.638550 
112.646484 
112.655029 
112.662659 
112.670593 
112.678223 
112.686157 
112.694397 
112.702026 
112.709656 
112.717896 
112.725525 
112.733154 
112.741394 
112.749329 
112.756958 
112.762756 
112.769470 
112.775574 
112.782898 
112.789917 
112.796936 
112.804565 
112.811279 
112.818298 
112.825623 
112.832031 
112.839050 
112.845459 
112.851563 
112.858276 
112.864380 
112.870178 
112.876282 
112.882080 
112.888489 
112.895203 
112.902527 
112.909241 
112.915649 
112.921143 
112.926636 
112.932129 
112.937622 
112.942810 
112.948608 
112.953796 
112.958679 
112.964172 
112.969666 
112.974548 
112.980652 
112.985840 
112.991028 
112.995911 
113.001404 
113.004761 
113.008728 
113.013000 
113.017273 
113.021851 
113.026428 
113.031006 
113.035889 
113.040466 
113.045044 
113.049316 
113.053284 
113.058167 
113.061523 
113.065491 
113.069458 
113.072815 
113.076172 
113.079529 
113.083496 
113.087463 
113.092346 
113.096924 
113.099976 
113.103638 
113.106689 
113.109436 
113.112488 
113.115540 
113.117981 
113.120422 
113.123779 
113.126221 
113.129272 
113.132019 
113.134766 
113.137512 
113.140564 
113.143005 
113.145142 
113.146973 
113.147888 
113.149414 
113.151550 
113.153381 
113.155212 
113.157349 
113.159790 
113.161621 
113.163757 
113.164978 
113.167114 
113.168335 
113.169861 
113.170776 
113.172302 
113.173523 
113.174133 
113.175049 
113.175659 
113.177795 
113.179932 
113.181763 
113.182373 
113.182983 
113.183899 
113.184814 
113.184509 
113.185120 
113.185425 
113.185425 
113.185730 
113.186340 
113.186646 
113.186646 
113.187561 
113.187561 
113.188171 
113.188477 
113.188477 
113.187866 
113.186646 
113.186035 
113.185120 
113.186035 
113.186035 
113.186035 
113.186646 
113.186340 
113.186646 
113.186340 
113.186646 
113.186340 
113.186646 
113.186340 
113.186035 
113.185730 
113.184814 
113.184509 
113.184814 
113.185120 
113.186035 
113.186951 
113.186646 
113.186951 
113.186035 
113.186646 
113.185730 
113.185425 
113.185730 
113.185425 
113.184814 
113.185120 
113.184814 
113.184509 
113.185120 
113.185425 
113.185425 
113.185425 
113.186035 
113.184509 
113.183289 
113.182373 
113.182373 
113.182373 
113.182678 
113.182983 
113.182983 
113.183289 
113.183594 
113.183289 
113.183289 
113.183289 
113.182983 
113.182983 
113.182983 
113.182373 
113.182373 
113.182068 
113.182068 
113.182678 
113.183899 
113.184814 
113.184814 
113.184814 
113.184509 
113.184204 
113.183899 
113.183594 
113.183594 
113.183594 
113.183289 
113.183594 
113.183289 
113.183594 
113.183594 
113.184204 
113.184204 
113.184204 
113.184509 
113.183594 
113.182678 
113.181458 
113.181458 
113.181458 
113.181763 
113.181763 
113.182068 
113.182068 
113.182068 
113.181763 
113.182068 
113.182373 
113.182068 
113.181458 
113.181763 
113.181458 
113.180847 
113.180542 
113.180847 
113.181152 
113.182373 
113.182983 
113.182983 
113.182983 
113.182983 
113.182678 
113.182373 
113.182373 
113.182068 
113.182068 
113.182068 
113.181763 
113.181458 
113.182068 
113.182068 
113.182373 
113.182068 
113.182678 
113.182678 
113.181458 
113.180847 
113.180237 
113.179932 
113.179932 
113.180237 
113.179932 
113.180542 
113.180542 
113.180542 
113.181152 
113.181152 
113.180542 
113.180847 
113.180847 
113.180237 
113.180237 
113.179626 
113.179626 
113.179626 
113.180542 
113.181763 
113.182373 
113.182373 
113.182678 
113.182373 
113.182373 
113.182068 
113.182068 
113.181763 
113.181763 
113.182068 
113.181763 
113.182068 
113.181763 
113.182373 
113.182678 
113.182678 
113.182678 
113.183594 
113.182068 
113.180847 
113.180847 
113.180542 
113.180847 
113.180847 
113.181152 
113.181152 
113.181763 
113.181763 
113.181763 
113.182068 
113.181458 
113.181152 
113.181763 
113.181458 
113.181152 
113.181152 
113.180847 
113.180237 
113.181458 
113.182983 
113.183289 
113.183289 
113.182983 
113.183289 
113.182983 
113.182678 
113.182373 
113.182373 
113.182068 
113.182373 
113.182068 
113.182373 
113.182373 
113.182373 
113.182678 
113.182983 
113.183289 
113.183289 
113.182373 
113.181458 
113.180237 
113.180542 
113.180237 
113.180542 
113.180847 
113.181152 
113.180847 
113.181458 
113.180847 
113.181152 
113.180847 
113.181152 
113.180542 
113.180847 
113.180542 
113.180237 
113.179626 
113.179321 
113.180847 
113.181152 
113.182373 
113.182373 
113.181763 
113.182373 
113.181763 
113.181458 
113.181458 
113.181152 
113.181152 
113.181152 
113.181152 
113.181458 
113.181458 
113.181763 
113.181763 
113.182068 
113.182678 
113.182373 
113.181458 
113.180542 
113.179321 
113.179626 
113.179626 
113.179932 
113.180237 
113.180237 
113.180542 
113.180237 
113.180542 
113.180237 
113.180542 
113.180542 
113.180542 
113.180237 
113.179932 
113.179932 
113.179321 
113.179321 
113.180237 
113.182068 
113.182068 
113.182373 
113.182373 
113.182068 
113.182068 
113.181763 
113.181458 
113.181458 
113.181458 
113.181458 
113.181458 
113.181458 
113.181763 
113.181763 
113.182068 
113.182373 
113.182983 
113.182678 
113.182068 
113.180847 
113.179626 
113.179932 
113.179932 
113.180847 
113.180542 
113.180847 
113.181152 
113.181152 
113.181152 
113.181152 
113.180847 
113.180847 
113.181152 
113.180542 
113.180237 
113.179932 
113.179626 
113.179932 
113.180237 
113.181458 
113.182373 
113.182373 
113.182373 
113.182068 
113.182068 
113.181763 
113.181763 
113.181458 
113.181458 
113.181458 
113.181152 
113.181763 
113.181763 
113.181458 
113.182373 
113.182373 
113.182983 
113.182373 
113.181458 
113.180542 
113.179932 
113.179321 
113.179626 
113.179932 
113.179932 
113.180237 
113.180237 
113.180542 
113.180542 
113.180542 
113.180542 
113.180542 
113.180237 
113.179932 
113.179626 
113.179016 
113.179016 
113.179321 
113.180237 
113.180847 
113.181763 
113.182068 
113.182068 
113.181763 
113.181458 
113.181458 
113.181152 
113.181152 
113.181152 
113.181458 
113.181152 
113.181152 
113.181458 
113.181458 
113.181458 
113.181763 
113.182373 
113.182373 
113.181458 
113.179932 
113.179626 
113.179321 
113.179626 
113.179932 
113.179932 
113.180237 
113.180847 
113.180542 
113.180542 
113.180542 
113.180847 
113.180542 
113.180847 
113.180237 
113.180542 
113.179626 
113.179626 
113.179932 
113.180542 
113.181152 
113.182373 
113.182373 
113.182373 
113.182068 
113.182068 
113.181458 
113.181763 
113.181458 
113.181458 
113.181152 
113.182068 
113.181458 
113.181763 
113.182068 
113.181763 
113.182373 
113.182373 
113.182678 
113.181763 
113.180542 
113.179932 
113.179321 
113.179626 
113.180237 
113.180237 
113.180542 
113.180847 
113.180847 
113.180542 
113.180542 
113.181152 
113.180542 
113.180847 
113.180237 
113.180237 
113.179626 
113.179321 
113.179626 
113.179932 
113.181152 
113.181458 
113.182068 
113.181763 
113.181763 
113.181763 
113.181458 
113.181458 
113.181152 
113.180847 
113.181152 
113.181458 
113.181763 
113.181458 
113.181458 
113.181763 
113.181763 
113.182068 
113.182373 
113.181458 
113.180542 
113.179626 
113.179626 
113.179321 
113.179321 
113.179626 
113.179626 
113.180237 
113.179932 
113.180542 
113.180237 
113.180542 
113.180542 
113.180237 
113.180542 
113.179321 
113.179321 
113.179016 
113.179321 
113.180237 
113.180542 
113.181763 
113.181763 
113.181763 
113.181763 
113.181763 
113.181458 
113.181152 
113.181152 
113.181152 
113.181152 
113.180847 
113.181152 
113.181152 
113.181763 
113.182068 
113.182068 
113.182373 
113.182373 
113.181458 
113.180542 
113.179932 
113.179321 
113.179626 
113.180237 
113.179626 
113.179932 
113.180847 
113.180542 
113.180542 
113.180542 
113.181152 
113.180542 
113.180542 
113.180237 
113.179626 
113.179932 
113.179626 
113.179321 
113.179932 
113.180847 
113.182068 
113.182068 
113.182068 
113.181458 
113.181763 
113.181763 
113.180847 
113.181152 
113.181763 
113.181458 
113.181458 
113.181458 
113.181458 
113.181458 
113.181763 
113.182678 
113.182373 
113.182373 
113.181763 
113.180237 
113.179626 
113.179626 
113.179626 
113.179626 
113.180237 
113.180237 
113.180237 
113.180542 
113.180237 
113.180847 
113.180542 
113.180542 
113.180237 
113.180237 
113.179321 
113.179321 
113.179321 
113.179016 
113.179932 
113.181152 
113.181763 
113.182068 
113.181458 
113.181763 
113.181458 
113.181152 
113.180847 
113.180542 
113.180847 
113.181152 
113.180847 
113.181152 
113.180847 
113.181152 
113.181458 
113.182068 
113.182068 
113.182373 
113.181458 
113.180542 
113.179321 
113.179016 
113.179626 
113.179321 
113.179932 
113.180237 
113.180237 
113.180237 
113.180237 
113.180542 
113.180542 
113.180542 
113.179932 
113.180237 
113.179932 
113.179626 
113.179321 
113.179016 
113.179932 
113.180847 
113.182068 
113.181763 
113.181763 
113.181458 
113.181458 
113.181152 
113.181152 
113.181458 
113.181152 
113.180847 
113.181152 
113.181458 
113.181152 
113.181763 
113.181458 
113.181763 
113.182373 
113.182373 
113.181458 
113.180847 
113.179932 
113.179321 
113.179932 
113.179932 
113.179932 
113.180237 
113.180542 
113.180542 
113.180847 
113.180542 
113.180542 
113.180237 
113.180237 
113.179932 
113.179932 
113.179626 
113.179016 
113.179016 
113.179932 
113.181152 
113.181763 
113.181763 
113.181763 
113.181458 
113.181763 
113.181152 
113.181152 
113.180847 
113.181152 
113.180847 
113.180847 
113.181152 
113.180847 
113.181458 
113.181458 
113.181458 
113.182068 
113.182678 
113.181152 
113.180237 
113.179626 
113.179932 
113.179321 
113.180237 
113.179932 
113.179626 
113.180237 
113.180542 
113.180237 
113.180237 
113.180237 
113.180237 
113.179932 
113.180237 
113.179932 
113.179321 
113.179016 
113.179016 
113.179626 
113.180847 
113.181458 
113.181458 
113.181763 
113.181763 
113.181458 
113.181152 
113.181458 
113.180847 
113.180847 
113.181152 
113.180847 
113.181152 
113.180847 
113.180847 
113.181458 
113.181763 
113.182373 
113.182373 
113.181458 
113.180542 
113.179932 
113.179932 
113.179932 
113.179932 
113.180237 
113.179932 
113.180237 
113.180542 
113.180542 
113.180542 
113.180237 
113.180542 
113.180237 
113.180237 
113.179932 
113.179626 
113.179321 
113.179626 
113.180237 
113.181152 
113.181763 
113.182068 
113.182068 
113.182068 
113.181763 
113.180847 
113.181152 
113.181152 
113.181458 
113.180847 
113.181152 
113.180847 
113.181458 
113.181458 
113.181763 
113.182068 
113.182678 
113.181763 
113.181458 
113.180847 
113.179932 
113.179321 
113.179932 
113.179932 
113.179626 
113.180237 
113.180237 
113.180542 
113.180542 
113.180542 
113.180237 
113.180542 
113.180237 
113.180237 
113.179932 
113.179626 
113.179016 
113.178711 
113.179932 
113.180847 
113.181763 
113.182068 
113.181458 
113.181458 
113.180847 
113.181458 
113.180847 
113.180542 
113.181152 
113.180847 
113.180847 
113.180847 
113.181152 
113.181152 
113.181763 
113.181763 
113.182068 
113.182068 
113.181763 
113.180237 
113.179626 
113.179321 
113.179321 
113.179626 
113.179932 
113.179932 
113.180542 
113.180237 
113.180542 
113.180542 
113.180542 
113.180542 
113.180237 
113.179932 
113.179932 
113.179626 
113.179016 
113.179016 
113.179932 
113.180847 
113.181458 
113.182068 
113.182068 
113.181763 
113.181152 
113.181458 
113.181152 
113.180847 
113.180847 
113.181458 
113.180847 
113.180542 
113.181152 
113.181152 
113.181763 
113.181763 
113.182373 
113.182068 
113.182068 
113.180542 
113.179626 
113.179626 
113.179932 
113.179932 
113.179626 
113.179932 
113.180542 
113.180542 
113.180542 
113.180847 
113.180542 
113.180237 
113.179932 
113.180237 
113.179932 
113.179932 
113.179016 
113.179016 
113.179932 
113.181152 
113.181763 
113.181763 
113.181763 
113.181458 
113.181152 
113.181458 
113.180847 
113.180847 
113.180847 
113.180542 
113.180847 
113.181152 
113.181152 
113.181152 
113.181458 
113.182068 
113.181763 
113.181763 
113.181458 
113.180542 
113.179626 
113.179626 
113.179626 
113.179932 
113.179932 
113.179932 
113.179932 
113.179932 
113.180237 
113.180237 
113.180237 
113.180237 
113.179932 
113.179932 
113.179932 
113.179016 
113.178711 
113.179016 
113.179626 
113.180542 
113.181763 
113.182068 
113.181763 
113.181763 
113.181458 
113.180847 
113.180847 
113.181152 
113.181152 
113.181152 
113.181152 
113.180542 
113.181152 
113.181152 
113.181152 
113.181763 
113.182068 
113.182068 
113.181458 
113.180542 
113.179626 
113.179626 
113.179626 
113.179932 
113.179626 
113.180237 
113.180542 
113.180237 
113.180542 
113.180542 
113.180542 
113.180237 
113.179932 
113.180237 
113.179626 
113.179626 
113.179321 
113.179016 
113.179626 
113.180847 
113.181458 
113.182068 
113.181458 
113.181763 
113.181458 
113.181458 
113.181152 
113.180847 
113.181458 
113.180847 
113.180847 
113.180847 
113.180847 
113.181152 
113.181763 
113.181763 
113.181763 
113.182068 
113.181458 
113.180542 
113.179932 
113.179626 
113.179626 
113.179626 
113.179932 
113.179932 
113.180237 
113.180542 
113.180542 
113.180237 
113.180542 
113.180237 
113.180237 
113.180542 
113.179626 
113.179626 
113.179016 
113.179016 
113.179932 
113.180542 
113.181152 
113.181763 
113.181458 
113.181458 
113.181458 
113.180847 
113.180847 
113.180847 
113.180847 
113.181152 
113.180542 
113.180847 
113.181152 
113.180847 
113.181763 
113.182068 
113.182068 
113.182068 
113.181152 
113.180237 
113.179321 
113.179016 
113.179321 
113.179932 
113.179626 
113.179626 
113.179932 
113.180237 
113.179932 
113.180542 
113.180237 
113.180237 
113.179932 
113.180237 
113.179626 
113.179321 
113.178711 
113.178711 
113.179626 
113.180542 
113.181458 
113.181763 
113.181763 
113.181458 
113.181152 
113.180847 
113.180847 
113.180847 
113.180847 
113.180542 
113.180542 
113.180847 
113.180847 
113.181152 
113.181458 
113.181763 
113.181763 
113.182068 
113.181458 
113.180237 
113.179932 
113.179626 
113.179321 
113.179626 
113.179932 
113.180237 
113.180237 
113.180542 
113.180542 
113.179932 
113.180542 
113.180237 
113.179932 
113.180237 
113.179626 
113.179626 
113.179321 
113.179016 
113.179626 
113.180847 
113.182068 
113.182068 
113.181763 
113.181152 
113.181458 
113.180847 
113.181152 
113.180847 
113.180847 
113.180847 
113.180847 
113.180542 
113.181152 
113.181152 
113.181458 
113.181763 
113.181763 
113.182068 
113.181152 
113.179932 
113.179626 
113.179321 
113.179626 
113.179626 
113.179626 
113.180237 
113.180237 
113.180237 
113.180542 
113.180237 
113.180542 
113.180237 
113.180237 
113.180237 
113.179626 
113.179626 
113.179321 
113.179016 
113.179932 
113.180847 
113.181458 
113.181763 
113.181152 
113.181458 
113.180847 
113.181152 
113.181152 
113.180847 
113.180542 
113.180542 
113.180847 
113.181152 
113.180542 
113.181152 
113.181458 
113.182068 
113.182373 
113.182068 
113.181152 
113.179932 
113.179321 
113.179626 
113.179626 
113.179626 
113.180237 
113.180237 
113.180237 
113.180237 
113.180542 
113.180237 
113.180542 
113.180542 
113.180542 
113.180237 
113.180237 
113.179321 
113.178711 
113.179016 
113.179321 
113.180542 
113.181763 
113.181763 
113.181763 
113.181458 
113.181458 
113.181152 
113.181152 
113.181152 
113.180847 
113.180847 
113.181152 
113.180847 
113.181152 
113.181152 
113.181763 
113.182068 
113.182068 
113.182068 
113.181458 
113.180542 
113.179932 
113.179626 
113.179016 
113.179932 
113.179932 
113.180237 
113.180237 
113.180542 
113.180237 
113.180542 
113.180237 
113.180237 
113.179932 
113.180542 
113.179932 
113.179321 
113.179321 
113.179016 
113.179321 
113.180847 
113.181458 
113.181763 
113.181763 
113.181458 
113.181458 
113.181152 
113.181458 
113.180847 
113.181152 
113.180847 
113.180847 
113.180847 
113.180847 
113.181152 
113.181458 
113.181763 
113.182068 
113.182068 
113.181763 
113.180237 
113.179626 
113.179321 
113.179626 
113.179932 
113.179626 
113.179626 
113.180237 
113.180542 
113.180542 
113.180237 
113.179932 
113.180542 
113.179626 
113.180237 
113.179626 
113.179321 
113.179016 
113.178406 
113.179626 
113.180237 
113.181152 
113.181458 
113.181458 
113.181458 
113.181152 
113.180847 
113.180847 
113.180542 
113.180542 
113.180847 
113.180847 
113.180542 
113.180847 
113.181458 
113.181458 
113.181458 
113.182068 
113.182068 
113.181152 
113.180542 
113.179626 
113.179321 
113.179321 
113.179321 
113.179626 
113.180237 
113.180542 
113.180237 
113.180237 
113.180237 
113.179932 
113.180237 
113.180542 
113.180542 
113.180237 
113.179321 
113.179321 
113.179016 
113.179321 
113.180847 
113.181458 
113.181763 
113.181458 
113.181458 
113.181152 
113.181152 
113.181458 
113.180847 
113.180847 
113.180542 
113.180542 
113.180847 
113.181152 
113.181152 
113.181458 
113.181458 
113.182373 
113.181763 
113.181458 
113.180542 
113.179626 
113.179321 
113.179321 
113.179626 
113.179932 
113.180237 
113.180237 
113.180237 
113.180542 
113.180237 
113.180237 
113.180237 
113.179932 
113.179932 
113.180237 
113.179626 
113.179016 
113.178711 
113.179626 
113.180847 
113.181458 
113.181763 
113.181763 
113.181152 
113.181458 
113.181152 
113.180847 
113.180847 
113.180847 
113.180847 
113.180542 
113.180542 
113.180847 
113.180847 
113.181152 
113.181763 
113.182068 
113.181763 
113.181458 
113.180237 
113.179321 
113.179321 
113.179321 
113.179626 
113.179321 
113.179321 
113.180542 
113.180237 
113.180237 
113.180237 
113.180237 
113.179932 
113.179932 
113.179932 
113.179626 
113.179626 
113.179626 
113.179016 
113.179932 
113.180237 
113.181458 
113.181763 
113.181763 
113.181458 
113.181458 
113.181152 
113.180847 
113.180847 
113.180847 
113.180847 
113.180542 
113.180847 
113.180847 
113.180847 
113.181458 
113.181763 
113.181763 
113.181763 
113.181458 
113.180542 
113.179321 
113.179321 
113.179321 
113.179626 
113.179932 
113.179626 
113.179932 
113.180237 
113.180237 
113.180237 
113.180237 
113.180237 
113.180237 
113.180237 
113.179626 
113.179321 
113.179016 
113.179016 
113.179016 
113.180542 
113.181458 
113.181763 
113.181763 
113.181152 
113.181152 
113.180847 
113.181458 
113.181152 
113.181152 
113.181152 
113.180847 
113.180847 
113.180847 
113.181152 
113.181152 
113.181458 
113.181763 
113.182068 
113.181763 
113.180237 
113.179321 
113.179626 
113.179626 
113.179626 
113.179321 
113.179932 
113.179932 
113.180237 
113.180237 
113.179932 
113.179932 
113.180542 
113.180237 
113.179321 
113.179626 
113.179321 
113.179016 
113.179016 
113.179626 
113.180847 
113.181458 
113.181763 
113.181458 
113.181458 
113.181458 
113.180847 
113.180847 
113.181152 
113.180847 
113.180542 
113.180847 
113.180542 
113.180847 
113.181152 
113.181458 
113.181458 
113.182068 
113.182068 
113.181458 
113.180542 
113.179932 
113.179626 
113.179321 
113.179321 
113.179626 
113.179932 
113.180237 
113.179932 
113.179932 
113.179932 
113.180237 
113.180237 
113.180237 
113.180237 
113.179626 
113.179626 
113.179321 
113.179016 
113.179626 
113.180542 
113.181763 
113.181458 
113.181763 
113.180847 
113.181152 
113.181458 
113.180847 
113.180847 
113.180847 
113.180542 
113.180542 
113.180847 
113.180847 
113.181152 
113.181458 
113.181458 
113.182068 
113.181763 
113.181458 
113.180542 
113.179626 
113.179016 
113.179626 
113.179626 
113.179932 
113.180237 
113.180542 
113.180542 
113.180542 
113.180237 
113.179932 
113.180237 
113.179932 
113.180237 
113.180237 
113.179626 
113.179321 
113.179016 
113.179321 
113.181152 
113.181763 
113.181458 
113.181763 
113.181458 
113.181458 
113.181763 
113.180847 
113.180847 
113.180847 
113.181152 
113.180847 
113.180847 
113.180847 
113.180847 
113.181458 
113.181763 
113.181763 
113.182068 
113.181458 
113.180542 
113.179932 
113.179321 
113.179626 
113.179626 
113.179626 
113.179626 
113.180237 
113.180237 
113.180237 
113.180237 
113.180542 
113.180237 
113.180237 
113.180237 
113.179626 
113.179321 
113.179321 
113.178711 
113.179626 
113.180847 
113.181152 
113.181763 
113.181458 
113.182068 
113.180847 
113.181152 
113.180847 
113.180847 
113.180847 
113.180847 
113.180847 
113.180847 
113.180847 
113.181152 
113.181763 
113.181763 
113.182068 
113.182068 
113.181763 
113.180542 
113.179626 
113.179321 
113.179321 
113.179626 
113.179626 
113.180237 
113.180237 
113.180542 
113.179932 
113.180237 
113.180542 
113.180542 
113.179932 
113.179932 
113.179626 
113.179626 
113.179016 
113.179016 
113.179626 
113.180542 
113.181458 
113.181763 
113.181763 
113.181458 
113.181458 
113.181458 
113.181152 
113.181152 
113.180847 
113.180542 
113.180542 
113.181152 
113.180847 
113.181152 
113.181458 
113.181458 
113.182068 
113.182068 
113.181152 
113.180237 
113.179626 
113.179321 
113.179016 
113.179626 
113.179626 
113.179932 
113.180237 
113.179932 
113.180237 
113.180237 
113.180237 
113.180237 
113.180542 
113.179932 
113.179321 
113.179321 
113.179016 
113.179016 
113.179321 
113.180237 
113.181458 
113.181458 
113.181763 
113.181152 
113.181152 
113.181458 
113.180847 
113.180847 
113.180542 
113.180847 
113.181152 
113.181152 
113.180847 
113.181152 
113.181152 
113.181763 
113.181763 
113.182068 
113.181152 
113.180237 
113.179321 
113.179321 
113.179016 
113.179321 
113.179932 
113.179932 
113.179932 
113.180237 
113.180237 
113.180542 
113.180237 
113.180237 
113.179932 
113.180237 
113.179932 
113.179016 
113.179016 
113.179016 
113.179016 
113.180542 
113.181458 
113.181458 
113.181763 
113.181763 
113.181458 
113.181458 
113.180847 
113.180847 
113.180847 
113.180847 
113.180847 
113.180542 
113.181152 
113.181152 
113.181458 
113.182068 
113.182068 
113.181763 
113.181763 
113.180237 
113.179321 
113.179626 
113.179321 
113.179626 
113.179626 
113.179932 
113.179932 
113.180237 
113.180542 
113.179932 
113.179932 
113.180237 
113.179626 
113.179932 
113.179932 
113.179321 
113.179016 
113.179016 
113.179016 
113.180542 
113.181763 
113.181763 
113.181458 
113.181763 
113.181458 
113.181152 
113.181152 
113.181152 
113.180542 
113.180847 
113.180542 
113.180847 
113.181152 
113.181152 
113.181152 
113.181458 
113.181458 
113.182068 
113.181458 
113.180542 
113.179321 
113.179016 
113.179321 
113.179321 
113.179932 
113.179321 
113.180237 
113.180237 
113.180542 
113.180237 
113.180237 
113.179932 
113.180237 
113.180237 
113.179626 
113.179321 
113.179321 
113.178711 
113.179321 
113.180542 
113.181458 
113.182068 
113.181763 
113.181152 
113.181458 
113.181152 
113.180847 
113.180847 
113.181152 
113.180237 
113.180847 
113.181152 
113.180847 
113.181152 
113.181152 
113.181458 
113.181763 
113.182068 
113.181763 
113.180237 
113.179626 
113.179016 
113.179016 
113.179321 
113.179626 
113.179626 
113.179626 
113.180237 
113.180237 
113.180847 
113.179932 
113.179932 
113.180237 
113.179626 
113.179626 
113.179626 
113.179016 
113.178711 
113.179321 
113.180542 
113.181458 
113.181458 
113.181763 
113.181152 
113.181152 
113.181152 
113.181458 
113.180542 
113.181152 
113.180847 
113.180542 
113.180847 
113.180847 
113.181152 
113.181458 
113.181763 
113.181763 
113.182068 
113.181763 
113.180542 
113.179626 
113.179321 
113.179626 
113.179321 
113.179626 
113.179626 
113.179626 
113.179932 
113.180237 
113.180237 
113.180542 
113.180237 
113.180237 
113.180237 
113.179626 
113.179016 
113.179016 
113.178711 
113.179321 
113.180237 
113.181458 
113.181763 
113.181458 
113.181458 
113.181458 
113.181458 
113.180847 
113.180542 
113.180847 
113.180542 
113.180847 
113.180847 
113.181152 
113.180847 
113.181152 
113.181763 
113.181458 
113.181763 
113.181458 
113.180237 
113.179321 
113.179016 
113.179321 
113.179626 
113.179626 
113.179932 
113.179626 
113.179932 
113.180237 
113.179932 
113.180237 
113.180542 
113.179932 
113.179932 
113.179321 
113.179321 
113.179321 
113.178711 
113.179321 
113.180542 
113.181152 
113.181458 
113.181458 
113.181458 
113.181458 
113.181152 
113.180847 
113.181152 
113.180847 
113.180847 
113.180847 
113.180847 
113.180847 
113.181152 
113.181152 
113.181458 
113.182068 
113.182068 
113.181458 
113.180542 
113.179626 
113.179321 
113.179016 
113.179626 
113.179321 
113.179932 
113.179932 
113.179932 
113.180237 
113.180542 
113.180237 
113.180237 
113.180237 
113.179932 
113.179626 
113.179626 
113.179321 
113.178711 
113.179626 
113.180237 
113.181152 
113.181458 
113.181763 
113.181152 
113.181152 
113.181458 
113.180847 
113.180847 
113.181152 
113.180847 
113.180542 
113.180847 
113.180847 
113.181152 
113.181152 
113.181458 
113.182373 
113.182068 
113.181458 
113.180847 
113.179626 
113.179016 
113.179016 
113.179626 
113.179321 
113.179321 
113.179626 
113.179932 
113.179932 
113.180542 
113.180542 
113.179932 
113.180237 
113.179932 
113.179626 
113.179626 
113.179321 
113.178711 
113.179321 
113.180542 
113.181152 
113.181763 
113.181763 
113.181763 
113.180847 
113.181152 
113.180847 
113.180847 
113.180847 
113.180542 
113.180847 
113.180542 
113.181152 
113.180847 
113.181763 
113.181458 
113.182068 
113.182068 
113.182068 
113.180542 
113.179321 
113.179321 
113.179321 
113.179321 
113.179321 
113.179626 
113.180237 
113.180237 
113.179932 
113.179932 
113.179932 
113.180237 
113.180237 
113.179932 
113.179626 
113.179016 
113.178711 
113.178406 
113.179016 
113.180237 
113.181152 
113.181458 
113.181458 
113.181763 
113.181458 
113.181152 
113.181152 
113.180847 
113.180542 
113.180847 
113.181152 
113.181152 
113.181152 
113.180847 
113.181458 
113.181458 
113.181763 
113.182068 
113.181763 
113.180847 
113.179626 
113.179321 
113.179626 
113.179321 
113.179321 
113.179932 
113.179932 
113.179932 
113.180237 
113.180237 
113.180237 
113.179932 
113.180237 
113.180237 
113.179321 
113.179626 
113.179016 
113.179016 
113.179626 
113.180542 
113.181152 
113.181763 
113.181763 
113.181763 
113.181152 
113.181458 
113.180847 
113.180847 
113.180847 
113.180847 
113.180542 
113.180847 
113.180847 
113.180847 
113.181458 
113.181458 
113.181152 
113.181458 
113.180847 
113.179321 
113.178406 
113.177795 
113.177490 
113.176880 
113.176880 
113.176575 
113.176270 
113.175354 
113.175049 
113.174438 
113.173828 
113.172913 
113.171997 
113.171082 
113.169861 
113.168335 
113.166504 
113.165588 
113.164368 
113.164368 
113.163452 
113.162537 
113.161316 
113.159790 
113.157654 
113.155823 
113.153381 
113.151550 
113.150024 
113.147583 
113.145752 
113.143616 
113.141785 
113.139343 
113.136902 
113.135071 
113.132629 
113.130188 
113.126831 
113.123169 
113.119812 
113.115845 
113.113098 
113.110352 
113.107605 
113.104553 
113.101196 
113.098450 
113.094482 
113.091736 
113.088074 
113.084412 
113.080139 
113.076477 
113.072510 
113.068237 
113.063965 
113.059387 
113.055725 
113.052063 
113.049011 
113.044434 
113.040466 
113.035889 
113.031311 
113.026733 
113.021545 
113.016357 
113.011780 
113.006592 
113.001404 
112.996216 
112.991333 
112.986450 
112.981262 
112.976379 
112.970886 
112.966003 
112.959595 
112.953186 
112.946167 
112.940369 
112.933960 
112.928467 
112.922668 
112.917175 
112.911072 
112.905579 
112.899170 
112.892456 
112.886658 
112.879639 
112.873230 
112.866821 
112.860107 
112.852783 
112.845764 
112.838745 
112.832336 
112.826843 
112.820740 
112.814026 
112.807007 
112.799988 
112.792664 
112.784729 
112.778015 
112.770081 
112.762451 
112.755127 
112.747498 
112.739563 
112.731628 
112.724304 
112.716675 
112.709351 
112.701416 
112.693481 
112.685242 
112.676086 
112.666931 
112.658081 
112.649841 
112.641296 
112.632751 
112.624512 
112.615967 
112.607422 
112.598877 
112.590332 
112.580872 
112.572021 
112.562561 
112.552795 
112.543945 
112.534485 
112.524414 
112.514954 
112.505493 
112.497559 
112.488708 
112.479248 
112.469482 
112.459717 
112.449646 
112.439270 
112.428894 
112.418518 
112.408142 
112.397766 
112.387695 
112.377319 
112.366943 
112.357178 
112.346802 
112.336731 
112.326355 
112.316284 
112.305298 
112.294006 
112.282410 
112.271423 
112.260742 
112.250671 
112.240295 
112.229919 
112.220154 
112.210083 
112.199402 
112.189331 
112.178955 
112.168579 
112.157898 
112.147827 
112.136841 
112.126160 
112.115479 
112.104492 
112.095032 
112.085266 
112.076111 
112.066345 
112.056274 
112.045593 
112.035828 
112.024536 
112.014771 
112.004089 
111.993713 
111.983643 
111.973267 
111.963196 
111.953125 
111.942444 
111.932983 
111.922913 
111.913147 
111.903076 
111.892700 
111.881104 
111.869202 
111.858215 
111.848145 
111.837769 
111.827698 
111.817627 
111.807251 
111.797180 
111.786804 
111.776428 
111.766052 
111.755676 
111.744995 
111.734619 
111.723938 
111.712952 
111.701965 
111.691895 
111.681519 
111.671753 
111.662903 
111.652832 
111.642151 
111.632080 
111.621399 
111.610718 
111.600342 
111.589966 
111.578979 
111.568298 
111.558228 
111.547852 
111.537781 
111.527100 
111.517334 
111.507568 
111.497803 
111.487427 
111.476746 
111.465149 
111.453552 
111.443176 
111.432495 
111.422424 
111.412354 
111.401978 
111.392212 
111.381836 
111.371765 
111.362000 
111.351013 
111.341248 
111.331177 
111.320496 
111.309814 
111.299438 
111.288757 
111.278076 
111.268005 
111.258850 
111.250000 
111.239929 
111.230164 
111.219788 
111.209717 
111.199036 
111.188354 
111.177979 
111.167297 
111.157227 
111.146545 
111.136780 
111.126404 
111.116028 
111.106262 
111.096497 
111.086121 
111.076660 
111.066284 
111.054688 
111.043091 
111.032715 
111.022339 
111.011658 
111.001892 
110.991821 
110.981750 
110.971680 
110.961609 
110.951233 
110.940857 
110.930786 
110.921021 
110.910339 
110.900269 
110.889893 
110.879211 
110.868835 
110.858765 
110.849609 
110.841675 
110.832520 
110.822449 
110.813293 
110.803528 
110.793762 
110.783997 
110.774536 
110.765076 
110.755615 
110.746460 
110.737610 
110.728455 
110.719604 
110.710754 
110.702209 
110.693970 
110.685425 
110.676880 
110.667114 
110.657654 
110.648499 
110.639954 
110.632019 
110.624084 
110.616150 
110.608521 
110.600586 
110.592651 
110.585022 
110.577087 
110.569763 
110.561829 
110.554504 
110.546265 
110.538635 
110.531006 
110.523071 
110.516052 
110.509949 
110.503845 
110.497437 
110.490723 
110.483704 
110.476685 
110.469360 
110.462646 
110.455322 
110.448914 
110.442505 
110.435486 
110.429077 
110.422974 
110.416565 
110.410767 
110.405579 
110.399170 
110.393372 
110.386963 
110.379639 
110.372925 
110.367126 
110.360718 
110.355530 
110.350037 
110.344849 
110.339355 
110.333862 
110.328979 
110.324097 
110.319214 
110.313416 
110.308838 
110.303345 
110.298462 
110.292969 
110.288086 
110.282898 
110.277710 
110.274963 
110.271301 
110.267334 
110.262756 
110.258484 
110.253601 
110.249329 
110.245056 
110.240479 
110.236511 
110.231934 
110.227966 
110.223999 
110.220642 
110.216980 
110.213318 
110.210266 
110.206909 
110.203552 
110.199890 
110.195618 
110.191040 
110.187378 
110.184326 
110.180969 
110.178223 
110.175781 
110.173035 
110.170288 
110.168152 
110.165100 
110.162659 
110.160217 
110.157166 
110.154724 
110.152283 
110.149841 
110.147095 
110.144348 
110.142517 
110.141602 
110.140686 
110.139160 
110.137024 
110.135498 
110.133362 
110.131531 
110.129700 
110.127869 
110.126343 
110.124817 
110.123291 
110.121765 
110.120239 
110.119324 
110.118408 
110.117798 
110.117188 
110.116577 
110.114746 
110.113220 
110.111694 
110.110168 
110.109558 
110.108643 
110.108643 
110.108643 
110.108337 
110.108337 
110.108032 
110.108032 
110.108032 
110.107422 
110.107727 
110.107422 
110.106812 
110.106812 
110.106506 
110.105896 
110.106506 
110.107422 
110.108032 
110.108948 
110.108948 
110.108948 
110.108643 
110.108643 
110.108337 
110.107727 
110.108337 
110.107727 
110.108643 
110.108337 
110.108337 
110.108337 
110.108948 
110.109253 
110.109558 
110.109863 
110.109558 
110.108032 
110.107422 
110.107422 
110.107117 
110.107727 
110.107727 
110.107727 
110.108032 
110.108337 
110.108337 
110.108337 
110.108643 
110.108337 
110.108643 
110.108337 
110.108032 
110.108032 
110.107727 
110.107422 
110.107422 
110.108643 
110.109863 
110.110474 
110.110474 
110.110168 
110.110168 
110.109863 
110.109863 
110.109558 
110.109863 
110.109558 
110.109558 
110.109863 
110.109558 
110.109863 
110.109863 
110.110474 
110.110168 
110.111084 
110.110779 
110.109253 
110.108337 
110.108337 
110.108337 
110.108337 
110.108337 
110.108948 
110.108643 
110.108948 
110.109558 
110.108948 
110.109253 
110.108948 
110.108948 
110.108948 
110.108643 
110.108643 
110.108337 
110.107727 
110.108032 
110.109253 
110.109863 
110.111084 
110.110779 
