Blum, K. P., D’Incamps, B. L., Zytnicki, D., & Ting, L. H. (2017).
Force encoding in muscle spindles during stretch of
passive muscle. PLoS computational biology, 13(9), 
e1005767. <https://journals.plos.org/ploscompbiol/article?
id=10.1371/journal.pcbi.1005767>

cat medial gastrocnemius muscle lengths over t  (in 0.0005 s increments)
110.104675 
110.105286 
110.105286 
110.105591 
110.105896 
110.106506 
110.105896 
110.105591 
110.105896 
110.105591 
110.105591 
110.105286 
110.105286 
110.104980 
110.104980 
110.104980 
110.105591 
110.106812 
110.107117 
110.107117 
110.106812 
110.107117 
110.106812 
110.106812 
110.106506 
110.106506 
110.106201 
110.106201 
110.105896 
110.105896 
110.106812 
110.106812 
110.106506 
110.106812 
110.107422 
110.107117 
110.106201 
110.104980 
110.104675 
110.104980 
110.104980 
110.104980 
110.105591 
110.105896 
110.106201 
110.106201 
110.105896 
110.106201 
110.105896 
110.105896 
110.105896 
110.105286 
110.104980 
110.104980 
110.104675 
110.104980 
110.105591 
110.106812 
110.107117 
110.107422 
110.107422 
110.107422 
110.106812 
110.106506 
110.106506 
110.106201 
110.106201 
110.106812 
110.106506 
110.107117 
110.106506 
110.106506 
110.107117 
110.107117 
110.106812 
110.106812 
110.105896 
110.104675 
110.104980 
110.104675 
110.104980 
110.104980 
110.106201 
110.105896 
110.105591 
110.106201 
110.106201 
110.105896 
110.105896 
110.105896 
110.105591 
110.105896 
110.105286 
110.104675 
110.104980 
110.104675 
110.105591 
110.106812 
110.106812 
110.107422 
110.107117 
110.107422 
110.106812 
110.106506 
110.106812 
110.106201 
110.106812 
110.107117 
110.107727 
110.108643 
110.110168 
110.110779 
110.112000 
110.114136 
110.115967 
110.117188 
110.117798 
110.118713 
110.119934 
110.121460 
110.123901 
110.126038 
110.128784 
110.130615 
110.133362 
110.135498 
110.138550 
110.140381 
110.142517 
110.144958 
110.147400 
110.149231 
110.151672 
110.153503 
110.155945 
110.158691 
110.162048 
110.165405 
110.168457 
110.171204 
110.174255 
110.176392 
110.178833 
110.181274 
110.183105 
110.185547 
110.187988 
110.190735 
110.193481 
110.196228 
110.199280 
110.202026 
110.205078 
110.207825 
110.210571 
110.213013 
110.214844 
110.216675 
110.219116 
110.221558 
110.224609 
110.227356 
110.230408 
110.233459 
110.236511 
110.239868 
110.242004 
110.245056 
110.247803 
110.250244 
110.252686 
110.254822 
110.257568 
110.260315 
110.262756 
110.265503 
110.269165 
110.272522 
110.275879 
110.278931 
110.281982 
110.284729 
110.286865 
110.289307 
110.291748 
110.293884 
110.296936 
110.299683 
110.302124 
110.304871 
110.307922 
110.310364 
110.313416 
110.316467 
110.319214 
110.321350 
110.323181 
110.325012 
110.326843 
110.329895 
110.332336 
110.335083 
110.338135 
110.341187 
110.343933 
110.346985 
110.349121 
110.351563 
110.354614 
110.357056 
110.359192 
110.361938 
110.364380 
110.366211 
110.368958 
110.371704 
110.375061 
110.378418 
110.381775 
110.384216 
110.386658 
110.389404 
110.391846 
110.393677 
110.396118 
110.398254 
110.401001 
110.403442 
110.406189 
110.408630 
110.411377 
110.413513 
110.416565 
110.419312 
110.422363 
110.424194 
110.425720 
110.427551 
110.429688 
110.431824 
110.435181 
110.437622 
110.440369 
110.443115 
110.446167 
110.448608 
110.451050 
110.453796 
110.456238 
110.458984 
110.461121 
110.463562 
110.465698 
110.467834 
110.470276 
110.473022 
110.476379 
110.480042 
110.483093 
110.485840 
110.488892 
110.490723 
110.493469 
110.495300 
110.497742 
110.500183 
110.502930 
110.504761 
110.507813 
110.510254 
110.513000 
110.515747 
110.518799 
110.520935 
110.523682 
110.526123 
110.528259 
110.529785 
110.531921 
110.534363 
110.537415 
110.540161 
110.542603 
110.545654 
110.548706 
110.551453 
110.554504 
110.556641 
110.559082 
110.561523 
110.563965 
110.566406 
110.568542 
110.570984 
110.573120 
110.575867 
110.579224 
110.582581 
110.585632 
110.588684 
110.591125 
110.593567 
110.596008 
110.598145 
110.600586 
110.603027 
110.605164 
110.607910 
110.610352 
110.613098 
110.615540 
110.618286 
110.621033 
110.624084 
110.626526 
110.629272 
110.630493 
110.632019 
110.635071 
110.636902 
110.639648 
110.642395 
110.645447 
110.647888 
110.650940 
110.653992 
110.656128 
110.658569 
110.661011 
110.663757 
110.665894 
110.668640 
110.670166 
110.672607 
110.675049 
110.678101 
110.681458 
110.685120 
110.688171 
110.690918 
110.693359 
110.695801 
110.698242 
110.700378 
110.702209 
110.704956 
110.707703 
110.710144 
110.712585 
110.715332 
110.718384 
110.720825 
110.723572 
110.726318 
110.729065 
110.731201 
110.733337 
110.734863 
110.736694 
110.739441 
110.741882 
110.744629 
110.747986 
110.750427 
110.753174 
110.756226 
110.758667 
110.761108 
110.763855 
110.766602 
110.768738 
110.770569 
110.773315 
110.775452 
110.777893 
110.780334 
110.783997 
110.787659 
110.790710 
110.793457 
110.795898 
110.798645 
110.800781 
110.802917 
110.805359 
110.807495 
110.810242 
110.812683 
110.815125 
110.818481 
110.820923 
110.823364 
110.825806 
110.828857 
110.831299 
110.833740 
110.835571 
110.837402 
110.838928 
110.841980 
110.844727 
110.847168 
110.849915 
110.852966 
110.856018 
110.858765 
110.861816 
110.863953 
110.866699 
110.869141 
110.871582 
110.873413 
110.876160 
110.878296 
110.880737 
110.883484 
110.886841 
110.890198 
110.893555 
110.895996 
110.898743 
110.901489 
110.903625 
110.905762 
110.908203 
110.910339 
110.913086 
110.915833 
110.918579 
110.920715 
110.923767 
110.926208 
110.928955 
110.931702 
110.934448 
110.937195 
110.938416 
110.940552 
110.942688 
110.945129 
110.947571 
110.950317 
110.953064 
110.956116 
110.958862 
110.961609 
110.964050 
110.966187 
110.969238 
110.971680 
110.973816 
110.976257 
110.978394 
110.981140 
110.983276 
110.986023 
110.989990 
110.992737 
110.995789 
110.998840 
111.001282 
111.003723 
111.005554 
111.007996 
111.010437 
111.012878 
111.015320 
111.018372 
111.020813 
111.022949 
111.026001 
111.029053 
111.031494 
111.034241 
111.036987 
111.039429 
111.040649 
111.042480 
111.044922 
111.047668 
111.050110 
111.052551 
111.055603 
111.058350 
111.061401 
111.064453 
111.066589 
111.069031 
111.071777 
111.073914 
111.076050 
111.078796 
111.080933 
111.083679 
111.085510 
111.088257 
111.091919 
111.095581 
111.098633 
111.100769 
111.103821 
111.105957 
111.108093 
111.110535 
111.113281 
111.115112 
111.118164 
111.119995 
111.123047 
111.125793 
111.128235 
111.130981 
111.133728 
111.136780 
111.139526 
111.141357 
111.143188 
111.145020 
111.147156 
111.149902 
111.152954 
111.155396 
111.158142 
111.161194 
111.163635 
111.166687 
111.168823 
111.171570 
111.174316 
111.176758 
111.179199 
111.181946 
111.183777 
111.186218 
111.188965 
111.191406 
111.195374 
111.198730 
111.201477 
111.204224 
111.206970 
111.209106 
111.211243 
111.213989 
111.215820 
111.218262 
111.221008 
111.223755 
111.226196 
111.228638 
111.231384 
111.234436 
111.236572 
111.239624 
111.242676 
111.244812 
111.246338 
111.248169 
111.250000 
111.253052 
111.255798 
111.257935 
111.261597 
111.264038 
111.266785 
111.269531 
111.272278 
111.274414 
111.276855 
111.279907 
111.282043 
111.284180 
111.286621 
111.288757 
111.290894 
111.294250 
111.297302 
111.300659 
111.303711 
111.306763 
111.309509 
111.311646 
111.313782 
111.316223 
111.318359 
111.320801 
111.323547 
111.325684 
111.328430 
111.331482 
111.333923 
111.336670 
111.339722 
111.342468 
111.345520 
111.347656 
111.349487 
111.351013 
111.352539 
111.355896 
111.358337 
111.360779 
111.363831 
111.366882 
111.369324 
111.371765 
111.374512 
111.377258 
111.380005 
111.382141 
111.384583 
111.386719 
111.388855 
111.391602 
111.393433 
111.396790 
111.399841 
111.403198 
111.406555 
111.408691 
111.411743 
111.414185 
111.416016 
111.418762 
111.420593 
111.423340 
111.426086 
111.428223 
111.431274 
111.433716 
111.436157 
111.438904 
111.441650 
111.444702 
111.447449 
111.449585 
111.451111 
111.452942 
111.455078 
111.457825 
111.460876 
111.463013 
111.465759 
111.468811 
111.471558 
111.473999 
111.476746 
111.479492 
111.481934 
111.484375 
111.486511 
111.489258 
111.491394 
111.493835 
111.496277 
111.499023 
111.502686 
111.506042 
111.508789 
111.511841 
111.514282 
111.516724 
111.518860 
111.521301 
111.523438 
111.525574 
111.528625 
111.531067 
111.533813 
111.536255 
111.539001 
111.541748 
111.544495 
111.547241 
111.549988 
111.552124 
111.554260 
111.555786 
111.557312 
111.560669 
111.563110 
111.566162 
111.568909 
111.571350 
111.574097 
111.576843 
111.579285 
111.582336 
111.584778 
111.586609 
111.589355 
111.592102 
111.594543 
111.596069 
111.598816 
111.601257 
111.604919 
111.608582 
111.611328 
111.614685 
111.616821 
111.618958 
111.621399 
111.623535 
111.625977 
111.628418 
111.630554 
111.633606 
111.636047 
111.638794 
111.641541 
111.644287 
111.647034 
111.650085 
111.652527 
111.654968 
111.656494 
111.658020 
111.660461 
111.662903 
111.665649 
111.668701 
111.671143 
111.674500 
111.676941 
111.679993 
111.682129 
111.684570 
111.687317 
111.689758 
111.691895 
111.694641 
111.696472 
111.698608 
111.701660 
111.704102 
111.707458 
111.711121 
111.713867 
111.716614 
111.719360 
111.722107 
111.723633 
111.726074 
111.728516 
111.730652 
111.733093 
111.735840 
111.738281 
111.741028 
111.743774 
111.746521 
111.749268 
111.752014 
111.754761 
111.757202 
111.758423 
111.760254 
111.762695 
111.765137 
111.768188 
111.770630 
111.773376 
111.776428 
111.778870 
111.781616 
111.784363 
111.786499 
111.789246 
111.791992 
111.794128 
111.796875 
111.798706 
111.801453 
111.803589 
111.806335 
111.810608 
111.813660 
111.816711 
111.819458 
111.821899 
111.824341 
111.826477 
111.828918 
111.831055 
111.833496 
111.836243 
111.838684 
111.841125 
111.844177 
111.846313 
111.849060 
111.851807 
111.854858 
111.857300 
111.859741 
111.860962 
111.863098 
111.865234 
111.867981 
111.870728 
111.873474 
111.876221 
111.878967 
111.881714 
111.884766 
111.886902 
111.889954 
111.892090 
111.894531 
111.896973 
111.898804 
111.901550 
111.903687 
111.905823 
111.908875 
111.912231 
111.915894 
111.918945 
111.921997 
111.924744 
111.926880 
111.929016 
111.931458 
111.933289 
111.936035 
111.938477 
111.940918 
111.943970 
111.946106 
111.948547 
111.951599 
111.954041 
111.957092 
111.959839 
111.962280 
111.963806 
111.965637 
111.967773 
111.970215 
111.972961 
111.976318 
111.978760 
111.981812 
111.984253 
111.987000 
111.989746 
111.992188 
111.994934 
111.997375 
111.999512 
112.001953 
112.004089 
112.006226 
112.008972 
112.011108 
112.015076 
112.018738 
112.021484 
112.024231 
112.026978 
112.029114 
112.031555 
112.033386 
112.036133 
112.038269 
112.041016 
112.043457 
112.045898 
112.048950 
112.051697 
112.053833 
112.057190 
112.059631 
112.062073 
112.064819 
112.066040 
112.067871 
112.070313 
112.073059 
112.075195 
112.078552 
112.081299 
112.083740 
112.086487 
112.089539 
112.091675 
112.094421 
112.097168 
112.099304 
112.101746 
112.104492 
112.106323 
112.109070 
112.110901 
112.114563 
112.117920 
112.121277 
112.123718 
112.126770 
112.129211 
112.131958 
112.134094 
112.136230 
112.138672 
112.141113 
112.143555 
112.146301 
112.148743 
112.151489 
112.153931 
112.156677 
112.159119 
112.162476 
112.164917 
112.167053 
112.168884 
112.170410 
112.172546 
112.175598 
112.178040 
112.180481 
112.183228 
112.186890 
112.189331 
112.191772 
112.194519 
112.196960 
112.199402 
112.201843 
112.204590 
112.207031 
112.208862 
112.210999 
112.213440 
112.216797 
112.220154 
112.223206 
112.226257 
112.229309 
112.232056 
112.234192 
112.236023 
112.238464 
112.240906 
112.243042 
112.245483 
112.248535 
112.250977 
112.253723 
112.256470 
112.258301 
112.261658 
112.264404 
112.267151 
112.269592 
112.270813 
112.273254 
112.275391 
112.278137 
112.280884 
112.283020 
112.286072 
112.289124 
112.291870 
112.294006 
112.297058 
112.299500 
112.301941 
112.304382 
112.307129 
112.308960 
112.311401 
112.313843 
112.316284 
112.318726 
112.322693 
112.326050 
112.328796 
112.331848 
112.334290 
112.336731 
112.338867 
112.341309 
112.343445 
112.345581 
112.348328 
112.351074 
112.353821 
112.356262 
112.358704 
112.361450 
112.364502 
112.366943 
112.369690 
112.371826 
112.373352 
112.375183 
112.377625 
112.380066 
112.382813 
112.385559 
112.388916 
112.391357 
112.393799 
112.396545 
112.399292 
112.401428 
112.403564 
112.406616 
112.409058 
112.411499 
112.413940 
112.416382 
112.418213 
112.421265 
112.425232 
112.428589 
112.431030 
112.434692 
112.437134 
112.439270 
112.441406 
112.443848 
112.445679 
112.448425 
112.451172 
112.453613 
112.456055 
112.458801 
112.461243 
112.464294 
112.466736 
112.469788 
112.471924 
112.474976 
112.476196 
112.477722 
112.480469 
112.482910 
112.485657 
112.488403 
112.490845 
112.493896 
112.496643 
112.499390 
112.501831 
112.504272 
112.507324 
112.509155 
112.511902 
112.514343 
112.516479 
112.518311 
112.521362 
112.524109 
112.527771 
112.531128 
112.533875 
112.536926 
112.539368 
112.541504 
112.543640 
112.546387 
112.548523 
112.550354 
112.553406 
112.555847 
112.558289 
112.561340 
112.563171 
112.566223 
112.568970 
112.571716 
112.574463 
112.576599 
112.578430 
112.580261 
112.582397 
112.586060 
112.588196 
112.590942 
112.594299 
112.596436 
112.599182 
112.601929 
112.604675 
112.606812 
112.609558 
112.612000 
112.614441 
112.616577 
112.619019 
112.621155 
112.623596 
112.626648 
112.630005 
112.633362 
112.636719 
112.639465 
112.641602 
112.644043 
112.646790 
112.648621 
112.650757 
112.653809 
112.655640 
112.658997 
112.661133 
112.663879 
112.666321 
112.669373 
112.671814 
112.674561 
112.677612 
112.679443 
112.680969 
112.682800 
112.684937 
112.688293 
112.691040 
112.693176 
112.695618 
112.699280 
112.701416 
112.704773 
112.706909 
112.709351 
112.712097 
112.714539 
112.716980 
112.719116 
112.720947 
112.723999 
112.726135 
112.728882 
112.732544 
112.736206 
112.738647 
112.742004 
112.744446 
112.746582 
112.749023 
112.751160 
112.753601 
112.756042 
112.758484 
112.760925 
112.763672 
112.766113 
112.769165 
112.771606 
112.774048 
112.777405 
112.779846 
112.782288 
112.783813 
112.785034 
112.787781 
112.790222 
112.792969 
112.795410 
112.798462 
112.801514 
112.803955 
112.806702 
112.809143 
112.811890 
112.814331 
112.816772 
112.819214 
112.821655 
112.823792 
112.825928 
112.828369 
112.831726 
112.834778 
112.838135 
112.841492 
112.843933 
112.846375 
112.848816 
112.851257 
112.853699 
112.855835 
112.857971 
112.860718 
112.863464 
112.865906 
112.868652 
112.871399 
112.873535 
112.876587 
112.879333 
112.882080 
112.883911 
112.885742 
112.887573 
112.889709 
112.892761 
112.895203 
112.898254 
112.901001 
112.904053 
112.906799 
112.908936 
112.911682 
112.914124 
112.916565 
112.919312 
112.921448 
112.923889 
112.926331 
112.928467 
112.930603 
112.933655 
112.937622 
112.940674 
112.943726 
112.947083 
112.948608 
112.951660 
112.953491 
112.955627 
112.958069 
112.960815 
112.963257 
112.966003 
112.968445 
112.971191 
112.974548 
112.976685 
112.979126 
112.982178 
112.984924 
112.987061 
112.988281 
112.990112 
112.992859 
112.994995 
112.998047 
113.000488 
113.003235 
113.005981 
113.008728 
113.011475 
113.013916 
113.016357 
113.018799 
113.021545 
113.023987 
113.026123 
113.028870 
113.030701 
113.033142 
113.036194 
113.039551 
113.043213 
113.045959 
113.049011 
113.051453 
113.053894 
113.056641 
113.058472 
113.060913 
113.063049 
113.066101 
113.068542 
113.070984 
113.073425 
113.076477 
113.079224 
113.081665 
113.084717 
113.087463 
113.089600 
113.090820 
113.092651 
113.094788 
113.097534 
113.100586 
113.103333 
113.105774 
113.109131 
113.111572 
113.114014 
113.116455 
113.119507 
113.121338 
113.123779 
113.126526 
113.128662 
113.131409 
113.133545 
113.135986 
113.138733 
113.142090 
113.145752 
113.148499 
113.151245 
113.153687 
113.155823 
113.158264 
113.160706 
113.163452 
113.165283 
113.167725 
113.169556 
113.172302 
113.173828 
113.175659 
113.177490 
113.179626 
113.180847 
113.182678 
113.183289 
113.183289 
113.183289 
113.184814 
113.185730 
113.186951 
113.187561 
113.189087 
113.189697 
113.190308 
113.190918 
113.191833 
113.191833 
113.192749 
113.192749 
113.192749 
113.193359 
113.192749 
113.193054 
113.193054 
113.193359 
113.194580 
113.195801 
113.196106 
113.196411 
113.196716 
113.196106 
113.195496 
113.196411 
113.195801 
113.195801 
113.195801 
113.195801 
113.195801 
113.195801 
113.195801 
113.195496 
113.196106 
113.196106 
113.196106 
113.195496 
113.194580 
113.193359 
113.193359 
113.193359 
113.193359 
113.193054 
113.193359 
113.193665 
113.193665 
113.193359 
113.193054 
113.192749 
113.192749 
113.192749 
113.191528 
113.191528 
113.191528 
113.190613 
113.190613 
113.190918 
113.191833 
113.192444 
113.192749 
113.192749 
113.192444 
113.192444 
113.191833 
113.190918 
113.191223 
113.190918 
113.191528 
113.191833 
113.190613 
113.191223 
113.191223 
113.190918 
113.191528 
113.191223 
113.191528 
113.190613 
113.189697 
113.189392 
113.189087 
113.189087 
113.188782 
113.189087 
113.189697 
113.189697 
113.189697 
113.190002 
113.189697 
113.190002 
113.189697 
113.189697 
113.189697 
113.189087 
113.189087 
113.188782 
113.188782 
113.189392 
113.190308 
113.191223 
113.191528 
113.191223 
113.191528 
113.190918 
113.191223 
113.190613 
113.190918 
113.190918 
113.190613 
113.190613 
113.190918 
113.190613 
113.190918 
113.191223 
113.191528 
113.191833 
113.192139 
113.191528 
113.190308 
113.189392 
113.189392 
113.189392 
113.190308 
113.189697 
113.190613 
113.190918 
113.190308 
113.190918 
113.190613 
113.190613 
113.190918 
113.190308 
113.190918 
113.190308 
113.189697 
113.189697 
113.189697 
113.190002 
113.190613 
113.191833 
113.191833 
113.192139 
113.192139 
113.191528 
113.190918 
113.191223 
113.190918 
113.190918 
113.190918 
113.190613 
113.190613 
113.190613 
113.191223 
113.190308 
113.191223 
113.191528 
113.190918 
113.190918 
113.189697 
113.189087 
113.188782 
113.188782 
113.188782 
113.188782 
113.189392 
113.189392 
113.189087 
113.189697 
113.189087 
113.189697 
113.189087 
113.189087 
113.188782 
113.189087 
113.188477 
113.187866 
113.187866 
113.188477 
113.189087 
113.190002 
113.190613 
113.190613 
113.190002 
113.190308 
113.189392 
113.189392 
113.189392 
113.189392 
113.189087 
113.189087 
113.189392 
113.189087 
113.189087 
113.189392 
113.189392 
113.189392 
113.190002 
113.189697 
113.188782 
113.187866 
113.187561 
113.188171 
113.187866 
113.187866 
113.188171 
113.188782 
113.188782 
113.188477 
113.188782 
113.188782 
113.188477 
113.189087 
113.188782 
113.188171 
113.187561 
113.187866 
113.187561 
113.188171 
113.189392 
113.190002 
113.190308 
113.190308 
113.190308 
113.190308 
113.190002 
113.190002 
113.189697 
113.190002 
113.190002 
113.189697 
113.190002 
113.190002 
113.190002 
113.190002 
113.190308 
113.190613 
113.190918 
113.190002 
113.189697 
113.188782 
113.188477 
113.189087 
113.189087 
113.189392 
113.189392 
113.189697 
113.190002 
113.190002 
113.189392 
113.189697 
113.189392 
113.189392 
113.189392 
113.189392 
113.188782 
113.188477 
113.188782 
113.188477 
113.190308 
113.191223 
113.190308 
113.190918 
113.190918 
113.190308 
113.190918 
113.190002 
113.189697 
113.190002 
113.190308 
113.190002 
113.190002 
113.190308 
113.190308 
113.190308 
113.190308 
113.190918 
113.190918 
113.190002 
113.189392 
113.188477 
113.188171 
113.188782 
113.188171 
113.188782 
113.188782 
113.188782 
113.188782 
113.189392 
113.189087 
113.188782 
113.189087 
113.188782 
113.188477 
113.188782 
113.188171 
113.187866 
113.187866 
113.187866 
113.189087 
113.190002 
113.189697 
113.189697 
113.190002 
113.189697 
113.189697 
113.189392 
113.189087 
113.189087 
113.188782 
113.189392 
113.189087 
113.189087 
113.189087 
113.189392 
113.189087 
113.190002 
113.189697 
113.189087 
113.188782 
113.187866 
113.187561 
113.187866 
113.188171 
113.187866 
113.188477 
113.188782 
113.188782 
113.188477 
113.188477 
113.188477 
113.188477 
113.188171 
113.188782 
113.187866 
113.187561 
113.187561 
113.187256 
113.187866 
113.189087 
113.189392 
113.190002 
113.190308 
113.190308 
113.190002 
113.190002 
113.189392 
113.189392 
113.189392 
113.189697 
113.189697 
113.189697 
113.189087 
113.189697 
113.189392 
113.190002 
113.190308 
113.190308 
113.189697 
113.188782 
113.188171 
113.188171 
113.188477 
113.188477 
113.188782 
113.189087 
113.189087 
113.189087 
113.189392 
113.189392 
113.189392 
113.189087 
113.189392 
113.188782 
113.188782 
113.188477 
113.188171 
113.188171 
113.188477 
113.189697 
113.190308 
113.190308 
113.190918 
113.190613 
113.190308 
113.190002 
113.189697 
113.189392 
113.190002 
113.189697 
113.189392 
113.189697 
113.189697 
113.189697 
113.190002 
113.190002 
113.190613 
113.190308 
113.189697 
113.188782 
113.187866 
113.187866 
113.188477 
113.188171 
113.188477 
113.188477 
113.188477 
113.188782 
113.188782 
113.188782 
113.188782 
113.188477 
113.188477 
113.188171 
113.188477 
113.187866 
113.187561 
113.187256 
113.187866 
113.189087 
113.189392 
113.189392 
113.190002 
113.190308 
113.189697 
113.189392 
113.189392 
113.189087 
113.189392 
113.189392 
113.189087 
113.188782 
113.188782 
113.189087 
113.189392 
113.189392 
113.189697 
113.189392 
113.189392 
113.188171 
113.187561 
113.187561 
113.187866 
113.187866 
113.188171 
113.188477 
113.188171 
113.188782 
113.188477 
113.188477 
113.188782 
113.188171 
113.188171 
113.187866 
113.188171 
113.187561 
113.187561 
113.187561 
113.187866 
113.188782 
113.189697 
113.190002 
113.190308 
113.190002 
113.189697 
113.189392 
113.189087 
113.189087 
113.189087 
113.189392 
113.189392 
113.189392 
113.189392 
113.189392 
113.189697 
113.190002 
113.190002 
113.190002 
113.189392 
113.188477 
113.187866 
113.188171 
113.188477 
113.188477 
113.188782 
113.188477 
113.188782 
113.189087 
113.189087 
113.188782 
113.188782 
113.189087 
113.189087 
113.188477 
113.188782 
113.188171 
113.188171 
113.187561 
113.188477 
113.189087 
113.189697 
113.190002 
113.190308 
113.190308 
113.190308 
113.189697 
113.189697 
113.189392 
113.189087 
113.189392 
113.189392 
113.189087 
113.189697 
113.189697 
113.189087 
113.189392 
113.190002 
113.190308 
113.189697 
113.188477 
113.187866 
113.187561 
113.187866 
113.188171 
113.188782 
113.188171 
113.188782 
113.188782 
113.188782 
113.188477 
113.188171 
113.188171 
113.188782 
113.188477 
113.187866 
113.187256 
113.187561 
113.187256 
113.187561 
113.189392 
113.189697 
113.189392 
113.190002 
113.189697 
113.189392 
113.189392 
113.189087 
113.188782 
113.189087 
113.188782 
113.189087 
113.188782 
113.188782 
113.188782 
113.189087 
113.189697 
113.189392 
113.190002 
113.189087 
113.187866 
113.187256 
113.186951 
113.187561 
113.187561 
113.188171 
113.188477 
113.188477 
113.188782 
113.188171 
113.187866 
113.188477 
113.188171 
113.188171 
113.188171 
113.187866 
113.187866 
113.186951 
113.187256 
113.187866 
113.188782 
113.189392 
113.190002 
113.190002 
113.190308 
113.189697 
113.189392 
113.189087 
113.189087 
113.189087 
113.189087 
113.189392 
113.189087 
113.189087 
113.189392 
113.189392 
113.189697 
113.190002 
113.189697 
113.189392 
113.188477 
113.187866 
113.187561 
113.188171 
113.188171 
113.188171 
113.188782 
113.188782 
113.188782 
113.189087 
113.188477 
113.188477 
113.189087 
113.188477 
113.188782 
113.188171 
113.187866 
113.187561 
113.187256 
113.188171 
113.189087 
113.189392 
113.190308 
113.190002 
113.190002 
113.190308 
113.189697 
113.189392 
113.189087 
113.189087 
113.189087 
113.189392 
113.189087 
113.189087 
113.189697 
113.189392 
113.189697 
113.190002 
113.190002 
113.189392 
113.188477 
113.187561 
113.187561 
113.188171 
113.188171 
113.187866 
113.188171 
113.188477 
113.188782 
113.188782 
113.188782 
113.188477 
113.188171 
113.188477 
113.188171 
113.187866 
113.187561 
113.187256 
113.186951 
113.188171 
113.188477 
113.189392 
113.189697 
113.190002 
113.189392 
113.189087 
113.189392 
113.189087 
113.188782 
113.188477 
113.188782 
113.188782 
113.188782 
113.189087 
113.189087 
113.188782 
113.189087 
113.189697 
113.190002 
113.189087 
113.188171 
113.187561 
113.187256 
113.187866 
113.187561 
113.187866 
113.187866 
113.188477 
113.188782 
113.188477 
113.188477 
113.188782 
113.188171 
113.188171 
113.188477 
113.188171 
113.187866 
113.186951 
113.187866 
113.187561 
113.188477 
113.189392 
113.190002 
113.190002 
113.190002 
113.189697 
113.188782 
113.189087 
113.188782 
113.189087 
113.189087 
113.188782 
113.188782 
113.189392 
113.189392 
113.189087 
113.189697 
113.190002 
113.189697 
113.189087 
113.188477 
113.187866 
113.187866 
113.187866 
113.187866 
113.188171 
113.188477 
113.188782 
113.188782 
113.188782 
113.188782 
113.188782 
113.188782 
113.188477 
113.188477 
113.187866 
113.187866 
113.187561 
113.187561 
113.188171 
113.189087 
113.189392 
113.190002 
113.189697 
113.189697 
113.189392 
113.189087 
113.189087 
113.189087 
113.189087 
113.188782 
113.189087 
113.189087 
113.188782 
113.188782 
113.189392 
113.189392 
113.190002 
113.190002 
113.189392 
113.187866 
113.187256 
113.187256 
113.187561 
113.187561 
113.187866 
113.188171 
113.188171 
113.188782 
113.188171 
113.188477 
113.188477 
113.188477 
113.188171 
113.187866 
113.187866 
113.187561 
113.187561 
113.187256 
113.188171 
113.189392 
113.189392 
113.189697 
113.190002 
113.189697 
113.189087 
113.189087 
113.188782 
113.189087 
113.188782 
113.189087 
113.188477 
113.188782 
113.189087 
113.188477 
113.189392 
113.188782 
113.189392 
113.189697 
113.189087 
113.187866 
113.187561 
113.186951 
113.187561 
113.187866 
113.187866 
113.188171 
113.188477 
113.188477 
113.188477 
113.188171 
113.188477 
113.188477 
113.188171 
113.187866 
113.187866 
113.187256 
113.186951 
113.187561 
113.187561 
113.189087 
113.189697 
113.189392 
113.190308 
113.189697 
113.189697 
113.189392 
113.189392 
113.188782 
113.189087 
113.189087 
113.188782 
113.188782 
113.189087 
113.189392 
113.188782 
113.189697 
113.189697 
113.189697 
113.188782 
113.188171 
113.187561 
113.186951 
113.187866 
113.187866 
113.187866 
113.188782 
113.188477 
113.188477 
113.188782 
113.188171 
113.188782 
113.188782 
113.188477 
113.187866 
113.187866 
113.187866 
113.187561 
113.187561 
113.188171 
113.188477 
113.189087 
113.189697 
113.190002 
113.190308 
113.189697 
113.189392 
113.189392 
113.189087 
113.189087 
113.188477 
113.188782 
113.189392 
113.189087 
113.188782 
113.188782 
113.189087 
113.189392 
113.189697 
113.189087 
113.188171 
113.187561 
113.186951 
113.187866 
113.188171 
113.187866 
113.188171 
113.188171 
113.188477 
113.188477 
113.188171 
113.188477 
113.188171 
113.188171 
113.187866 
113.187561 
113.187256 
113.187561 
113.187256 
113.187866 
113.189087 
113.189087 
113.189697 
113.190002 
113.189697 
113.189392 
113.189087 
113.188782 
113.188782 
113.188782 
113.189087 
113.188477 
113.188782 
113.188782 
113.189087 
113.188782 
113.189392 
113.189392 
113.189697 
113.188782 
113.188171 
113.187561 
113.187256 
113.187866 
113.187866 
113.188171 
113.188171 
113.188477 
113.188782 
113.188171 
113.188171 
113.188477 
113.188477 
113.187866 
113.188477 
113.188171 
113.187561 
113.187256 
113.187256 
113.187866 
113.189392 
113.189697 
113.189392 
113.189697 
113.189392 
113.189392 
113.188782 
113.188782 
113.188782 
113.188782 
113.189087 
113.188782 
113.189087 
113.189392 
113.188782 
113.189392 
113.189392 
113.190002 
113.190002 
113.189392 
113.188171 
113.187256 
113.187561 
113.187561 
113.187866 
113.187866 
113.188171 
113.188171 
113.188477 
113.188477 
113.188171 
113.188782 
113.188171 
113.188477 
113.187866 
113.187866 
113.187866 
113.187256 
113.187561 
113.188171 
113.188477 
113.189697 
113.189697 
113.190308 
113.189697 
113.189392 
113.189392 
113.189087 
113.189087 
113.189087 
113.188782 
113.188782 
113.188477 
113.188477 
113.189087 
113.189392 
113.189697 
113.189697 
113.189697 
113.188782 
113.187866 
113.187561 
113.186951 
113.187561 
113.187866 
113.187866 
113.187866 
113.188171 
113.188477 
113.188477 
113.188171 
113.188171 
113.187866 
113.188171 
113.187866 
113.187561 
113.187256 
113.186951 
113.187256 
113.187866 
113.188782 
113.189392 
113.189392 
113.189392 
113.189392 
113.189087 
113.189087 
113.188782 
113.188477 
113.189087 
113.188782 
113.188477 
113.188782 
113.188782 
113.189087 
113.189087 
113.188782 
113.189392 
113.189392 
113.189087 
113.188171 
113.187561 
113.187256 
113.187561 
113.187561 
113.188171 
113.188171 
113.188171 
113.188782 
113.188477 
113.188477 
113.188171 
113.188477 
113.187866 
113.188477 
113.187866 
113.187866 
113.187256 
113.187256 
113.188171 
113.188782 
113.189392 
113.189697 
113.189697 
113.189697 
113.189087 
113.189392 
113.189392 
113.188477 
113.188782 
113.188782 
113.188782 
113.188782 
113.189087 
113.189087 
113.189392 
113.189697 
113.189697 
113.190002 
113.189087 
113.188171 
113.187561 
113.187256 
113.188477 
113.187561 
113.188171 
113.188171 
113.188171 
113.188782 
113.188477 
113.188477 
113.188477 
113.188477 
113.188477 
113.187866 
113.187866 
113.187561 
113.187256 
113.187561 
113.188171 
113.188782 
113.189392 
113.189697 
113.189697 
113.189392 
113.189697 
113.189087 
113.189087 
113.188782 
113.188782 
113.188782 
113.188782 
113.188477 
113.189087 
113.189087 
113.189087 
113.189087 
113.189087 
113.189697 
113.188782 
113.188477 
113.187561 
113.187256 
113.187561 
113.188171 
113.187866 
113.187866 
113.188171 
113.187866 
113.188171 
113.188171 
113.188477 
113.187866 
113.187866 
113.188171 
113.187561 
113.187561 
113.187256 
113.187256 
113.187561 
113.188782 
113.189392 
113.189392 
113.189697 
113.189697 
113.189087 
113.188782 
113.189087 
113.188171 
113.189087 
113.188782 
113.188782 
113.189087 
113.189087 
113.189392 
113.188782 
113.189392 
113.189697 
113.189087 
113.189087 
113.187866 
113.186951 
113.187256 
113.187561 
113.187561 
113.188171 
113.188171 
113.188477 
113.188477 
113.188477 
113.188477 
113.188477 
113.188477 
113.188171 
113.187866 
113.187866 
113.187256 
113.186951 
113.187561 
113.188171 
113.188782 
113.189087 
113.189697 
113.189697 
113.189392 
113.189392 
113.188782 
113.188782 
113.188782 
113.189087 
113.189087 
113.188477 
113.188782 
113.188782 
113.188782 
113.189087 
113.189392 
113.189392 
113.189392 
113.188782 
113.187866 
113.187561 
113.187256 
113.187561 
113.187561 
113.187866 
113.187561 
113.188782 
113.188782 
113.187866 
113.188477 
113.187866 
113.188171 
113.188171 
113.188171 
113.187561 
113.187256 
113.186951 
113.187256 
113.187866 
113.189087 
113.189392 
113.189392 
113.189697 
113.189392 
113.189392 
113.189087 
113.188782 
113.188782 
113.189087 
113.188782 
113.188477 
113.188782 
113.188782 
113.189087 
113.189087 
113.189392 
113.189392 
113.189087 
113.188477 
113.187866 
113.187256 
113.186951 
113.186951 
113.187866 
113.187866 
113.188171 
113.187866 
113.188171 
113.188171 
113.188477 
113.188171 
113.188171 
113.187866 
113.188171 
113.187256 
113.186951 
113.187561 
113.186951 
113.187866 
113.188782 
113.189392 
113.189392 
113.189697 
113.189392 
113.188782 
113.188477 
113.188782 
113.188477 
113.188782 
113.188782 
113.188171 
113.188477 
113.188782 
113.189087 
113.189087 
113.189087 
113.189087 
113.189392 
113.189087 
113.187866 
113.187256 
113.187256 
113.187561 
113.187256 
113.188171 
113.188477 
113.187866 
113.188477 
113.188171 
113.188171 
113.188171 
113.188171 
113.188171 
113.187866 
113.187866 
113.187256 
113.187256 
113.187256 
113.187866 
113.188782 
113.189392 
113.189392 
113.189392 
113.190002 
113.189392 
113.189392 
113.189087 
113.189087 
113.188782 
113.188782 
113.189087 
113.188477 
113.188477 
113.189087 
113.189087 
113.189087 
113.189392 
113.190002 
113.188782 
113.188171 
113.187256 
113.187561 
113.188171 
113.187561 
113.187561 
113.188171 
113.188171 
113.188171 
113.188171 
113.188477 
113.188782 
113.188171 
113.188477 
113.187866 
113.187561 
113.187256 
113.187256 
113.186951 
113.187866 
113.189087 
113.189392 
113.189697 
113.189697 
113.189697 
113.189087 
113.189087 
113.189087 
113.188782 
113.188782 
113.188477 
113.188782 
113.188782 
113.189087 
113.188782 
113.188782 
113.189392 
113.189087 
113.189392 
113.188782 
113.187866 
113.187561 
113.187561 
113.187256 
113.187256 
113.187866 
113.187866 
113.187866 
113.188477 
113.188171 
113.188171 
113.188171 
113.188171 
113.187866 
113.187866 
113.187561 
113.187256 
113.186951 
113.187256 
113.188171 
113.188782 
113.189392 
113.189392 
113.189392 
113.189392 
113.188782 
113.188782 
113.188782 
113.188782 
113.188477 
113.188782 
113.189087 
113.188782 
113.188782 
113.188782 
113.188782 
113.189392 
113.189392 
113.189087 
113.188171 
113.187866 
113.186951 
113.186951 
113.187561 
113.187866 
113.187866 
113.188477 
113.188477 
113.188171 
113.188171 
113.188171 
113.188171 
113.188171 
113.187866 
113.187866 
113.187256 
113.187256 
113.187256 
113.187256 
113.187561 
113.189087 
113.189392 
113.189392 
113.189697 
113.189087 
113.189392 
113.188782 
113.188477 
113.188477 
113.188477 
113.188782 
113.188477 
113.188782 
113.188782 
113.188782 
113.189087 
113.189392 
113.190002 
113.189087 
113.188782 
113.188171 
113.187256 
113.187561 
113.187561 
113.187561 
113.188171 
113.187866 
113.188171 
113.188171 
113.188171 
113.188477 
113.188171 
113.188477 
113.187866 
113.187866 
113.187561 
113.187256 
113.186951 
113.187256 
113.187866 
113.188782 
113.189392 
113.189392 
113.189697 
113.189392 
113.189087 
113.189087 
113.189087 
113.188782 
113.188477 
113.188782 
113.189087 
113.188782 
113.188782 
113.189087 
113.189087 
113.189087 
113.189087 
113.189392 
113.188782 
113.187561 
113.186951 
113.186951 
113.187561 
113.187561 
113.187561 
113.187866 
113.188171 
113.188477 
113.188171 
113.188171 
113.188477 
113.188477 
113.188171 
113.187866 
113.187561 
113.187256 
113.187256 
113.187256 
113.187561 
113.188782 
113.189697 
113.189087 
113.189697 
113.189087 
113.189087 
113.188782 
113.189087 
113.188782 
113.188477 
113.188782 
113.189087 
113.188782 
113.188782 
113.189087 
113.188782 
113.188477 
113.189697 
113.189697 
113.188782 
113.187561 
113.186951 
113.187256 
113.187256 
113.187561 
113.187866 
113.187866 
113.188171 
113.188477 
113.188171 
113.188477 
113.188477 
113.188171 
113.188171 
113.188171 
113.187561 
113.186951 
113.186646 
113.187256 
113.187561 
113.188782 
113.189697 
113.189392 
113.189697 
113.189392 
113.189392 
113.189087 
113.189087 
113.188477 
113.188477 
113.188477 
113.188782 
113.188782 
113.188782 
113.188782 
113.188782 
113.189087 
113.189697 
113.189697 
113.188477 
113.187561 
113.187256 
113.187561 
113.187866 
113.187256 
113.187561 
113.188171 
113.188477 
113.188477 
113.188171 
113.188477 
113.187866 
113.188171 
113.188171 
113.187866 
113.187866 
113.187256 
113.186951 
113.186951 
113.187866 
113.189087 
113.189392 
113.189392 
113.189697 
113.189697 
113.189392 
113.189087 
113.188782 
113.188782 
113.188782 
113.188782 
113.188477 
113.188477 
113.189087 
113.188477 
113.189392 
113.189392 
113.189392 
113.189697 
113.188477 
113.187866 
113.187561 
113.186951 
113.187561 
113.187866 
113.187866 
113.188171 
113.188477 
113.188782 
113.188477 
113.188171 
113.188477 
113.188171 
113.187866 
113.187866 
113.187561 
113.187256 
113.187256 
113.187561 
113.187866 
113.188782 
113.189392 
113.189392 
113.190002 
113.189392 
113.189087 
113.189087 
113.189392 
113.188477 
113.188477 
113.188477 
113.188477 
113.188782 
113.188782 
113.189392 
113.189087 
113.189392 
113.190002 
113.189392 
113.188477 
113.187866 
113.186951 
113.187256 
113.187256 
113.187866 
113.187866 
113.188477 
113.188171 
113.188477 
113.188477 
113.188171 
113.188171 
113.188171 
113.187866 
113.187561 
113.187256 
113.186951 
113.187256 
113.187256 
113.188477 
113.189087 
113.189087 
113.189392 
113.190002 
113.189392 
113.189392 
113.189087 
113.189087 
113.188782 
113.188782 
113.188782 
113.188782 
113.188782 
113.188477 
113.188782 
113.189087 
113.189087 
113.189392 
113.189697 
113.188477 
113.187561 
113.187256 
113.186951 
113.187561 
113.187561 
113.187866 
113.187866 
113.188171 
113.188477 
113.188171 
113.188171 
113.188171 
113.188477 
113.188171 
113.187866 
113.187561 
113.186951 
113.186951 
113.187256 
113.187866 
113.188782 
113.189392 
113.189392 
113.189697 
113.189392 
113.189087 
113.189087 
113.188782 
113.188477 
113.188477 
113.188782 
113.189087 
113.188477 
113.188782 
113.188477 
113.189087 
113.189087 
113.189392 
113.189392 
113.188782 
113.187561 
113.186951 
113.187256 
113.187866 
113.187561 
113.188171 
113.187866 
113.188171 
113.188477 
113.187866 
113.188171 
113.188171 
113.187866 
113.187561 
113.187561 
113.187561 
113.187256 
113.186951 
113.187256 
113.187561 
113.188477 
113.189392 
113.189392 
113.189392 
113.189392 
113.189087 
113.188782 
113.188782 
113.188782 
113.188477 
113.188782 
113.188477 
113.188477 
113.188782 
113.188782 
113.188782 
113.188782 
113.189392 
113.189392 
113.188782 
113.187866 
113.187256 
113.186951 
113.187561 
113.187561 
113.187866 
113.187866 
113.187866 
113.187866 
113.188171 
113.188171 
113.188171 
113.188171 
113.187866 
113.187866 
113.187561 
113.187256 
113.186951 
113.186951 
113.188171 
113.188782 
113.189087 
113.189392 
113.189697 
113.189392 
113.189087 
113.189087 
113.188477 
113.188477 
113.189087 
113.188782 
113.188477 
113.189087 
113.189087 
113.189087 
113.189087 
113.189087 
113.189392 
113.189392 
113.188782 
113.187561 
113.186951 
113.186951 
113.187866 
113.187561 
113.187866 
113.187866 
113.188171 
113.188782 
113.187866 
113.188171 
113.188171 
113.188477 
113.187866 
113.187866 
113.187256 
113.186646 
113.187256 
113.186646 
113.187866 
113.189392 
113.189087 
113.189392 
113.189697 
113.189392 
113.188782 
113.188782 
113.188782 
113.188782 
113.188782 
113.189087 
113.188477 
113.188477 
113.188782 
113.188782 
113.189087 
113.189697 
113.189392 
113.189697 
113.188782 
113.187256 
113.187256 
113.187561 
113.187866 
113.187561 
113.187866 
113.188477 
113.188171 
113.188171 
113.188171 
113.187561 
113.188477 
113.188171 
113.187866 
113.188171 
113.187561 
113.186951 
113.186951 
113.187256 
113.188477 
113.188782 
113.189697 
113.189392 
113.189392 
113.189392 
113.189087 
113.189087 
113.188782 
113.188477 
113.189087 
113.188782 
113.188782 
113.188782 
113.188782 
113.189087 
113.189087 
113.189392 
113.190002 
113.189392 
113.188782 
113.187866 
113.187256 
113.187256 
113.187866 
113.187866 
113.187561 
113.187561 
113.188477 
113.188171 
113.187866 
113.188171 
113.187866 
113.187866 
113.188171 
113.187866 
113.187561 
113.186951 
113.186951 
113.186951 
113.187561 
113.189392 
113.189392 
113.189697 
113.189697 
113.189392 
113.189392 
113.188477 
113.188782 
113.188477 
113.188782 
113.188782 
113.188782 
113.188782 
113.189087 
113.188782 
113.189087 
113.189087 
113.189697 
113.189392 
113.188477 
113.187866 
113.187256 
113.187256 
113.187561 
113.187561 
113.188171 
113.188171 
113.188477 
113.188477 
113.187866 
113.188171 
113.188477 
113.187866 
113.188171 
113.187866 
113.187561 
113.186951 
113.186951 
113.187256 
113.188171 
113.188782 
113.189392 
113.189392 
113.189697 
113.189392 
113.189087 
113.189087 
113.189087 
113.188477 
113.188782 
113.189087 
113.188477 
113.188782 
113.189087 
113.189087 
113.188782 
113.189392 
113.189392 
113.189087 
113.188477 
113.187561 
113.187256 
113.187256 
113.187561 
113.187561 
113.187866 
113.187866 
113.188171 
113.188782 
113.188477 
113.187866 
113.188477 
113.188171 
113.187866 
113.187866 
113.187561 
113.187256 
113.186951 
113.187256 
113.188171 
113.189087 
113.189392 
113.189392 
113.189392 
113.189697 
113.189087 
113.189087 
113.188782 
113.188477 
113.188477 
113.188171 
113.187866 
113.187256 
113.186646 
113.186035 
113.185730 
113.184509 
113.183594 
113.182373 
113.180542 
113.178101 
113.175964 
113.174744 
113.173218 
113.171692 
113.170471 
113.168945 
113.167114 
113.165283 
113.163147 
113.161926 
113.158875 
113.157654 
113.155212 
113.152161 
113.150024 
113.147583 
113.145142 
113.142700 
113.141174 
113.139954 
113.138123 
113.135986 
113.133545 
113.130798 
113.128357 
113.125610 
113.122559 
113.120117 
113.117676 
113.114624 
113.112488 
113.109741 
113.107300 
113.104553 
113.102417 
113.099670 
113.097229 
113.094482 
113.090820 
113.087463 
113.084412 
113.081360 
113.079224 
113.076782 
113.074036 
113.071594 
113.069458 
113.066406 
113.063660 
113.061218 
113.057861 
113.055420 
113.052063 
113.049622 
113.045959 
113.043518 
113.040466 
113.037720 
113.035889 
113.034363 
113.032227 
113.029480 
113.027344 
113.024597 
113.021240 
113.018494 
113.014832 
113.012390 
113.009949 
113.006897 
113.004761 
113.002319 
112.999573 
112.996826 
112.994385 
112.992554 
112.989502 
112.987061 
112.983398 
112.979736 
112.976990 
112.974243 
112.971802 
112.969971 
112.967224 
112.965088 
112.962646 
112.959900 
112.957153 
112.954712 
112.951965 
112.948914 
112.946472 
112.944031 
112.940979 
112.937927 
112.935486 
112.933044 
112.931519 
112.929993 
112.927551 
112.925415 
112.922974 
112.920227 
112.917480 
112.914124 
112.911377 
112.908630 
112.906189 
112.903748 
112.901001 
112.898560 
112.895508 
112.893372 
112.890930 
112.888489 
112.886047 
112.883606 
112.880249 
112.876282 
112.873840 
112.871094 
112.868652 
112.865906 
112.864380 
112.861328 
112.858887 
112.857056 
112.853699 
112.851257 
112.849121 
112.846069 
112.843323 
112.840576 
112.837219 
112.834473 
112.831726 
112.829590 
112.827148 
112.825928 
112.823792 
112.821350 
112.819214 
112.816162 
112.813110 
112.810364 
112.807617 
112.803955 
112.801819 
112.799377 
112.796326 
112.794189 
112.791748 
112.789307 
112.786255 
112.784119 
112.782288 
112.779236 
112.775879 
112.772217 
112.768860 
112.766113 
112.763672 
112.761536 
112.758789 
112.756958 
112.753906 
112.751770 
112.749329 
112.746582 
112.743835 
112.741394 
112.738342 
112.735291 
112.732544 
112.729797 
112.726746 
112.724304 
112.722473 
112.720642 
112.718811 
112.716064 
112.714233 
112.711182 
112.708435 
112.705078 
112.702026 
112.699585 
112.697144 
112.694397 
112.692261 
112.689209 
112.687073 
112.684326 
112.681885 
112.679749 
112.677307 
112.674561 
112.671204 
112.667847 
112.665405 
112.662354 
112.659912 
112.657471 
112.655029 
112.652893 
112.650452 
112.648010 
112.645569 
112.643127 
112.640076 
112.637939 
112.634888 
112.632141 
112.629089 
112.626038 
112.623596 
112.621155 
112.619629 
112.618103 
112.616272 
112.613525 
112.611084 
112.608337 
112.605286 
112.602234 
112.599792 
112.597046 
112.594299 
112.592163 
112.589417 
112.586975 
112.584229 
112.581787 
112.579346 
112.576599 
112.574768 
112.572021 
112.568970 
112.564697 
112.561951 
112.559509 
112.557068 
112.554932 
112.551880 
112.550049 
112.547913 
112.544861 
112.542419 
112.540283 
112.537231 
112.534485 
112.532043 
112.529602 
112.526245 
112.523804 
112.520752 
112.518005 
112.516479 
112.514954 
112.512817 
112.510681 
112.508240 
112.505188 
112.502441 
112.499390 
112.496338 
112.493591 
112.491455 
112.488403 
112.485962 
112.483521 
112.480774 
112.478333 
112.475281 
112.473450 
112.471313 
112.468567 
112.465515 
112.461548 
112.458496 
112.456055 
112.453308 
112.451477 
112.449036 
112.446594 
112.443848 
112.441711 
112.438354 
112.436218 
112.433777 
112.431030 
112.428589 
112.424927 
112.422180 
112.419434 
112.416382 
112.414246 
112.412720 
112.410278 
112.408752 
112.406311 
112.403870 
112.401428 
112.398376 
112.395630 
112.392578 
112.389526 
112.387390 
112.384338 
112.382507 
112.379456 
112.377014 
112.374878 
112.371826 
112.369690 
112.366943 
112.364502 
112.361450 
112.357483 
112.354736 
112.351990 
112.349548 
112.347107 
112.344971 
112.342529 
112.340393 
112.337952 
112.334900 
112.333069 
112.329712 
112.327576 
112.324219 
112.321472 
112.319031 
112.315674 
112.313538 
112.310791 
112.308960 
112.307434 
112.305298 
112.303162 
112.300720 
112.297974 
112.295227 
112.292175 
112.289124 
112.286682 
112.283630 
112.281494 
112.279053 
112.276306 
112.273865 
112.271423 
112.268372 
112.266541 
112.264404 
112.261658 
112.257996 
112.254333 
112.251282 
112.249146 
112.246704 
112.244263 
112.242126 
112.239380 
112.237244 
112.234802 
112.232361 
112.229309 
112.226257 
112.224426 
112.221680 
112.219238 
112.216187 
112.213135 
112.210693 
112.207947 
112.206726 
112.204285 
112.202454 
112.200623 
112.198181 
112.195435 
112.192383 
112.189331 
112.186279 
112.183838 
112.181091 
112.178955 
112.175903 
112.173157 
112.171326 
112.168579 
112.165833 
112.164001 
112.161255 
112.158813 
112.155457 
112.151489 
112.149048 
112.145996 
112.143860 
112.141113 
112.138977 
112.136841 
112.134094 
112.131958 
112.129211 
112.126465 
112.124329 
112.121277 
112.118530 
112.115784 
112.112427 
112.109375 
112.106934 
112.104797 
112.102356 
112.101135 
112.098999 
112.096863 
112.094116 
112.091370 
112.088623 
112.085571 
112.083130 
112.080078 
112.077332 
112.074890 
112.071838 
112.069702 
112.067261 
112.064819 
112.062378 
112.060242 
112.057800 
112.054749 
112.051086 
112.048035 
112.044373 
112.042542 
112.040405 
112.037354 
112.035217 
112.033081 
112.030334 
112.028198 
112.025757 
112.023010 
112.020264 
112.017822 
112.014771 
112.012024 
112.008972 
112.006226 
112.003479 
112.001343 
111.999817 
111.997681 
111.995544 
111.993713 
111.991272 
111.988220 
111.985474 
111.982422 
111.979675 
111.976929 
111.974487 
111.971741 
111.969299 
111.966858 
111.964111 
111.961670 
111.959534 
111.957092 
111.954346 
111.951904 
111.947937 
111.944580 
111.941833 
111.939392 
111.936646 
111.934204 
111.932068 
111.929626 
111.927185 
111.925049 
111.922302 
111.919556 
111.917419 
111.914368 
111.911621 
111.908569 
111.905823 
111.903381 
111.900635 
111.897888 
111.896057 
111.894531 
111.892700 
111.890259 
111.887817 
111.885071 
111.882324 
111.879578 
111.876526 
111.873779 
111.871033 
111.868286 
111.866150 
111.863403 
111.861572 
111.858826 
111.856384 
111.853943 
111.851501 
111.848755 
111.845398 
111.841736 
111.838379 
111.836243 
111.834106 
111.831360 
111.829224 
111.826782 
111.824341 
111.822205 
111.819153 
111.817017 
111.814270 
111.811218 
111.809082 
111.806030 
111.803284 
111.799927 
111.797485 
111.795044 
111.793213 
111.791687 
111.789551 
111.787415 
111.784668 
111.781921 
111.779480 
111.775818 
111.773376 
111.770325 
111.767578 
111.765442 
111.762695 
111.759949 
111.757507 
111.755981 
111.752930 
111.750793 
111.748352 
111.745605 
111.741943 
111.738586 
111.735535 
111.732788 
111.730652 
111.727905 
111.725769 
111.723328 
111.721191 
111.718750 
111.716309 
111.713562 
111.710510 
111.708069 
111.705322 
111.702881 
111.699524 
111.696472 
111.694336 
111.691589 
111.690063 
111.688232 
111.686096 
111.684265 
111.681519 
111.678772 
111.676025 
111.672974 
111.670227 
111.667175 
111.665039 
111.661987 
111.659546 
111.657410 
111.654358 
111.652222 
111.649780 
111.647644 
111.644897 
111.642151 
111.638489 
111.635132 
111.632385 
111.629639 
111.626587 
111.624451 
111.622314 
111.620178 
111.617737 
111.615295 
111.612549 
111.610413 
111.607361 
111.605225 
111.602173 
111.599731 
111.596069 
111.593628 
111.590576 
111.588440 
111.586914 
111.585388 
111.582947 
111.581116 
111.578064 
111.575623 
111.572571 
111.569824 
111.567078 
111.564026 
111.561584 
111.559448 
111.556396 
111.554260 
111.551819 
111.549072 
111.546631 
111.544800 
111.542053 
111.539001 
111.535645 
111.532288 
111.528931 
111.526794 
111.524353 
111.521301 
111.519775 
111.517334 
111.514893 
111.512451 
111.510010 
111.506958 
111.504517 
111.502075 
111.498718 
111.496582 
111.493225 
111.490479 
111.488037 
111.485291 
111.483765 
111.481934 
111.479797 
111.477966 
111.475220 
111.472473 
111.470032 
111.466370 
111.463623 
111.460876 
111.458435 
111.455688 
111.453247 
111.450806 
111.448364 
111.445923 
111.443481 
111.441040 
111.438599 
111.435852 
111.432495 
111.429138 
111.426086 
111.423340 
111.420898 
111.418762 
111.416016 
111.413879 
111.411438 
111.409302 
111.406555 
111.404114 
111.401367 
111.398621 
111.395569 
111.393127 
111.390381 
111.387329 
111.384583 
111.382141 
111.380920 
111.379089 
111.376953 
111.374817 
111.372375 
111.369324 
111.366577 
111.363831 
111.360779 
111.358337 
111.355591 
111.352844 
111.350403 
111.347961 
111.345520 
111.343384 
111.340637 
111.338196 
111.335449 
111.333008 
111.329651 
111.325378 
111.322937 
111.320190 
111.318054 
111.315613 
111.313477 
111.310425 
111.308594 
111.306152 
111.303101 
111.300964 
111.298218 
111.295471 
111.293335 
111.290283 
111.287537 
111.284180 
111.281738 
111.279297 
111.277466 
111.276245 
111.273193 
111.271362 
111.268921 
111.266479 
111.263428 
111.260681 
111.257324 
111.254883 
111.252441 
111.250000 
111.247253 
111.244812 
111.242371 
111.239929 
111.237488 
111.235046 
111.232910 
111.229858 
111.226807 
111.222839 
111.220093 
111.217651 
111.215210 
111.212769 
111.210327 
111.208191 
111.206055 
111.203613 
111.200867 
111.198425 
111.195374 
111.192932 
111.190186 
111.187439 
111.184387 
111.181335 
111.178589 
111.176453 
111.174622 
111.172791 
111.170959 
111.168213 
111.165771 
111.163330 
111.160583 
111.157837 
111.154480 
111.151733 
111.148682 
111.146545 
111.143799 
111.141663 
111.138916 
111.136780 
111.134033 
111.132202 
111.129456 
111.126709 
111.123657 
111.119995 
111.116638 
111.114197 
111.112061 
111.109619 
111.107178 
111.104736 
111.102600 
111.100159 
111.097717 
111.094971 
111.092224 
111.089783 
111.086731 
111.083984 
111.080933 
111.078491 
111.075439 
111.073303 
111.071777 
111.070251 
111.067505 
111.065674 
111.062927 
111.060181 
111.057434 
111.054382 
111.051636 
111.048584 
111.046143 
111.043091 
111.040344 
111.038818 
111.036072 
111.033630 
111.031494 
111.028748 
111.026917 
111.023560 
111.020203 
111.016541 
111.013794 
111.011047 
111.008606 
111.005859 
111.004028 
111.001587 
110.998840 
110.997009 
110.994263 
110.991516 
110.988770 
110.986328 
110.983276 
110.980530 
110.977783 
110.975037 
110.971985 
110.969849 
110.968323 
110.966492 
110.964355 
110.962219 
110.959778 
110.957336 
110.953674 
110.951233 
110.948486 
110.945129 
110.942688 
110.940247 
110.937805 
110.935669 
110.933228 
110.930481 
110.928040 
110.925903 
110.923157 
110.920410 
110.917053 
110.913391 
110.910645 
110.907898 
110.905762 
110.903320 
110.900879 
110.899048 
110.896301 
110.893860 
110.891418 
110.888367 
110.886230 
110.883484 
110.880737 
110.877686 
110.874634 
110.872192 
110.869446 
110.867004 
110.865784 
110.863953 
110.861511 
110.859070 
110.856934 
110.853882 
110.850830 
110.848083 
110.845032 
110.842590 
110.839539 
110.837097 
110.834656 
110.832214 
110.829773 
110.827332 
110.825500 
110.822754 
110.820313 
110.817871 
110.813904 
110.810242 
110.807800 
110.805054 
110.802307 
110.800171 
110.798035 
110.795288 
110.793152 
110.790710 
110.787659 
110.785217 
110.782776 
110.780029 
110.777283 
110.774536 
110.771790 
110.768433 
110.766296 
110.763855 
110.762024 
110.760803 
110.758972 
110.756226 
110.753479 
110.751038 
110.747681 
110.744934 
110.742493 
110.739441 
110.736694 
110.733948 
110.731506 
110.728760 
110.726624 
110.724792 
110.722046 
110.719910 
110.717163 
110.714111 
110.711060 
110.707397 
110.704041 
110.701904 
110.699463 
110.697021 
110.694580 
110.692444 
110.689697 
110.687561 
110.684814 
110.682373 
110.679932 
110.677185 
110.674133 
110.671082 
110.668640 
110.665894 
110.662842 
110.660706 
110.659180 
110.657349 
110.655518 
110.653076 
110.650635 
110.647888 
110.644836 
110.641785 
110.639038 
110.636292 
110.633545 
110.631409 
110.628662 
110.625916 
110.623474 
110.621338 
110.619202 
110.616455 
110.614014 
110.611572 
110.607605 
110.604248 
110.601501 
110.598755 
110.596619 
110.593567 
110.591736 
110.589600 
110.586853 
110.584412 
110.581970 
110.579529 
110.577087 
110.574036 
110.571289 
110.568848 
110.565796 
110.563049 
110.560303 
110.557861 
110.556335 
110.554810 
110.552368 
110.550537 
110.547180 
110.544739 
110.541992 
110.538635 
110.535889 
110.533447 
110.530701 
110.527954 
110.525513 
110.523071 
110.520325 
110.518188 
110.516052 
110.513611 
110.511169 
110.508118 
110.504456 
110.500793 
110.497742 
110.495911 
110.493469 
110.491333 
110.488586 
110.486450 
110.484314 
110.481567 
110.479126 
110.476990 
110.473633 
110.471497 
110.468750 
110.465698 
110.462646 
110.459900 
110.457458 
110.455017 
110.453186 
110.451660 
110.449524 
110.447388 
110.444946 
110.441895 
110.439148 
110.436401 
110.433044 
110.430603 
110.428162 
110.425415 
110.422974 
110.420532 
110.418091 
110.415344 
110.413208 
110.411072 
110.408325 
110.405579 
110.401917 
110.398254 
110.395813 
110.393066 
110.390320 
110.387573 
110.385742 
110.383301 
110.380859 
110.378418 
110.376282 
110.372925 
110.370789 
110.367737 
110.365601 
110.362549 
110.359497 
110.356445 
110.354004 
110.352173 
110.350342 
110.348511 
110.346680 
110.344238 
110.341492 
110.339050 
110.335999 
110.333252 
110.330505 
110.327759 
110.324707 
110.322266 
110.319824 
110.317383 
110.314941 
110.312195 
110.310059 
110.307312 
110.305481 
110.302429 
110.299072 
110.295715 
110.292358 
110.290222 
110.288086 
110.285339 
110.283203 
110.280762 
110.278320 
110.276184 
110.273132 
110.270996 
110.268250 
110.266113 
110.262756 
110.260010 
110.257263 
110.254211 
110.251465 
110.249023 
110.247498 
110.246277 
110.243530 
110.241699 
110.238953 
110.236511 
110.233154 
110.230408 
110.227661 
110.224609 
110.221863 
110.219421 
110.217285 
110.214539 
110.212402 
110.209351 
110.207214 
110.205078 
110.202332 
110.199585 
110.195923 
110.192871 
110.189514 
110.187378 
110.184937 
110.182190 
110.180359 
110.177917 
110.175476 
110.173035 
110.171204 
110.168152 
110.165710 
110.162964 
110.159912 
110.157166 
110.154724 
110.151978 
110.149231 
110.146484 
110.145874 
110.143433 
110.141296 
110.139465 
110.136414 
110.133972 
110.131226 
110.127563 
110.125427 
110.122375 
110.119934 
110.117493 
110.115967 
110.114136 
110.112610 
110.111389 
110.109863 
110.109558 
110.108032 
110.107117 
110.105591 
110.104065 
110.103149 
110.103149 
110.102234 
110.101929 
110.102234 
110.102234 
110.102234 
110.102844 
110.102234 
110.102234 
110.102234 
110.102234 
110.101929 
110.101624 
110.101013 
110.101013 
110.101013 
110.101318 
110.102539 
110.103149 
110.103455 
110.104370 
110.104065 
110.104065 
110.103455 
110.103455 
110.103149 
110.103455 
110.103149 
110.103149 
110.103455 
110.104065 
110.103760 
110.104065 
110.104370 
110.104980 
110.104675 
110.104980 
110.103760 
110.103455 
110.102844 
110.103455 
110.103455 
110.103455 
110.104065 
110.104065 
110.104370 
110.104370 
110.104370 
110.104370 
110.104980 
110.104675 
110.104675 
110.104370 
110.103760 
110.103760 
110.104065 
110.104065 
110.105286 
110.105896 
110.106506 
110.106812 
110.107117 
110.106812 
110.106506 
110.106201 
110.106201 
110.105591 
110.106201 
110.105591 
110.106201 
110.105896 
110.106506 
110.106812 
110.105896 
110.106506 
110.107117 
110.106506 
110.105286 
110.104370 
110.104370 
110.104980 
110.104675 
110.104370 
