Blum, K. P., D’Incamps, B. L., Zytnicki, D., & Ting, L. H. (2017).
Force encoding in muscle spindles during stretch of
passive muscle. PLoS computational biology, 13(9), 
e1005767. <https://journals.plos.org/ploscompbiol/article?
id=10.1371/journal.pcbi.1005767>

cat medial gastrocnemius muscle lengths over t  (in 0.0005 s increments)
110.107422 
110.107422 
110.107117 
110.108032 
110.107727 
110.107422 
110.107117 
110.106201 
110.105896 
110.105896 
110.105896 
110.105896 
110.106201 
110.106201 
110.106506 
110.106812 
110.106812 
110.106506 
110.106506 
110.105896 
110.106201 
110.106506 
110.105896 
110.105286 
110.105896 
110.105896 
110.106506 
110.107727 
110.107727 
110.108032 
110.108337 
110.107727 
110.107727 
110.107117 
110.106812 
110.106812 
110.106812 
110.106812 
110.107117 
110.107422 
110.107117 
110.107422 
110.107422 
110.107727 
110.108337 
110.107727 
110.107117 
110.106201 
110.105286 
110.105896 
110.105591 
110.106201 
110.106201 
110.106812 
110.106506 
110.106506 
110.106812 
110.105896 
110.106812 
110.106201 
110.106506 
110.106506 
110.105896 
110.105896 
110.105286 
110.105896 
110.106506 
110.107117 
110.107727 
110.108032 
110.107727 
110.107727 
110.107422 
110.107117 
110.107117 
110.106812 
110.106506 
110.107422 
110.106812 
110.107727 
110.107422 
110.107422 
110.107727 
110.108032 
110.108032 
110.107422 
110.106506 
110.105896 
110.105896 
110.105896 
110.105591 
110.106201 
110.106201 
110.107117 
110.106506 
110.106812 
110.106201 
110.106506 
110.106812 
110.106506 
110.106201 
110.105896 
110.105896 
110.105591 
110.104980 
110.105591 
110.106812 
110.107727 
110.107727 
110.108032 
110.108032 
110.108948 
110.108643 
110.108948 
110.109863 
110.111084 
110.112610 
110.113525 
110.115356 
110.116882 
110.119629 
110.121460 
110.124207 
110.126953 
110.130615 
110.132751 
110.134888 
110.137634 
110.141296 
110.145264 
110.149841 
110.154419 
110.158997 
110.164490 
110.169983 
110.175781 
110.181274 
110.187683 
110.193481 
110.200195 
110.206604 
110.213623 
110.220642 
110.227661 
110.235901 
110.244141 
110.254211 
110.263672 
110.272827 
110.282593 
110.292358 
110.301819 
110.311584 
110.321350 
110.332031 
110.343018 
110.354309 
110.366821 
110.379028 
110.391846 
110.405579 
110.419617 
110.433960 
110.448914 
110.462952 
110.476990 
110.489807 
110.502319 
110.515137 
110.527954 
110.539551 
110.551453 
110.562744 
110.573730 
110.583801 
110.593872 
110.603943 
110.612793 
110.622253 
110.631714 
110.640564 
110.649414 
110.658264 
110.666809 
110.675964 
110.685120 
110.695190 
110.705872 
110.715332 
110.724792 
110.734253 
110.743408 
110.752563 
110.762024 
110.770874 
110.780334 
110.789795 
110.799866 
110.809326 
110.819702 
110.829773 
110.839539 
110.849304 
110.859680 
110.870667 
110.880432 
110.889282 
110.898438 
110.907898 
110.918274 
110.928955 
110.938721 
110.949097 
110.959778 
110.970764 
110.981140 
110.991211 
111.001892 
111.012268 
111.022644 
111.033020 
111.043091 
111.053162 
111.062927 
111.073608 
111.083984 
111.095276 
111.106567 
111.117554 
111.127625 
111.138611 
111.148376 
111.158447 
111.168823 
111.178894 
111.188965 
111.199646 
111.210022 
111.219788 
111.230469 
111.240540 
111.251526 
111.261902 
111.271973 
111.283264 
111.293335 
111.302490 
111.311951 
111.322021 
111.332703 
111.343384 
111.353760 
111.364441 
111.374817 
111.384888 
111.395569 
111.406250 
111.416626 
111.427002 
111.437073 
111.447144 
111.457214 
111.467285 
111.477661 
111.487732 
111.498413 
111.510010 
111.520691 
111.531982 
111.542358 
111.552734 
111.562805 
111.572266 
111.582642 
111.592712 
111.602173 
111.612854 
111.622620 
111.632690 
111.643066 
111.653748 
111.664124 
111.673889 
111.684570 
111.694946 
111.705017 
111.713867 
111.723633 
111.733398 
111.742859 
111.753845 
111.763611 
111.774292 
111.784668 
111.794739 
111.805725 
111.816101 
111.825867 
111.836243 
111.846313 
111.856384 
111.865845 
111.876221 
111.885986 
111.896057 
111.906433 
111.917725 
111.928101 
111.939087 
111.949768 
111.959839 
111.970215 
111.980286 
111.989746 
111.999512 
112.009583 
112.020264 
112.030334 
112.040100 
112.050781 
112.060852 
112.071228 
112.081299 
112.091980 
112.102356 
112.112122 
112.121887 
112.130737 
112.141113 
112.151489 
112.161865 
112.171936 
112.182312 
112.192688 
112.203064 
112.213440 
112.223511 
112.233582 
112.244263 
112.254333 
112.264404 
112.274475 
112.284241 
112.294312 
112.304382 
112.314758 
112.325745 
112.337036 
112.347717 
112.357788 
112.368774 
112.378235 
112.388000 
112.398071 
112.408142 
112.418213 
112.428589 
112.438354 
112.448730 
112.459106 
112.469177 
112.479553 
112.490234 
112.500305 
112.510681 
112.520752 
112.529907 
112.539368 
112.548828 
112.559204 
112.569580 
112.579651 
112.590637 
112.601013 
112.611389 
112.622375 
112.631836 
112.642212 
112.652283 
112.662659 
112.672729 
112.682495 
112.692566 
112.702026 
112.712097 
112.722778 
112.733765 
112.745667 
112.756348 
112.766113 
112.776489 
112.786560 
112.796021 
112.806396 
112.816162 
112.825928 
112.836304 
112.846375 
112.856140 
112.867126 
112.877197 
112.887573 
112.898560 
112.908936 
112.919006 
112.929077 
112.938232 
112.947388 
112.957153 
112.967529 
112.976990 
112.986755 
112.996521 
113.006287 
113.016052 
113.024902 
113.033752 
113.042603 
113.051453 
113.059692 
113.067932 
113.074951 
113.082886 
113.089600 
113.096924 
113.104248 
113.112183 
113.118591 
113.125610 
113.132019 
113.137207 
113.142395 
113.147583 
113.151855 
113.156738 
113.160400 
113.164673 
113.168640 
113.171997 
113.175659 
113.178711 
113.181763 
113.184509 
113.186646 
113.189087 
113.190613 
113.190918 
113.191833 
113.192444 
113.193359 
113.193359 
113.193970 
113.194275 
113.194275 
113.194275 
113.193359 
113.192444 
113.191223 
113.189697 
113.187561 
113.185730 
113.182983 
113.179932 
113.176575 
113.173218 
113.170471 
113.168030 
113.164673 
113.160400 
113.156433 
113.151550 
113.146667 
113.140869 
113.135376 
113.128967 
113.122864 
113.116455 
113.110352 
113.103027 
113.096313 
113.088989 
113.081360 
113.073730 
113.065796 
113.057861 
113.048401 
113.037720 
113.027954 
113.018188 
113.008118 
112.998657 
112.988892 
112.978821 
112.968750 
112.958984 
112.947998 
112.937622 
112.926941 
112.915955 
112.905884 
112.894287 
112.883301 
112.871704 
112.860718 
112.850037 
112.839966 
112.829590 
112.819824 
112.809143 
112.798767 
112.788391 
112.777100 
112.766418 
112.754822 
112.743835 
112.732849 
112.721863 
112.711182 
112.700806 
112.690125 
112.679749 
112.669678 
112.658997 
112.648926 
112.638245 
112.627563 
112.615967 
112.604675 
112.594299 
112.583923 
112.573242 
112.563171 
112.552795 
112.542419 
112.532654 
112.522278 
112.511902 
112.501831 
112.491150 
112.480774 
112.470398 
112.459412 
112.449036 
112.438049 
112.427673 
112.417603 
112.408142 
112.398071 
112.388306 
112.378540 
112.368164 
112.358093 
112.346802 
112.336426 
112.325745 
112.315063 
112.304993 
112.294617 
112.284241 
112.273865 
112.262878 
112.253418 
112.242737 
112.232971 
112.222900 
112.211609 
112.200623 
112.189636 
112.178345 
112.168579 
112.158508 
112.148132 
112.138367 
112.127686 
112.117615 
112.107239 
112.096863 
112.086487 
112.076111 
112.065735 
112.055664 
112.044373 
112.033691 
112.023010 
112.012634 
112.002869 
111.993713 
111.983643 
111.974182 
111.963806 
111.953430 
111.942749 
111.932373 
111.921387 
111.911011 
111.900330 
111.889954 
111.879578 
111.868896 
111.859131 
111.848450 
111.838684 
111.828613 
111.817932 
111.808167 
111.797180 
111.785583 
111.774902 
111.764221 
111.753845 
111.743774 
111.733398 
111.723633 
111.713257 
111.703491 
111.693420 
111.683044 
111.672974 
111.662598 
111.652222 
111.641541 
111.630554 
111.620483 
111.609497 
111.599426 
111.589355 
111.580200 
111.571045 
111.560974 
111.550598 
111.540222 
111.530151 
111.519775 
111.508484 
111.498108 
111.487732 
111.476746 
111.466675 
111.456299 
111.445923 
111.435852 
111.425171 
111.415405 
111.405334 
111.395264 
111.384277 
111.372986 
111.362000 
111.351318 
111.341248 
111.330566 
111.320496 
111.310120 
111.300049 
111.290283 
111.279907 
111.269531 
111.259460 
111.249390 
111.239014 
111.228333 
111.217957 
111.207275 
111.196594 
111.186218 
111.176147 
111.166687 
111.156921 
111.147156 
111.137085 
111.127014 
111.116638 
111.105652 
111.095581 
111.084900 
111.074524 
111.064148 
111.053772 
111.043396 
111.033325 
111.022949 
111.012573 
111.002808 
110.992737 
110.982361 
110.971985 
110.960693 
110.950012 
110.939026 
110.929565 
110.919189 
110.909119 
110.899048 
110.889282 
110.879517 
110.869446 
110.859375 
110.848999 
110.838928 
110.828552 
110.817871 
110.807800 
110.797119 
110.786438 
110.775757 
110.765991 
110.756836 
110.747070 
110.737000 
110.726624 
110.716248 
110.705566 
110.694580 
110.684204 
110.672913 
110.663147 
110.652466 
110.641785 
110.631714 
110.621643 
110.610962 
110.600586 
110.591125 
110.580444 
110.570679 
110.559692 
110.548706 
110.537109 
110.526428 
110.516357 
110.505676 
110.495911 
110.485535 
110.476074 
110.465698 
110.455627 
110.445251 
110.435181 
110.424805 
110.414429 
110.403748 
110.393066 
110.382690 
110.371704 
110.361328 
110.351563 
110.342712 
110.332947 
110.322876 
110.313416 
110.303955 
110.294189 
110.284119 
110.274353 
110.265198 
110.256042 
110.246582 
110.238342 
110.229492 
110.221863 
110.214233 
110.206909 
110.199585 
110.192871 
110.186157 
110.179443 
110.172119 
110.166016 
110.160217 
110.154724 
110.150146 
110.144958 
110.140686 
110.137024 
110.133362 
110.129395 
110.126343 
110.123596 
110.120544 
110.117798 
110.115051 
110.112610 
110.109863 
110.108337 
110.106812 
110.105896 
110.105896 
110.106201 
110.105896 
110.106201 
110.106201 
110.105896 
110.105896 
110.106201 
110.106506 
110.107422 
110.108032 
110.109558 
110.111694 
110.113525 
110.116272 
110.118713 
110.122375 
110.126343 
110.130005 
110.132751 
110.135803 
110.139160 
110.143433 
110.148315 
110.153198 
110.158691 
110.164185 
110.169983 
110.176392 
110.183105 
110.189819 
110.196533 
110.203857 
110.211182 
110.219116 
110.226440 
110.234680 
110.243225 
110.252380 
110.262146 
110.272827 
110.282898 
110.293884 
110.303955 
110.314941 
110.324707 
110.335083 
110.345459 
110.355530 
110.366516 
110.377197 
110.387573 
110.398560 
110.408936 
110.419922 
110.430298 
110.441284 
110.451965 
110.462341 
110.471802 
110.481873 
110.490723 
110.500793 
110.511780 
110.521545 
110.531921 
110.542603 
110.553284 
110.563965 
110.574036 
110.584106 
110.594788 
110.604553 
110.614929 
110.625305 
110.634766 
110.644836 
110.654907 
110.664978 
110.675659 
110.686951 
110.697937 
110.708923 
110.719299 
110.729065 
110.739746 
110.749512 
110.759277 
110.768738 
110.778809 
110.789490 
110.798950 
110.809631 
110.820007 
110.830078 
110.840454 
110.850525 
110.861511 
110.871887 
110.881042 
110.890808 
110.899963 
110.910034 
110.920715 
110.930481 
110.940857 
110.950928 
110.961609 
110.971985 
110.982666 
110.992432 
111.003113 
111.013184 
111.023254 
111.033630 
111.042786 
111.053162 
111.062927 
111.072998 
111.083679 
111.094971 
111.105957 
111.116638 
111.126709 
111.137085 
111.147461 
111.157532 
111.167297 
111.177979 
111.188049 
111.198425 
111.208496 
111.218567 
111.229248 
111.239624 
111.250000 
111.260681 
111.271362 
111.281433 
111.291199 
111.300354 
111.310120 
111.320496 
111.331177 
111.341553 
111.351929 
111.362610 
111.373291 
111.383362 
111.393738 
111.404419 
111.414795 
111.424866 
111.434937 
111.445313 
111.455078 
111.464539 
111.474915 
111.484985 
111.496277 
111.507263 
111.517944 
111.529541 
111.539001 
111.549377 
111.559753 
111.569824 
111.579285 
111.589355 
111.599121 
111.609192 
111.619263 
111.629639 
111.640015 
111.650391 
111.660461 
111.671143 
111.681519 
111.691895 
111.701050 
111.710510 
111.720276 
111.729736 
111.740112 
111.750488 
111.760864 
111.771240 
111.781616 
111.792297 
111.802673 
111.813049 
111.823425 
111.833191 
111.843567 
111.853333 
111.863098 
111.873169 
111.882935 
111.893005 
111.903992 
111.915283 
111.925964 
111.936646 
111.947021 
111.957703 
111.967773 
111.977234 
111.987000 
111.997375 
112.007446 
112.017822 
112.028198 
112.037964 
112.048035 
112.058411 
112.069092 
112.079163 
112.090454 
112.100220 
112.109680 
112.119446 
112.128906 
112.138672 
112.149048 
112.159424 
112.169800 
112.180176 
112.190247 
112.201538 
112.211304 
112.221680 
112.231750 
112.242432 
112.252502 
112.262573 
112.272644 
112.282104 
112.292175 
112.302246 
112.313232 
112.324829 
112.335510 
112.345886 
112.356567 
112.366333 
112.376404 
112.386475 
112.395935 
112.406311 
112.416382 
112.426758 
112.437134 
112.447205 
112.457581 
112.467651 
112.478027 
112.488708 
112.499084 
112.509155 
112.518921 
112.528687 
112.537537 
112.547302 
112.557983 
112.568054 
112.578125 
112.589111 
112.599792 
112.610168 
112.620239 
112.630615 
112.640686 
112.651367 
112.661133 
112.670898 
112.680664 
112.690735 
112.700806 
112.710266 
112.721863 
112.732849 
112.743835 
112.753906 
112.764893 
112.775269 
112.784729 
112.795715 
112.804565 
112.814941 
112.824707 
112.834778 
112.845459 
112.855530 
112.865906 
112.875977 
112.886047 
112.896729 
112.907410 
112.917480 
112.926941 
112.936401 
112.945862 
112.955017 
112.965393 
112.975769 
112.985229 
112.995300 
113.005066 
113.014221 
113.023376 
113.032532 
113.041382 
113.049622 
113.058167 
113.066101 
113.073730 
113.080750 
113.088074 
113.095093 
113.102722 
113.110657 
113.117676 
113.124084 
113.130188 
113.135986 
113.141174 
113.145752 
113.150940 
113.154907 
113.159790 
113.163452 
113.167419 
113.171082 
113.174133 
113.178101 
113.180542 
113.183594 
113.186035 
113.188171 
113.189087 
113.189697 
113.190613 
113.190918 
113.191833 
113.192444 
113.192749 
113.193054 
113.193054 
113.193054 
113.192444 
113.191223 
113.190308 
113.189087 
113.186646 
113.184509 
113.182068 
113.179016 
113.175354 
113.172913 
113.169556 
113.167114 
113.163757 
113.159790 
113.155823 
113.151245 
113.145752 
113.140564 
113.134766 
113.128662 
113.122559 
113.116760 
113.109741 
113.103027 
113.096619 
113.088989 
113.081055 
113.073730 
113.065796 
113.057251 
113.047180 
113.037415 
113.027344 
113.017883 
113.008118 
112.998657 
112.988281 
112.979126 
112.969055 
112.958374 
112.947998 
112.937622 
112.927246 
112.916260 
112.905273 
112.894592 
112.882996 
112.871704 
112.860718 
112.850342 
112.839966 
112.829895 
112.820129 
112.809448 
112.798767 
112.788391 
112.776794 
112.766113 
112.755127 
112.743835 
112.732849 
112.722168 
112.711792 
112.700806 
112.690735 
112.680664 
112.669983 
112.659302 
112.649536 
112.638855 
112.627258 
112.616272 
112.604980 
112.594604 
112.584229 
112.573242 
112.563171 
112.553101 
112.542725 
112.532654 
112.522278 
112.511902 
112.501831 
112.491150 
112.481079 
112.470703 
112.459717 
112.449036 
112.438660 
112.428284 
112.418213 
112.408752 
112.398987 
112.388916 
112.378845 
112.368469 
112.357788 
112.347107 
112.336731 
112.326050 
112.315369 
112.305298 
112.294922 
112.284546 
112.274170 
112.263794 
112.253113 
112.243347 
112.233276 
112.223206 
112.212219 
112.200623 
112.189636 
112.178955 
112.168884 
112.158203 
112.147827 
112.138367 
112.128296 
112.117920 
112.107544 
112.097168 
112.087097 
112.076721 
112.066345 
112.055359 
112.044678 
112.033997 
112.023621 
112.012939 
112.003784 
111.994019 
111.984558 
111.974487 
111.964722 
111.953735 
111.943054 
111.932068 
111.921692 
111.911316 
111.900940 
111.890259 
111.880188 
111.869812 
111.859436 
111.849365 
111.838989 
111.828918 
111.819153 
111.808472 
111.797485 
111.786194 
111.775513 
111.764832 
111.754456 
111.744385 
111.734009 
111.723938 
111.713867 
111.704102 
111.693726 
111.683655 
111.673889 
111.663208 
111.652832 
111.641846 
111.631165 
111.620789 
111.610107 
111.600037 
111.590271 
111.580811 
111.571655 
111.560974 
111.551514 
111.540833 
111.530457 
111.519775 
111.509094 
111.498413 
111.488037 
111.477356 
111.466675 
111.456909 
111.446533 
111.436157 
111.425781 
111.415710 
111.405945 
111.395874 
111.384277 
111.373291 
111.362305 
111.351624 
111.341858 
111.330872 
111.320801 
111.310730 
111.300659 
111.290588 
111.280212 
111.270142 
111.260071 
111.249695 
111.239319 
111.228638 
111.218262 
111.207581 
111.196899 
111.186523 
111.177063 
111.167297 
111.157837 
111.148071 
111.138000 
111.127319 
111.116638 
111.106567 
111.095581 
111.084900 
111.075134 
111.064758 
111.054382 
111.044006 
111.033936 
111.023865 
111.012878 
111.003418 
110.993347 
110.982971 
110.971985 
110.960999 
110.950012 
110.939636 
110.929565 
110.919495 
110.909729 
110.899658 
110.889587 
110.879822 
110.869446 
110.859070 
110.848694 
110.838928 
110.828552 
110.817871 
110.807495 
110.797119 
110.786133 
110.776367 
110.766296 
110.756836 
110.747375 
110.737610 
110.727234 
110.716858 
110.706482 
110.694885 
110.684509 
110.674133 
110.663452 
110.653076 
110.642395 
110.632629 
110.621948 
110.611877 
110.601501 
110.591736 
110.581665 
110.570984 
110.559692 
110.548706 
110.537415 
110.527039 
110.516968 
110.506592 
110.496216 
110.486450 
110.476074 
110.466309 
110.455933 
110.445557 
110.435791 
110.425110 
110.414734 
110.404663 
110.393982 
110.382996 
110.372620 
110.362549 
110.353088 
110.343323 
110.334167 
110.324097 
110.314636 
110.304871 
110.294800 
110.284729 
110.274963 
110.265198 
110.256348 
110.248108 
110.238953 
110.230713 
110.222778 
110.214539 
110.207520 
110.200500 
110.194397 
110.186768 
110.180359 
110.173035 
110.166321 
110.160828 
110.155334 
110.150452 
110.145874 
110.141296 
110.137634 
110.133972 
110.130310 
110.126648 
110.123596 
110.120544 
110.117798 
110.115662 
110.112610 
110.110779 
110.108643 
110.106506 
110.106201 
110.105896 
110.106201 
110.105896 
110.105896 
110.105896 
110.105896 
110.105896 
110.105896 
110.106201 
110.107422 
110.108948 
110.109558 
110.111389 
110.114136 
110.116577 
110.119324 
110.122681 
110.126343 
110.130005 
110.132446 
110.135803 
110.139465 
110.143433 
110.149231 
110.153809 
110.159302 
110.165100 
110.171509 
110.177307 
110.183716 
110.190125 
110.197754 
110.204773 
110.211792 
110.219727 
110.227051 
110.235596 
110.244446 
110.252686 
110.262756 
110.272827 
110.283508 
110.293579 
110.303650 
110.313721 
110.324097 
110.334167 
110.344238 
110.354309 
110.364990 
110.375366 
110.386047 
110.396729 
110.407410 
110.418091 
110.428467 
110.439453 
110.450134 
110.460510 
110.470276 
110.480042 
110.489197 
110.499573 
110.510254 
110.520325 
110.530701 
110.541382 
110.552063 
110.563354 
110.572815 
110.583801 
110.593872 
110.603943 
110.614014 
110.624390 
110.634155 
110.643921 
110.654297 
110.664673 
110.675354 
110.686646 
110.697327 
110.708313 
110.718384 
110.728455 
110.738220 
110.748596 
110.758667 
110.768433 
110.778503 
110.788574 
110.798950 
110.808716 
110.819397 
110.829468 
110.840149 
110.850525 
110.860901 
110.871582 
110.881042 
110.889893 
110.899963 
110.910034 
110.920105 
110.930176 
110.940247 
110.951233 
110.960999 
110.971985 
110.981445 
110.992126 
111.002808 
111.013184 
111.023254 
111.033020 
111.043091 
111.052551 
111.062927 
111.072998 
111.083984 
111.094971 
111.105652 
111.116638 
111.127014 
111.136780 
111.146851 
111.157227 
111.166992 
111.177673 
111.187439 
111.197815 
111.208191 
111.218262 
111.228638 
111.239014 
111.249695 
111.260376 
111.270752 
111.280823 
111.290283 
111.300049 
111.309509 
111.320190 
111.330566 
111.340942 
111.351318 
111.361694 
111.372070 
111.383362 
111.393433 
111.403809 
111.414185 
111.424561 
111.434021 
111.444702 
111.454468 
111.464233 
111.474609 
111.484375 
111.495972 
111.506958 
111.518250 
111.528320 
111.538696 
111.548767 
111.558533 
111.568604 
111.578369 
111.588440 
111.598511 
111.608887 
111.618958 
111.629028 
111.639404 
111.650391 
111.660461 
111.670837 
111.681213 
111.691589 
111.700439 
111.709900 
111.719666 
111.729431 
111.739807 
111.750183 
111.760559 
111.770935 
111.781311 
111.791992 
111.802368 
111.812439 
111.823120 
111.832886 
111.842651 
111.853027 
111.862793 
111.872559 
111.882629 
111.893311 
111.903992 
111.915283 
111.925964 
111.936646 
111.946411 
111.957397 
111.967163 
111.977234 
111.987000 
111.996765 
112.006836 
112.017212 
112.026978 
112.037354 
112.047729 
112.058105 
112.068481 
112.078857 
112.089233 
112.099609 
112.109375 
112.118530 
112.127991 
112.138062 
112.148438 
112.159119 
112.169495 
112.179871 
112.190247 
112.200623 
112.210999 
112.221375 
112.231445 
112.241821 
112.251587 
112.261963 
112.272339 
112.281799 
112.292175 
112.302246 
112.312927 
112.324219 
112.335205 
112.345581 
112.355957 
112.366028 
112.375793 
112.385559 
112.395935 
112.405090 
112.415466 
112.425537 
112.436218 
112.446899 
112.456665 
112.467041 
112.477417 
112.488098 
112.498169 
112.508240 
112.517700 
112.527161 
112.536926 
112.546997 
112.557373 
112.567444 
112.577820 
112.588501 
112.598572 
112.608948 
112.619629 
112.629395 
112.640076 
112.650146 
112.660217 
112.670593 
112.680359 
112.690125 
112.699890 
112.710571 
112.721863 
112.732544 
112.743530 
112.753906 
112.764587 
112.774353 
112.784119 
112.794189 
112.803955 
112.814026 
112.824097 
112.834778 
112.844238 
112.854919 
112.864990 
112.874756 
112.885437 
112.895813 
112.906799 
112.917175 
112.926025 
112.935486 
112.944641 
112.954407 
112.964478 
112.974854 
112.984619 
112.994690 
113.004150 
113.013916 
113.023071 
113.031616 
113.040466 
113.049316 
113.057251 
113.065491 
113.072815 
113.080139 
113.087463 
113.094788 
113.102722 
113.110046 
113.117676 
113.124084 
113.129883 
113.135376 
113.140564 
113.145447 
113.150635 
113.154297 
113.159180 
113.163147 
113.167114 
113.171082 
113.174133 
113.177490 
113.180237 
113.183289 
113.185730 
113.187866 
113.188477 
113.188782 
113.189697 
113.190918 
113.192139 
113.192139 
113.192749 
113.193665 
113.193054 
113.192749 
113.192139 
113.191223 
113.190613 
113.188782 
113.186951 
113.184814 
113.182068 
113.178711 
113.175354 
113.172607 
113.170166 
113.167725 
113.164368 
113.160400 
113.155823 
113.150940 
113.146362 
113.140259 
113.135071 
113.128662 
113.122864 
113.116760 
113.110352 
113.103638 
113.096313 
113.089294 
113.081970 
113.074341 
113.066101 
113.057556 
113.047791 
113.038025 
113.027954 
113.018188 
113.009033 
112.999268 
112.988892 
112.979736 
112.969055 
112.959290 
112.948608 
112.938538 
112.927551 
112.916870 
112.905884 
112.894897 
112.883911 
112.872314 
112.861328 
112.850647 
112.841187 
112.831116 
112.820435 
112.810364 
112.799683 
112.788696 
112.778015 
112.766418 
112.755737 
112.744751 
112.734070 
112.723389 
112.712402 
112.701721 
112.691650 
112.680664 
112.670288 
112.659912 
112.649841 
112.639465 
112.627869 
112.616577 
112.605591 
112.595215 
112.584229 
112.573547 
112.564087 
112.553711 
112.543335 
112.533264 
112.523193 
112.512817 
112.502441 
112.492065 
112.481689 
112.471008 
112.460022 
112.449646 
112.438965 
112.428894 
112.419128 
112.409668 
112.399597 
112.389832 
112.379761 
112.369080 
112.358398 
112.347717 
112.336731 
112.326660 
112.315979 
112.306213 
112.295837 
112.285156 
112.275085 
112.264404 
112.254333 
112.244263 
112.234192 
112.223816 
112.212219 
112.201233 
112.190247 
112.179565 
112.169495 
112.159729 
112.148743 
112.138977 
112.129211 
112.118835 
112.108154 
112.097778 
112.087402 
112.077026 
112.066956 
112.056580 
112.045898 
112.034607 
112.024536 
112.013855 
112.004700 
111.995239 
111.985168 
111.975098 
111.965027 
111.954651 
111.943359 
111.933289 
111.922607 
111.911621 
111.901550 
111.891479 
111.880188 
111.870117 
111.860046 
111.850281 
111.839905 
111.829834 
111.819763 
111.809387 
111.797791 
111.786499 
111.775818 
111.765442 
111.754761 
111.744995 
111.735229 
111.724854 
111.714478 
111.704712 
111.694641 
111.684265 
111.674194 
111.663818 
111.653137 
111.642456 
111.632080 
111.621094 
111.611023 
111.600647 
111.591187 
111.582031 
111.571655 
111.562195 
111.552124 
111.541748 
111.531067 
111.520386 
111.509399 
111.499023 
111.488953 
111.477661 
111.466980 
111.457214 
111.447144 
111.436462 
111.426697 
111.416931 
111.406860 
111.396179 
111.384888 
111.373901 
111.362915 
111.352234 
111.341858 
111.331482 
111.321411 
111.311646 
111.301270 
111.290894 
111.281128 
111.270752 
111.260681 
111.250000 
111.239929 
111.229553 
111.218872 
111.207886 
111.198120 
111.187439 
111.177979 
111.168518 
111.158752 
111.148682 
111.138611 
111.128235 
111.117554 
111.106873 
111.096497 
111.086121 
111.075745 
111.065063 
111.055298 
111.044617 
111.034241 
111.024475 
111.013489 
111.004028 
110.994263 
110.983582 
110.972595 
110.961304 
110.950623 
110.939941 
110.930176 
110.920105 
110.910339 
110.899963 
110.889893 
110.880127 
110.870056 
110.859375 
110.849304 
110.838928 
110.829163 
110.818787 
110.808105 
110.797424 
110.787048 
110.776672 
110.767212 
110.758057 
110.748291 
110.738220 
110.728455 
110.717163 
110.707092 
110.696106 
110.685425 
110.674744 
110.664368 
110.653381 
110.643311 
110.632935 
110.622864 
110.612488 
110.602112 
110.592346 
110.581970 
110.571594 
110.559998 
110.548706 
110.538025 
110.527954 
110.517273 
110.507202 
110.496826 
110.487061 
110.476990 
110.466919 
110.456543 
110.446472 
110.436096 
110.425720 
110.415344 
110.405273 
110.394592 
110.383606 
110.372925 
110.363159 
110.353699 
110.344543 
110.335083 
110.325012 
110.315552 
110.305481 
110.295105 
110.285645 
110.275574 
110.266113 
110.256653 
110.247803 
110.239868 
110.231018 
110.222778 
110.215149 
110.207520 
110.201111 
110.194092 
110.187683 
110.180054 
110.173035 
110.166931 
110.161133 
110.155334 
110.151367 
110.146179 
110.142212 
110.138245 
110.133972 
110.130005 
110.127258 
110.124207 
110.121155 
110.118408 
110.115356 
110.112915 
110.110474 
110.108643 
110.107422 
110.106812 
110.106812 
110.106506 
110.105896 
110.106201 
110.105896 
110.105896 
110.105591 
110.105896 
110.106201 
110.107117 
110.108337 
110.110168 
110.111694 
110.114136 
110.116577 
110.119324 
110.122986 
110.126648 
110.130005 
110.132751 
110.135803 
110.139771 
110.144043 
110.148621 
110.154114 
110.159302 
110.164795 
110.170898 
110.177917 
110.183105 
110.190735 
110.197144 
110.204468 
110.212097 
110.219116 
110.227051 
110.235291 
110.243835 
110.252991 
110.262756 
110.272827 
110.283508 
110.293274 
110.303650 
110.313110 
110.323486 
110.333252 
110.343628 
110.354004 
110.364380 
110.374756 
110.385132 
110.396118 
110.406494 
110.417480 
110.428162 
110.438843 
110.449524 
110.459900 
110.469055 
110.478821 
110.488586 
110.499268 
110.509338 
110.519714 
110.530396 
110.540771 
110.551758 
110.562439 
110.572510 
110.583191 
110.593262 
110.603943 
110.613708 
110.623779 
110.633545 
110.643616 
110.653687 
110.664368 
110.674744 
110.686340 
110.697021 
110.707703 
110.718079 
110.728149 
110.738220 
110.747986 
110.758362 
110.768127 
110.778198 
110.787964 
110.798645 
110.808105 
110.818481 
110.829468 
110.839233 
110.850220 
110.860291 
110.870667 
110.880127 
110.889282 
110.899353 
110.909119 
110.919189 
110.929565 
110.939941 
110.950623 
110.960999 
110.971069 
110.981140 
110.991821 
111.001892 
111.012268 
111.022339 
111.032410 
111.042175 
111.051941 
111.062317 
111.072693 
111.083374 
111.094971 
111.105347 
111.116028 
111.126404 
111.136169 
111.146545 
111.156006 
111.166687 
111.176758 
111.187134 
111.197205 
111.207886 
111.217651 
111.228333 
111.239014 
111.249084 
111.259766 
111.270142 
111.280212 
111.289673 
111.298828 
111.308899 
111.318970 
111.329651 
111.340027 
111.350403 
111.361084 
111.371765 
111.382446 
111.392517 
111.402893 
111.413574 
111.423645 
111.434021 
111.443481 
111.453247 
111.463318 
111.473389 
111.484070 
111.495361 
111.506348 
111.517334 
111.527405 
111.538086 
111.547852 
111.557617 
111.567993 
111.577759 
111.587524 
111.597900 
111.608276 
111.618347 
111.628418 
111.638794 
111.649475 
111.659851 
111.669922 
111.680908 
111.690369 
111.699829 
111.709290 
111.718140 
111.729126 
111.739197 
111.749268 
111.760254 
111.769714 
111.780701 
111.790771 
111.802063 
111.812134 
111.821899 
111.832275 
111.842651 
111.852722 
111.862183 
111.872253 
111.882019 
111.892700 
111.903687 
111.914978 
111.925659 
111.935730 
111.946106 
111.955872 
111.966248 
111.976013 
111.986389 
111.996155 
112.005920 
112.016296 
112.026367 
112.037048 
112.047119 
112.057190 
112.067871 
112.078247 
112.089233 
112.098999 
112.108154 
112.117615 
112.127380 
112.137756 
112.148132 
112.158203 
112.168579 
112.179260 
112.189331 
112.200012 
112.210388 
112.220459 
112.230530 
112.240906 
112.250977 
112.261353 
112.270813 
112.280884 
112.291260 
112.301636 
112.313232 
112.324219 
112.334595 
112.345276 
112.355042 
112.365723 
112.375488 
112.384949 
112.395020 
112.404785 
112.414856 
112.425537 
112.435608 
112.445984 
112.456055 
112.466431 
112.476807 
112.487793 
112.498169 
112.507935 
112.516785 
112.526245 
112.536316 
112.546387 
112.556763 
112.566833 
112.577515 
112.588196 
112.597961 
112.608948 
112.619324 
112.629089 
112.639771 
112.649536 
112.659607 
112.669983 
112.679749 
112.689514 
112.699585 
112.709961 
112.721252 
112.732239 
112.742920 
112.753296 
112.763672 
112.773743 
112.783813 
112.793274 
112.803650 
112.813416 
112.823486 
112.833862 
112.843323 
112.854004 
112.864380 
112.874756 
112.885742 
112.895813 
112.906189 
112.916260 
112.925415 
112.934570 
112.944336 
112.954407 
112.964478 
112.974243 
112.984619 
112.994690 
113.004150 
113.013306 
113.022461 
113.031311 
113.040466 
113.048706 
113.056641 
113.065186 
113.072815 
113.080139 
113.087463 
113.094177 
113.102722 
113.110352 
113.117065 
113.124084 
113.129578 
113.135071 
113.140564 
113.145447 
113.150024 
113.154297 
113.158875 
113.162842 
113.166809 
113.170166 
113.174438 
113.176880 
113.180237 
113.183289 
113.185120 
113.187561 
113.188171 
113.188782 
113.189392 
113.190918 
113.191833 
113.192444 
113.192749 
113.192749 
113.193054 
113.193054 
113.192139 
113.191223 
113.190308 
113.188782 
113.186340 
113.184509 
113.181763 
113.178711 
113.175964 
113.173218 
113.170776 
113.168335 
113.164673 
113.160706 
113.156738 
113.151550 
113.146057 
113.141174 
113.135071 
113.129272 
113.123474 
113.116760 
113.110657 
113.103333 
113.096619 
113.089905 
113.081665 
113.074341 
113.066711 
113.057861 
113.048096 
113.038025 
113.028564 
113.019104 
113.009644 
112.999878 
112.990112 
112.980042 
112.970276 
112.959595 
112.949219 
112.939148 
112.928467 
112.917480 
112.906494 
112.895508 
112.884216 
112.872925 
112.862244 
112.851563 
112.842102 
112.832031 
112.821655 
112.810974 
112.800598 
112.789307 
112.778625 
112.767334 
112.756042 
112.745361 
112.734375 
112.723694 
112.713013 
112.702332 
112.691650 
112.681274 
112.671509 
112.660828 
112.650757 
112.639160 
112.628479 
112.616882 
112.606201 
112.595825 
112.585449 
112.574463 
112.564697 
112.554321 
112.544556 
112.534485 
112.523804 
112.513733 
112.503052 
112.492371 
112.482300 
112.471924 
112.460938 
112.449951 
112.439880 
112.429504 
112.420044 
112.410278 
112.400513 
112.390747 
112.380066 
112.369690 
112.358704 
112.348022 
112.337952 
112.326965 
112.316895 
112.306519 
112.295532 
112.285767 
112.275696 
112.264709 
112.254639 
112.244263 
112.234497 
112.224121 
112.212219 
112.201538 
112.190857 
112.179871 
112.170105 
112.159729 
112.149658 
112.139587 
112.129517 
112.119751 
112.108765 
112.098999 
112.088318 
112.077637 
112.067261 
112.057190 
112.045288 
112.035217 
112.024841 
112.014771 
112.005615 
111.995544 
111.986084 
111.975708 
111.965942 
111.954651 
111.944580 
111.933594 
111.922913 
111.912537 
111.901855 
111.891785 
111.880798 
111.871033 
111.860962 
111.850586 
111.840515 
111.830444 
111.820374 
111.809998 
111.798096 
111.786804 
111.776428 
111.766052 
111.755981 
111.745300 
111.735229 
111.725464 
111.715698 
111.705017 
111.695251 
111.684875 
111.674500 
111.664429 
111.653748 
111.643372 
111.632080 
111.621704 
111.611633 
111.601257 
111.592102 
111.582336 
111.572266 
111.562500 
111.552124 
111.542053 
111.531067 
111.520386 
111.510315 
111.499634 
111.489563 
111.478577 
111.468201 
111.457825 
111.447754 
111.437683 
111.427002 
111.417542 
111.406860 
111.395874 
111.384888 
111.373901 
111.363831 
111.352844 
111.342773 
111.332703 
111.321716 
111.311951 
111.302185 
111.291809 
111.281738 
111.271667 
111.261292 
111.250916 
111.240234 
111.230164 
111.219482 
111.208496 
111.198425 
111.188049 
111.178894 
111.169434 
111.159363 
111.149292 
111.139221 
111.128540 
111.118164 
111.107788 
111.097107 
111.086426 
111.076660 
111.065979 
111.055603 
111.045227 
111.035156 
111.025085 
111.015015 
111.004944 
110.994873 
110.983887 
110.972900 
110.961914 
110.951233 
110.941162 
110.930786 
110.921021 
110.911255 
110.900879 
110.890808 
110.881042 
110.870667 
110.860291 
110.850220 
110.839844 
110.829163 
110.819092 
110.808105 
110.798035 
110.787354 
110.777893 
110.768433 
110.758667 
110.748901 
110.738831 
110.728760 
110.718079 
110.707092 
110.696106 
110.685730 
110.675354 
110.664978 
110.654297 
110.643616 
110.633850 
110.623474 
110.612793 
110.603027 
110.592346 
110.582886 
110.571899 
110.560608 
110.549316 
110.538635 
110.528259 
110.517883 
110.507507 
110.497742 
110.487671 
110.477600 
110.467224 
110.457458 
110.447083 
110.437317 
110.426636 
110.416260 
110.405884 
110.395813 
110.384216 
110.374146 
110.364075 
110.354919 
110.345154 
110.335693 
110.325928 
110.315552 
110.305481 
110.295410 
110.285950 
110.276489 
110.266418 
110.257874 
110.249023 
110.240479 
110.231628 
110.223999 
110.215759 
110.208435 
110.201721 
110.194702 
110.187988 
110.180359 
110.173340 
110.166931 
110.161438 
110.156555 
110.151367 
110.146790 
110.142517 
110.138245 
110.134888 
110.131226 
110.127563 
110.123901 
110.120850 
110.118103 
110.115662 
110.112915 
110.110474 
110.108948 
110.107422 
110.107117 
110.106812 
110.106201 
110.106812 
110.106201 
110.105591 
110.105896 
110.105896 
110.105896 
110.106506 
110.107422 
110.108337 
110.110168 
110.111694 
110.114136 
110.116577 
110.119629 
110.122986 
110.126038 
110.129700 
110.132751 
110.135193 
110.138855 
110.144043 
110.148621 
110.153809 
110.159607 
110.164490 
110.170593 
110.177002 
110.183716 
110.189819 
110.196838 
110.204163 
110.211487 
110.218506 
110.226440 
110.234070 
110.243225 
110.252686 
110.262756 
110.272827 
110.282898 
110.292969 
110.303040 
110.312805 
110.322571 
110.332642 
110.343018 
110.352783 
110.363159 
110.373840 
110.384521 
110.395508 
110.406189 
110.416565 
110.427246 
110.438232 
110.448914 
110.458984 
110.468140 
110.477905 
110.487976 
110.498657 
110.508728 
110.519409 
110.529785 
110.540161 
110.551453 
110.561523 
110.571594 
110.582275 
110.592651 
110.602417 
110.612793 
110.622864 
110.632935 
110.642700 
110.652771 
110.663452 
110.674744 
110.686035 
110.696411 
110.707092 
110.717468 
110.727539 
110.737305 
110.747070 
110.757141 
110.767212 
110.777283 
110.787659 
110.797729 
110.807800 
110.818176 
110.828857 
110.838928 
110.849609 
110.859985 
110.869446 
110.878906 
110.888672 
110.898438 
110.908203 
110.919189 
110.928650 
110.939636 
110.949707 
110.960693 
110.970764 
110.981140 
110.991211 
111.001282 
111.011353 
111.021729 
111.031799 
111.041870 
111.051636 
111.061707 
111.072083 
111.083679 
111.094360 
111.105042 
111.115417 
111.125793 
111.136169 
111.145630 
111.155396 
111.165466 
111.176453 
111.186523 
111.196289 
111.206970 
111.217346 
111.227722 
111.237793 
111.248779 
111.259155 
111.269531 
111.279602 
111.288757 
111.298218 
111.307983 
111.318665 
111.329041 
111.339417 
111.350403 
111.360779 
111.371155 
111.381836 
111.391602 
111.402283 
111.412964 
111.422424 
111.432800 
111.442566 
111.452637 
111.463013 
111.473083 
111.483459 
111.495056 
111.506042 
111.516724 
111.527100 
111.537781 
111.547546 
111.557312 
111.567078 
111.577148 
111.587219 
111.597290 
111.607666 
111.617432 
111.628418 
111.637878 
111.648865 
111.659546 
111.669617 
111.680298 
111.689758 
111.698914 
111.708069 
111.718140 
111.728821 
111.738892 
111.749268 
111.759644 
111.770020 
111.780090 
111.790771 
111.800842 
111.811523 
111.821594 
111.831665 
111.841736 
111.851807 
111.861267 
111.871033 
111.881409 
111.892090 
111.903381 
111.914063 
111.924744 
111.934814 
111.945190 
111.955872 
111.965637 
111.975403 
111.985779 
111.995544 
112.005615 
112.015991 
112.025757 
112.036438 
112.046814 
112.057190 
112.067871 
112.077637 
112.088623 
112.098083 
112.107239 
112.117004 
112.126770 
112.137146 
112.147522 
112.157898 
112.168274 
112.178955 
112.189331 
112.199402 
112.210083 
112.220154 
112.230530 
112.240295 
112.250366 
112.260437 
112.270203 
112.280579 
112.290649 
112.300720 
112.312317 
112.323303 
112.334290 
112.344360 
112.354431 
112.364502 
112.373962 
112.384338 
112.393799 
112.404785 
112.414246 
112.424622 
112.434998 
112.445374 
112.455750 
112.465515 
112.476807 
112.486877 
112.496948 
112.507019 
112.515564 
112.525330 
112.535400 
112.545776 
112.556152 
112.565918 
112.576904 
112.587585 
112.597656 
112.608032 
112.618713 
112.628784 
112.639160 
112.648926 
112.658691 
112.669067 
112.678833 
112.688293 
112.698975 
112.709656 
112.720642 
112.731628 
112.742310 
112.752991 
112.763062 
112.773132 
112.782898 
112.792664 
112.802429 
112.812500 
112.822876 
112.832947 
112.843323 
112.853699 
112.864075 
112.874146 
112.884216 
112.894897 
112.905579 
112.915039 
112.924500 
112.933960 
112.943726 
112.953796 
112.963562 
112.973938 
112.983704 
112.993469 
113.003235 
113.012390 
113.021851 
113.030701 
113.039551 
113.048096 
113.056946 
113.064575 
113.072205 
113.079224 
113.086548 
113.094482 
113.102417 
113.109741 
113.116760 
113.123169 
113.128662 
113.135071 
113.139648 
113.144531 
113.149109 
113.154297 
113.158264 
113.162537 
113.166504 
113.170471 
113.173828 
113.177185 
113.180237 
113.182983 
113.185425 
113.186951 
113.187866 
113.188782 
113.190002 
113.190613 
113.191833 
113.192749 
113.192444 
113.193359 
113.193359 
113.192749 
113.192139 
113.190918 
113.190308 
113.188782 
113.186646 
113.184509 
113.181763 
113.179016 
113.175964 
113.173218 
113.171387 
113.168030 
113.164368 
113.161011 
113.156433 
113.151855 
113.146667 
113.140869 
113.135071 
113.129578 
113.123169 
113.117371 
113.110962 
113.104553 
113.097534 
113.090210 
113.083191 
113.075256 
113.067017 
113.058167 
113.048096 
113.038635 
113.028870 
113.019714 
113.009949 
113.000183 
112.990723 
112.980652 
112.970276 
112.960510 
112.949829 
112.939453 
112.928772 
112.918396 
112.906799 
112.896118 
112.884827 
112.873840 
112.862854 
112.852478 
112.842712 
112.832642 
112.821960 
112.811890 
112.800903 
112.789612 
112.778625 
112.767334 
112.756653 
112.745667 
112.734680 
112.724304 
112.713623 
112.702942 
112.692566 
112.681885 
112.672119 
112.661743 
112.651062 
112.640076 
112.628174 
112.617493 
112.606812 
112.596436 
112.586060 
112.575684 
112.565308 
112.555237 
112.544861 
112.534485 
112.524414 
112.514038 
112.503967 
112.493286 
112.482300 
112.472229 
112.460938 
112.450562 
112.440491 
112.430115 
112.421265 
112.411804 
112.401123 
112.391052 
112.380981 
112.369995 
112.359314 
112.348938 
112.338257 
112.327881 
112.317200 
112.307129 
112.296448 
112.286377 
112.276001 
112.265320 
112.255554 
112.244873 
112.235107 
112.224426 
112.213135 
112.201233 
112.191467 
112.181091 
112.171021 
112.160339 
112.150269 
112.140808 
112.130432 
112.120056 
112.109985 
112.099304 
112.088928 
112.078247 
112.067566 
112.057495 
112.046204 
112.035828 
112.025452 
112.015991 
112.006531 
111.997070 
111.986694 
111.976929 
111.965942 
111.955261 
111.945190 
111.933899 
111.923218 
111.913147 
111.902771 
111.892395 
111.882019 
111.871338 
111.861572 
111.851501 
111.841125 
111.830750 
111.820984 
111.809692 
111.798401 
111.787109 
111.776733 
111.766663 
111.756287 
111.746216 
111.735840 
111.726379 
111.716614 
111.705933 
111.695862 
111.685486 
111.674805 
111.664734 
111.654358 
111.643982 
111.632996 
111.622314 
111.611938 
111.602173 
111.593018 
111.583252 
111.573181 
111.563416 
111.552734 
111.542664 
111.531677 
111.521301 
111.510620 
111.500244 
111.489563 
111.479187 
111.468506 
111.458435 
111.447754 
111.437683 
111.427612 
111.417847 
111.407776 
111.397095 
111.385193 
111.374512 
111.364136 
111.353760 
111.343689 
111.333008 
111.323242 
111.312866 
111.302490 
111.292725 
111.282349 
111.272278 
111.261597 
111.251221 
111.241150 
111.230469 
111.219788 
111.209412 
111.199036 
111.189575 
111.180115 
111.169739 
111.160278 
111.150208 
111.139832 
111.129761 
111.119080 
111.108398 
111.097717 
111.087341 
111.076965 
111.066589 
111.056213 
111.046143 
111.035767 
111.025696 
111.015625 
111.005554 
110.995483 
110.984192 
110.973206 
110.962219 
110.951843 
110.942078 
110.931702 
110.921326 
110.911560 
110.901794 
110.891418 
110.881653 
110.871277 
110.861206 
110.851135 
110.840149 
110.830078 
110.819397 
110.809021 
110.798340 
110.787964 
110.778198 
110.769348 
110.759583 
110.749207 
110.739746 
110.729065 
110.718384 
110.708008 
110.696716 
110.686340 
110.675964 
110.665588 
110.655212 
110.644226 
110.634155 
110.624084 
110.614014 
110.603943 
110.593567 
110.583191 
110.572205 
110.560913 
110.549927 
110.538940 
110.528564 
110.518799 
110.508118 
110.498352 
110.488586 
110.478516 
110.468140 
110.458374 
110.447998 
110.437622 
110.427246 
110.417175 
110.406494 
110.395508 
110.384827 
110.374451 
110.364990 
110.355530 
110.346069 
110.335999 
110.326538 
110.316467 
110.306396 
110.296021 
110.286560 
110.276489 
110.267639 
110.257874 
110.249329 
110.240479 
110.231934 
110.224304 
110.216064 
110.209351 
110.202026 
110.195007 
110.187988 
110.180359 
110.173645 
110.167236 
110.161743 
110.156555 
110.151367 
110.147095 
110.143127 
110.138245 
110.134888 
110.130920 
110.127563 
110.124512 
110.121155 
110.118408 
110.115356 
110.113220 
110.110474 
110.108643 
110.107727 
110.107422 
110.107117 
110.105896 
110.106201 
110.105591 
110.105286 
110.104065 
110.104065 
110.103455 
110.103760 
110.103149 
110.103149 
110.103455 
110.103455 
110.104065 
110.104065 
110.104675 
110.104675 
110.104370 
110.104370 
110.103149 
110.102234 
110.102539 
110.102844 
110.103455 
110.103455 
110.103760 
110.104065 
110.104370 
110.104675 
110.104980 
110.105591 
110.105286 
110.105286 
110.104980 
110.104675 
110.104980 
110.104370 
110.104675 
110.105286 
110.106201 
110.107117 
110.106812 
110.107422 
110.107727 
110.107422 
110.106812 
110.106812 
110.107117 
110.106812 
110.106812 
110.107422 
110.107117 
110.107422 
110.107422 
110.107117 
110.107727 
110.108032 
110.107727 
110.107117 
110.106201 
110.105286 
110.105286 
110.105591 
110.105896 
110.105896 
110.105591 
110.106201 
110.106201 
110.106506 
110.106506 
110.106812 
110.106506 
110.106201 
110.105896 
110.105896 
110.104980 
110.104980 
110.105286 
110.105896 
110.107117 
110.107727 
110.107422 
110.107727 
110.107727 
110.107117 
110.106812 
110.106506 
110.106201 
110.106506 
110.106506 
110.106812 
110.106812 
110.106812 
110.107117 
110.107117 
