Blum, K. P., D’Incamps, B. L., Zytnicki, D., & Ting, L. H. (2017).
Force encoding in muscle spindles during stretch of
passive muscle. PLoS computational biology, 13(9), 
e1005767. <https://journals.plos.org/ploscompbiol/article?
id=10.1371/journal.pcbi.1005767>

cat medial gastrocnemius muscle lengths over t  (in 0.0005 s increments)
110.111084 
110.111084 
110.111389 
110.111389 
110.112305 
110.112305 
110.112305 
110.111694 
110.109863 
110.108948 
110.108948 
110.109558 
110.109558 
110.109863 
110.110168 
110.109863 
110.110168 
110.110474 
110.110168 
110.110474 
110.110474 
110.110474 
110.109558 
110.109558 
110.109253 
110.108643 
110.108643 
110.110168 
110.110779 
110.112000 
110.112305 
110.112000 
110.111389 
110.111694 
110.111694 
110.111084 
110.110779 
110.111084 
110.110779 
110.110779 
110.111389 
110.110779 
110.111084 
110.111694 
110.111694 
110.112305 
110.112610 
110.111389 
110.110168 
110.109558 
110.108948 
110.108948 
110.109253 
110.109863 
110.110168 
110.110168 
110.110474 
110.110168 
110.110168 
110.110474 
110.110474 
110.109863 
110.109863 
110.109558 
110.108948 
110.108643 
110.108643 
110.109558 
110.111084 
110.111694 
110.112000 
110.112000 
110.111694 
110.111389 
110.111389 
110.110779 
110.110779 
110.110779 
110.111084 
110.111084 
110.111084 
110.111084 
110.111389 
110.111389 
110.111694 
110.112610 
110.112000 
110.111084 
110.109863 
110.108948 
110.108948 
110.108948 
110.109253 
110.109253 
110.109558 
110.110474 
110.110474 
110.109863 
110.110779 
110.110474 
110.110168 
110.110168 
110.109863 
110.109558 
110.108948 
110.108948 
110.108948 
110.109558 
110.111389 
110.112305 
110.112915 
110.113525 
110.114136 
110.114441 
110.115051 
110.116577 
110.117798 
110.119934 
110.122070 
110.124207 
110.127563 
110.131226 
110.135498 
110.140076 
110.144958 
110.150757 
110.156250 
110.161743 
110.166626 
110.171814 
110.179443 
110.186462 
110.194092 
110.202026 
110.210876 
110.219727 
110.228577 
110.238342 
110.246887 
110.256653 
110.265808 
110.275269 
110.285034 
110.294495 
110.303955 
110.314026 
110.323486 
110.334778 
110.346985 
110.358276 
110.368958 
110.379333 
110.389404 
110.400391 
110.410461 
110.421143 
110.431213 
110.442200 
110.452881 
110.464172 
110.475464 
110.487366 
110.499573 
110.511169 
110.524597 
110.537109 
110.549622 
110.561218 
110.572815 
110.584412 
110.597534 
110.610657 
110.624084 
110.637207 
110.650635 
110.663757 
110.676880 
110.689392 
110.701294 
110.713196 
110.724487 
110.735474 
110.745850 
110.755310 
110.764771 
110.773621 
110.782776 
110.792847 
110.803833 
110.812988 
110.822754 
110.831299 
110.840149 
110.848999 
110.857544 
110.866699 
110.875854 
110.884399 
110.893250 
110.902710 
110.912170 
110.921936 
110.931396 
110.941467 
110.951538 
110.961914 
110.971375 
110.980835 
110.989380 
110.997925 
111.007690 
111.018066 
111.028442 
111.038818 
111.049500 
111.060181 
111.070862 
111.080933 
111.091309 
111.101685 
111.112061 
111.122437 
111.132507 
111.142273 
111.152649 
111.162415 
111.172485 
111.184387 
111.195984 
111.207581 
111.217957 
111.228638 
111.238403 
111.248474 
111.258850 
111.268311 
111.278381 
111.288757 
111.298828 
111.308594 
111.319275 
111.329041 
111.339722 
111.350098 
111.360779 
111.370544 
111.380920 
111.390076 
111.398315 
111.407776 
111.417236 
111.427307 
111.436768 
111.446838 
111.457520 
111.467896 
111.477661 
111.488342 
111.498108 
111.508179 
111.518250 
111.528015 
111.538086 
111.547852 
111.557007 
111.566772 
111.576843 
111.588135 
111.599426 
111.610107 
111.620483 
111.630859 
111.640625 
111.650696 
111.661072 
111.670532 
111.680603 
111.690979 
111.700745 
111.710815 
111.720886 
111.731262 
111.741638 
111.752319 
111.763306 
111.773682 
111.783752 
111.793213 
111.802673 
111.811523 
111.821899 
111.832275 
111.842041 
111.852417 
111.863708 
111.873779 
111.884460 
111.894836 
111.905212 
111.914978 
111.925964 
111.936035 
111.945496 
111.955872 
111.965942 
111.975708 
111.985779 
111.997070 
112.008667 
112.019653 
112.030640 
112.041016 
112.050781 
112.061462 
112.070923 
112.080994 
112.090759 
112.101135 
112.111206 
112.121277 
112.131653 
112.142334 
112.152710 
112.163086 
112.173767 
112.184753 
112.194824 
112.203979 
112.213440 
112.222290 
112.232056 
112.242737 
112.253418 
112.263794 
112.274780 
112.285156 
112.295837 
112.306213 
112.316589 
112.326965 
112.337341 
112.347107 
112.357178 
112.367249 
112.377625 
112.387085 
112.397156 
112.409058 
112.420654 
112.431946 
112.442322 
112.453308 
112.463379 
112.473145 
112.482910 
112.493286 
112.503052 
112.513428 
112.523804 
112.533569 
112.543945 
112.554626 
112.564392 
112.575378 
112.586670 
112.597351 
112.607727 
112.616882 
112.626343 
112.635193 
112.645264 
112.656250 
112.666016 
112.676392 
112.687073 
112.697754 
112.708435 
112.718811 
112.729187 
112.739563 
112.749634 
112.760010 
112.770081 
112.780151 
112.789612 
112.800293 
112.809448 
112.821045 
112.832947 
112.844238 
112.854309 
112.864685 
112.875061 
112.884827 
112.895203 
112.905273 
112.915344 
112.924805 
112.935486 
112.945557 
112.955627 
112.966003 
112.976685 
112.987366 
112.998047 
113.008423 
113.019104 
113.028259 
113.037109 
113.045959 
113.055115 
113.064880 
113.074646 
113.083801 
113.092957 
113.101807 
113.110657 
113.119202 
113.126526 
113.134155 
113.141174 
113.147583 
113.153687 
113.159180 
113.164063 
113.168945 
113.174133 
113.179016 
113.184509 
113.189087 
113.192749 
113.195496 
113.197937 
113.199463 
113.200378 
113.202209 
113.202515 
113.202209 
113.202820 
113.202209 
113.201599 
113.200684 
113.200073 
113.198853 
113.197327 
113.194885 
113.192139 
113.187866 
113.182983 
113.178101 
113.172302 
113.167725 
113.162231 
113.156738 
113.150635 
113.144531 
113.136902 
113.129578 
113.122253 
113.113708 
113.104858 
113.096008 
113.086243 
113.076782 
113.066406 
113.055725 
113.045349 
113.035889 
113.026733 
113.016968 
113.006592 
112.995911 
112.984619 
112.973938 
112.962646 
112.951050 
112.940063 
112.928772 
112.917175 
112.906494 
112.895508 
112.884216 
112.873840 
112.863159 
112.852478 
112.842102 
112.831421 
112.819824 
112.807007 
112.796021 
112.784729 
112.774353 
112.763367 
112.752991 
112.742310 
112.732239 
112.721863 
112.711182 
112.700806 
112.691040 
112.680054 
112.669373 
112.658386 
112.647400 
112.636414 
112.625427 
112.614746 
112.605591 
112.596436 
112.587280 
112.576904 
112.566223 
112.555237 
112.545166 
112.534485 
112.523193 
112.512512 
112.502441 
112.491760 
112.481384 
112.471008 
112.460938 
112.449951 
112.440796 
112.430725 
112.420044 
112.409973 
112.398682 
112.386780 
112.375488 
112.364807 
112.354126 
112.344055 
112.334290 
112.323914 
112.313843 
112.304077 
112.293701 
112.283325 
112.272644 
112.263184 
112.252197 
112.241516 
112.230835 
112.219849 
112.209473 
112.199097 
112.189636 
112.180481 
112.171326 
112.161255 
112.151184 
112.140503 
112.130127 
112.119446 
112.108765 
112.098083 
112.087708 
112.077332 
112.066650 
112.056580 
112.046204 
112.036133 
112.026062 
112.016907 
112.006531 
111.996460 
111.985474 
111.973572 
111.961975 
111.951294 
111.940918 
111.930847 
111.920471 
111.910400 
111.900940 
111.890564 
111.880493 
111.870117 
111.860046 
111.849365 
111.839294 
111.828918 
111.818237 
111.807251 
111.796265 
111.785889 
111.776428 
111.767273 
111.758423 
111.748352 
111.737671 
111.727600 
111.716614 
111.706543 
111.695557 
111.684875 
111.674805 
111.664124 
111.653748 
111.643677 
111.632996 
111.622620 
111.612854 
111.603394 
111.593018 
111.583252 
111.572266 
111.560364 
111.549072 
111.538696 
111.528015 
111.517944 
111.507874 
111.498108 
111.487732 
111.477661 
111.467896 
111.457520 
111.447144 
111.436768 
111.426392 
111.416321 
111.405945 
111.394653 
111.384277 
111.373901 
111.364441 
111.355591 
111.346741 
111.336365 
111.325989 
111.315613 
111.304932 
111.294250 
111.283569 
111.273499 
111.263123 
111.252441 
111.242065 
111.231689 
111.221313 
111.211548 
111.201782 
111.191711 
111.181946 
111.171570 
111.160278 
111.148376 
111.137695 
111.127014 
111.117554 
111.106873 
111.096802 
111.087036 
111.076965 
111.067200 
111.057129 
111.047058 
111.036987 
111.027222 
111.016541 
111.006165 
110.995483 
110.984802 
110.974121 
110.963745 
110.954590 
110.945435 
110.936279 
110.925903 
110.915527 
110.905151 
110.894470 
110.883789 
110.873108 
110.862427 
110.851746 
110.840454 
110.830383 
110.819702 
110.809326 
110.798950 
110.789185 
110.779419 
110.769348 
110.759583 
110.747986 
110.736084 
110.725403 
110.714111 
110.704041 
110.693970 
110.683899 
110.673828 
110.664063 
110.653687 
110.643616 
110.633545 
110.623474 
110.613403 
110.603027 
110.592346 
110.581665 
110.570679 
110.560608 
110.549622 
110.540466 
110.531311 
110.521851 
110.512085 
110.501709 
110.491943 
110.480652 
110.470581 
110.459900 
110.449219 
110.438843 
110.428467 
110.418091 
110.407715 
110.397949 
110.387268 
110.377197 
110.368042 
110.357971 
110.347900 
110.336609 
110.325012 
110.314026 
110.303345 
110.293274 
110.282898 
110.273438 
110.263062 
110.253601 
110.244141 
110.234375 
110.224915 
110.216064 
110.207214 
110.198669 
110.190125 
110.181885 
110.173950 
110.166626 
110.159912 
110.155029 
110.150146 
110.145569 
110.140991 
110.136108 
110.131836 
110.128479 
110.123901 
110.121155 
110.118103 
110.115356 
110.113831 
110.111694 
110.110474 
110.109863 
110.109558 
110.109558 
110.110168 
110.111389 
110.112000 
110.112000 
110.111694 
110.112610 
110.114136 
110.116882 
110.119934 
110.123291 
110.127563 
110.132446 
110.137329 
110.142822 
110.148315 
110.154724 
110.161133 
110.168457 
110.174866 
110.182190 
110.190125 
110.197449 
110.206299 
110.216064 
110.226746 
110.237732 
110.248413 
110.258484 
110.268555 
110.278931 
110.289612 
110.299988 
110.310364 
110.321655 
110.332642 
110.343628 
110.354614 
110.365906 
110.377197 
110.388794 
110.400085 
110.411987 
110.423279 
110.432739 
110.441589 
110.451355 
110.461426 
110.471497 
110.482788 
110.492859 
110.503845 
110.514221 
110.524597 
110.534973 
110.545654 
110.555725 
110.565796 
110.575867 
110.585632 
110.595703 
110.605469 
110.615540 
110.625305 
110.636597 
110.648499 
110.659180 
110.670166 
110.680542 
110.690308 
110.699768 
110.710449 
110.720215 
110.730286 
110.740356 
110.750122 
110.760193 
110.770569 
110.780640 
110.791016 
110.801697 
110.812378 
110.822754 
110.833130 
110.842285 
110.851440 
110.860596 
110.870667 
110.881042 
110.891113 
110.901794 
110.912170 
110.922546 
110.932922 
110.943298 
110.953674 
110.964355 
110.974426 
110.984497 
110.994568 
111.004333 
111.013794 
111.024170 
111.034241 
111.045837 
111.057129 
111.068420 
111.078796 
111.089172 
111.099243 
111.109314 
111.119080 
111.129150 
111.138611 
111.148987 
111.159058 
111.169128 
111.179504 
111.189880 
111.199951 
111.210938 
111.221619 
111.232300 
111.242676 
111.252136 
111.261597 
111.270447 
111.280212 
111.291199 
111.300964 
111.311646 
111.322632 
111.333008 
111.343689 
111.354370 
111.365051 
111.375122 
111.385803 
111.396179 
111.406250 
111.416016 
111.426086 
111.435547 
111.446228 
111.456909 
111.468811 
111.479797 
111.490784 
111.501160 
111.511230 
111.520996 
111.531067 
111.540833 
111.550903 
111.560974 
111.570740 
111.581116 
111.591492 
111.601257 
111.611938 
111.622620 
111.632996 
111.644287 
111.654358 
111.663818 
111.672668 
111.681824 
111.691895 
111.701965 
111.712036 
111.722412 
111.733093 
111.743469 
111.754150 
111.764221 
111.774902 
111.785278 
111.795349 
111.806030 
111.816101 
111.825867 
111.835632 
111.845398 
111.855774 
111.866760 
111.878662 
111.889343 
111.900024 
111.910400 
111.920166 
111.930542 
111.940613 
111.950073 
111.960754 
111.970520 
111.980591 
111.990662 
112.001038 
112.011414 
112.021484 
112.031860 
112.042847 
112.053833 
112.064209 
112.073364 
112.082214 
112.091980 
112.101440 
112.111206 
112.122498 
112.132874 
112.143250 
112.153625 
112.164307 
112.174072 
112.184753 
112.195129 
112.205505 
112.215576 
112.225647 
112.235718 
112.244873 
112.254944 
112.265320 
112.276611 
112.288208 
112.299194 
112.310181 
112.319946 
112.330322 
112.340088 
112.350159 
112.360229 
112.369690 
112.380371 
112.390137 
112.400208 
112.410583 
112.420654 
112.431335 
112.441711 
112.452698 
112.463074 
112.473145 
112.482910 
112.491150 
112.500610 
112.510376 
112.520447 
112.530823 
112.541199 
112.551880 
112.562561 
112.572937 
112.583313 
112.593384 
112.604065 
112.614441 
112.623901 
112.633972 
112.643738 
112.653503 
112.663269 
112.673645 
112.684326 
112.695618 
112.706909 
112.717285 
112.727661 
112.737732 
112.748108 
112.757874 
112.767639 
112.777710 
112.787781 
112.797546 
112.807922 
112.817688 
112.827759 
112.837830 
112.848511 
112.859192 
112.869568 
112.879944 
112.889099 
112.898254 
112.907104 
112.917480 
112.927551 
112.937622 
112.947998 
112.958679 
112.969055 
112.979736 
112.990112 
113.000488 
113.010254 
113.020630 
113.031006 
113.040161 
113.049927 
113.059387 
113.067932 
113.077087 
113.086853 
113.096924 
113.106079 
113.114624 
113.121948 
113.129578 
113.135986 
113.142090 
113.148193 
113.153687 
113.159180 
113.163757 
113.168335 
113.172913 
113.176575 
113.180847 
113.183899 
113.187256 
113.190002 
113.191833 
113.192749 
113.193054 
113.193054 
113.192444 
113.193054 
113.192749 
113.192444 
113.191833 
113.190918 
113.189392 
113.187561 
113.186035 
113.182983 
113.179932 
113.175964 
113.171692 
113.166504 
113.161316 
113.155518 
113.149414 
113.143921 
113.138428 
113.132324 
113.125305 
113.117371 
113.108826 
113.099670 
113.090210 
113.080750 
113.070679 
113.061218 
113.050232 
113.039856 
113.029480 
113.018494 
113.007813 
112.997437 
112.987366 
112.976685 
112.966614 
112.954407 
112.942505 
112.930298 
112.919312 
112.908630 
112.897949 
112.887268 
112.876587 
112.866516 
112.856140 
112.845154 
112.834778 
112.825012 
112.814026 
112.803345 
112.792969 
112.781677 
112.770691 
112.760315 
112.749329 
112.739868 
112.730408 
112.720947 
112.711182 
112.700806 
112.690125 
112.679138 
112.668762 
112.658081 
112.647095 
112.636719 
112.626343 
112.615662 
112.605591 
112.595520 
112.585144 
112.574768 
112.565308 
112.555237 
112.544861 
112.533875 
112.522278 
112.510986 
112.500305 
112.489929 
112.479858 
112.469788 
112.459717 
112.449646 
112.439575 
112.429504 
112.418823 
112.408752 
112.398682 
112.388611 
112.377625 
112.367249 
112.356567 
112.345581 
112.335205 
112.326050 
112.317200 
112.307434 
112.297363 
112.287292 
112.276917 
112.266541 
112.255554 
112.245178 
112.234192 
112.224426 
112.213440 
112.203369 
112.192688 
112.182617 
112.172546 
112.162781 
112.152710 
112.142944 
112.132568 
112.121277 
112.109985 
112.098389 
112.088013 
112.077637 
112.067566 
112.057495 
112.047729 
112.037354 
112.027283 
112.016907 
112.006836 
111.997070 
111.986389 
111.976624 
111.965942 
111.955261 
111.944275 
111.933594 
111.923218 
111.914063 
111.904907 
111.895142 
111.885681 
111.875305 
111.864929 
111.854553 
111.843872 
111.833191 
111.822510 
111.811829 
111.801758 
111.791077 
111.781006 
111.770630 
111.760559 
111.750183 
111.741028 
111.730652 
111.720886 
111.709290 
111.697998 
111.686707 
111.675720 
111.665955 
111.655579 
111.645508 
111.635132 
111.625671 
111.615295 
111.605225 
111.594849 
111.584778 
111.574707 
111.564026 
111.553955 
111.542969 
111.532593 
111.522217 
111.511230 
111.502075 
111.493530 
111.483459 
111.473694 
111.463623 
111.452942 
111.442566 
111.431885 
111.421509 
111.411133 
111.400757 
111.390076 
111.379700 
111.369324 
111.359253 
111.349487 
111.339111 
111.329041 
111.318970 
111.308899 
111.297913 
111.286316 
111.275024 
111.264343 
111.254272 
111.244202 
111.234131 
111.224060 
111.214294 
111.204224 
111.193848 
111.184082 
111.173401 
111.163330 
111.152649 
111.142578 
111.131897 
111.121216 
111.110840 
111.100159 
111.091003 
111.082153 
111.072388 
111.062927 
111.052856 
111.042480 
111.032104 
111.021118 
111.010742 
110.999756 
110.989685 
110.979004 
110.968628 
110.958557 
110.948181 
110.937805 
110.927734 
110.918579 
110.908508 
110.898438 
110.886841 
110.875854 
110.863953 
110.853271 
110.843201 
110.832825 
110.822449 
110.812683 
110.802307 
110.792236 
110.782471 
110.772400 
110.762024 
110.751648 
110.741577 
110.730896 
110.720215 
110.709839 
110.698547 
110.688477 
110.679016 
110.670166 
110.660706 
110.650635 
110.640259 
110.630188 
110.619507 
110.609131 
110.598450 
110.587769 
110.577087 
110.567017 
110.556641 
110.545959 
110.535583 
110.525513 
110.515442 
110.505676 
110.496216 
110.485840 
110.474548 
110.462952 
110.451355 
110.441284 
110.431213 
110.420837 
110.410767 
110.401001 
110.390625 
110.380554 
110.370483 
110.360413 
110.350342 
110.340271 
110.329895 
110.319214 
110.308838 
110.298157 
110.287476 
110.277405 
110.267944 
110.259399 
110.250244 
110.240784 
110.230713 
110.221558 
110.212708 
110.203247 
110.195007 
110.186462 
110.179138 
110.171509 
110.164490 
110.158081 
110.151978 
110.146790 
110.141907 
110.137329 
110.133667 
110.129700 
110.125732 
110.120544 
110.116882 
110.114136 
110.112000 
110.110474 
110.109253 
110.108948 
110.108643 
110.108337 
110.108643 
110.108643 
110.110168 
110.110474 
110.111694 
110.112915 
110.114441 
110.116577 
110.118408 
110.121765 
110.126648 
110.132141 
110.138245 
110.144043 
110.149231 
110.155334 
110.161743 
110.168152 
110.174866 
110.182800 
110.190125 
110.198364 
110.206909 
110.215759 
110.225525 
110.235596 
110.245667 
110.256653 
110.266724 
110.277710 
110.287781 
110.297241 
110.307312 
110.317688 
110.328674 
110.339355 
110.350952 
110.361938 
110.372925 
110.383911 
110.394897 
110.405884 
110.416260 
110.426636 
110.436707 
110.447083 
110.457458 
110.467224 
110.476990 
110.487671 
110.498352 
110.509949 
110.520935 
110.531921 
110.541687 
110.552063 
110.562439 
110.571899 
110.581970 
110.592041 
110.602112 
110.612183 
110.622253 
110.632629 
110.642700 
110.653381 
110.663757 
110.674744 
110.685120 
110.695190 
110.705261 
110.714111 
110.723267 
110.733337 
110.743103 
110.753479 
110.764160 
110.774841 
110.784912 
110.795593 
110.805664 
110.816040 
110.826721 
110.836792 
110.846863 
110.857239 
110.867310 
110.877075 
110.886536 
110.896912 
110.907898 
110.919495 
110.930786 
110.941772 
110.951538 
110.961304 
110.971680 
110.981445 
110.991516 
111.001282 
111.011658 
111.021729 
111.032410 
111.042175 
111.052551 
111.063232 
111.073303 
111.084290 
111.094971 
111.105042 
111.114502 
111.123657 
111.132507 
111.142273 
111.152649 
111.163330 
111.173401 
111.184387 
111.194763 
111.205750 
111.215820 
111.226501 
111.236572 
111.246948 
111.257324 
111.267395 
111.277466 
111.287231 
111.296997 
111.307068 
111.318359 
111.329956 
111.341553 
111.352539 
111.362305 
111.372986 
111.382751 
111.392822 
111.402588 
111.412964 
111.422729 
111.432800 
111.443176 
111.453247 
111.463623 
111.473694 
111.484680 
111.495361 
111.506042 
111.516418 
111.525879 
111.535339 
111.544189 
111.553955 
111.564331 
111.575012 
111.585083 
111.595459 
111.606140 
111.616821 
111.626892 
111.637268 
111.647949 
111.658325 
111.668396 
111.678772 
111.688232 
111.697998 
111.707764 
111.718140 
111.728821 
111.740723 
111.751709 
111.762390 
111.772766 
111.782837 
111.792297 
111.803284 
111.813354 
111.822815 
111.833191 
111.843262 
111.853027 
111.863403 
111.873779 
111.884155 
111.894531 
111.905212 
111.916199 
111.926575 
111.935730 
111.944580 
111.954041 
111.964111 
111.974487 
111.984558 
111.995239 
112.005615 
112.016296 
112.026672 
112.036743 
112.047424 
112.057495 
112.068176 
112.077942 
112.088318 
112.098083 
112.107544 
112.117920 
112.127686 
112.139282 
112.151184 
112.161865 
112.172546 
112.182922 
112.192993 
112.203064 
112.212830 
112.223206 
112.232361 
112.243042 
112.253113 
112.263184 
112.273254 
112.283936 
112.294617 
112.304382 
112.315063 
112.326355 
112.336731 
112.346497 
112.355347 
112.364197 
112.374573 
112.384338 
112.394714 
112.404785 
112.415771 
112.425842 
112.437134 
112.447510 
112.457275 
112.467651 
112.478027 
112.488403 
112.498169 
112.508545 
112.518005 
112.527466 
112.537537 
112.548523 
112.560425 
112.571716 
112.582397 
112.592468 
112.602539 
112.612915 
112.622681 
112.632446 
112.642517 
112.652893 
112.662354 
112.672729 
112.683105 
112.693176 
112.703552 
112.714233 
112.724915 
112.735596 
112.746277 
112.755127 
112.763977 
112.773743 
112.783508 
112.793274 
112.803955 
112.814026 
112.824707 
112.835083 
112.845764 
112.855835 
112.865601 
112.876282 
112.886353 
112.896729 
112.906494 
112.916870 
112.926331 
112.936096 
112.946472 
112.957153 
112.968750 
112.980042 
112.990723 
113.000793 
113.010559 
113.020325 
113.029785 
113.039856 
113.049011 
113.059082 
113.068237 
113.077393 
113.086548 
113.095398 
113.103943 
113.112488 
113.120422 
113.128052 
113.135681 
113.141479 
113.145752 
113.151245 
113.156433 
113.161316 
113.166199 
113.170166 
113.174744 
113.178711 
113.182068 
113.184814 
113.187866 
113.189697 
113.191223 
113.192139 
113.192749 
113.193054 
113.192444 
113.191833 
113.191223 
113.191223 
113.192139 
113.191528 
113.189392 
113.186951 
113.184814 
113.180847 
113.177185 
113.172913 
113.168030 
113.162842 
113.157349 
113.151245 
113.145142 
113.138428 
113.132019 
113.124695 
113.117371 
113.109741 
113.101196 
113.091125 
113.080139 
113.070374 
113.059692 
113.049011 
113.038940 
113.028564 
113.018188 
113.008118 
112.997742 
112.986755 
112.976379 
112.965698 
112.955322 
112.944031 
112.933350 
112.922058 
112.910767 
112.899475 
112.888794 
112.878723 
112.869568 
112.860413 
112.850037 
112.839050 
112.828979 
112.817993 
112.807617 
112.796631 
112.785645 
112.775269 
112.765198 
112.753906 
112.743835 
112.733154 
112.722778 
112.712708 
112.702942 
112.693176 
112.682495 
112.671509 
112.660217 
112.648926 
112.638245 
112.628174 
112.617493 
112.607422 
112.597656 
112.587585 
112.576904 
112.567139 
112.556763 
112.546387 
112.536621 
112.525940 
112.515259 
112.504883 
112.494202 
112.483215 
112.473145 
112.463379 
112.454529 
112.445374 
112.435913 
112.424622 
112.414246 
112.404175 
112.393494 
112.382507 
112.372131 
112.362061 
112.351074 
112.340698 
112.330933 
112.320557 
112.310181 
112.300110 
112.290344 
112.280884 
112.270813 
112.259216 
112.247314 
112.236328 
112.225952 
112.215271 
112.204895 
112.194824 
112.185059 
112.175598 
112.165222 
112.154541 
112.145081 
112.135010 
112.124329 
112.114258 
112.103271 
112.092590 
112.081909 
112.071533 
112.061157 
112.051697 
112.042542 
112.033386 
112.023621 
112.013245 
112.002869 
111.992493 
111.981812 
111.971130 
111.960449 
111.949768 
111.939087 
111.929016 
111.918640 
111.908569 
111.898193 
111.888428 
111.878662 
111.868591 
111.858826 
111.847839 
111.835327 
111.824341 
111.813965 
111.803589 
111.793213 
111.783142 
111.773376 
111.763306 
111.753540 
111.743164 
111.733093 
111.723022 
111.712646 
111.701965 
111.691895 
111.681213 
111.670532 
111.659851 
111.649475 
111.639709 
111.631165 
111.622314 
111.611633 
111.601257 
111.590881 
111.580505 
111.569519 
111.559448 
111.548462 
111.538086 
111.528015 
111.517639 
111.507263 
111.496887 
111.486816 
111.476746 
111.466675 
111.457214 
111.446838 
111.436157 
111.424255 
111.412964 
111.402283 
111.392212 
111.382446 
111.371765 
111.362610 
111.351929 
111.342163 
111.332092 
111.321716 
111.311340 
111.301270 
111.290894 
111.280212 
111.269836 
111.258850 
111.248474 
111.237793 
111.228638 
111.219788 
111.210632 
111.200562 
111.190491 
111.179810 
111.169434 
111.158447 
111.148071 
111.137390 
111.127319 
111.116638 
111.106262 
111.096191 
111.086121 
111.075745 
111.065674 
111.056519 
111.046448 
111.036072 
111.025085 
111.013184 
111.001587 
110.991516 
110.981140 
110.971069 
110.960999 
110.950928 
110.940857 
110.930786 
110.921021 
110.910950 
110.900879 
110.890198 
110.879822 
110.869446 
110.858459 
110.847778 
110.837097 
110.826721 
110.817261 
110.808411 
110.798645 
110.788879 
110.778809 
110.768127 
110.757751 
110.747070 
110.736694 
110.726013 
110.715637 
110.705566 
110.694885 
110.684204 
110.673828 
110.663452 
110.653992 
110.643921 
110.633850 
110.624390 
110.612793 
110.600586 
110.590210 
110.579224 
110.568848 
110.559082 
110.549011 
110.538330 
110.528564 
110.518799 
110.508423 
110.498352 
110.488586 
110.477600 
110.467834 
110.457153 
110.446472 
110.435791 
110.425720 
110.415039 
110.405884 
110.397034 
110.387268 
110.377197 
110.367126 
110.356140 
110.345764 
110.335693 
110.324707 
110.314026 
110.303955 
110.293579 
110.282898 
110.272827 
110.263062 
110.253296 
110.243835 
110.234680 
110.225220 
110.216675 
110.206909 
110.196838 
110.187988 
110.179749 
110.172729 
110.165710 
110.159302 
110.153503 
110.147705 
110.142822 
110.137634 
110.133057 
110.129700 
110.126038 
110.122375 
110.119324 
110.116272 
110.113831 
110.111694 
110.109863 
110.109558 
110.109863 
110.110779 
110.110779 
110.111084 
110.111694 
110.112000 
110.112610 
110.113831 
110.115662 
110.117188 
110.119934 
110.123291 
110.126343 
110.130615 
110.135498 
110.140686 
110.146484 
110.153503 
110.158997 
110.165405 
110.170898 
110.177612 
110.184631 
110.193481 
110.201721 
110.210571 
110.220642 
110.230408 
110.241089 
110.251160 
110.261841 
110.272217 
110.282898 
110.293884 
110.303650 
110.315247 
110.325317 
110.335388 
110.346069 
110.357666 
110.369873 
110.381470 
110.392456 
110.403137 
110.413818 
110.423889 
110.434265 
110.444031 
110.453796 
110.464478 
110.474243 
110.484619 
110.494690 
110.505371 
110.515442 
110.525818 
110.536804 
110.547180 
110.557861 
110.567017 
110.576172 
110.585632 
110.595398 
110.605469 
110.615845 
110.626221 
110.636902 
110.647583 
110.657959 
110.668030 
110.678711 
110.689392 
110.699158 
110.709839 
110.719910 
110.729980 
110.739441 
110.748901 
110.758972 
110.770569 
110.782166 
110.793457 
110.803833 
110.814209 
110.824585 
110.834045 
110.844116 
110.853882 
110.864258 
110.874634 
110.884399 
110.894775 
110.905151 
110.914917 
110.925598 
110.935974 
110.946655 
110.957642 
110.968018 
110.976868 
110.985718 
110.995789 
111.005249 
111.015320 
111.026001 
111.036377 
111.047363 
111.057739 
111.068420 
111.078491 
111.088867 
111.099243 
111.109314 
111.119690 
111.129456 
111.139526 
111.149292 
111.159363 
111.169128 
111.180420 
111.192627 
111.203613 
111.214294 
111.224670 
111.234741 
111.244507 
111.254272 
111.264343 
111.274414 
111.284790 
111.294861 
111.304932 
111.315002 
111.325378 
111.336365 
111.346741 
111.357727 
111.368103 
111.378479 
111.387939 
111.397095 
111.405945 
111.416016 
111.426697 
111.436768 
111.447144 
111.457825 
111.467896 
111.479187 
111.489258 
111.499939 
111.510315 
111.520386 
111.530762 
111.540527 
111.550903 
111.560669 
111.570740 
111.580505 
111.590881 
111.603088 
111.614075 
111.624756 
111.635132 
111.645813 
111.655579 
111.665649 
111.675720 
111.685486 
111.695557 
111.705627 
111.715698 
111.725464 
111.736450 
111.746521 
111.757202 
111.767578 
111.778564 
111.788330 
111.798096 
111.806946 
111.816711 
111.826477 
111.836853 
111.846924 
111.856995 
111.868286 
111.878662 
111.889038 
111.899414 
111.909790 
111.919861 
111.930237 
111.940308 
111.950378 
111.961365 
111.970520 
111.979980 
111.990662 
112.001953 
112.013245 
112.024536 
112.035217 
112.044983 
112.055359 
112.065735 
112.075500 
112.085266 
112.095642 
112.105408 
112.115479 
112.125854 
112.135925 
112.146301 
112.156677 
112.167358 
112.178040 
112.188721 
112.198792 
112.208557 
112.217407 
112.226563 
112.236633 
112.246704 
112.256775 
112.267456 
112.278137 
112.289124 
112.299805 
112.309875 
112.320251 
112.330627 
112.341003 
112.351074 
112.360840 
112.370911 
112.380676 
112.390747 
112.400818 
112.412109 
112.423096 
112.434998 
112.445679 
112.455750 
112.465820 
112.476196 
112.485962 
112.495728 
112.505798 
112.516174 
112.525940 
112.536011 
112.546387 
112.556763 
112.567139 
112.577820 
112.588501 
112.599182 
112.609558 
112.619019 
112.627869 
112.637024 
112.646790 
112.656860 
112.667236 
112.677917 
112.687988 
112.698669 
112.709351 
112.719727 
112.729797 
112.740784 
112.750244 
112.760925 
112.770691 
112.780762 
112.790222 
112.799683 
112.810059 
112.820435 
112.832336 
112.843323 
112.854309 
112.864075 
112.874146 
112.883911 
112.893677 
112.904053 
112.914124 
112.924194 
112.933960 
112.944336 
112.955017 
112.964783 
112.975159 
112.985229 
112.996521 
113.006897 
113.017273 
113.026123 
113.035278 
113.043518 
113.052979 
113.062744 
113.072205 
113.081055 
113.090515 
113.099365 
113.107605 
113.115845 
113.123474 
113.130188 
113.137207 
113.143311 
113.149414 
113.154602 
113.159180 
113.163452 
113.168030 
113.173218 
113.178101 
113.182983 
113.185730 
113.187866 
113.190613 
113.191528 
113.192749 
113.193665 
113.193970 
113.194275 
113.193665 
113.193665 
113.193054 
113.192139 
113.191223 
113.189392 
113.187866 
113.186035 
113.182983 
113.178711 
113.173523 
113.168030 
113.162842 
113.157959 
113.152161 
113.146362 
113.140259 
113.133545 
113.126526 
113.118591 
113.111267 
113.102417 
113.093567 
113.084106 
113.074951 
113.064575 
113.054199 
113.043213 
113.032837 
113.022766 
113.013611 
113.003845 
112.993469 
112.983093 
112.971802 
112.961121 
112.949524 
112.938843 
112.927246 
112.917175 
112.906189 
112.894897 
112.884216 
112.873230 
112.863159 
112.853088 
112.843018 
112.833252 
112.822876 
112.810974 
112.799377 
112.788086 
112.777405 
112.766724 
112.756348 
112.745972 
112.736206 
112.725525 
112.715454 
112.705383 
112.695007 
112.685242 
112.674561 
112.664185 
112.653809 
112.643433 
112.632751 
112.621460 
112.611084 
112.601624 
112.592773 
112.583618 
112.573242 
112.563171 
112.552490 
112.542419 
112.531433 
112.520752 
112.510376 
112.500000 
112.489319 
112.478943 
112.469177 
112.458496 
112.448425 
112.438660 
112.428589 
112.418213 
112.408142 
112.397156 
112.385559 
112.374268 
112.363892 
112.353516 
112.343140 
112.333069 
112.323303 
112.313232 
112.303162 
112.293091 
112.283020 
112.272644 
112.262268 
112.251587 
112.240906 
112.230835 
112.219849 
112.209473 
112.199097 
112.189636 
112.180786 
112.171326 
112.161560 
112.150879 
112.140808 
112.130127 
112.119446 
112.109070 
112.098694 
112.088013 
112.077332 
112.067261 
112.056885 
112.046509 
112.036133 
112.026672 
112.016602 
112.006836 
111.996460 
111.985779 
111.974182 
111.962585 
111.951904 
111.941528 
111.930847 
111.921082 
111.911926 
111.901245 
111.891479 
111.881409 
111.871033 
111.861267 
111.850586 
111.839905 
111.829529 
111.819458 
111.808472 
111.797180 
111.787109 
111.777649 
111.768494 
111.759949 
111.749878 
111.739502 
111.729126 
111.718750 
111.707764 
111.697693 
111.687012 
111.676636 
111.666260 
111.655884 
111.645203 
111.634521 
111.625061 
111.614990 
111.604919 
111.594849 
111.585083 
111.574097 
111.562195 
111.551208 
111.540222 
111.529846 
111.519775 
111.509705 
111.499939 
111.489868 
111.479797 
111.469421 
111.459351 
111.449280 
111.439209 
111.428528 
111.418152 
111.407776 
111.397095 
111.386108 
111.376038 
111.366577 
111.357727 
111.348267 
111.338806 
111.327820 
111.317139 
111.306763 
111.296387 
111.285400 
111.275024 
111.264648 
111.253967 
111.244202 
111.233826 
111.223145 
111.213074 
111.203918 
111.193848 
111.184082 
111.173706 
111.162415 
111.150818 
111.139832 
111.128845 
111.118774 
111.108704 
111.098633 
111.088867 
111.078796 
111.068726 
111.058350 
111.048584 
111.038208 
111.028442 
111.017456 
111.007385 
110.996399 
110.985718 
110.975037 
110.964355 
110.955505 
110.946350 
110.937500 
110.927124 
110.917053 
110.906677 
110.895996 
110.885925 
110.874939 
110.864563 
110.853577 
110.843201 
110.832825 
110.822449 
110.812073 
110.802002 
110.792542 
110.782471 
110.772400 
110.762329 
110.751343 
110.739441 
110.728455 
110.717773 
110.707092 
110.696716 
110.686951 
110.676880 
110.667114 
110.657043 
110.646667 
110.636292 
110.626526 
110.615845 
110.605469 
110.595398 
110.584717 
110.573730 
110.563354 
110.552673 
110.543213 
110.534058 
110.524902 
110.514832 
110.504456 
110.494385 
110.484314 
110.473328 
110.462952 
110.452576 
110.441589 
110.431519 
110.421143 
110.410767 
110.400391 
110.390320 
110.380249 
110.370483 
110.360718 
110.350342 
110.339355 
110.327759 
110.316772 
110.305786 
110.295715 
110.285339 
110.275574 
110.265808 
110.255737 
110.246582 
110.236816 
110.227356 
110.218201 
110.209351 
110.200500 
110.192566 
110.184021 
110.176086 
110.168457 
110.161133 
110.155945 
110.151367 
110.146790 
110.142212 
110.137329 
110.132751 
110.128784 
110.125427 
110.121460 
110.118713 
110.116272 
110.114136 
110.112610 
110.110474 
110.109863 
110.109863 
110.109863 
110.110474 
110.111084 
110.111694 
110.111694 
110.112000 
110.112610 
110.114441 
110.116577 
110.120239 
110.123596 
110.127563 
110.132141 
110.137634 
110.142822 
110.148621 
110.154724 
110.161438 
110.168457 
110.175781 
110.183105 
110.190125 
110.198364 
110.207214 
110.217285 
110.227966 
110.239258 
110.249634 
110.259399 
110.269775 
110.280151 
110.291138 
110.301208 
110.311890 
110.322266 
110.332642 
110.343628 
110.354004 
110.364990 
110.375977 
110.386658 
110.397949 
110.409241 
110.419922 
110.429077 
110.437622 
110.447693 
110.457764 
110.468140 
110.477905 
110.488586 
110.499268 
110.509644 
110.520630 
110.530396 
110.541077 
110.551453 
110.561829 
110.571899 
110.582275 
110.592041 
110.601501 
110.611267 
110.621948 
110.632935 
110.644531 
110.655518 
110.666504 
110.676575 
110.686646 
110.697021 
110.706787 
110.717163 
110.726929 
110.736694 
110.747070 
110.756836 
110.767517 
110.777893 
110.787964 
110.798645 
110.809021 
110.819702 
110.830078 
110.839539 
110.848389 
110.857849 
110.868225 
110.878601 
110.888367 
110.898743 
110.909424 
110.920105 
110.930786 
110.941162 
110.951538 
110.961609 
110.971985 
110.981750 
110.992126 
111.002197 
111.011658 
111.022034 
111.032410 
111.042786 
111.054688 
111.065979 
111.076660 
111.086731 
111.097107 
111.106873 
111.116638 
111.127014 
111.136780 
111.146545 
111.156921 
111.166992 
111.177063 
111.187744 
111.198425 
111.208801 
111.219788 
111.230164 
111.240540 
111.250000 
111.258850 
111.268311 
111.277771 
111.288452 
111.298828 
111.309204 
111.320190 
111.330872 
111.341553 
111.351929 
111.361694 
111.372070 
111.382446 
111.393127 
111.402893 
111.412659 
111.423035 
111.432190 
111.442566 
111.453857 
111.465454 
111.476746 
111.487122 
111.497803 
111.507874 
111.518250 
111.527710 
111.538086 
111.547546 
111.557617 
111.567993 
111.578369 
111.588440 
111.599121 
111.608887 
111.619568 
111.629944 
111.640930 
111.651611 
111.660767 
111.669922 
111.679077 
111.688843 
111.699219 
111.709900 
111.719971 
111.730652 
111.741333 
111.751404 
111.761780 
111.772461 
111.782837 
111.792603 
111.803284 
111.813354 
111.823730 
111.832886 
111.842651 
111.852722 
111.864319 
111.875916 
111.886902 
111.897583 
111.907654 
111.918030 
111.927490 
111.937866 
111.947937 
111.957703 
111.968384 
111.978149 
111.988220 
111.998291 
112.008667 
112.019348 
112.029724 
112.040405 
112.051086 
112.061462 
112.070618 
112.079773 
112.089233 
112.098999 
112.109070 
112.119751 
112.130127 
112.140808 
112.151794 
112.161560 
112.172241 
112.182922 
112.192993 
112.203369 
112.213440 
112.223816 
112.233582 
112.243347 
112.253113 
112.263184 
112.274475 
112.286072 
112.297363 
112.307739 
112.318420 
112.328491 
112.338257 
112.348022 
112.358704 
112.368164 
112.378235 
112.388306 
112.398376 
112.408752 
112.419128 
112.430115 
112.440491 
112.450867 
112.461548 
112.472229 
112.481384 
112.490540 
112.499695 
112.509460 
112.519836 
112.529907 
112.540283 
112.551270 
112.561646 
112.572327 
112.582703 
112.592773 
112.603455 
112.613525 
112.623901 
112.633057 
112.643433 
112.652893 
112.663269 
112.673035 
112.684021 
112.695923 
112.707214 
112.717590 
112.727966 
112.738037 
112.748413 
112.758179 
112.768250 
112.778015 
112.787781 
112.798157 
112.808228 
112.818298 
112.828674 
112.839050 
112.849426 
112.859802 
112.871094 
112.881165 
112.890625 
112.899780 
112.908936 
112.918701 
112.929077 
112.939148 
112.949524 
112.960205 
112.970581 
112.981262 
112.991028 
113.002014 
113.012085 
113.021851 
113.031616 
113.041382 
113.050842 
113.060303 
113.068848 
113.078003 
113.087769 
113.097229 
113.107300 
113.115234 
113.122864 
113.129883 
113.136902 
113.143005 
113.148804 
113.154297 
113.159485 
113.164368 
113.168640 
113.172913 
113.176575 
113.180542 
113.183594 
113.186951 
113.189392 
113.191528 
113.191833 
113.191833 
113.191528 
113.191528 
113.191528 
113.191833 
113.191528 
113.190613 
113.189697 
113.188171 
113.186646 
113.184204 
113.181763 
113.178711 
113.174744 
113.170471 
113.165283 
113.159485 
113.153687 
113.147583 
113.142395 
113.137207 
113.131104 
113.123474 
113.115540 
113.107605 
113.098755 
113.089294 
113.079529 
113.069458 
113.059387 
113.049011 
113.038025 
113.027649 
113.017273 
113.006897 
112.996216 
112.986145 
112.975769 
112.965088 
112.953186 
112.941284 
112.929382 
112.918396 
112.907715 
112.897339 
112.886658 
112.875977 
112.865601 
112.855835 
112.845154 
112.835083 
112.824707 
112.814026 
112.803650 
112.792969 
112.781982 
112.771301 
112.760620 
112.750244 
112.740479 
112.731018 
112.721558 
112.711792 
112.701111 
112.691345 
112.680664 
112.669678 
112.659607 
112.648621 
112.637939 
112.627563 
112.617188 
112.606812 
112.597046 
112.586365 
112.576599 
112.565918 
112.556458 
112.546692 
112.535095 
112.523804 
112.512512 
112.502136 
112.491760 
112.481384 
112.471619 
112.461243 
112.451172 
112.441101 
112.431335 
112.420654 
112.410583 
112.400208 
112.389832 
112.379761 
112.368774 
112.358093 
112.347107 
112.337341 
112.327881 
112.319031 
112.309875 
112.299500 
112.289429 
112.279053 
112.268372 
112.257690 
112.247009 
112.236633 
112.225952 
112.215881 
112.205200 
112.195129 
112.184448 
112.174683 
112.164307 
112.155151 
112.145081 
112.135010 
112.123413 
112.111816 
112.100525 
112.089539 
112.079773 
112.069397 
112.059326 
112.049561 
112.039490 
112.029419 
112.019348 
112.009583 
111.998901 
111.988831 
111.978760 
111.968079 
111.957397 
111.946411 
111.936035 
111.925049 
111.916504 
111.907043 
111.897278 
111.888123 
111.877441 
111.866760 
111.856384 
111.845703 
111.835327 
111.824951 
111.814880 
111.803894 
111.793213 
111.782837 
111.772766 
111.762695 
111.752930 
111.743164 
111.733093 
111.723022 
111.712341 
111.700439 
111.689148 
111.678162 
111.668091 
111.658020 
111.647949 
111.637268 
111.627808 
111.618042 
111.607666 
111.597595 
111.587219 
111.576843 
111.566467 
111.556091 
111.545715 
111.534729 
111.524048 
111.513672 
111.504211 
111.495361 
111.485901 
111.476135 
111.466064 
111.455078 
111.444397 
111.434326 
111.423950 
111.412659 
111.402893 
111.392517 
111.381836 
111.371460 
111.361389 
111.351318 
111.341553 
111.331787 
111.321716 
111.311646 
111.300354 
111.288757 
111.277771 
111.267395 
111.256714 
111.246643 
111.236572 
111.226501 
111.216736 
111.206360 
111.196899 
111.186218 
111.176147 
111.165771 
111.155090 
111.145020 
111.134338 
111.123352 
111.112976 
111.102600 
111.093445 
111.084290 
111.074829 
111.065063 
111.054993 
111.044312 
111.033936 
111.023560 
111.012268 
111.001892 
110.991516 
110.980835 
110.970154 
110.960388 
110.950317 
110.939941 
110.930176 
110.920410 
110.910339 
110.900269 
110.889587 
110.877991 
110.866394 
110.855408 
110.845337 
110.835266 
110.825195 
110.815125 
110.805359 
110.795288 
110.784912 
110.775146 
110.765076 
110.754700 
110.744324 
110.733643 
110.723267 
110.712280 
110.701294 
110.690918 
110.681458 
110.672302 
110.663452 
110.653381 
110.642700 
110.632629 
110.622253 
110.611877 
110.600891 
110.590515 
110.579529 
110.569153 
110.559082 
110.548401 
110.538025 
110.528259 
110.518494 
110.508423 
110.498047 
110.488586 
110.476990 
110.466003 
110.454712 
110.444031 
110.433655 
110.423584 
110.413513 
110.403442 
110.393677 
110.383911 
110.373230 
110.362854 
110.353088 
110.342712 
110.332336 
110.321655 
110.311279 
110.300903 
110.289917 
110.280151 
110.270081 
110.261536 
110.252686 
110.243835 
110.233459 
110.223999 
110.214844 
110.205994 
110.197144 
110.188599 
110.180664 
110.173035 
110.166321 
110.159607 
110.153503 
110.148010 
110.142822 
110.138550 
110.134277 
110.130615 
110.126648 
110.121155 
110.117798 
110.114441 
110.112610 
110.111084 
110.109558 
110.108948 
110.108337 
110.107422 
110.107117 
110.107422 
110.107727 
110.107117 
110.106812 
110.107117 
110.106812 
110.106201 
110.105896 
110.106201 
110.106812 
110.108337 
110.109558 
110.109863 
110.109863 
110.109558 
110.109558 
110.109253 
110.108948 
110.108948 
110.109253 
110.108948 
110.108948 
110.108948 
110.109253 
110.109863 
110.110168 
110.110779 
110.111084 
110.111389 
110.110474 
110.109558 
110.108643 
110.108337 
110.108032 
110.108643 
110.108948 
110.108948 
110.108948 
110.109863 
110.109863 
110.109558 
110.110168 
110.109558 
110.109863 
110.109558 
110.109863 
110.108948 
110.108337 
110.108643 
110.109558 
110.110779 
110.111694 
110.112000 
110.111694 
110.112000 
110.111694 
110.111084 
110.111084 
110.111084 
110.111084 
110.111084 
110.111084 
110.110779 
110.111084 
110.111389 
110.111694 
110.112000 
110.112305 
110.112610 
110.111694 
110.110474 
110.109558 
110.108948 
110.109253 
110.109253 
110.109253 
110.110168 
110.109863 
110.109863 
110.109863 
110.110168 
110.110168 
110.110168 
110.110168 
110.109863 
110.109253 
110.109253 
110.108643 
110.108337 
110.109558 
