Blum, K. P., D’Incamps, B. L., Zytnicki, D., & Ting, L. H. (2017).
Force encoding in muscle spindles during stretch of
passive muscle. PLoS computational biology, 13(9), 
e1005767. <https://journals.plos.org/ploscompbiol/article?
id=10.1371/journal.pcbi.1005767>

cat medial gastrocnemius muscle lengths over t  (in 0.0005 s increments)
110.107422 
110.107727 
110.108032 
110.107117 
110.105896 
110.105286 
110.105591 
110.105896 
110.105591 
110.106506 
110.106812 
110.106506 
110.106812 
110.106506 
110.106506 
110.106506 
110.106812 
110.106812 
110.105896 
110.106201 
110.105286 
110.104980 
110.105591 
110.106506 
110.106812 
110.107117 
110.107422 
110.108032 
110.107727 
110.107422 
110.107117 
110.107117 
110.106812 
110.106506 
110.107117 
110.106812 
110.106812 
110.107117 
110.107727 
110.107117 
110.107727 
110.108032 
110.108032 
110.106506 
110.105896 
110.105286 
110.105896 
110.105896 
110.105591 
110.106201 
110.106506 
110.106506 
110.107117 
110.106506 
110.105896 
110.106812 
110.106506 
110.106506 
110.106201 
110.106201 
110.105591 
110.104980 
110.105286 
110.106201 
110.107422 
110.107422 
110.107422 
110.108032 
110.107727 
110.107727 
110.106812 
110.107117 
110.106506 
110.106812 
110.106812 
110.106812 
110.107117 
110.107117 
110.107422 
110.107117 
110.107727 
110.108032 
110.107727 
110.106812 
110.105896 
110.105286 
110.105591 
110.106201 
110.105896 
110.105896 
110.106506 
110.106506 
110.106201 
110.106201 
110.106812 
110.106506 
110.107117 
110.106506 
110.106201 
110.105896 
110.105591 
110.105286 
110.105591 
110.106201 
110.107422 
110.107727 
110.107727 
110.108032 
110.108032 
110.107727 
110.107727 
110.107727 
110.107727 
110.108032 
110.108643 
110.109558 
110.110779 
110.111694 
110.113220 
110.114441 
110.116577 
110.118103 
110.119934 
110.122070 
110.124512 
110.127563 
110.131226 
110.136108 
110.140381 
110.145569 
110.150146 
110.155334 
110.160828 
110.166016 
110.171204 
110.177002 
110.182495 
110.188904 
110.195007 
110.201416 
110.207825 
110.214844 
110.222778 
110.230713 
110.240784 
110.249329 
110.257568 
110.267029 
110.275879 
110.285339 
110.293884 
110.303650 
110.313110 
110.322876 
110.333252 
110.343628 
110.354614 
110.366211 
110.377502 
110.389709 
110.402222 
110.414734 
110.427246 
110.439758 
110.451660 
110.463867 
110.476990 
110.490112 
110.502625 
110.515442 
110.528259 
110.540466 
110.552368 
110.563965 
110.574951 
110.585632 
110.596619 
110.606689 
110.616760 
110.626221 
110.635681 
110.645447 
110.655212 
110.665588 
110.675964 
110.686340 
110.696106 
110.706482 
110.715942 
110.724792 
110.734253 
110.742798 
110.752563 
110.762024 
110.771790 
110.780945 
110.790710 
110.800781 
110.810547 
110.820313 
110.830688 
110.840454 
110.850525 
110.859985 
110.868835 
110.878601 
110.888367 
110.898438 
110.908813 
110.918884 
110.928955 
110.939026 
110.949707 
110.960083 
110.970459 
110.980225 
110.990601 
111.000061 
111.010437 
111.020508 
111.030273 
111.040039 
111.050415 
111.061096 
111.072998 
111.083984 
111.093750 
111.104736 
111.114807 
111.123962 
111.134033 
111.144104 
111.154175 
111.164246 
111.174927 
111.184387 
111.194458 
111.205444 
111.215820 
111.226196 
111.236877 
111.247559 
111.257324 
111.267090 
111.275940 
111.285706 
111.295776 
111.306763 
111.317139 
111.327515 
111.338196 
111.348572 
111.359558 
111.369629 
111.380005 
111.390686 
111.400757 
111.411133 
111.421204 
111.431274 
111.441345 
111.451416 
111.461487 
111.472473 
111.484070 
111.495361 
111.505737 
111.515808 
111.526184 
111.535950 
111.546326 
111.556702 
111.565857 
111.576233 
111.586304 
111.596375 
111.607056 
111.617432 
111.627502 
111.637878 
111.649170 
111.659546 
111.669312 
111.679077 
111.688232 
111.697693 
111.708069 
111.718140 
111.729126 
111.739502 
111.749878 
111.759949 
111.770935 
111.781616 
111.791687 
111.802368 
111.812439 
111.822510 
111.833191 
111.842957 
111.852417 
111.862488 
111.872559 
111.883545 
111.894836 
111.905518 
111.915894 
111.926880 
111.936951 
111.946106 
111.956482 
111.966248 
111.976318 
111.986084 
111.996460 
112.006531 
112.016907 
112.027283 
112.037354 
112.047729 
112.058411 
112.068481 
112.078552 
112.088013 
112.096863 
112.106628 
112.117004 
112.127075 
112.137451 
112.147827 
112.158508 
112.168579 
112.179260 
112.189636 
112.200012 
112.210083 
112.219849 
112.229919 
112.239990 
112.249756 
112.259827 
112.269287 
112.280579 
112.291260 
112.302551 
112.313232 
112.323608 
112.334595 
112.344666 
112.354126 
112.363892 
112.373962 
112.383728 
112.394409 
112.404175 
112.414246 
112.424622 
112.435303 
112.445374 
112.456055 
112.466431 
112.476807 
112.487488 
112.496643 
112.505188 
112.515259 
112.525330 
112.535400 
112.546082 
112.556763 
112.567139 
112.577209 
112.588501 
112.598572 
112.608643 
112.619324 
112.628784 
112.639160 
112.649231 
112.658997 
112.669067 
112.678833 
112.689209 
112.700195 
112.711487 
112.722168 
112.732849 
112.743225 
112.753601 
112.763367 
112.773132 
112.782898 
112.792664 
112.803040 
112.813110 
112.823181 
112.833557 
112.843628 
112.853699 
112.864380 
112.874756 
112.885132 
112.895508 
112.904663 
112.913513 
112.923584 
112.933350 
112.944031 
112.954102 
112.964172 
112.973938 
112.984314 
112.994080 
113.002930 
113.012695 
113.021851 
113.030396 
113.039246 
113.047791 
113.055725 
113.063660 
113.070984 
113.078918 
113.087769 
113.095093 
113.103027 
113.110046 
113.117065 
113.122864 
113.128662 
113.133850 
113.139038 
113.144226 
113.149414 
113.153381 
113.158264 
113.162537 
113.166504 
113.170471 
113.174133 
113.177490 
113.180542 
113.183289 
113.184814 
113.186035 
113.187256 
113.189087 
113.190308 
113.191223 
113.192444 
113.193054 
113.193970 
113.194580 
113.193970 
113.193970 
113.193665 
113.192749 
113.191833 
113.190613 
113.189392 
113.187256 
113.185730 
113.183594 
113.182068 
113.180847 
113.177795 
113.174438 
113.170471 
113.165894 
113.160706 
113.155518 
113.150330 
113.144226 
113.138733 
113.132935 
113.126831 
113.120728 
113.114319 
113.106995 
113.100281 
113.092957 
113.085632 
113.077393 
113.068848 
113.058777 
113.049316 
113.040161 
113.030701 
113.021851 
113.012390 
113.002319 
112.992859 
112.983093 
112.972412 
112.962036 
112.952271 
112.941284 
112.930603 
112.919617 
112.908020 
112.897644 
112.886047 
112.875366 
112.865295 
112.855225 
112.845459 
112.834778 
112.824402 
112.813416 
112.801819 
112.791443 
112.780151 
112.768555 
112.758179 
112.747192 
112.735596 
112.725220 
112.715149 
112.704163 
112.693787 
112.683716 
112.672729 
112.662659 
112.651062 
112.639465 
112.628174 
112.617798 
112.607422 
112.597046 
112.586670 
112.576294 
112.565918 
112.555847 
112.545471 
112.534790 
112.524719 
112.514343 
112.503357 
112.493591 
112.482300 
112.471619 
112.460938 
112.450867 
112.441101 
112.431641 
112.421875 
112.411499 
112.402039 
112.391052 
112.380676 
112.369690 
112.359009 
112.348633 
112.338257 
112.327576 
112.316895 
112.307434 
112.297058 
112.286682 
112.276611 
112.266235 
112.256470 
112.245789 
112.234802 
112.223816 
112.212830 
112.202148 
112.192383 
112.182312 
112.171936 
112.162170 
112.152100 
112.142029 
112.131653 
112.121887 
112.111206 
112.101135 
112.090454 
112.080383 
112.069092 
112.058716 
112.048340 
112.037964 
112.028503 
112.019043 
112.009583 
111.999512 
111.989441 
111.978760 
111.968689 
111.957703 
111.946716 
111.936646 
111.925659 
111.915588 
111.905518 
111.894836 
111.884766 
111.874695 
111.864319 
111.854248 
111.844482 
111.833801 
111.822510 
111.811523 
111.799927 
111.789246 
111.779480 
111.769104 
111.758728 
111.748962 
111.738892 
111.728821 
111.718445 
111.708679 
111.697998 
111.687927 
111.677246 
111.666260 
111.655579 
111.645203 
111.633606 
111.623840 
111.614380 
111.604919 
111.595459 
111.585083 
111.575012 
111.564331 
111.553955 
111.543274 
111.532898 
111.522217 
111.511841 
111.500854 
111.491089 
111.480103 
111.470032 
111.459656 
111.449585 
111.439514 
111.429749 
111.418762 
111.408081 
111.396790 
111.385803 
111.375427 
111.365356 
111.354675 
111.344910 
111.334839 
111.324768 
111.314392 
111.304626 
111.293945 
111.284180 
111.274109 
111.263123 
111.253052 
111.242371 
111.231384 
111.221313 
111.210632 
111.201782 
111.192322 
111.182861 
111.172791 
111.162109 
111.152344 
111.141663 
111.130676 
111.120300 
111.109619 
111.099548 
111.089172 
111.079102 
111.068726 
111.058350 
111.048584 
111.037903 
111.028442 
111.018677 
111.007385 
110.996704 
110.985107 
110.974426 
110.963440 
110.953369 
110.943298 
110.932922 
110.922852 
110.912781 
110.902710 
110.892334 
110.881958 
110.871887 
110.860901 
110.850525 
110.839844 
110.829468 
110.818787 
110.808105 
110.797729 
110.787964 
110.778503 
110.769043 
110.759277 
110.748901 
110.738525 
110.727844 
110.717163 
110.706482 
110.695801 
110.685120 
110.674744 
110.664368 
110.654297 
110.643921 
110.633850 
110.623779 
110.613708 
110.603943 
110.593872 
110.582275 
110.570984 
110.559998 
110.549622 
110.539551 
110.528870 
110.519104 
110.509033 
110.499268 
110.488892 
110.479126 
110.468750 
110.458069 
110.448608 
110.437927 
110.427246 
110.416870 
110.406189 
110.395203 
110.385132 
110.375671 
110.366516 
110.357361 
110.346985 
110.337524 
110.327454 
110.317078 
110.306396 
110.296326 
110.286560 
110.276794 
110.267029 
110.258789 
110.249634 
110.241394 
110.232849 
110.224915 
110.217590 
110.210571 
110.202942 
110.195007 
110.187683 
110.180664 
110.174255 
110.168152 
110.162964 
110.157471 
110.152893 
110.148315 
110.143738 
110.139160 
110.135498 
110.132141 
110.128784 
110.125122 
110.122070 
110.118408 
110.115662 
110.112915 
110.111084 
110.110168 
110.109558 
110.109253 
110.108337 
110.107727 
110.107117 
110.106506 
110.105591 
110.105896 
110.105591 
110.106201 
110.106812 
110.107422 
110.108337 
110.108948 
110.110168 
110.111389 
110.113525 
110.115662 
110.117798 
110.119324 
110.122070 
110.125427 
110.129395 
110.133972 
110.138855 
110.144653 
110.150452 
110.155945 
110.162354 
110.168457 
110.174255 
110.180969 
110.187378 
110.194092 
110.201111 
110.208435 
110.215454 
110.222778 
110.231323 
110.240784 
110.251160 
110.260925 
110.270386 
110.279846 
110.289612 
110.299683 
110.309448 
110.318909 
110.329895 
110.339966 
110.350952 
110.361328 
110.371704 
110.382690 
110.394287 
110.404968 
110.415649 
110.427246 
110.437317 
110.447083 
110.456848 
110.466309 
110.477295 
110.487671 
110.498047 
110.508118 
110.518799 
110.529480 
110.540161 
110.550537 
110.560608 
110.571289 
110.581360 
110.591736 
110.601501 
110.611267 
110.621033 
110.631409 
110.641174 
110.652466 
110.663452 
110.674744 
110.684814 
110.695190 
110.705872 
110.715637 
110.725708 
110.735779 
110.745239 
110.755615 
110.766296 
110.776062 
110.786438 
110.796814 
110.807190 
110.817261 
110.827942 
110.838318 
110.848694 
110.857849 
110.867920 
110.877075 
110.886841 
110.897522 
110.908203 
110.918579 
110.928955 
110.939026 
110.950317 
110.960388 
110.970459 
110.980225 
110.990601 
111.000977 
111.010437 
111.020813 
111.030884 
111.040649 
111.050720 
111.061707 
111.072693 
111.083679 
111.094360 
111.104431 
111.114807 
111.124268 
111.134338 
111.144104 
111.153870 
111.163635 
111.174316 
111.184387 
111.194763 
111.205139 
111.215820 
111.225891 
111.235962 
111.246643 
111.257019 
111.266479 
111.275635 
111.285095 
111.295471 
111.305847 
111.316223 
111.326599 
111.337280 
111.348267 
111.358948 
111.369019 
111.379395 
111.389465 
111.399841 
111.409912 
111.420288 
111.430054 
111.440125 
111.449890 
111.460266 
111.471558 
111.482849 
111.494141 
111.504822 
111.515198 
111.525269 
111.535339 
111.545410 
111.555176 
111.564636 
111.575317 
111.585083 
111.595764 
111.605835 
111.616211 
111.626892 
111.636658 
111.647949 
111.658630 
111.668396 
111.678162 
111.687317 
111.696472 
111.707153 
111.717529 
111.727600 
111.737976 
111.748962 
111.759033 
111.769714 
111.780090 
111.790161 
111.800842 
111.810608 
111.820984 
111.831055 
111.840515 
111.850586 
111.860352 
111.871033 
111.881714 
111.892700 
111.903687 
111.914063 
111.924438 
111.934509 
111.944885 
111.954346 
111.964722 
111.974182 
111.984253 
111.994629 
112.004700 
112.014771 
112.025452 
112.035522 
112.045593 
112.055969 
112.066650 
112.076721 
112.086182 
112.095032 
112.104492 
112.115173 
112.125244 
112.135620 
112.146301 
112.156677 
112.167053 
112.177734 
112.187500 
112.198181 
112.208557 
112.218323 
112.228394 
112.238159 
112.247925 
112.257996 
112.268066 
112.278442 
112.289429 
112.300720 
112.311096 
112.321777 
112.332458 
112.342529 
112.352295 
112.362061 
112.372131 
112.381592 
112.391968 
112.402039 
112.412415 
112.422485 
112.433167 
112.443848 
112.454224 
112.464600 
112.474670 
112.485352 
112.494507 
112.503967 
112.513428 
112.523193 
112.533875 
112.544556 
112.554626 
112.565308 
112.575378 
112.586670 
112.596741 
112.606812 
112.617188 
112.627258 
112.637329 
112.647400 
112.656860 
112.667236 
112.677002 
112.687073 
112.698364 
112.709961 
112.720337 
112.730713 
112.742004 
112.751770 
112.761536 
112.771301 
112.781067 
112.791138 
112.801208 
112.811279 
112.821350 
112.832031 
112.842102 
112.852478 
112.862854 
112.873230 
112.883301 
112.893982 
112.903137 
112.912292 
112.922058 
112.932129 
112.942505 
112.952576 
112.962646 
112.972412 
112.982788 
112.992554 
113.002014 
113.011475 
113.020630 
113.028870 
113.037720 
113.045959 
113.054810 
113.062439 
113.070068 
113.078003 
113.085938 
113.094482 
113.102112 
113.109131 
113.115845 
113.121948 
113.127747 
113.133240 
113.138428 
113.143005 
113.147888 
113.153076 
113.157654 
113.162231 
113.165894 
113.169861 
113.173523 
113.176880 
113.180237 
113.182983 
113.184204 
113.185730 
113.186340 
113.188477 
113.189697 
113.191223 
113.192139 
113.192749 
113.193970 
113.194275 
113.194275 
113.193665 
113.193665 
113.192749 
113.191833 
113.191223 
113.189392 
113.188171 
113.185730 
113.183899 
113.182373 
113.180847 
113.178406 
113.175049 
113.171082 
113.166504 
113.161926 
113.157043 
113.151550 
113.146362 
113.141785 
113.136597 
113.131714 
113.126221 
113.121033 
113.115845 
113.110657 
113.105774 
113.100281 
113.094482 
113.087769 
113.081360 
113.074951 
113.069153 
113.063660 
113.058167 
113.052063 
113.046875 
113.041992 
113.036499 
113.030701 
113.024902 
113.019409 
113.013916 
113.007813 
113.002014 
112.996216 
112.990112 
112.984314 
112.978821 
112.974548 
112.969971 
112.965088 
112.959900 
112.954712 
112.948914 
112.942810 
112.937622 
112.932129 
112.926636 
112.920837 
112.915955 
112.910156 
112.904968 
112.899780 
112.894287 
112.889709 
112.884521 
112.879944 
112.874451 
112.867737 
112.861938 
112.856750 
112.850647 
112.845764 
112.840881 
112.835693 
112.831116 
112.826538 
112.821045 
112.815857 
112.810974 
112.805481 
112.800903 
112.795715 
112.789917 
112.784119 
112.778931 
112.773743 
112.768555 
112.764587 
112.760010 
112.755737 
112.750854 
112.746277 
112.740479 
112.734680 
112.729492 
112.723999 
112.718506 
112.713318 
112.708435 
112.703247 
112.698059 
112.693176 
112.688599 
112.683411 
112.678223 
112.673645 
112.668152 
112.662354 
112.656250 
112.650757 
112.645569 
112.640686 
112.635498 
112.630615 
112.626038 
112.621155 
112.616272 
112.611084 
112.605896 
112.600708 
112.596130 
112.590332 
112.585144 
112.579346 
112.573853 
112.568665 
112.563782 
112.559204 
112.555237 
112.550354 
112.545471 
112.540894 
112.535706 
112.529907 
112.524719 
112.518921 
112.513428 
112.508545 
112.503357 
112.498169 
112.492981 
112.488098 
112.483215 
112.477722 
112.472839 
112.468262 
112.462769 
112.456970 
112.450562 
112.444763 
112.439270 
112.434692 
112.429504 
112.424316 
112.419434 
112.414551 
112.409973 
112.404785 
112.399292 
112.394104 
112.389221 
112.383728 
112.378540 
112.372742 
112.367249 
112.362061 
112.357178 
112.352600 
112.348328 
112.343445 
112.338867 
112.333679 
112.328796 
112.323303 
112.317505 
112.312317 
112.307129 
112.301636 
112.296448 
112.290955 
112.286072 
112.280884 
112.275391 
112.270508 
112.265320 
112.260437 
112.254944 
112.249451 
112.243042 
112.237244 
112.232056 
112.227173 
112.222290 
112.217102 
112.212524 
112.207336 
112.202759 
112.197876 
112.192383 
112.187500 
112.182007 
112.176819 
112.171326 
112.166138 
112.160339 
112.154846 
112.150269 
112.145691 
112.141418 
112.136841 
112.131653 
112.126465 
112.121582 
112.116089 
112.110291 
112.104797 
112.099304 
112.094116 
112.088928 
112.083740 
112.078857 
112.073669 
112.068176 
112.063599 
112.058411 
112.053833 
112.048645 
112.042847 
112.036438 
112.030640 
112.025452 
112.020264 
112.015381 
112.010193 
112.005310 
112.000732 
111.995850 
111.990662 
111.985474 
111.980591 
111.975403 
111.970215 
111.964722 
111.958923 
111.953430 
111.947937 
111.943054 
111.938477 
111.934204 
111.929932 
111.925354 
111.919861 
111.914673 
111.909485 
111.903992 
111.898499 
111.892700 
111.888123 
111.882935 
111.877441 
111.872559 
111.867371 
111.862183 
111.856995 
111.852417 
111.847534 
111.842651 
111.836243 
111.830139 
111.824646 
111.819153 
111.814575 
111.809387 
111.804504 
111.799316 
111.794434 
111.789856 
111.784668 
111.779480 
111.774597 
111.769409 
111.763916 
111.759033 
111.753235 
111.747742 
111.742249 
111.737366 
111.733093 
111.728821 
111.724854 
111.719971 
111.714783 
111.709595 
111.704102 
111.698608 
111.692810 
111.687622 
111.682434 
111.677246 
111.671753 
111.666870 
111.661682 
111.656799 
111.651917 
111.647034 
111.641541 
111.636963 
111.630249 
111.624756 
111.618652 
111.613464 
111.608276 
111.602783 
111.598511 
111.593933 
111.588745 
111.583862 
111.578979 
111.573486 
111.568604 
111.563416 
111.557922 
111.552734 
111.547546 
111.542358 
111.536560 
111.531372 
111.527100 
111.522827 
111.518555 
111.513367 
111.508484 
111.503296 
111.497803 
111.492310 
111.486816 
111.481323 
111.476135 
111.470642 
111.465454 
111.460266 
111.455383 
111.450500 
111.445313 
111.440430 
111.435852 
111.430664 
111.424561 
111.418457 
111.412964 
111.407471 
111.402588 
111.397400 
111.392212 
111.387634 
111.383057 
111.377869 
111.372681 
111.367493 
111.362610 
111.357422 
111.352234 
111.346741 
111.341553 
111.335754 
111.329956 
111.325073 
111.320801 
111.316528 
111.312256 
111.307068 
111.302185 
111.297607 
111.291809 
111.286316 
111.280518 
111.275024 
111.269836 
111.264648 
111.259460 
111.254272 
111.249695 
111.244507 
111.239624 
111.234436 
111.229858 
111.224365 
111.218262 
111.212463 
111.206665 
111.201477 
111.196594 
111.191406 
111.186218 
111.181946 
111.177063 
111.171265 
111.166382 
111.161804 
111.156616 
111.151733 
111.146545 
111.140747 
111.135559 
111.129761 
111.124268 
111.119080 
111.114807 
111.110840 
111.106567 
111.101685 
111.096191 
111.091309 
111.086121 
111.080322 
111.075439 
111.069946 
111.064148 
111.059265 
111.054077 
111.048889 
111.044006 
111.039124 
111.033936 
111.029358 
111.024780 
111.018982 
111.012878 
111.006775 
111.000977 
110.995789 
110.991211 
110.985718 
110.981140 
110.976257 
110.971375 
110.966492 
110.961304 
110.956116 
110.951233 
110.946350 
110.940857 
110.935364 
110.929871 
110.924377 
110.918579 
110.914307 
110.909424 
110.905457 
110.901184 
110.896301 
110.890808 
110.885925 
110.880737 
110.874634 
110.869446 
110.864258 
110.858765 
110.853577 
110.848083 
110.843201 
110.838318 
110.833130 
110.828247 
110.823364 
110.818176 
110.812988 
110.807190 
110.801086 
110.795288 
110.789795 
110.785217 
110.780029 
110.775146 
110.770569 
110.765381 
110.760498 
110.755615 
110.750427 
110.745239 
110.740356 
110.734558 
110.729370 
110.723877 
110.718689 
110.713196 
110.708008 
110.703430 
110.699158 
110.694580 
110.689392 
110.684814 
110.679626 
110.674133 
110.668335 
110.663147 
110.657654 
110.652466 
110.646973 
110.641785 
110.636597 
110.631714 
110.626831 
110.621643 
110.616760 
110.611877 
110.606689 
110.600891 
110.595093 
110.588989 
110.583496 
110.579224 
110.573730 
110.568542 
110.564270 
110.559082 
110.554199 
110.549011 
110.543823 
110.538940 
110.533752 
110.528564 
110.523376 
110.517883 
110.512085 
110.506592 
110.501709 
110.497131 
110.493164 
110.488892 
110.484009 
110.479126 
110.473633 
110.468140 
110.462952 
110.457458 
110.451965 
110.446777 
110.441589 
110.436401 
110.431213 
110.426331 
110.420837 
110.415955 
110.411377 
110.406189 
110.401001 
110.395508 
110.388794 
110.383301 
110.378418 
110.372925 
110.367737 
110.363464 
110.357971 
110.353394 
110.348206 
110.343323 
110.338440 
110.333252 
110.328369 
110.322571 
110.317688 
110.312195 
110.306396 
110.301208 
110.296021 
110.291443 
110.287170 
110.282898 
110.278320 
110.273438 
110.268250 
110.262756 
110.257263 
110.251770 
110.246582 
110.241394 
110.236206 
110.230713 
110.225525 
110.220642 
110.215454 
110.210266 
110.205994 
110.201111 
110.195313 
110.189819 
110.183411 
110.178223 
110.173035 
110.167542 
110.162964 
110.158386 
110.154114 
110.150146 
110.145569 
110.141296 
110.137329 
110.133667 
110.130005 
110.126038 
110.122986 
110.119324 
110.116882 
110.113831 
110.111389 
110.110168 
110.109863 
110.108948 
110.107422 
110.107117 
110.106201 
110.105591 
110.104980 
110.104370 
110.104065 
110.104675 
110.104980 
110.105591 
110.106201 
110.107727 
110.108643 
110.110168 
110.111694 
110.114136 
110.116577 
110.118103 
110.120239 
110.123596 
110.127563 
110.132446 
110.137634 
110.143127 
110.148926 
110.154724 
110.160828 
110.167236 
110.173645 
110.180054 
110.186768 
110.193787 
110.201111 
110.208130 
110.215149 
110.223083 
110.231323 
110.240784 
110.250854 
110.260620 
110.270386 
110.279846 
110.289307 
110.299072 
110.308838 
110.318604 
110.328979 
110.339050 
110.349121 
110.359802 
110.369873 
110.380554 
110.391541 
110.402222 
110.413208 
110.423889 
110.434570 
110.443726 
110.453491 
110.463257 
110.473938 
110.484009 
110.494690 
110.505066 
110.516052 
110.527039 
110.537415 
110.547791 
110.558472 
110.568542 
110.578918 
110.589294 
110.599670 
110.609436 
110.619507 
110.628967 
110.639343 
110.650635 
110.661621 
110.672302 
110.682678 
110.693665 
110.704041 
110.714111 
110.724182 
110.733948 
110.743713 
110.754089 
110.764160 
110.774536 
110.784607 
110.794983 
110.805359 
110.815430 
110.826111 
110.836792 
110.846558 
110.856018 
110.865784 
110.875549 
110.885315 
110.896301 
110.906067 
110.916748 
110.927124 
110.937500 
110.948181 
110.958557 
110.968628 
110.978699 
110.989075 
110.998840 
111.008606 
111.018982 
111.028748 
111.038513 
111.048889 
111.059875 
111.071472 
111.081543 
111.092529 
111.102905 
111.112976 
111.122742 
111.132507 
111.142578 
111.151733 
111.162109 
111.172180 
111.182556 
111.192627 
111.203308 
111.213684 
111.223450 
111.234436 
111.244812 
111.254578 
111.264038 
111.273499 
111.282959 
111.293030 
111.303101 
111.313782 
111.323853 
111.334839 
111.345520 
111.356201 
111.366577 
111.376343 
111.386719 
111.397095 
111.407166 
111.417236 
111.427307 
111.437073 
111.447449 
111.457520 
111.468506 
111.480103 
111.491089 
111.501160 
111.512146 
111.522522 
111.531982 
111.542358 
111.552124 
111.561890 
111.572266 
111.582336 
111.592407 
111.602783 
111.613464 
111.623840 
111.633911 
111.645203 
111.655579 
111.665649 
111.675415 
111.684570 
111.694031 
111.704407 
111.715088 
111.724854 
111.735535 
111.746521 
111.756592 
111.767883 
111.777344 
111.787720 
111.798096 
111.808472 
111.819153 
111.828613 
111.838684 
111.848450 
111.858521 
111.868896 
111.879578 
111.891174 
111.901550 
111.912537 
111.922913 
111.932373 
111.942444 
111.952515 
111.962585 
111.972351 
111.982422 
111.992493 
112.002869 
112.013245 
112.023315 
112.033386 
112.044067 
112.054443 
112.065125 
112.075195 
112.084351 
112.093506 
112.103271 
112.113037 
112.123718 
112.134094 
112.144470 
112.154846 
112.165527 
112.175598 
112.185974 
112.196655 
112.206421 
112.216492 
112.227173 
112.236938 
112.246399 
112.256470 
112.266235 
112.276611 
112.287598 
112.299500 
112.309875 
112.320251 
112.330933 
112.341003 
112.351074 
112.360535 
112.370300 
112.380371 
112.390747 
112.400513 
112.411194 
112.420959 
112.431335 
112.442017 
112.452393 
112.463074 
112.473755 
112.483521 
112.492981 
112.501831 
112.511597 
112.521362 
112.531738 
112.542419 
112.553101 
112.563477 
112.573853 
112.584839 
112.595215 
112.604980 
112.615356 
112.625732 
112.635803 
112.645264 
112.655334 
112.665710 
112.675171 
112.685547 
112.696533 
112.707214 
112.718811 
112.728882 
112.739563 
112.749939 
112.759705 
112.769470 
112.779541 
112.789307 
112.799377 
112.809143 
112.819214 
112.829285 
112.840271 
112.850037 
112.860413 
112.870789 
112.881165 
112.891235 
112.901306 
112.910461 
112.919922 
112.930298 
112.939758 
112.950439 
112.960205 
112.970276 
112.980347 
112.990417 
112.999878 
113.009033 
113.018494 
113.027344 
113.035583 
113.044128 
113.052063 
113.059387 
113.067627 
113.075867 
113.083496 
113.092041 
113.099670 
113.107300 
113.113403 
113.119507 
113.125305 
113.131104 
113.136597 
113.141174 
113.146057 
113.151245 
113.155212 
113.159790 
113.164063 
113.167725 
113.171082 
113.174744 
113.178101 
113.180542 
113.181763 
113.183289 
113.184814 
113.186035 
113.187866 
113.189087 
113.190613 
113.191223 
113.192139 
113.192139 
113.192444 
113.191833 
113.191833 
113.190613 
113.190002 
113.188782 
113.187561 
113.186035 
113.184204 
113.182373 
113.181458 
113.179626 
113.177795 
113.175049 
113.172302 
113.168945 
113.164978 
113.160706 
113.156738 
113.152771 
113.149109 
113.144836 
113.141479 
113.137207 
113.133850 
113.130188 
113.126221 
113.122864 
113.118591 
113.115540 
113.110352 
113.105469 
113.101196 
113.096924 
113.093262 
113.089294 
113.085632 
113.082275 
113.078613 
113.075256 
113.071289 
113.067627 
113.063965 
113.060303 
113.056335 
113.051758 
113.047791 
113.043823 
113.039551 
113.036194 
113.033447 
113.030701 
113.027344 
113.024292 
113.020935 
113.017273 
113.013611 
113.009338 
113.005371 
113.002014 
112.998047 
112.994080 
112.990723 
112.987671 
112.984314 
112.980652 
112.977600 
112.974243 
112.971191 
112.967529 
112.963257 
112.958679 
112.954407 
112.951355 
112.947693 
112.944641 
112.941284 
112.938232 
112.934875 
112.932129 
112.928467 
112.925110 
112.921448 
112.918396 
112.914734 
112.911072 
112.907410 
112.903137 
112.899780 
112.896729 
112.893982 
112.891541 
112.888489 
112.885437 
112.882385 
112.879028 
112.875061 
112.871399 
112.867432 
112.863770 
112.860413 
112.856750 
112.853394 
112.850342 
112.847290 
112.843933 
112.840271 
112.837830 
112.834473 
112.830505 
112.826843 
112.822266 
112.818298 
112.814636 
112.811279 
112.807922 
112.805176 
112.801819 
112.799072 
112.795410 
112.792053 
112.788696 
112.785339 
112.781982 
112.778625 
112.774658 
112.770996 
112.767029 
112.763062 
112.760010 
112.757263 
112.755127 
112.752380 
112.749329 
112.746277 
112.742310 
112.738037 
112.734375 
112.730713 
112.726746 
112.723694 
112.720032 
112.716370 
112.713318 
112.709961 
112.706604 
112.703552 
112.700195 
112.697144 
112.693481 
112.688904 
112.684937 
112.681274 
112.677307 
112.673950 
112.670593 
112.667542 
112.664185 
112.660828 
112.657776 
112.654114 
112.651062 
112.647705 
112.643738 
112.640381 
112.636719 
112.633057 
112.629089 
112.626038 
112.622375 
112.619324 
112.616882 
112.614441 
112.610779 
112.607727 
112.604370 
112.600403 
112.596741 
112.592773 
112.588806 
112.585754 
112.581787 
112.578430 
112.575073 
112.571106 
112.568359 
112.565002 
112.561951 
112.558594 
112.554626 
112.550659 
112.546692 
112.542419 
112.538757 
112.535400 
112.532043 
112.528687 
112.525635 
112.522278 
112.519531 
112.515869 
112.512207 
112.508850 
112.505798 
112.501831 
112.498474 
112.494507 
112.490845 
112.486877 
112.483521 
112.481079 
112.479248 
112.475586 
112.472534 
112.469788 
112.465515 
112.462158 
112.458191 
112.454529 
112.450867 
112.447510 
112.443848 
112.440796 
112.437134 
112.433167 
112.430725 
112.426758 
112.423401 
112.420349 
112.416992 
112.412720 
112.408447 
112.404175 
112.400208 
112.397461 
112.394104 
112.391052 
112.387695 
112.385254 
112.381287 
112.377930 
112.374878 
112.371216 
112.368164 
112.363892 
112.359924 
112.356873 
112.352905 
112.349548 
112.346191 
112.343750 
112.341003 
112.337952 
112.335205 
112.332153 
112.328491 
112.324524 
112.321167 
112.316895 
112.313538 
112.310181 
112.306519 
112.302856 
112.299500 
112.296143 
112.293091 
112.289734 
112.286682 
112.283936 
112.279968 
112.275391 
112.271423 
112.266846 
112.263489 
112.260132 
112.257080 
112.253418 
112.250366 
112.247620 
112.244568 
112.241211 
112.237549 
112.234497 
112.230835 
112.227173 
112.223511 
112.220154 
112.216187 
112.212524 
112.209167 
112.206421 
112.203674 
112.201233 
112.198181 
112.195129 
112.191467 
112.188110 
112.183838 
112.180481 
112.177124 
112.173157 
112.169800 
112.166748 
112.162781 
112.159729 
112.156677 
112.153320 
112.150269 
112.147217 
112.142944 
112.138977 
112.135010 
112.130737 
112.127075 
112.123413 
112.120361 
112.117310 
112.114258 
112.110596 
112.107849 
112.104187 
112.100525 
112.097473 
112.093811 
112.090149 
112.086792 
112.083130 
112.078857 
112.075195 
112.072144 
112.069397 
112.066956 
112.064209 
112.060852 
112.058105 
112.054138 
112.050781 
112.046509 
112.042847 
112.039185 
112.035522 
112.032166 
112.028809 
112.025452 
112.022095 
112.018738 
112.015381 
112.012329 
112.009277 
112.005615 
112.001648 
111.997070 
111.993103 
111.989441 
111.986084 
111.982422 
111.979370 
111.976318 
111.972961 
111.969910 
111.966858 
111.962891 
111.960144 
111.956482 
111.952209 
111.948853 
111.944885 
111.941223 
111.937866 
111.933899 
111.931152 
111.929016 
111.926270 
111.922913 
111.919861 
111.916504 
111.912537 
111.908875 
111.904602 
111.901245 
111.897888 
111.894226 
111.890564 
111.887512 
111.884155 
111.880493 
111.877441 
111.874390 
111.871033 
111.867981 
111.863708 
111.859131 
111.855164 
111.851501 
111.848145 
111.844788 
111.841431 
111.838684 
111.835632 
111.832275 
111.828613 
111.825562 
111.822510 
111.818848 
111.815186 
111.811829 
111.807556 
111.803894 
111.800232 
111.796265 
111.794128 
111.791687 
111.788940 
111.785889 
111.782227 
111.778870 
111.775208 
111.771851 
111.767883 
111.764221 
111.760559 
111.757202 
111.753540 
111.750183 
111.747131 
111.743774 
111.740112 
111.737366 
111.734314 
111.730957 
111.726379 
111.722107 
111.718140 
111.714172 
111.711731 
111.708069 
111.704712 
111.701355 
111.698608 
111.695557 
111.691895 
111.689148 
111.685181 
111.681824 
111.678467 
111.674805 
111.670532 
111.667175 
111.663208 
111.660156 
111.657410 
111.654968 
111.651917 
111.649170 
111.645813 
111.642151 
111.638184 
111.634827 
111.630554 
111.626892 
111.623840 
111.620178 
111.616516 
111.613464 
111.610107 
111.606750 
111.603699 
111.600037 
111.596985 
111.594238 
111.589661 
111.585083 
111.581116 
111.577759 
111.574402 
111.571045 
111.567688 
111.564636 
111.561584 
111.558228 
111.554871 
111.551819 
111.548157 
111.544495 
111.541138 
111.537781 
111.533508 
111.529541 
111.526184 
111.522827 
111.520081 
111.517334 
111.514587 
111.511536 
111.508484 
111.505127 
111.500549 
111.497498 
111.493225 
111.489563 
111.485901 
111.482239 
111.479187 
111.475525 
111.472168 
111.468811 
111.465759 
111.462708 
111.459351 
111.455994 
111.451721 
111.447144 
111.443176 
111.439514 
111.436462 
111.433411 
111.429749 
111.427002 
111.423645 
111.420593 
111.417236 
111.413879 
111.410522 
111.406555 
111.403198 
111.399841 
111.396179 
111.392517 
111.388245 
111.385498 
111.382751 
111.380310 
111.377563 
111.374207 
111.371155 
111.367493 
111.363831 
111.359863 
111.356506 
111.352844 
111.349182 
111.345825 
111.342163 
111.338501 
111.335449 
111.332092 
111.328735 
111.325684 
111.322327 
111.318970 
111.314392 
111.310425 
111.306152 
111.302490 
111.299438 
111.296082 
111.293030 
111.289673 
111.286621 
111.283264 
111.280212 
111.276855 
111.273499 
111.270447 
111.266479 
111.262817 
111.259155 
111.255798 
111.251526 
111.248169 
111.245728 
111.243286 
111.240845 
111.237488 
111.234131 
111.231079 
111.226807 
111.223450 
111.219482 
111.215515 
111.212158 
111.208801 
111.205139 
111.201782 
111.198425 
111.195068 
111.191711 
111.188660 
111.185913 
111.182251 
111.177673 
111.173096 
111.169434 
111.165466 
111.162415 
111.159058 
111.156006 
111.153259 
111.149597 
111.146851 
111.143188 
111.139832 
111.136780 
111.133423 
111.129761 
111.126404 
111.122742 
111.118469 
111.114807 
111.111755 
111.109009 
111.106567 
111.103821 
111.100769 
111.097107 
111.093445 
111.090393 
111.086121 
111.082764 
111.078491 
111.075134 
111.072083 
111.068115 
111.065063 
111.061707 
111.058044 
111.054993 
111.051941 
111.048889 
111.045532 
111.041260 
111.036682 
111.032410 
111.029358 
111.026306 
111.022644 
111.019592 
111.016235 
111.012878 
111.009827 
111.006470 
111.002808 
110.999756 
110.996399 
110.992432 
110.989380 
110.985107 
110.981140 
110.977478 
110.974121 
110.971680 
110.969238 
110.966492 
110.963440 
110.960083 
110.956726 
110.953064 
110.949097 
110.945129 
110.941467 
110.937805 
110.934753 
110.930786 
110.927429 
110.924072 
110.921021 
110.917664 
110.914612 
110.911255 
110.907593 
110.903931 
110.899048 
110.895386 
110.892029 
110.888367 
110.885010 
110.882263 
110.878601 
110.875549 
110.872803 
110.868835 
110.866089 
110.862427 
110.858459 
110.854797 
110.851746 
110.847168 
110.843811 
110.840149 
110.836792 
110.834351 
110.831299 
110.829163 
110.825806 
110.822449 
110.818787 
110.815125 
110.811768 
110.807495 
110.803833 
110.800476 
110.797119 
110.793762 
110.790100 
110.786743 
110.783081 
110.779724 
110.776978 
110.773926 
110.770569 
110.766296 
110.761719 
110.757751 
110.754089 
110.751038 
110.747681 
110.744019 
110.740967 
110.737915 
110.734863 
110.731506 
110.728455 
110.725098 
110.721741 
110.717773 
110.714417 
110.710449 
110.706482 
110.702515 
110.699463 
110.696716 
110.694275 
110.691528 
110.688171 
110.685120 
110.681763 
110.678101 
110.674133 
110.670471 
110.666504 
110.663757 
110.659790 
110.656433 
110.653076 
110.649414 
110.646057 
110.642700 
110.639954 
110.636292 
110.632935 
110.628967 
110.624390 
110.620422 
110.616760 
110.614014 
110.610657 
110.607605 
110.604248 
110.600891 
110.598145 
110.594177 
110.591125 
110.588074 
110.584412 
110.580750 
110.577393 
110.573730 
110.569763 
110.566101 
110.562439 
110.559998 
110.557556 
110.554504 
110.551453 
110.548706 
110.544739 
110.541077 
110.537109 
110.533447 
110.529480 
110.526123 
110.522461 
110.519104 
110.515747 
110.512695 
110.509033 
110.505676 
110.502625 
110.499573 
110.496216 
110.491638 
110.487671 
110.483093 
110.479736 
110.476379 
110.473022 
110.470276 
110.466919 
110.463867 
110.460815 
110.457458 
110.454102 
110.451050 
110.447388 
110.444031 
110.440369 
110.436401 
110.432739 
110.429077 
110.425720 
110.422974 
110.420837 
110.418091 
110.414429 
110.411377 
110.407715 
110.404358 
110.400085 
110.397034 
110.392761 
110.389404 
110.386047 
110.382385 
110.378723 
110.375366 
110.372314 
110.368652 
110.365295 
110.362244 
110.358887 
110.355225 
110.350342 
110.346375 
110.343018 
110.339661 
110.336304 
110.333252 
110.329895 
110.327148 
110.323792 
110.320129 
110.317078 
110.313416 
110.310669 
110.307007 
110.303345 
110.299683 
110.295715 
110.291748 
110.288391 
110.285950 
110.283203 
110.280762 
110.277405 
110.274353 
110.270996 
110.267334 
110.263672 
110.259399 
110.256042 
110.252380 
110.249023 
110.245667 
110.241699 
110.238342 
110.235291 
110.231628 
110.228577 
110.225220 
110.222168 
110.217590 
110.213623 
110.209351 
110.205383 
110.202637 
110.199280 
110.195618 
110.193176 
110.189514 
110.186768 
110.183716 
110.180664 
110.176697 
110.173340 
110.169678 
110.166321 
110.162659 
110.158691 
110.154724 
110.151978 
110.149231 
110.146484 
110.144043 
110.140686 
110.137939 
110.133972 
110.130920 
110.127258 
110.124207 
110.121155 
110.118713 
110.115967 
110.113525 
110.111389 
110.109863 
110.108643 
110.106812 
110.106506 
110.105591 
110.105286 
110.104065 
110.102539 
110.102234 
110.102539 
110.103149 
110.104065 
110.104370 
110.105896 
110.107117 
110.108337 
110.109253 
110.111084 
110.113220 
110.115967 
110.118713 
110.121460 
110.126038 
110.129700 
110.134583 
110.139771 
110.145874 
110.152283 
110.158997 
110.165710 
110.172119 
110.178223 
110.184326 
110.190735 
110.198059 
110.204773 
110.212097 
110.220642 
110.228271 
110.237122 
110.245667 
110.254822 
110.263672 
110.273438 
110.283508 
110.293579 
110.302734 
110.311890 
110.321350 
110.331421 
110.342102 
110.352173 
110.363159 
110.374451 
110.384521 
110.395508 
110.406189 
110.416870 
110.427246 
110.438232 
110.447998 
110.458374 
110.468445 
110.478516 
110.488586 
110.499573 
110.510864 
110.522156 
110.532837 
110.543823 
110.554504 
110.564880 
110.574951 
110.584717 
110.594482 
110.604858 
110.614929 
110.625305 
110.635376 
110.645447 
110.655823 
110.666199 
110.676575 
110.687256 
110.697937 
110.708313 
110.717773 
110.726929 
110.736694 
110.746460 
110.757141 
110.767517 
110.777893 
110.788574 
110.798950 
110.809937 
110.820007 
110.830383 
110.840454 
110.850525 
110.860596 
110.870972 
110.880737 
110.890808 
110.900574 
110.910950 
110.922241 
110.933533 
110.943909 
110.954895 
110.964966 
110.975037 
110.985107 
110.994873 
111.004639 
111.014709 
111.025085 
111.034851 
111.045227 
111.055298 
111.065674 
111.075439 
111.086121 
111.096497 
111.107178 
111.116943 
111.126709 
111.135559 
111.145630 
111.155396 
111.165771 
111.176147 
111.186523 
111.197205 
111.207581 
111.218262 
111.228333 
111.238708 
111.248474 
111.258850 
111.268921 
111.278992 
111.288757 
111.298523 
111.308594 
111.318665 
111.329956 
111.341248 
111.351929 
111.362915 
111.373596 
111.383362 
111.393127 
111.403503 
111.413269 
111.422729 
111.433411 
111.443176 
111.453552 
111.464233 
111.474304 
111.484375 
111.495056 
111.505737 
111.515808 
111.526794 
111.535950 
111.545105 
111.555481 
111.565247 
111.575623 
111.585693 
111.596680 
111.607056 
111.617737 
111.627808 
111.638489 
111.649475 
111.659546 
111.669617 
111.679993 
111.689758 
111.699829 
111.709900 
111.719971 
111.729736 
111.741028 
111.752014 
111.763306 
111.773682 
111.784363 
111.794128 
111.804504 
111.814575 
111.824341 
111.834106 
111.844177 
111.854553 
111.864624 
111.875000 
111.885071 
111.895447 
111.905823 
111.916199 
111.926575 
111.936951 
111.946106 
111.955261 
111.965332 
111.975098 
111.985474 
111.995850 
112.005920 
112.016602 
112.027283 
112.037659 
112.047729 
112.058411 
112.068176 
112.078552 
112.088318 
112.098389 
112.107849 
112.118225 
112.128296 
112.138367 
112.149353 
112.160645 
112.171326 
112.182007 
112.192688 
112.202454 
112.212219 
112.222595 
112.232056 
112.241821 
112.252808 
112.262268 
112.272644 
112.283020 
112.293701 
112.303772 
112.314148 
112.324829 
112.334900 
112.344971 
112.354431 
112.363586 
112.373352 
112.383423 
112.393188 
112.403564 
112.414551 
112.425232 
112.435913 
112.446289 
112.456665 
112.467041 
112.477112 
112.487488 
112.496948 
112.507324 
112.517090 
112.526855 
112.537231 
112.546997 
112.558289 
112.569275 
112.580261 
112.591248 
112.601929 
112.611694 
112.621765 
112.631836 
112.641296 
112.651062 
112.661438 
112.671509 
112.681274 
112.692261 
112.702332 
112.712402 
112.723083 
112.733154 
112.743835 
112.754517 
112.763672 
112.773132 
112.782288 
112.792664 
112.802734 
112.813110 
112.823486 
112.833557 
112.844543 
112.854309 
112.864685 
112.875366 
112.885132 
112.895203 
112.905579 
112.915649 
112.925415 
112.935181 
112.944641 
112.954712 
112.965393 
112.976685 
112.986450 
112.996216 
113.005981 
113.015137 
113.023376 
113.032227 
113.040771 
113.048096 
113.056946 
113.065491 
113.072510 
113.080444 
113.087769 
113.095398 
113.102112 
113.109131 
113.115540 
113.121948 
113.127136 
113.131409 
113.136292 
113.141479 
113.146667 
113.151245 
113.155823 
113.160400 
113.164063 
113.168335 
113.171387 
113.174744 
113.177490 
113.179626 
113.181763 
113.183899 
113.184814 
113.186340 
113.187561 
113.188171 
113.189697 
113.191528 
113.192444 
113.192444 
113.192749 
113.191833 
113.190918 
113.190613 
113.189697 
113.187866 
113.187256 
113.186340 
113.184509 
113.182983 
113.181458 
113.179626 
113.176880 
113.174744 
113.172302 
113.169250 
113.165283 
113.161316 
113.157654 
113.154602 
113.151550 
113.148804 
113.146667 
113.143921 
113.140564 
113.138123 
113.135071 
113.131409 
113.129272 
113.125610 
113.122559 
113.119812 
113.115845 
113.112183 
113.109436 
113.106384 
113.103943 
113.102722 
113.099976 
113.097229 
113.094482 
113.092041 
113.088684 
113.085327 
113.082275 
113.078918 
113.076782 
113.073425 
113.070984 
113.068237 
113.065796 
113.062744 
113.059998 
113.057861 
113.055420 
113.052368 
113.049011 
113.045044 
113.041687 
113.039551 
113.036499 
113.034058 
113.031921 
113.029480 
113.026733 
113.025208 
113.022766 
113.019104 
113.017273 
113.014526 
113.011475 
113.009033 
113.005981 
113.002930 
113.000183 
112.997437 
112.995605 
112.994080 
112.992859 
112.990112 
112.987671 
112.985229 
112.982483 
112.979736 
112.976379 
112.973938 
112.971191 
112.968445 
112.966003 
112.963257 
112.961426 
112.958679 
112.956543 
112.954712 
112.951965 
112.949524 
112.946167 
112.942200 
112.939758 
112.937012 
112.934875 
112.932129 
112.929993 
112.927551 
112.925415 
112.922974 
112.920532 
112.917786 
112.915649 
112.912598 
112.910461 
112.907410 
112.904358 
112.901611 
112.898865 
112.896118 
112.893982 
112.892761 
112.890930 
112.888794 
112.886353 
112.883606 
112.880554 
112.877808 
112.875061 
112.872009 
112.869263 
112.866516 
112.864075 
112.861633 
112.859192 
112.856750 
112.854309 
112.852478 
112.849731 
112.847290 
112.843933 
112.840271 
112.836914 
112.834473 
112.831726 
112.828979 
112.827148 
112.825012 
112.822266 
112.820129 
112.817383 
112.815552 
112.812500 
112.810059 
112.807007 
112.804260 
112.801514 
112.798157 
112.795715 
112.792664 
112.791138 
112.789612 
112.787476 
112.785034 
112.782898 
112.780457 
112.777100 
112.774353 
112.771301 
112.768555 
112.766418 
112.763672 
112.760315 
112.758179 
112.755432 
112.752991 
112.750549 
112.748413 
112.745972 
112.743225 
112.739868 
112.735596 
112.732849 
112.730103 
112.727051 
112.724915 
112.722778 
112.720032 
112.717896 
112.715759 
112.713318 
112.710571 
112.708435 
112.705383 
112.702942 
112.699890 
112.697144 
112.693787 
112.691345 
112.688904 
112.686768 
112.685242 
112.683105 
112.680359 
112.678833 
112.676086 
112.673035 
112.669983 
112.666931 
112.664490 
112.662048 
112.658997 
112.656555 
112.653809 
112.651672 
112.649231 
112.646790 
112.644043 
112.641907 
112.639465 
112.635803 
112.631836 
112.629395 
112.626648 
112.624207 
112.621765 
112.619324 
112.616882 
112.615051 
112.612610 
112.609863 
112.607422 
112.604675 
112.602234 
112.599792 
112.596741 
112.593994 
112.590942 
112.588196 
112.585754 
112.583618 
112.581787 
112.580261 
112.577820 
112.575073 
112.572327 
112.569580 
112.566833 
112.563477 
112.561340 
112.558289 
112.555542 
112.553406 
112.550659 
112.547913 
112.545471 
112.543640 
112.540894 
112.538452 
112.536011 
112.532654 
112.529297 
112.525940 
112.523499 
112.520447 
112.518616 
112.516174 
112.514038 
112.511902 
112.509460 
112.507019 
112.504272 
112.501831 
112.499390 
112.496643 
112.493896 
112.491150 
112.487793 
112.485352 
112.482910 
112.480774 
112.478943 
112.477417 
112.475281 
112.473145 
112.470398 
112.467346 
112.464294 
112.460938 
112.458496 
112.456055 
112.453308 
112.450867 
112.447815 
112.445679 
112.443237 
112.441101 
112.438660 
112.436523 
112.433777 
112.430725 
112.426758 
112.423706 
112.420654 
112.418518 
112.416077 
112.413635 
112.411804 
112.409363 
112.406921 
112.404480 
112.401733 
112.399597 
112.396545 
112.394104 
112.391052 
112.388306 
112.385254 
112.382202 
112.380066 
112.377930 
112.377014 
112.374878 
112.372437 
112.370300 
112.367249 
112.364197 
112.361450 
112.358704 
112.355652 
112.353210 
112.350464 
112.347717 
112.345581 
112.342834 
112.340698 
112.338257 
112.335510 
112.333679 
112.330933 
112.327271 
112.323914 
112.321167 
112.317810 
112.315369 
112.313232 
112.310486 
112.308350 
112.305908 
112.303467 
112.301025 
112.298889 
112.295837 
112.293701 
112.290955 
112.287903 
112.284851 
112.282104 
112.279053 
112.276917 
112.275085 
112.273254 
112.271118 
112.268982 
112.266235 
112.263794 
112.261047 
112.257996 
112.254944 
112.252197 
112.249451 
112.246704 
112.244568 
112.241516 
112.238770 
112.236633 
112.234192 
112.231750 
112.229614 
112.227173 
112.223511 
112.219849 
112.217102 
112.214050 
112.211304 
112.209167 
112.206421 
112.204590 
112.202454 
112.200012 
112.197571 
112.195129 
112.192383 
112.189941 
112.187500 
112.184448 
112.181396 
112.178650 
112.175903 
112.173157 
112.171021 
112.170105 
112.167969 
112.165833 
112.163696 
112.160950 
112.157898 
112.155151 
112.152100 
112.149353 
112.146301 
112.144165 
112.141418 
112.138672 
112.136536 
112.134094 
112.131348 
112.129517 
112.126770 
112.124634 
112.121277 
112.117920 
112.114563 
112.111816 
112.109375 
112.106323 
112.104492 
112.102051 
112.099915 
112.097473 
112.095032 
112.092285 
112.089844 
112.087402 
112.084961 
112.082214 
112.079468 
112.076111 
112.073364 
112.070923 
112.069092 
112.067566 
112.066040 
112.063293 
112.061157 
112.058716 
112.055664 
112.052917 
112.049866 
112.047119 
112.044373 
112.041931 
112.038879 
112.036743 
112.033997 
112.031555 
112.029419 
112.027283 
112.024231 
112.022095 
112.018738 
112.015076 
112.011719 
112.008972 
112.006836 
112.004089 
112.001648 
112.000122 
111.997375 
111.994934 
111.992493 
111.990051 
111.987610 
111.985474 
111.982422 
111.979675 
111.976624 
111.973877 
111.970825 
111.968384 
111.966553 
111.965027 
111.962891 
111.960754 
111.958313 
111.955261 
111.952515 
111.949463 
111.947021 
111.943665 
111.940918 
111.938477 
111.935730 
111.932983 
111.931152 
111.928101 
111.925964 
111.923828 
111.921082 
111.918335 
111.915283 
111.911316 
111.908569 
111.905823 
111.903687 
111.900940 
111.898804 
111.896667 
111.894226 
111.891785 
111.889343 
111.886597 
111.884155 
111.881714 
111.878662 
111.876221 
111.872864 
111.870117 
111.867371 
111.864929 
111.862793 
111.861267 
111.859131 
111.856689 
111.854553 
111.851807 
111.849365 
111.846313 
111.843262 
111.840515 
111.837769 
111.835022 
111.832886 
111.830139 
111.827393 
111.825256 
111.822510 
111.820679 
111.818237 
111.815491 
111.811829 
111.808472 
111.805420 
111.802673 
111.799927 
111.797485 
111.795044 
111.792908 
111.791077 
111.788025 
111.785583 
111.783447 
111.781006 
111.777954 
111.775513 
111.772766 
111.769409 
111.766968 
111.763916 
111.761475 
111.759949 
111.758423 
111.756287 
111.753845 
111.751709 
111.749268 
111.746521 
111.743164 
111.740112 
111.737671 
111.734924 
111.731873 
111.729736 
111.727295 
111.724854 
111.722412 
111.719971 
111.717834 
111.715393 
111.712646 
111.709290 
111.705933 
111.702576 
111.699829 
111.697998 
111.695251 
111.692505 
111.690674 
111.688538 
111.686096 
111.683350 
111.680908 
111.678162 
111.675720 
111.673279 
111.670227 
111.667480 
111.664734 
111.661377 
111.659241 
111.657410 
111.656189 
111.653748 
111.651611 
111.649170 
111.647034 
111.643982 
111.640625 
111.637878 
111.635132 
111.631775 
111.629333 
111.626587 
111.624451 
111.621704 
111.619568 
111.617126 
111.614990 
111.612549 
111.609802 
111.606445 
111.602783 
111.599731 
111.596985 
111.594543 
111.592407 
111.589661 
111.587830 
111.585083 
111.582947 
111.580811 
111.578064 
111.575623 
111.572876 
111.570129 
111.567688 
111.564636 
111.561584 
111.558838 
111.556091 
111.554565 
111.552734 
111.551514 
111.548462 
111.546021 
111.543884 
111.541138 
111.537781 
111.535339 
111.532288 
111.529541 
111.527100 
111.524658 
111.521606 
111.519165 
111.516724 
111.513977 
111.512146 
111.509705 
111.506958 
111.503906 
111.500244 
111.496887 
111.494141 
111.492310 
111.489563 
111.487122 
111.484680 
111.482239 
111.479797 
111.477661 
111.474915 
111.472473 
111.469727 
111.467285 
111.464539 
111.461487 
111.458435 
111.455688 
111.453247 
111.451721 
111.449585 
111.447754 
111.445313 
111.443176 
111.441040 
111.437683 
111.435242 
111.432190 
111.429138 
111.426392 
111.424561 
111.421204 
111.418762 
111.416321 
111.413574 
111.411133 
111.409302 
111.406860 
111.404114 
111.401062 
111.397400 
111.394043 
111.391602 
111.388855 
111.386414 
111.384277 
111.381531 
111.380005 
111.377563 
111.374817 
111.372070 
111.369629 
111.366577 
111.364441 
111.362000 
111.358948 
111.355591 
111.353149 
111.350098 
111.348877 
111.347351 
111.345520 
111.343079 
111.340637 
111.337891 
111.335449 
111.332397 
111.329346 
111.326294 
111.324158 
111.321106 
111.318054 
111.316223 
111.313171 
111.310730 
111.308594 
111.306152 
111.304016 
111.301575 
111.298218 
111.294250 
111.291504 
111.288452 
111.286011 
111.284180 
111.281433 
111.279297 
111.276855 
111.274414 
111.271973 
111.269531 
111.267090 
111.264038 
111.261902 
111.258850 
111.256104 
111.253052 
111.250305 
111.247559 
111.245728 
111.243896 
111.242371 
111.240234 
111.238098 
111.235352 
111.232605 
111.229858 
111.226501 
111.223755 
111.221008 
111.217957 
111.215820 
111.213379 
111.210632 
111.208496 
111.206055 
111.203918 
111.201172 
111.199036 
111.195374 
111.192017 
111.188965 
111.186218 
111.183472 
111.181335 
111.178894 
111.177063 
111.174316 
111.172180 
111.169128 
111.166992 
111.164551 
111.161804 
111.159058 
111.156311 
111.153259 
111.150513 
111.147766 
111.145325 
111.142883 
111.141663 
111.139221 
111.137695 
111.135254 
111.132202 
111.129456 
111.126709 
111.123962 
111.120911 
111.118164 
111.115723 
111.112976 
111.110535 
111.108093 
111.105347 
111.102905 
111.101074 
111.098328 
111.095886 
111.092529 
111.089478 
111.085815 
111.083374 
111.080933 
111.078491 
111.076050 
111.073914 
111.071777 
111.069336 
111.066895 
111.064148 
111.061401 
111.059265 
111.056213 
111.053772 
111.050720 
111.047668 
111.044617 
111.042175 
111.040955 
111.038818 
111.036987 
111.034851 
111.032715 
111.029968 
111.026917 
111.024170 
111.021118 
111.018372 
111.015320 
111.012878 
111.009827 
111.007690 
111.004944 
111.002502 
111.000061 
110.997925 
110.995789 
110.992737 
110.989685 
110.985718 
110.982666 
110.979919 
110.977783 
110.975037 
110.972900 
110.970459 
110.968018 
110.966187 
110.963745 
110.960999 
110.958252 
110.955811 
110.953064 
110.950623 
110.947876 
110.944519 
110.941772 
110.939331 
110.937195 
110.935669 
110.934143 
110.931702 
110.929260 
110.926514 
110.923767 
110.920715 
110.917969 
110.915222 
110.912476 
110.910034 
110.907288 
110.904541 
110.902100 
110.899658 
110.897217 
110.895081 
110.892944 
110.890198 
110.886841 
110.883484 
110.880127 
110.877380 
110.874939 
110.872498 
110.870056 
110.867615 
110.865479 
110.863342 
110.860291 
110.857849 
110.855408 
110.852966 
110.850525 
110.847473 
110.844727 
110.841675 
110.838928 
110.836182 
110.834351 
110.833130 
110.830994 
110.828552 
110.826416 
110.823669 
110.820618 
110.818176 
110.815430 
110.812073 
110.809631 
110.806885 
110.804138 
110.802002 
110.799561 
110.796814 
110.794373 
110.791931 
110.790100 
110.787659 
110.783997 
110.780029 
110.777283 
110.774536 
110.771790 
110.769653 
110.767212 
110.765076 
110.762939 
110.760803 
110.758057 
110.755615 
110.753174 
110.750122 
110.747986 
110.744934 
110.742188 
110.739136 
110.736084 
110.733337 
110.732117 
110.730286 
110.728149 
110.726318 
110.723877 
110.721436 
110.718079 
110.715637 
110.712585 
110.709534 
110.707397 
110.703735 
110.701294 
110.698853 
110.696411 
110.694275 
110.691528 
110.689392 
110.686951 
110.684509 
110.680847 
110.677185 
110.674133 
110.671387 
110.668640 
110.666504 
110.664673 
110.661621 
110.660095 
110.657349 
110.654907 
110.652771 
110.650024 
110.647278 
110.644836 
110.642090 
110.638733 
110.635681 
110.633240 
110.630493 
110.628662 
110.627136 
110.625305 
110.623169 
110.621033 
110.617981 
110.615234 
110.612793 
110.609741 
110.606689 
110.604248 
110.601501 
110.598450 
110.596313 
110.593262 
110.591125 
110.588684 
110.586243 
110.583801 
110.581665 
110.578003 
110.574646 
110.571899 
110.568542 
110.566406 
110.563965 
110.561829 
110.559387 
110.556946 
110.554810 
110.552368 
110.549927 
110.547180 
110.544434 
110.541382 
110.538940 
110.536194 
110.533142 
110.530396 
110.527649 
110.526123 
110.524292 
110.522461 
110.520020 
110.517883 
110.515137 
110.512390 
110.509338 
110.506897 
110.503845 
110.501099 
110.498657 
110.496216 
110.492859 
110.491028 
110.488586 
110.485840 
110.483398 
110.481262 
110.478821 
110.475464 
110.472107 
110.468750 
110.466003 
110.463562 
110.461121 
110.458679 
110.456543 
110.454102 
110.451355 
110.449524 
110.447083 
110.444641 
110.441895 
110.439453 
110.436096 
110.433350 
110.430603 
110.427551 
110.425415 
110.423584 
110.421448 
110.419922 
110.417786 
110.415344 
110.412598 
110.409851 
110.407104 
110.404053 
110.401611 
110.398560 
110.395813 
110.393066 
110.390015 
110.387878 
110.385437 
110.382996 
110.380554 
110.378418 
110.375671 
110.372620 
110.368652 
110.365906 
110.362854 
110.360718 
110.358276 
110.355530 
110.353394 
110.351257 
110.349121 
110.346680 
110.344238 
110.341187 
110.339050 
110.336609 
110.333557 
110.330505 
110.327759 
110.324707 
110.322571 
110.320740 
110.318909 
110.317078 
110.314941 
110.312195 
110.310059 
110.307007 
110.303955 
110.301208 
110.297852 
110.295715 
110.292969 
110.290527 
110.288086 
110.285339 
110.282593 
110.280762 
110.278015 
110.275574 
110.273438 
110.269775 
110.266724 
110.263367 
110.260315 
110.258179 
110.256042 
110.253296 
110.250854 
110.248718 
110.246582 
110.244141 
110.241394 
110.238953 
110.236511 
110.234070 
110.230713 
110.227966 
110.225220 
110.222168 
110.219727 
110.217896 
110.216370 
110.214539 
110.212097 
110.209961 
110.206604 
110.204468 
110.201111 
110.198364 
110.195923 
110.192871 
110.190430 
110.187378 
110.185242 
110.182190 
110.180054 
110.178223 
110.175476 
110.173340 
110.170898 
110.167236 
110.163574 
110.160522 
110.157471 
110.155029 
110.152588 
110.150452 
110.148010 
110.145874 
110.143738 
110.140991 
110.139160 
110.136108 
110.133667 
110.131531 
110.128479 
110.125732 
110.122681 
110.120239 
110.117188 
110.116272 
110.115051 
110.113525 
110.111694 
110.110168 
110.108948 
110.107422 
110.105896 
110.104675 
110.103760 
110.103455 
110.102844 
110.102844 
110.103455 
110.103760 
110.104370 
110.104980 
110.106201 
110.107422 
110.108643 
110.108948 
110.109558 
110.111389 
110.113220 
110.116272 
110.119629 
110.123596 
110.128479 
110.133972 
110.139160 
110.144348 
110.150452 
110.155945 
110.162354 
110.168152 
110.174561 
110.180664 
110.187073 
110.194092 
110.201111 
110.209961 
110.218506 
110.227661 
110.236511 
110.245361 
110.254517 
110.263367 
110.272217 
110.281067 
110.290833 
110.300903 
110.310669 
110.320740 
110.331116 
110.341492 
110.352173 
110.362549 
110.373230 
110.383911 
110.394592 
110.404663 
110.414124 
110.424194 
110.434265 
110.444946 
110.455627 
110.466309 
110.476990 
110.487976 
110.498352 
110.508728 
110.519104 
110.529785 
110.540466 
110.550842 
110.560608 
110.570679 
110.580750 
110.590515 
110.601196 
110.612183 
110.623779 
110.634460 
110.644836 
110.655518 
110.665283 
110.675964 
110.685730 
110.695496 
110.705872 
110.715942 
110.726013 
110.736389 
110.746765 
110.756836 
110.767517 
110.777588 
110.787964 
110.798645 
110.809021 
110.818176 
110.827637 
110.837402 
110.847168 
110.857849 
110.868530 
110.878601 
110.889282 
110.899658 
110.910339 
110.920715 
110.930786 
110.941162 
110.951233 
110.961304 
110.971680 
110.980835 
110.990906 
111.000671 
111.010742 
111.022034 
111.033936 
111.044312 
111.054993 
111.065369 
111.075439 
111.085205 
111.094666 
111.104736 
111.115112 
111.125183 
111.134644 
111.145020 
111.154785 
111.165466 
111.175842 
111.186523 
111.196899 
111.207275 
111.217651 
111.227112 
111.235657 
111.245728 
111.255493 
111.266174 
111.276550 
111.286621 
111.297302 
111.307678 
111.318665 
111.328430 
111.339417 
111.349487 
111.359558 
111.369934 
111.379700 
111.389160 
111.399841 
111.409607 
111.419983 
111.430664 
111.442261 
111.453247 
111.463623 
111.474304 
111.484070 
111.494446 
111.504211 
111.514282 
111.524048 
111.534424 
111.544495 
111.554871 
111.565247 
111.575317 
111.585999 
111.596069 
111.607056 
111.617432 
111.627502 
111.637268 
111.646729 
111.655884 
111.666565 
111.676941 
111.687317 
111.697388 
111.707764 
111.718750 
111.729126 
111.739197 
111.750183 
111.760254 
111.770935 
111.780090 
111.790161 
111.800537 
111.810608 
111.820068 
111.830750 
111.841736 
111.853027 
111.863708 
111.874084 
111.885071 
111.895142 
111.904907 
111.914673 
111.924133 
111.934204 
111.944580 
111.954651 
111.965332 
111.975098 
111.985474 
111.995544 
112.005920 
112.016907 
112.027283 
112.037048 
112.046509 
112.055664 
112.064819 
112.074585 
112.085266 
112.095947 
112.106018 
112.117310 
112.127686 
112.137756 
112.148438 
112.158203 
112.168884 
112.178955 
112.188721 
112.199402 
112.208252 
112.218628 
112.228394 
112.238770 
112.249756 
112.260742 
112.272034 
112.282410 
112.293091 
112.303162 
112.313232 
112.322693 
112.332764 
112.342529 
112.352600 
112.362671 
112.373047 
112.382813 
112.393494 
112.403564 
112.414246 
112.424927 
112.435608 
112.445374 
112.455139 
112.464600 
112.473145 
112.483826 
112.494507 
112.504272 
112.515564 
112.525635 
112.536011 
112.546997 
112.557068 
112.567139 
112.577515 
112.587891 
112.597656 
112.607727 
112.617798 
112.627258 
112.637329 
112.648010 
112.658691 
112.669678 
112.680664 
112.691345 
112.702026 
112.711487 
112.721558 
112.731628 
112.741699 
112.751465 
112.761841 
112.771912 
112.781982 
112.792358 
112.802429 
112.813110 
112.823181 
112.833862 
112.843933 
112.854004 
112.863770 
112.872925 
112.882080 
112.891846 
112.902832 
112.912903 
112.923279 
112.933655 
112.944031 
112.954407 
112.964478 
112.974243 
112.983704 
112.993774 
113.002319 
113.011780 
113.019714 
113.028564 
113.037109 
113.045349 
113.054199 
113.063660 
113.072205 
113.080139 
113.087463 
113.094788 
113.101196 
113.107910 
113.113708 
113.119812 
113.125610 
113.131104 
113.136292 
113.141479 
113.146973 
113.151550 
113.156128 
113.160400 
113.164673 
113.168335 
113.170776 
113.173218 
113.174744 
113.177185 
113.179932 
113.181458 
113.183899 
113.185425 
113.186951 
113.188782 
113.189087 
113.190002 
113.190002 
113.190002 
113.189697 
113.189087 
113.189087 
113.187561 
113.186646 
113.186035 
113.185730 
113.185425 
113.185120 
113.184204 
113.182373 
113.180847 
113.179016 
113.176270 
113.174133 
113.171692 
113.168640 
113.166504 
113.163452 
113.161316 
113.158875 
113.156128 
113.153381 
113.151550 
113.149414 
113.146667 
113.143311 
113.139954 
113.136597 
113.134155 
113.131714 
113.129272 
113.126831 
113.124695 
113.122864 
113.120728 
113.118286 
113.115540 
113.113403 
113.110657 
113.108215 
113.105774 
113.103333 
113.100586 
113.097839 
113.095703 
113.094482 
113.092651 
113.091736 
113.089600 
113.087463 
113.085632 
113.082275 
113.080139 
113.078003 
113.075562 
113.073120 
113.071289 
113.068848 
113.066711 
113.064880 
113.062744 
113.060608 
113.059082 
113.057251 
113.055115 
113.051758 
113.048706 
113.045654 
113.043518 
113.041992 
113.040161 
113.037720 
113.036804 
113.034668 
113.033142 
113.031006 
113.028870 
113.026733 
113.025208 
113.022461 
113.020630 
113.018188 
113.015747 
113.013000 
113.011780 
113.010254 
113.009338 
113.008118 
113.006287 
113.004761 
113.002625 
113.000183 
112.997742 
112.995300 
112.992859 
112.991028 
112.989197 
112.986755 
112.985229 
112.982788 
112.981262 
112.979431 
112.977600 
112.975769 
112.973633 
112.971191 
112.968445 
112.965088 
112.962952 
112.961731 
112.958984 
112.957458 
112.956238 
112.954102 
112.952576 
112.950439 
112.948303 
112.946167 
112.944641 
112.941895 
112.939758 
112.937622 
112.934875 
112.933044 
112.930908 
112.929688 
112.928162 
112.927246 
112.925110 
112.923584 
112.921448 
112.919006 
112.916260 
112.914124 
112.911682 
112.909241 
112.907715 
112.905273 
112.903442 
112.901306 
112.899170 
112.897339 
112.895508 
112.893982 
112.891235 
112.888794 
112.885437 
112.882996 
112.881165 
112.879028 
112.876892 
112.875061 
112.873230 
112.871399 
112.869568 
112.867737 
112.865295 
112.863464 
112.861328 
112.859192 
112.856750 
112.854309 
112.851868 
112.849121 
112.847595 
112.846375 
112.844849 
112.843628 
112.842407 
112.840271 
112.838135 
112.835693 
112.832947 
112.830505 
112.828064 
112.826233 
112.824097 
112.821960 
112.819519 
112.817993 
112.815857 
112.814026 
112.812195 
112.810364 
112.808533 
112.805786 
112.802429 
112.799072 
112.797241 
112.795410 
112.793274 
112.791443 
112.789917 
112.787781 
112.786255 
112.783813 
112.781982 
112.780151 
112.778015 
112.775574 
112.773132 
112.770691 
112.768250 
112.765808 
112.764282 
112.763062 
112.761841 
112.760315 
112.758789 
112.756653 
112.754517 
112.752380 
112.749939 
112.747498 
112.745056 
112.742615 
112.741089 
112.738342 
112.736511 
112.734375 
112.732544 
112.730713 
112.728577 
112.726746 
112.725220 
112.721863 
112.719116 
112.716370 
112.714539 
112.712708 
112.710571 
112.708435 
112.707214 
112.705078 
112.703247 
112.701416 
112.698975 
112.697144 
112.695007 
112.692871 
112.690125 
112.688293 
112.685547 
112.683105 
112.681274 
112.680054 
112.679138 
112.677612 
112.675781 
112.673950 
112.671814 
112.669373 
112.666931 
112.665100 
112.662354 
112.660217 
112.658081 
112.656250 
112.653809 
112.652283 
112.650146 
112.648621 
112.646484 
112.644958 
112.642822 
112.640076 
112.637024 
112.634583 
112.632141 
112.630615 
112.628479 
112.626343 
112.624512 
112.622986 
112.621460 
112.619324 
112.617188 
112.615356 
112.613525 
112.611084 
112.608643 
112.606506 
112.603760 
112.601929 
112.599792 
112.598267 
112.597046 
112.596436 
112.594604 
112.592773 
112.590637 
112.587891 
112.585449 
112.583008 
112.580872 
112.578735 
112.576294 
112.574463 
112.572632 
112.570496 
112.568665 
112.566528 
112.564697 
112.563171 
112.560425 
112.557983 
112.555542 
112.552795 
112.550049 
112.548218 
112.546387 
112.544250 
112.542725 
112.540894 
112.539063 
112.537231 
112.535400 
112.533264 
112.530823 
112.528687 
112.526855 
112.524414 
112.521667 
112.519226 
112.517395 
112.515869 
112.515259 
112.513428 
112.511902 
112.510071 
112.507629 
112.505493 
112.503052 
112.500610 
112.498169 
112.496338 
112.493896 
112.492065 
112.490234 
112.487793 
112.485962 
112.483826 
112.481995 
112.480469 
112.478638 
112.475281 
112.472534 
112.469177 
112.467346 
112.465820 
112.463684 
112.461853 
112.460022 
112.458191 
112.456360 
112.453918 
112.452087 
112.449951 
112.448120 
112.446289 
112.443848 
112.441101 
112.438965 
112.436523 
112.434387 
112.432861 
112.431335 
112.430420 
112.428589 
112.426758 
112.424622 
112.422485 
112.419739 
112.417603 
112.415161 
112.413025 
112.410889 
112.408752 
112.406616 
112.404480 
112.402649 
112.400513 
112.398987 
112.397156 
112.394714 
112.391968 
112.389526 
112.386475 
112.384033 
112.382813 
112.380676 
112.378845 
112.377014 
112.375183 
112.373047 
112.371521 
112.369080 
112.367554 
112.365417 
112.362976 
112.361145 
112.358398 
112.356262 
112.353821 
112.351685 
112.350769 
112.349548 
112.348328 
112.346497 
112.344360 
112.342224 
112.340393 
112.337646 
112.335510 
112.333374 
112.330627 
112.328796 
112.326965 
112.324524 
112.323303 
112.320862 
112.319336 
112.317505 
112.315979 
112.313538 
112.310791 
112.307739 
112.304688 
112.302856 
112.301331 
112.298889 
112.297058 
112.295532 
112.293701 
112.292175 
112.290039 
112.288208 
112.286072 
112.283936 
112.281494 
112.279968 
112.277527 
112.274780 
112.272644 
112.270508 
112.268677 
112.268066 
112.266846 
112.264404 
112.263184 
112.260742 
112.258606 
112.255554 
112.253418 
112.251587 
112.249146 
112.247314 
112.245178 
112.243042 
112.240906 
112.239380 
112.236938 
112.235413 
112.233887 
112.231445 
112.228699 
112.225647 
112.222900 
112.221069 
112.218933 
112.217102 
112.215271 
112.213440 
112.211304 
112.209778 
112.207947 
112.205505 
112.203674 
112.201843 
112.199097 
112.197266 
112.194824 
112.192078 
112.189636 
112.188110 
112.186584 
112.185364 
112.184143 
112.182312 
112.180481 
112.178040 
112.175903 
112.173157 
112.171326 
112.168884 
112.167053 
112.164612 
112.162476 
112.160339 
112.158203 
112.156372 
112.154236 
112.152710 
112.150879 
112.148743 
112.145996 
112.143250 
112.139893 
112.138062 
112.136230 
112.134094 
112.132263 
112.130737 
112.128601 
112.126770 
112.125244 
112.123108 
112.121277 
112.118835 
112.116699 
112.114563 
112.111816 
112.109680 
112.106628 
112.104797 
112.103882 
112.102661 
112.101440 
112.099304 
112.097778 
112.095642 
112.092896 
112.090759 
112.088318 
112.085876 
112.083740 
112.081909 
112.079468 
112.077332 
112.075195 
112.073669 
112.071838 
112.070007 
112.068176 
112.066040 
112.063599 
112.060242 
112.057495 
112.055359 
112.053833 
112.051392 
112.049866 
112.047729 
112.046509 
112.044373 
112.042236 
112.040405 
112.038879 
112.036133 
112.034302 
112.032471 
112.029419 
112.027283 
112.024841 
112.022705 
112.021484 
112.020569 
112.018738 
112.017212 
112.015076 
112.013550 
112.011108 
112.008362 
112.006226 
112.003784 
112.001953 
111.999817 
111.997681 
111.995544 
111.993713 
111.991882 
111.990051 
111.988220 
111.986084 
111.983948 
111.981506 
111.978455 
111.975403 
111.973572 
111.971436 
111.969604 
111.968079 
111.966248 
111.964417 
111.962891 
111.960754 
111.958618 
111.956177 
111.954346 
111.952209 
111.950073 
111.947021 
111.945190 
111.942749 
111.940918 
111.939392 
111.938171 
111.936646 
111.935120 
111.933594 
111.931458 
111.928711 
111.926270 
111.924133 
111.921997 
111.919861 
111.917419 
111.915283 
111.913147 
111.911621 
111.909180 
111.907349 
111.906128 
111.903687 
111.901855 
111.899109 
111.896057 
111.893005 
111.891174 
111.889648 
111.887512 
111.885681 
111.884155 
111.881714 
111.880188 
111.878052 
111.876221 
111.874695 
111.871948 
111.869812 
111.867676 
111.865540 
111.862488 
111.860657 
111.858521 
111.856995 
111.856079 
111.854553 
111.853027 
111.851501 
111.848755 
111.846313 
111.844177 
111.841736 
111.839905 
111.837769 
111.835632 
111.833191 
111.831055 
111.829224 
111.827087 
111.825256 
111.823425 
111.821899 
111.819458 
111.817017 
111.813965 
111.810913 
111.809082 
111.807251 
111.805115 
111.803589 
111.801758 
111.799316 
111.797791 
111.795959 
111.793823 
111.791687 
111.789551 
111.787109 
111.784973 
111.783142 
111.780396 
111.778259 
111.775818 
111.774597 
111.773376 
111.772461 
111.770630 
111.768799 
111.766663 
111.764221 
111.761780 
111.759338 
111.756897 
111.755066 
111.752930 
111.750183 
111.748352 
111.746216 
111.744080 
111.742554 
111.741028 
111.738892 
111.736755 
111.734619 
111.730652 
111.727905 
111.726379 
111.724243 
111.722412 
111.720886 
111.718750 
111.717224 
111.715393 
111.713257 
111.711426 
111.709595 
111.706848 
111.704712 
111.702881 
111.700745 
111.698303 
111.695557 
111.693420 
111.691895 
111.690979 
111.690063 
111.688232 
111.685791 
111.684265 
111.681824 
111.679382 
111.677246 
111.674500 
111.672668 
111.670837 
111.668701 
111.666260 
111.664429 
111.661987 
111.660461 
111.658936 
111.657104 
111.654968 
111.652222 
111.648865 
111.646729 
111.644287 
111.642151 
111.640015 
111.638489 
111.636658 
111.634827 
111.632996 
111.630859 
111.628723 
111.626892 
111.625061 
111.622620 
111.620483 
111.618042 
111.615295 
111.613159 
111.611023 
111.609802 
111.608887 
111.607056 
111.605835 
111.604309 
111.601563 
111.599731 
111.597595 
111.594849 
111.592102 
111.590271 
111.588135 
111.585999 
111.584167 
111.582336 
111.580200 
111.578369 
111.576538 
111.574402 
111.572266 
111.569824 
111.566772 
111.564026 
111.561890 
111.559753 
111.557922 
111.556396 
111.554260 
111.552429 
111.550903 
111.549072 
111.546936 
111.545105 
111.542969 
111.540527 
111.538696 
111.535645 
111.533508 
111.531677 
111.529236 
111.528015 
111.527100 
111.525574 
111.523438 
111.521912 
111.519775 
111.517639 
111.515503 
111.512756 
111.510315 
111.508179 
111.506042 
111.503906 
111.501770 
111.499939 
111.498108 
111.495972 
111.494141 
111.492004 
111.490173 
111.487732 
111.484070 
111.481628 
111.479187 
111.477051 
111.475220 
111.473694 
111.472168 
111.470337 
111.468506 
111.466370 
111.464539 
111.462708 
111.460266 
111.458130 
111.456299 
111.453552 
111.451111 
111.448975 
111.446838 
111.445313 
111.444702 
111.443176 
111.441345 
111.439514 
111.437378 
111.435242 
111.432495 
111.430359 
111.428223 
111.425781 
111.423340 
111.421814 
111.419678 
111.417542 
111.415710 
111.413574 
111.412048 
111.409912 
111.407776 
111.405029 
111.402283 
111.398926 
111.397095 
111.395569 
111.393433 
111.391602 
111.389771 
111.388245 
111.386414 
111.384277 
111.382141 
111.380615 
111.378174 
111.376343 
111.373596 
111.371460 
111.369019 
111.366272 
111.364746 
111.363525 
111.362305 
111.360779 
111.359253 
111.357727 
111.355286 
111.353149 
111.350403 
111.347961 
111.345520 
111.343994 
111.341553 
111.339417 
111.336975 
111.335449 
111.333923 
111.331482 
111.329651 
111.327820 
111.325378 
111.322937 
111.319885 
111.317139 
111.315002 
111.313171 
111.311035 
111.309509 
111.307678 
111.305542 
111.304321 
111.302490 
111.300354 
111.298218 
111.296082 
111.294250 
111.291504 
111.289063 
111.286621 
111.284485 
111.282349 
111.281128 
111.280212 
111.278992 
111.276855 
111.275635 
111.273193 
111.271057 
111.268311 
111.266174 
111.264038 
111.261292 
111.259460 
111.257019 
111.255188 
111.253662 
111.251221 
111.249695 
111.247864 
111.245728 
111.243896 
111.241150 
111.237793 
111.235046 
111.232910 
111.230774 
111.228638 
111.227417 
111.225281 
111.223755 
111.222229 
111.220093 
111.217651 
111.215820 
111.213989 
111.211853 
111.209717 
111.206970 
111.204529 
111.202393 
111.200256 
111.199341 
111.198425 
111.196594 
111.194458 
111.192932 
111.191406 
111.188965 
111.186218 
111.184082 
111.181335 
111.179504 
111.177368 
111.175232 
111.173096 
111.170959 
111.169128 
111.166382 
111.165466 
111.163330 
111.161194 
111.158752 
111.155701 
111.152649 
111.150513 
111.148376 
111.146545 
111.144714 
111.143188 
111.141663 
111.139526 
111.137695 
111.135559 
111.133423 
111.131592 
111.129456 
111.127319 
111.124878 
111.121826 
111.119995 
111.117859 
111.116943 
111.115723 
111.114197 
111.112671 
111.110840 
111.108704 
111.106262 
111.104431 
111.101990 
111.098938 
111.097107 
111.094971 
111.093140 
111.090698 
111.089172 
111.087036 
111.084900 
111.083374 
111.081848 
111.079407 
111.076660 
111.073914 
111.070862 
111.068420 
111.066589 
111.064758 
111.062927 
111.061096 
111.058960 
111.057739 
111.055603 
111.053467 
111.051636 
111.049805 
111.047363 
111.045227 
111.042786 
111.039734 
111.037598 
111.036072 
111.034851 
111.033325 
111.032104 
111.030884 
111.028748 
111.026611 
111.024475 
111.021423 
111.019287 
111.016846 
111.014404 
111.012268 
111.010132 
111.007996 
111.006165 
111.004639 
111.002502 
111.000671 
110.999146 
110.996704 
110.993958 
110.990906 
110.988159 
110.986023 
110.984192 
110.982361 
110.980530 
110.978699 
110.976868 
110.975037 
110.973206 
110.971069 
110.969238 
110.966797 
110.964661 
110.962830 
110.960083 
110.957947 
110.955505 
110.953674 
110.952454 
110.951538 
110.949707 
110.947876 
110.946350 
110.944214 
110.941772 
110.939026 
110.937195 
110.934753 
110.932617 
110.929871 
110.928040 
110.926208 
110.924072 
110.922546 
110.920105 
110.918579 
110.917053 
110.914917 
110.911865 
110.908813 
110.906372 
110.904236 
110.902405 
110.899963 
110.898132 
110.896606 
110.894470 
110.892944 
110.891418 
110.889282 
110.887451 
110.885315 
110.882874 
110.880432 
110.877991 
110.875549 
110.873108 
110.871582 
110.870056 
110.868835 
110.867615 
110.866089 
110.863953 
110.861816 
110.859375 
110.856628 
110.854492 
110.852356 
110.849915 
110.847778 
110.845642 
110.843506 
110.841675 
110.840149 
110.837708 
110.836182 
110.834351 
110.832214 
110.829163 
110.826721 
110.823364 
110.821228 
110.819702 
110.817566 
110.815430 
110.813904 
110.812073 
110.810242 
110.808716 
110.806885 
110.804749 
110.802917 
110.800476 
110.798035 
110.795898 
110.793152 
110.791321 
110.788879 
110.787964 
110.786743 
110.785217 
110.783691 
110.781860 
110.779724 
110.776978 
110.774841 
110.772095 
110.770264 
110.767822 
110.765381 
110.763855 
110.761719 
110.759277 
110.757446 
110.755615 
110.754089 
110.752258 
110.750732 
110.747375 
110.744019 
110.741882 
110.739441 
110.737305 
110.735779 
110.733643 
110.732117 
110.730286 
110.728455 
110.726624 
110.724792 
110.722656 
110.720520 
110.718079 
110.716248 
110.713501 
110.711060 
110.708618 
110.706787 
110.705566 
110.704651 
110.702820 
110.700684 
110.699463 
110.696716 
110.694580 
110.692444 
110.689697 
110.687256 
110.685730 
110.682983 
110.681152 
110.679016 
110.677185 
110.675049 
110.673218 
110.671082 
110.669556 
110.667725 
110.664978 
110.661316 
110.658875 
110.657043 
110.654907 
110.653076 
110.650635 
110.649414 
110.647583 
110.646057 
110.643616 
110.642090 
110.639954 
110.637817 
110.635376 
110.633545 
110.631104 
110.628967 
110.626221 
110.624084 
110.623169 
110.622253 
110.620728 
110.618591 
110.617065 
110.614929 
110.612793 
110.610657 
110.608215 
110.605469 
110.603638 
110.601501 
110.599365 
110.597229 
110.595093 
110.593262 
110.591431 
110.589294 
110.587463 
110.585938 
110.582886 
110.579529 
110.577087 
110.574951 
110.573120 
110.570984 
110.569153 
110.567932 
110.565796 
110.564270 
110.562134 
110.559998 
110.558472 
110.556030 
110.553894 
110.551758 
110.549316 
110.546265 
110.544128 
110.541992 
110.540771 
110.540161 
110.538330 
110.536194 
110.534973 
110.532227 
110.530396 
110.528259 
110.525513 
110.523071 
110.520935 
110.519104 
110.516357 
110.514832 
110.512695 
110.510864 
110.509033 
110.507202 
110.505371 
110.503540 
110.500793 
110.497742 
110.494995 
110.492554 
110.491028 
110.488892 
110.487061 
110.485229 
110.483398 
110.481567 
110.479431 
110.477600 
110.475769 
110.473633 
110.471191 
110.469360 
110.466919 
110.463867 
110.462036 
110.459900 
110.458679 
110.457458 
110.456238 
110.454102 
110.452881 
110.450745 
110.448303 
110.445557 
110.443420 
110.440979 
110.438843 
110.436707 
110.434570 
110.432434 
110.430908 
110.428772 
110.426636 
110.425110 
110.423584 
110.421143 
110.418396 
110.415344 
110.412598 
110.410767 
110.408630 
110.406494 
110.404968 
110.403137 
110.401306 
110.399780 
110.397644 
110.395813 
110.393677 
110.391541 
110.388794 
110.386963 
110.384521 
110.382385 
110.379944 
110.378113 
110.376587 
110.375366 
110.374451 
110.372314 
110.370483 
110.368042 
110.365601 
110.363464 
110.361328 
110.358582 
110.356750 
110.354614 
110.352173 
110.350037 
110.348206 
110.346680 
110.344238 
110.343018 
110.340576 
110.338745 
110.335999 
110.333252 
110.330200 
110.328064 
110.326538 
110.324402 
110.322571 
110.320740 
110.319214 
110.317383 
110.315552 
110.313416 
110.311279 
110.309448 
110.307007 
110.304871 
110.303040 
110.300293 
110.297546 
110.295715 
110.294800 
110.292969 
110.291748 
110.290222 
110.288696 
110.286255 
110.283813 
110.281677 
110.279236 
110.276794 
110.274658 
110.271912 
110.270386 
110.268555 
110.266418 
110.264282 
110.262756 
110.261230 
110.258789 
110.256958 
110.254211 
110.250854 
110.248108 
110.245972 
110.244446 
110.242310 
110.240479 
110.238342 
110.236816 
110.234985 
110.232849 
110.231323 
110.228577 
110.227051 
110.224915 
110.222473 
110.220032 
110.217590 
110.215149 
110.213318 
110.212097 
110.211487 
110.209656 
110.208435 
110.206299 
110.204163 
110.201721 
110.199585 
110.197144 
110.194397 
110.192871 
110.190125 
110.187988 
110.186462 
110.183716 
110.181885 
110.180359 
110.178528 
110.176697 
110.174561 
110.172119 
110.168457 
110.166321 
110.163879 
110.162048 
110.160217 
110.158386 
110.156250 
110.154724 
110.153503 
110.151367 
110.149231 
110.147705 
110.144958 
110.142517 
110.140381 
110.137939 
110.135498 
110.133362 
110.131531 
110.130310 
110.129089 
110.127869 
110.126038 
110.123901 
110.122070 
110.119934 
110.117188 
110.115051 
110.112610 
110.111084 
110.109558 
110.107727 
110.105896 
110.105286 
110.104065 
110.103455 
110.102844 
110.102539 
110.101929 
110.100403 
110.099487 
110.098572 
110.097656 
110.098267 
110.097961 
110.098267 
110.098267 
110.098267 
110.098877 
110.098572 
110.098267 
110.098877 
110.098877 
110.098572 
110.098877 
110.098267 
110.097961 
110.097961 
110.097656 
110.098877 
110.100098 
110.100403 
110.100708 
110.100708 
110.101013 
110.100403 
110.099792 
110.100098 
110.100098 
110.100098 
110.100098 
110.100098 
110.100403 
110.100403 
110.101013 
110.100708 
110.101013 
110.101624 
110.101624 
110.101013 
110.099792 
110.098877 
110.098877 
110.099487 
110.099792 
110.100098 
110.100403 
110.100403 
110.100708 
110.100708 
110.100708 
110.100403 
110.100403 
110.100403 
110.100403 
110.100098 
110.100098 
110.099182 
110.099487 
110.100708 
110.101318 
110.101929 
110.102539 
110.102539 
110.102234 
110.102234 
110.101624 
110.101624 
110.101318 
110.101318 
110.101318 
110.101624 
110.101318 
110.101929 
110.101929 
110.101929 
110.102234 
110.102234 
110.102234 
110.101624 
110.100403 
110.100098 
110.100403 
110.100403 
110.100403 
110.100403 
110.100708 
110.101318 
110.101624 
