Blum, K. P., D’Incamps, B. L., Zytnicki, D., & Ting, L. H. (2017).
Force encoding in muscle spindles during stretch of
passive muscle. PLoS computational biology, 13(9), 
e1005767. <https://journals.plos.org/ploscompbiol/article?
id=10.1371/journal.pcbi.1005767>

cat medial gastrocnemius muscle lengths over t  (in 0.0005 s increments)
110.111084 
110.111084 
110.111694 
110.112000 
110.111389 
110.109863 
110.109558 
110.108643 
110.108948 
110.108948 
110.108948 
110.109558 
110.109558 
110.109863 
110.110168 
110.109863 
110.109863 
110.109863 
110.109558 
110.109558 
110.109558 
110.108643 
110.108337 
110.108032 
110.108643 
110.110168 
110.111084 
110.111694 
110.111389 
110.111084 
110.111389 
110.110779 
110.110779 
110.110779 
110.110168 
110.110168 
110.110168 
110.110474 
110.111389 
110.110779 
110.111389 
110.111694 
110.112305 
110.112305 
110.111389 
110.110168 
110.108643 
110.108948 
110.108337 
110.109558 
110.108643 
110.109863 
110.110168 
110.109558 
110.109863 
110.110168 
110.109558 
110.109558 
110.109863 
110.109558 
110.109253 
110.108948 
110.108337 
110.108032 
110.109253 
110.110474 
110.111084 
110.112000 
110.111694 
110.111084 
110.111084 
110.110779 
110.110474 
110.109863 
110.110168 
110.110168 
110.110168 
110.110779 
110.110779 
110.110779 
110.111389 
110.111389 
110.112000 
110.112305 
110.111694 
110.110168 
110.109253 
110.108643 
110.108948 
110.108643 
110.109253 
110.109863 
110.109558 
110.110168 
110.109558 
110.109863 
110.109558 
110.109253 
110.109558 
110.109558 
110.109253 
110.109253 
110.108643 
110.108032 
110.108643 
110.110168 
110.111084 
110.112000 
110.112000 
110.111694 
110.111389 
110.111694 
110.112000 
110.112610 
110.114136 
110.115356 
110.116882 
110.118713 
110.120850 
110.123291 
110.126038 
110.129700 
110.133057 
110.137329 
110.140991 
110.144348 
110.148010 
110.153198 
110.158691 
110.164185 
110.170593 
110.177612 
110.185242 
110.192566 
110.200500 
110.208130 
110.216980 
110.225525 
110.234985 
110.244751 
110.254211 
110.263977 
110.275269 
110.285950 
110.298462 
110.311890 
110.326233 
110.339966 
110.353394 
110.368347 
110.383606 
110.399780 
110.416260 
110.432739 
110.450134 
110.468445 
110.486755 
110.505981 
110.524597 
110.543213 
110.562744 
110.581360 
110.599670 
110.617065 
110.633850 
110.649719 
110.664673 
110.680237 
110.696411 
110.711975 
110.727539 
110.743408 
110.759277 
110.773926 
110.788879 
110.803833 
110.818787 
110.832214 
110.846558 
110.860596 
110.874329 
110.887451 
110.901184 
110.914612 
110.929260 
110.943909 
110.958557 
110.972900 
110.986328 
110.999756 
111.013489 
111.027527 
111.040955 
111.054688 
111.068115 
111.082458 
111.097107 
111.111450 
111.125793 
111.140747 
111.155396 
111.170349 
111.185608 
111.200867 
111.214600 
111.228333 
111.242065 
111.256409 
111.271362 
111.286621 
111.301880 
111.317139 
111.332703 
111.347961 
111.363220 
111.378784 
111.393738 
111.408997 
111.424255 
111.439819 
111.454773 
111.469421 
111.484070 
111.499634 
111.515808 
111.532288 
111.548767 
111.564331 
111.580200 
111.595154 
111.610413 
111.625366 
111.640625 
111.655884 
111.671753 
111.686707 
111.701965 
111.717529 
111.733093 
111.748657 
111.764221 
111.780396 
111.795654 
111.812134 
111.827087 
111.840820 
111.855164 
111.870422 
111.885376 
111.900940 
111.916504 
111.932373 
111.947937 
111.964417 
111.979065 
111.994934 
112.010498 
112.026062 
112.041016 
112.056580 
112.071228 
112.086182 
112.101135 
112.116699 
112.132263 
112.148743 
112.165527 
112.181702 
112.196960 
112.211914 
112.226868 
112.241821 
112.256775 
112.272339 
112.287292 
112.302551 
112.317810 
112.333374 
112.349243 
112.364502 
112.379456 
112.395630 
112.411194 
112.426453 
112.442017 
112.455444 
112.470093 
112.484741 
112.500305 
112.515564 
112.530823 
112.546387 
112.562256 
112.577820 
112.593689 
112.608337 
112.623596 
112.639465 
112.654419 
112.669373 
112.684631 
112.699280 
112.713928 
112.729187 
112.745361 
112.762146 
112.778320 
112.793884 
112.809143 
112.824097 
112.838440 
112.853088 
112.867432 
112.881470 
112.895813 
112.910461 
112.924500 
112.937927 
112.951660 
112.964783 
112.977905 
112.991028 
113.003845 
113.015747 
113.027039 
113.037720 
113.047485 
113.057556 
113.068237 
113.078918 
113.088989 
113.098450 
113.107605 
113.116760 
113.124695 
113.132935 
113.140564 
113.147888 
113.154297 
113.160706 
113.166504 
113.171387 
113.176270 
113.181152 
113.185730 
113.191223 
113.196106 
113.199768 
113.202820 
113.205261 
113.207397 
113.208618 
113.210144 
113.211060 
113.212280 
113.211670 
113.211975 
113.211670 
113.210754 
113.209839 
113.208313 
113.206787 
113.204651 
113.202515 
113.198547 
113.193665 
113.188477 
113.183289 
113.178406 
113.173523 
113.167725 
113.161926 
113.156128 
113.149414 
113.141785 
113.134460 
113.126221 
113.117981 
113.108826 
113.099365 
113.088989 
113.078308 
113.067322 
113.056030 
113.044739 
113.033752 
113.023071 
113.010559 
112.997437 
112.984009 
112.969666 
112.955017 
112.940369 
112.925720 
112.910767 
112.895508 
112.879944 
112.864990 
112.849121 
112.833557 
112.817993 
112.802124 
112.786255 
112.770386 
112.753906 
112.735596 
112.717896 
112.701111 
112.684021 
112.668152 
112.651062 
112.635193 
112.618408 
112.601624 
112.585449 
112.568359 
112.551270 
112.534790 
112.518005 
112.501221 
112.483826 
112.467041 
112.449646 
112.433167 
112.416382 
112.400818 
112.385864 
112.369690 
112.353516 
112.336426 
112.319641 
112.303467 
112.286682 
112.269287 
112.252808 
112.236633 
112.219849 
112.203979 
112.187805 
112.171326 
112.155457 
112.139587 
112.124023 
112.107544 
112.091370 
112.073669 
112.056274 
112.039795 
112.023926 
112.007751 
111.991577 
111.976013 
111.960449 
111.944275 
111.929016 
111.912842 
111.896973 
111.881104 
111.864929 
111.848755 
111.832581 
111.816101 
111.799316 
111.783447 
111.767883 
111.753540 
111.738892 
111.723328 
111.707458 
111.691895 
111.675415 
111.659241 
111.643372 
111.626892 
111.610413 
111.594238 
111.578674 
111.562500 
111.547241 
111.531677 
111.515808 
111.500244 
111.484680 
111.469116 
111.452942 
111.435547 
111.418762 
111.402588 
111.386414 
111.370544 
111.355286 
111.339722 
111.324158 
111.308289 
111.292725 
111.277466 
111.262207 
111.245728 
111.230164 
111.214294 
111.198120 
111.182251 
111.166077 
111.149902 
111.134338 
111.120300 
111.105957 
111.090393 
111.075134 
111.059265 
111.043701 
111.027527 
111.011353 
110.994873 
110.979614 
110.963745 
110.947876 
110.932617 
110.916748 
110.901489 
110.886230 
110.870667 
110.855408 
110.839844 
110.823975 
110.806885 
110.789795 
110.773926 
110.758667 
110.743103 
110.727539 
110.711975 
110.695801 
110.680542 
110.665588 
110.649719 
110.634766 
110.619202 
110.603027 
110.587463 
110.571594 
110.556030 
110.539856 
110.523682 
110.508728 
110.494385 
110.480347 
110.465088 
110.449829 
110.434875 
110.419617 
110.404663 
110.389404 
110.374451 
110.360413 
110.346375 
110.332642 
110.319519 
110.307007 
110.294800 
110.282898 
110.271912 
110.260620 
110.250244 
110.239258 
110.227661 
110.216980 
110.206909 
110.198059 
110.189209 
110.181885 
110.174255 
110.167236 
110.160828 
110.154724 
110.148315 
110.143127 
110.137939 
110.132751 
110.128784 
110.123596 
110.119629 
110.115662 
110.112610 
110.110474 
110.109253 
110.108643 
110.108032 
110.106812 
110.106201 
110.105286 
110.104675 
110.104980 
110.105591 
110.105591 
110.106812 
110.108643 
110.110168 
110.112610 
110.115356 
110.118408 
110.122986 
110.127563 
110.132141 
110.136108 
110.140381 
110.144958 
110.149841 
110.156860 
110.163574 
110.170898 
110.179138 
110.187378 
110.196228 
110.205078 
110.214539 
110.223999 
110.234375 
110.245056 
110.255432 
110.266418 
110.278015 
110.289612 
110.301819 
110.315247 
110.329895 
110.344849 
110.359497 
110.374146 
110.388489 
110.403748 
110.418701 
110.433044 
110.448303 
110.464172 
110.479431 
110.494995 
110.510559 
110.526733 
110.542297 
110.558472 
110.574646 
110.590820 
110.606995 
110.622559 
110.637207 
110.651550 
110.666504 
110.682678 
110.698242 
110.714417 
110.730591 
110.746765 
110.762329 
110.778198 
110.794067 
110.809631 
110.825195 
110.840759 
110.856018 
110.871582 
110.886230 
110.901794 
110.916443 
110.932007 
110.948792 
110.965576 
110.981140 
110.997009 
111.011658 
111.027222 
111.042480 
111.057129 
111.072083 
111.087341 
111.101990 
111.117249 
111.132202 
111.147766 
111.162720 
111.178589 
111.193848 
111.209717 
111.224976 
111.239929 
111.253357 
111.267700 
111.282043 
111.297302 
111.312256 
111.327209 
111.342773 
111.358643 
111.374207 
111.389160 
111.404419 
111.419983 
111.434631 
111.449890 
111.465149 
111.479797 
111.495056 
111.509705 
111.524963 
111.540527 
111.557312 
111.573792 
111.589661 
111.604919 
111.620178 
111.635437 
111.650391 
111.665649 
111.680603 
111.695557 
111.710815 
111.726074 
111.741638 
111.756897 
111.772461 
111.788025 
111.803894 
111.819153 
111.834717 
111.849670 
111.863098 
111.877136 
111.891479 
111.906738 
111.921997 
111.936951 
111.952515 
111.968079 
111.983643 
111.998901 
112.013855 
112.029114 
112.044067 
112.058716 
112.073975 
112.088318 
112.103271 
112.117615 
112.132263 
112.147522 
112.163696 
112.179871 
112.195740 
112.210388 
112.225342 
112.239990 
112.254639 
112.269287 
112.284241 
112.299500 
112.314148 
112.329102 
112.343750 
112.359314 
112.373962 
112.388611 
112.404480 
112.420349 
112.435608 
112.450562 
112.463684 
112.477417 
112.491760 
112.507019 
112.521973 
112.536926 
112.552490 
112.567749 
112.583313 
112.598572 
112.613831 
112.629089 
112.643738 
112.658691 
112.673950 
112.688599 
112.703247 
112.718201 
112.732849 
112.749023 
112.765198 
112.781677 
112.797241 
112.812195 
112.826538 
112.841492 
112.855835 
112.870483 
112.883606 
112.898254 
112.912292 
112.926025 
112.939453 
112.952881 
112.966003 
112.978821 
112.991333 
113.004150 
113.016357 
113.027649 
113.037109 
113.046875 
113.056946 
113.066711 
113.077393 
113.086853 
113.096008 
113.105164 
113.114014 
113.121948 
113.129578 
113.137207 
113.144226 
113.150635 
113.156128 
113.161621 
113.166809 
113.171082 
113.175659 
113.180542 
113.185425 
113.190308 
113.193970 
113.196411 
113.198853 
113.200378 
113.201904 
113.202515 
113.203125 
113.203430 
113.203430 
113.203125 
113.203125 
113.202209 
113.200684 
113.199463 
113.197937 
113.195496 
113.193054 
113.189392 
113.184204 
113.178711 
113.173828 
113.168335 
113.162537 
113.157654 
113.151245 
113.144836 
113.138428 
113.130493 
113.123169 
113.114624 
113.105774 
113.096924 
113.086548 
113.076172 
113.065491 
113.053589 
113.041992 
113.031006 
113.020325 
113.008728 
112.995911 
112.983093 
112.969360 
112.954407 
112.940369 
112.925110 
112.909851 
112.894592 
112.879333 
112.863770 
112.847595 
112.832947 
112.817078 
112.800598 
112.784729 
112.769165 
112.752991 
112.735901 
112.718506 
112.700500 
112.683105 
112.666626 
112.649536 
112.633362 
112.617188 
112.601013 
112.583923 
112.567444 
112.550964 
112.534180 
112.517395 
112.500610 
112.483826 
112.466736 
112.449951 
112.432861 
112.415466 
112.399292 
112.384338 
112.369690 
112.353210 
112.337341 
112.320557 
112.304382 
112.287598 
112.270813 
112.254639 
112.238159 
112.221985 
112.205811 
112.189636 
112.173462 
112.157898 
112.142029 
112.126465 
112.111206 
112.095337 
112.078857 
112.062073 
112.044678 
112.027893 
112.012329 
111.996765 
111.980896 
111.965027 
111.949463 
111.934204 
111.918335 
111.902466 
111.887207 
111.871338 
111.855469 
111.839294 
111.823425 
111.807251 
111.790771 
111.774597 
111.759338 
111.744385 
111.730042 
111.715088 
111.699219 
111.683044 
111.667480 
111.651611 
111.635132 
111.619263 
111.603394 
111.586914 
111.571045 
111.555786 
111.539917 
111.524353 
111.509399 
111.493835 
111.477966 
111.462708 
111.446228 
111.429749 
111.412659 
111.396484 
111.380310 
111.364746 
111.349792 
111.333923 
111.318359 
111.303101 
111.287842 
111.272278 
111.256714 
111.241150 
111.225586 
111.210022 
111.194458 
111.178284 
111.162109 
111.145935 
111.130981 
111.116333 
111.101990 
111.087036 
111.072083 
111.056519 
111.040955 
111.025391 
111.008911 
110.993042 
110.977478 
110.961609 
110.945740 
110.930481 
110.915527 
110.899658 
110.884399 
110.869446 
110.853577 
110.838623 
110.823059 
110.805969 
110.788879 
110.773010 
110.757141 
110.740967 
110.726013 
110.711060 
110.694885 
110.679626 
110.664673 
110.649109 
110.632935 
110.617981 
110.602417 
110.586548 
110.570984 
110.554810 
110.538635 
110.522461 
110.507202 
110.493164 
110.478821 
110.464783 
110.449219 
110.433960 
110.419312 
110.403442 
110.388489 
110.373840 
110.359802 
110.346069 
110.332336 
110.318909 
110.306091 
110.294495 
110.282593 
110.271301 
110.260315 
110.249939 
110.239258 
110.227661 
110.216675 
110.206299 
110.198059 
110.189514 
110.181580 
110.174255 
110.167542 
110.160828 
110.154419 
110.149231 
110.143433 
110.138245 
110.133667 
110.128479 
110.124207 
110.120239 
110.116577 
110.113220 
110.110779 
110.110474 
110.109558 
110.109253 
110.108032 
110.106812 
110.106812 
110.106201 
110.106201 
110.106506 
110.107422 
110.108337 
110.109863 
110.111694 
110.114136 
110.116882 
110.119934 
110.124207 
110.128479 
110.133362 
110.137634 
110.141907 
110.146484 
110.151978 
110.158386 
110.165100 
110.172424 
110.180054 
110.188599 
110.197144 
110.206299 
110.215454 
110.224915 
110.235596 
110.245972 
110.257263 
110.267944 
110.279236 
110.290833 
110.303345 
110.316162 
110.330811 
110.345764 
110.360718 
110.375366 
110.390015 
110.404968 
110.419922 
110.434265 
110.449524 
110.464478 
110.479736 
110.495300 
110.510864 
110.526428 
110.542297 
110.558167 
110.574036 
110.590210 
110.606384 
110.621643 
110.635681 
110.650330 
110.665283 
110.680542 
110.696106 
110.712280 
110.727844 
110.743408 
110.759583 
110.775452 
110.791016 
110.806885 
110.821838 
110.837402 
110.852661 
110.868530 
110.882874 
110.897827 
110.912781 
110.928345 
110.944824 
110.961609 
110.977478 
110.993347 
111.008301 
111.023560 
111.038818 
111.053467 
111.068115 
111.083679 
111.098328 
111.113281 
111.128845 
111.144409 
111.159668 
111.175232 
111.190796 
111.206360 
111.221619 
111.236877 
111.250610 
111.264343 
111.279297 
111.293945 
111.309204 
111.324463 
111.340332 
111.355591 
111.370850 
111.386414 
111.401672 
111.416931 
111.431885 
111.447144 
111.462402 
111.477051 
111.492004 
111.506958 
111.521606 
111.536865 
111.553955 
111.570129 
111.585693 
111.601257 
111.616516 
111.631165 
111.646423 
111.661682 
111.676025 
111.690979 
111.706238 
111.721802 
111.736450 
111.751404 
111.766663 
111.782227 
111.797485 
111.813660 
111.828918 
111.842957 
111.857300 
111.871338 
111.885376 
111.900024 
111.915283 
111.930542 
111.945496 
111.961365 
111.976624 
111.991882 
112.007141 
112.022095 
112.037354 
112.052307 
112.066956 
112.081909 
112.096558 
112.110901 
112.125854 
112.141418 
112.157593 
112.174072 
112.189636 
112.205200 
112.220154 
112.235413 
112.250061 
112.264709 
112.280579 
112.295227 
112.309875 
112.325134 
112.340698 
112.355347 
112.370605 
112.386475 
112.401733 
112.417603 
112.433472 
112.448730 
112.462158 
112.476196 
112.490845 
112.505798 
112.520752 
112.536621 
112.551880 
112.567139 
112.583008 
112.598267 
112.613831 
112.628784 
112.644043 
112.659607 
112.673950 
112.689209 
112.704468 
112.718811 
112.733765 
112.749634 
112.766113 
112.782288 
112.798157 
112.813416 
112.827759 
112.842102 
112.856750 
112.871094 
112.884827 
112.899475 
112.913513 
112.926331 
112.940369 
112.953796 
112.966614 
112.979431 
112.992554 
113.004761 
113.017273 
113.028564 
113.038025 
113.047485 
113.057861 
113.068237 
113.077698 
113.087158 
113.096619 
113.105774 
113.114014 
113.122559 
113.130188 
113.137512 
113.144531 
113.150330 
113.157043 
113.161926 
113.167114 
113.171692 
113.175964 
113.180237 
113.185425 
113.190308 
113.193359 
113.196411 
113.198547 
113.200378 
113.201904 
113.202820 
113.203125 
113.203430 
113.203735 
113.203735 
113.202820 
113.201904 
113.200684 
113.199158 
113.197632 
113.195801 
113.193054 
113.189392 
113.184814 
113.179016 
113.173523 
113.168640 
113.163452 
113.157654 
113.151855 
113.145447 
113.139038 
113.131104 
113.123474 
113.115540 
113.107300 
113.097534 
113.087769 
113.077698 
113.066711 
113.055725 
113.043823 
113.032227 
113.021240 
113.010254 
112.998352 
112.984924 
112.971191 
112.956543 
112.942200 
112.926941 
112.912292 
112.896729 
112.880859 
112.865295 
112.850037 
112.833862 
112.818298 
112.802124 
112.786255 
112.770386 
112.753906 
112.737427 
112.719421 
112.702026 
112.684631 
112.667542 
112.650757 
112.634277 
112.617798 
112.601318 
112.584839 
112.568359 
112.551575 
112.534790 
112.518311 
112.501221 
112.483826 
112.467346 
112.450867 
112.433777 
112.416077 
112.399902 
112.384338 
112.369385 
112.353821 
112.337646 
112.321167 
112.304993 
112.288818 
112.271729 
112.254639 
112.239075 
112.222290 
112.206726 
112.189941 
112.174377 
112.158203 
112.142334 
112.127380 
112.111511 
112.095947 
112.079468 
112.062683 
112.045288 
112.029114 
112.012939 
111.997070 
111.981812 
111.965942 
111.950684 
111.934509 
111.919250 
111.903687 
111.888123 
111.872559 
111.856079 
111.840820 
111.824646 
111.808167 
111.792297 
111.775818 
111.760254 
111.745911 
111.731567 
111.716309 
111.701050 
111.685181 
111.668701 
111.652832 
111.636658 
111.620789 
111.604614 
111.589050 
111.573181 
111.557007 
111.541748 
111.525574 
111.510315 
111.495361 
111.479492 
111.463928 
111.448364 
111.431580 
111.414490 
111.398010 
111.382141 
111.366577 
111.351013 
111.335754 
111.319885 
111.304932 
111.289368 
111.273499 
111.258240 
111.242981 
111.227112 
111.211548 
111.195679 
111.179504 
111.163330 
111.147766 
111.132507 
111.117859 
111.103516 
111.088867 
111.073608 
111.058044 
111.042480 
111.026611 
111.010742 
110.994873 
110.978699 
110.963135 
110.947876 
110.932007 
110.916443 
110.901184 
110.885620 
110.870972 
110.855408 
110.839844 
110.824280 
110.807495 
110.791016 
110.774231 
110.758972 
110.743103 
110.727539 
110.711975 
110.696411 
110.681152 
110.665894 
110.650635 
110.634766 
110.619202 
110.603638 
110.587769 
110.571899 
110.556030 
110.539551 
110.523682 
110.508423 
110.494385 
110.480347 
110.465698 
110.450439 
110.435181 
110.420227 
110.405273 
110.389709 
110.374756 
110.360413 
110.346680 
110.333252 
110.320129 
110.307617 
110.295105 
110.283203 
110.272217 
110.261536 
110.251160 
110.240173 
110.228882 
110.217896 
110.207825 
110.198975 
110.190735 
110.182495 
110.174866 
110.168762 
110.161438 
110.155640 
110.149841 
110.144348 
110.138550 
110.133972 
110.129395 
110.124817 
110.121460 
110.117493 
110.113831 
110.111389 
110.110474 
110.109863 
110.109253 
110.108337 
110.107727 
110.107117 
110.106812 
110.106812 
110.106812 
110.107422 
110.108643 
110.110168 
110.112000 
110.113831 
110.116882 
110.120544 
110.124817 
110.128479 
110.133362 
110.137939 
110.141602 
110.146484 
110.151672 
110.157776 
110.164795 
110.172119 
110.180054 
110.187683 
110.197144 
110.205688 
110.215149 
110.224609 
110.235291 
110.245667 
110.256042 
110.267029 
110.278931 
110.290222 
110.302429 
110.315552 
110.330505 
110.345154 
110.359192 
110.374146 
110.388794 
110.403442 
110.418091 
110.433044 
110.447693 
110.462952 
110.478210 
110.493774 
110.508728 
110.524597 
110.539856 
110.556030 
110.572205 
110.588074 
110.604248 
110.619812 
110.634155 
110.648499 
110.663147 
110.678101 
110.693970 
110.709534 
110.725708 
110.741272 
110.756836 
110.772705 
110.788269 
110.804138 
110.819092 
110.834961 
110.849915 
110.865784 
110.880432 
110.895386 
110.910339 
110.925903 
110.942383 
110.958557 
110.975037 
110.990906 
111.005554 
111.020813 
111.036072 
111.051331 
111.065979 
111.081238 
111.096191 
111.111145 
111.126099 
111.141968 
111.157227 
111.172180 
111.188049 
111.204529 
111.219482 
111.234436 
111.248779 
111.262207 
111.277161 
111.291809 
111.306763 
111.322021 
111.337891 
111.353149 
111.368103 
111.383972 
111.399231 
111.414490 
111.429749 
111.445007 
111.459961 
111.474609 
111.489868 
111.504822 
111.519470 
111.535034 
111.551208 
111.567383 
111.583862 
111.599121 
111.614075 
111.629028 
111.643677 
111.658936 
111.673584 
111.689148 
111.703796 
111.718750 
111.734009 
111.749268 
111.764832 
111.780090 
111.795349 
111.810913 
111.826782 
111.841736 
111.855469 
111.869507 
111.883850 
111.898499 
111.913757 
111.929016 
111.944275 
111.959839 
111.975708 
111.990967 
112.005920 
112.021484 
112.036438 
112.051086 
112.066650 
112.081299 
112.095947 
112.110901 
112.125549 
112.140808 
112.156982 
112.173767 
112.189636 
112.204895 
112.219849 
112.235107 
112.250061 
112.264709 
112.279968 
112.294922 
112.309570 
112.325134 
112.340088 
112.355347 
112.370605 
112.386169 
112.401733 
112.416992 
112.432861 
112.447815 
112.462158 
112.475586 
112.490234 
112.504883 
112.520142 
112.536011 
112.550964 
112.566528 
112.581482 
112.597656 
112.612610 
112.627869 
112.643738 
112.658081 
112.673340 
112.688293 
112.702942 
112.717590 
112.732239 
112.748413 
112.764282 
112.781067 
112.796936 
112.811890 
112.826538 
112.841492 
112.855835 
112.869873 
112.883911 
112.898254 
112.912292 
112.926025 
112.939758 
112.952576 
112.965393 
112.978210 
112.991638 
113.004150 
113.015747 
113.027344 
113.037415 
113.046570 
113.056641 
113.067017 
113.076782 
113.086243 
113.096008 
113.104858 
113.113098 
113.121643 
113.129272 
113.136597 
113.143616 
113.149719 
113.155823 
113.161621 
113.166809 
113.171082 
113.175354 
113.179626 
113.184814 
113.189392 
113.193054 
113.196106 
113.198242 
113.200073 
113.201294 
113.202515 
113.202820 
113.202820 
113.203735 
113.203125 
113.202515 
113.201599 
113.200989 
113.199158 
113.197327 
113.195496 
113.193054 
113.189392 
113.184814 
113.179321 
113.174438 
113.168945 
113.164063 
113.157959 
113.152161 
113.145447 
113.139343 
113.132019 
113.124695 
113.115845 
113.107300 
113.098145 
113.088684 
113.077698 
113.067322 
113.056030 
113.044434 
113.032532 
113.021851 
113.010864 
112.998352 
112.985229 
112.971497 
112.957153 
112.942505 
112.927856 
112.912292 
112.897034 
112.881165 
112.865906 
112.850342 
112.834473 
112.818298 
112.802429 
112.786560 
112.770691 
112.754822 
112.738037 
112.720337 
112.702637 
112.684937 
112.667542 
112.651367 
112.634888 
112.618408 
112.601624 
112.585144 
112.568359 
112.551575 
112.535095 
112.518311 
112.501526 
112.485046 
112.468262 
112.451172 
112.434082 
112.416687 
112.400208 
112.384644 
112.369995 
112.354431 
112.338257 
112.322388 
112.305908 
112.289124 
112.272644 
112.255859 
112.239990 
112.223511 
112.207336 
112.191467 
112.175598 
112.159424 
112.143860 
112.128601 
112.112732 
112.096863 
112.081299 
112.064819 
112.047424 
112.030640 
112.014771 
111.998901 
111.983337 
111.967468 
111.951904 
111.936646 
111.920776 
111.905823 
111.889648 
111.874084 
111.858215 
111.842346 
111.826172 
111.809998 
111.793518 
111.777649 
111.761475 
111.747437 
111.732788 
111.718140 
111.702271 
111.686401 
111.670532 
111.654663 
111.637878 
111.622009 
111.606140 
111.590271 
111.574707 
111.558533 
111.542969 
111.527710 
111.511841 
111.496582 
111.481323 
111.465759 
111.450195 
111.433411 
111.416016 
111.399841 
111.384277 
111.368103 
111.352844 
111.337280 
111.321106 
111.306458 
111.290894 
111.275635 
111.260071 
111.244507 
111.228638 
111.213074 
111.197510 
111.181335 
111.165161 
111.148987 
111.133728 
111.119385 
111.105042 
111.090698 
111.075439 
111.059875 
111.044006 
111.028137 
111.012268 
110.996704 
110.981140 
110.965271 
110.949402 
110.934143 
110.917969 
110.903015 
110.887451 
110.872498 
110.856934 
110.841980 
110.826416 
110.809937 
110.792847 
110.776367 
110.760498 
110.744934 
110.729675 
110.713806 
110.697937 
110.682983 
110.667419 
110.652161 
110.636292 
110.621033 
110.605469 
110.589905 
110.573730 
110.557861 
110.541687 
110.525818 
110.510559 
110.495911 
110.481567 
110.467224 
110.452271 
110.437012 
110.422058 
110.406799 
110.391541 
110.376587 
110.362549 
110.348511 
110.334778 
110.321655 
110.309448 
110.296936 
110.284729 
110.273743 
110.263062 
110.252380 
110.241699 
110.230103 
110.219421 
110.209351 
110.200195 
110.191956 
110.184021 
110.176392 
110.168762 
110.162659 
110.156250 
110.150757 
110.145264 
110.139771 
110.134888 
110.130310 
110.125427 
110.121460 
110.118103 
110.114441 
110.112305 
110.110779 
110.109863 
110.109558 
110.108948 
110.107727 
110.107117 
110.106812 
110.106812 
110.106812 
110.107422 
110.108643 
110.110168 
110.112000 
110.114136 
110.116577 
110.119934 
110.123291 
110.128479 
110.132751 
110.137329 
110.140991 
110.145874 
110.151062 
110.157166 
110.164185 
110.171509 
110.179138 
110.187378 
110.195923 
110.205078 
110.213928 
110.224304 
110.233765 
110.244446 
110.254822 
110.266418 
110.277405 
110.288696 
110.300598 
110.313721 
110.328064 
110.343323 
110.357666 
110.371704 
110.386353 
110.401611 
110.416260 
110.430908 
110.445862 
110.460510 
110.475769 
110.491028 
110.506592 
110.522461 
110.537720 
110.554199 
110.570068 
110.586243 
110.602112 
110.617676 
110.632019 
110.646362 
110.661011 
110.676270 
110.691833 
110.708008 
110.723572 
110.739441 
110.755310 
110.770569 
110.785828 
110.802002 
110.817261 
110.832825 
110.847778 
110.863342 
110.878296 
110.892944 
110.908508 
110.923462 
110.940247 
110.956726 
110.973206 
110.988464 
111.003113 
111.018982 
111.034241 
111.049194 
111.064148 
111.078796 
111.094055 
111.109009 
111.124573 
111.139221 
111.154785 
111.170044 
111.186218 
111.201477 
111.217346 
111.232300 
111.246338 
111.260376 
111.274719 
111.289673 
111.304626 
111.320190 
111.335754 
111.350708 
111.366272 
111.382141 
111.396790 
111.412354 
111.427307 
111.442566 
111.457520 
111.471863 
111.488037 
111.502075 
111.517029 
111.532288 
111.548462 
111.564941 
111.580811 
111.596680 
111.611633 
111.625977 
111.641541 
111.656189 
111.671143 
111.686096 
111.701050 
111.716003 
111.730957 
111.746826 
111.762085 
111.777039 
111.792603 
111.808472 
111.824036 
111.839294 
111.853027 
111.866760 
111.881104 
111.896362 
111.911316 
111.926880 
111.942139 
111.958313 
111.973877 
111.988831 
112.004395 
112.019653 
112.034302 
112.049255 
112.064514 
112.079468 
112.094116 
112.109070 
112.124023 
112.138977 
112.155151 
112.171631 
112.187805 
112.203064 
112.218323 
112.233276 
112.248230 
112.263184 
112.278442 
112.293396 
112.308655 
112.323608 
112.338562 
112.353516 
112.369080 
112.384338 
112.399902 
112.415466 
112.431641 
112.446289 
112.460938 
112.474365 
112.488708 
112.503662 
112.519226 
112.534180 
112.549438 
112.565308 
112.580261 
112.596436 
112.611389 
112.626648 
112.641907 
112.657166 
112.672424 
112.687073 
112.701416 
112.716675 
112.731323 
112.746582 
112.763367 
112.779846 
112.795410 
112.810669 
112.825317 
112.839966 
112.854614 
112.868652 
112.882690 
112.897034 
112.910461 
112.924194 
112.937927 
112.951050 
112.964478 
112.977295 
112.989807 
113.002319 
113.014526 
113.026123 
113.036194 
113.045959 
113.055420 
113.065186 
113.075256 
113.085022 
113.094177 
113.103027 
113.112183 
113.120422 
113.128052 
113.135986 
113.142700 
113.149109 
113.155212 
113.160706 
113.165894 
113.170166 
113.174438 
113.179016 
113.183899 
113.189087 
113.193054 
113.195801 
113.198242 
113.200378 
113.201294 
113.201904 
113.203125 
113.203125 
113.203430 
113.202820 
113.202515 
113.201904 
113.200378 
113.198853 
113.197937 
113.195801 
113.192749 
113.190002 
113.185120 
113.179321 
113.174133 
113.168945 
113.163452 
113.158264 
113.152771 
113.146057 
113.139038 
113.132324 
113.124695 
113.116760 
113.107910 
113.098755 
113.089600 
113.079224 
113.068237 
113.057556 
113.045959 
113.033447 
113.022766 
113.011780 
112.999573 
112.986755 
112.973328 
112.959290 
112.944031 
112.929382 
112.914429 
112.898560 
112.882690 
112.867126 
112.851563 
112.835693 
112.820129 
112.804260 
112.788086 
112.772217 
112.756042 
112.739868 
112.721863 
112.703552 
112.686462 
112.669373 
112.652893 
112.636108 
112.619629 
112.602844 
112.586975 
112.569885 
112.553406 
112.536926 
112.520142 
112.503052 
112.486572 
112.469788 
112.452393 
112.435608 
112.418823 
112.402039 
112.386475 
112.371826 
112.356262 
112.339783 
112.323914 
112.307434 
112.290955 
112.274780 
112.257690 
112.241516 
112.225647 
112.209473 
112.193298 
112.177124 
112.161255 
112.145691 
112.130127 
112.114868 
112.098999 
112.082825 
112.066345 
112.048950 
112.032166 
112.016296 
112.000427 
111.985168 
111.969299 
111.953735 
111.938171 
111.922913 
111.907349 
111.891174 
111.875916 
111.860352 
111.844177 
111.828003 
111.811829 
111.795349 
111.779785 
111.763611 
111.749268 
111.734619 
111.720276 
111.704407 
111.688843 
111.672668 
111.656799 
111.640015 
111.624146 
111.608276 
111.592407 
111.576538 
111.560974 
111.544800 
111.528931 
111.513977 
111.498718 
111.483154 
111.467285 
111.451721 
111.435547 
111.417847 
111.401367 
111.385193 
111.369934 
111.354675 
111.339111 
111.323547 
111.308289 
111.292419 
111.277466 
111.262207 
111.246643 
111.231079 
111.215515 
111.199341 
111.183472 
111.167297 
111.151428 
111.135864 
111.121216 
111.107178 
111.092529 
111.077271 
111.061707 
111.046143 
111.030884 
111.014404 
110.998840 
110.982971 
110.966797 
110.951233 
110.935974 
110.920715 
110.905151 
110.889587 
110.874023 
110.858765 
110.843811 
110.828552 
110.811462 
110.794983 
110.778198 
110.762329 
110.747070 
110.731506 
110.715942 
110.700073 
110.685120 
110.670166 
110.653992 
110.638428 
110.623169 
110.607300 
110.591736 
110.576477 
110.559998 
110.543823 
110.527954 
110.512695 
110.497437 
110.484009 
110.469360 
110.454102 
110.439453 
110.424194 
110.408936 
110.393677 
110.379028 
110.364075 
110.350647 
110.337219 
110.323486 
110.310669 
110.298157 
110.286560 
110.274658 
110.264282 
110.253601 
110.243530 
110.231934 
110.220642 
110.210571 
110.201111 
110.192261 
110.184937 
110.177307 
110.170288 
110.163574 
110.157776 
110.151062 
110.145569 
110.140686 
110.135803 
110.130615 
110.126648 
110.122375 
110.118408 
110.115356 
110.112305 
110.110779 
110.109863 
110.109863 
110.108643 
110.107727 
110.106506 
110.105591 
110.105286 
110.104370 
110.104065 
110.103760 
110.103760 
110.103455 
110.103760 
110.103760 
110.103760 
110.104675 
110.104980 
110.105286 
110.105286 
110.104980 
110.103455 
110.103149 
110.102844 
110.103149 
110.103760 
110.104065 
110.104675 
110.104675 
110.105591 
110.105591 
110.105896 
110.106201 
110.105896 
110.106506 
110.106506 
110.105896 
110.105896 
110.105286 
110.105591 
110.106506 
110.108337 
110.108948 
110.109863 
110.109863 
110.109558 
110.109863 
110.109253 
110.109253 
110.109253 
110.109253 
110.109253 
110.109253 
110.109253 
110.109558 
110.109863 
110.109863 
110.110474 
110.111084 
110.110779 
110.110168 
110.108948 
110.108337 
110.108032 
110.108337 
110.108032 
110.108643 
110.108337 
110.108948 
110.108948 
110.108948 
110.109253 
110.109253 
110.109253 
110.108948 
110.108948 
110.108337 
110.108337 
110.108032 
110.107727 
110.108643 
110.110168 
110.111084 
110.111084 
110.111389 
110.111084 
110.111389 
110.110474 
110.110168 
110.110168 
110.110474 
110.110779 
110.110168 
110.110779 
110.110779 
110.110474 
