Blum, K. P., D’Incamps, B. L., Zytnicki, D., & Ting, L. H. (2017).
Force encoding in muscle spindles during stretch of
passive muscle. PLoS computational biology, 13(9), 
e1005767. <https://journals.plos.org/ploscompbiol/article?
id=10.1371/journal.pcbi.1005767>

cat medial gastrocnemius muscle lengths over t  (in 0.0005 s increments)
110.106201 
110.106201 
110.106201 
110.106506 
110.105896 
110.105896 
110.104980 
110.105896 
110.106506 
110.107117 
110.107727 
110.107422 
110.107422 
110.107422 
110.107117 
110.107117 
110.106812 
110.106812 
110.106812 
110.106506 
110.106812 
110.106812 
110.107422 
110.106506 
110.107117 
110.107422 
110.107422 
110.107117 
110.106201 
110.105286 
110.105591 
110.106201 
110.105896 
110.106506 
110.106201 
110.106201 
110.106506 
110.106201 
110.106506 
110.106506 
110.106812 
110.106506 
110.106201 
110.105896 
110.105896 
110.105591 
110.104980 
110.105896 
110.106506 
110.107727 
110.107727 
110.107727 
110.107422 
110.107727 
110.107117 
110.107117 
110.106506 
110.106506 
110.106506 
110.106506 
110.106506 
110.106812 
110.107117 
110.107117 
110.107117 
110.107727 
110.107727 
110.107727 
110.106201 
110.105591 
110.105591 
110.105591 
110.106201 
110.106506 
110.106201 
110.106506 
110.106506 
110.106201 
110.106201 
110.106201 
110.106506 
110.106812 
110.106506 
110.106201 
110.105591 
110.105591 
110.105286 
110.105896 
110.106506 
110.107117 
110.107422 
110.107422 
110.107727 
110.107422 
110.107117 
110.107117 
110.106812 
110.106812 
110.106506 
110.107422 
110.106812 
110.107117 
110.107117 
110.107422 
110.107422 
110.107727 
110.107422 
110.107727 
110.106812 
110.106201 
110.106201 
110.107117 
110.108032 
110.108948 
110.110474 
110.112305 
110.114441 
110.116577 
110.118408 
110.121460 
110.124512 
110.127563 
110.130920 
110.134277 
110.138245 
110.142822 
110.147400 
110.152893 
110.159302 
110.165710 
110.172729 
110.179443 
110.186462 
110.193787 
110.201111 
110.208740 
110.216675 
110.224609 
110.233459 
110.242920 
110.252075 
110.261536 
110.271606 
110.280762 
110.291443 
110.302734 
110.312805 
110.323792 
110.334167 
110.345154 
110.357056 
110.369568 
110.382996 
110.396729 
110.410767 
110.424500 
110.439148 
110.453186 
110.466309 
110.480042 
110.492554 
110.505066 
110.516663 
110.528564 
110.538635 
110.549622 
110.559998 
110.570068 
110.581360 
110.591736 
110.602112 
110.612183 
110.621643 
110.631104 
110.640259 
110.649414 
110.658264 
110.667725 
110.676575 
110.686340 
110.695496 
110.705566 
110.714722 
110.724792 
110.734558 
110.744324 
110.754395 
110.763245 
110.772400 
110.781250 
110.790405 
110.800476 
110.810242 
110.820618 
110.830688 
110.841064 
110.851135 
110.861206 
110.871582 
110.881348 
110.891724 
110.901489 
110.911255 
110.921326 
110.931091 
110.940552 
110.950623 
110.961304 
110.972290 
110.982666 
110.993347 
111.003723 
111.014099 
111.024780 
111.034851 
111.044617 
111.054688 
111.065369 
111.075439 
111.085510 
111.096497 
111.106567 
111.117249 
111.127625 
111.138306 
111.149292 
111.160278 
111.170044 
111.180115 
111.189575 
111.199951 
111.210327 
111.220703 
111.231689 
111.242371 
111.252747 
111.264038 
111.274414 
111.285095 
111.295776 
111.305847 
111.316528 
111.326599 
111.337280 
111.347656 
111.356812 
111.367493 
111.377869 
111.389160 
111.400146 
111.410522 
111.421204 
111.431580 
111.441650 
111.451416 
111.461182 
111.471252 
111.481323 
111.491394 
111.502075 
111.512146 
111.522217 
111.532898 
111.543274 
111.553345 
111.563721 
111.573792 
111.584167 
111.593018 
111.603088 
111.612244 
111.622314 
111.632690 
111.643066 
111.654053 
111.664124 
111.674805 
111.684875 
111.694946 
111.705322 
111.715088 
111.725159 
111.735840 
111.745300 
111.755371 
111.764526 
111.774902 
111.784973 
111.796265 
111.807251 
111.817932 
111.828308 
111.838379 
111.848450 
111.858215 
111.867981 
111.877441 
111.887512 
111.897888 
111.907959 
111.918030 
111.928406 
111.938171 
111.948853 
111.959534 
111.969910 
111.979675 
111.990356 
111.998901 
112.008362 
112.018433 
112.028503 
112.039185 
112.048950 
112.059326 
112.070007 
112.080383 
112.090759 
112.100830 
112.111206 
112.121582 
112.131958 
112.141724 
112.151489 
112.161255 
112.171021 
112.181396 
112.191467 
112.202454 
112.213135 
112.224121 
112.234497 
112.244873 
112.254944 
112.265015 
112.274780 
112.284851 
112.294312 
112.304688 
112.314758 
112.325134 
112.335205 
112.345276 
112.355957 
112.365723 
112.376709 
112.386780 
112.396545 
112.406006 
112.415466 
112.425232 
112.435608 
112.445679 
112.456360 
112.466431 
112.477417 
112.487488 
112.497864 
112.507935 
112.518311 
112.528076 
112.538452 
112.548523 
112.558289 
112.568359 
112.578125 
112.588501 
112.598877 
112.609558 
112.620850 
112.631226 
112.641907 
112.651978 
112.662354 
112.672119 
112.682190 
112.691650 
112.701416 
112.711792 
112.721863 
112.732239 
112.742920 
112.752991 
112.763062 
112.773132 
112.783813 
112.793884 
112.803955 
112.813416 
112.822571 
112.832642 
112.842407 
112.853088 
112.863159 
112.873535 
112.884216 
112.894592 
112.905273 
112.915039 
112.925415 
112.935791 
112.945557 
112.955627 
112.966003 
112.975464 
112.985229 
112.994995 
113.005371 
113.016357 
113.026733 
113.037109 
113.046570 
113.056335 
113.065186 
113.074036 
113.082581 
113.090210 
113.098450 
113.106384 
113.114014 
113.121338 
113.128052 
113.135681 
113.141785 
113.147583 
113.153992 
113.158875 
113.164063 
113.168030 
113.171082 
113.174744 
113.178101 
113.181763 
113.184509 
113.187256 
113.189392 
113.190918 
113.192749 
113.193359 
113.193970 
113.194275 
113.193970 
113.193054 
113.191528 
113.190002 
113.188477 
113.185425 
113.183289 
113.180847 
113.178406 
113.174744 
113.171082 
113.166199 
113.161316 
113.155823 
113.149414 
113.143005 
113.136292 
113.129272 
113.121948 
113.114624 
113.106079 
113.097839 
113.089600 
113.080444 
113.071289 
113.062134 
113.051758 
113.041077 
113.029785 
113.019714 
113.009644 
112.999268 
112.987976 
112.977905 
112.966919 
112.956543 
112.945862 
112.935181 
112.923889 
112.913208 
112.901917 
112.889709 
112.878723 
112.867432 
112.855835 
112.844543 
112.833557 
112.823181 
112.813110 
112.802124 
112.791138 
112.781372 
112.769470 
112.758484 
112.746887 
112.735291 
112.724609 
112.713623 
112.702637 
112.691650 
112.680969 
112.670288 
112.659607 
112.649231 
112.638550 
112.628479 
112.617188 
112.605896 
112.594604 
112.583618 
112.572937 
112.562561 
112.552490 
112.541809 
112.531433 
112.521057 
112.510986 
112.500610 
112.490540 
112.479858 
112.469482 
112.458801 
112.448120 
112.437439 
112.426758 
112.415771 
112.405701 
112.395935 
112.386780 
112.376709 
112.366638 
112.356873 
112.346191 
112.335510 
112.324829 
112.314148 
112.303467 
112.293396 
112.283020 
112.272339 
112.261658 
112.251282 
112.241211 
112.231445 
112.220764 
112.210999 
112.200623 
112.189026 
112.178345 
112.167358 
112.156677 
112.146912 
112.136841 
112.126160 
112.116699 
112.105713 
112.095947 
112.085571 
112.075195 
112.064819 
112.054138 
112.043762 
112.033081 
112.022095 
112.012024 
112.000732 
111.991272 
111.981506 
111.972046 
111.961670 
111.951599 
111.941223 
111.930542 
111.920166 
111.909790 
111.898804 
111.888123 
111.877441 
111.867371 
111.856689 
111.846313 
111.835938 
111.825562 
111.815186 
111.805725 
111.794739 
111.784363 
111.773071 
111.762085 
111.751404 
111.740417 
111.730652 
111.720581 
111.709900 
111.699829 
111.689758 
111.679688 
111.669617 
111.658936 
111.648560 
111.637878 
111.627808 
111.617432 
111.606140 
111.595459 
111.585388 
111.575012 
111.564941 
111.555481 
111.546021 
111.535339 
111.525269 
111.514893 
111.504517 
111.493530 
111.482849 
111.471863 
111.461487 
111.451111 
111.440430 
111.430359 
111.419983 
111.409607 
111.400146 
111.389465 
111.379395 
111.369019 
111.357727 
111.346436 
111.335754 
111.325073 
111.314697 
111.304932 
111.294556 
111.284485 
111.274414 
111.264038 
111.253967 
111.243591 
111.233521 
111.223145 
111.212769 
111.202393 
111.191406 
111.181030 
111.170044 
111.159973 
111.150513 
111.141357 
111.131592 
111.121216 
111.111145 
111.100769 
111.090393 
111.079712 
111.069641 
111.058350 
111.047974 
111.037903 
111.027222 
111.016846 
111.007385 
110.996704 
110.986633 
110.976868 
110.966797 
110.956421 
110.945435 
110.934448 
110.924072 
110.913696 
110.903625 
110.893250 
110.883484 
110.873413 
110.863342 
110.852661 
110.842590 
110.832825 
110.822449 
110.812073 
110.801392 
110.791321 
110.780334 
110.769653 
110.758972 
110.748901 
110.739441 
110.729675 
110.720215 
110.709839 
110.699158 
110.689087 
110.678406 
110.667725 
110.656738 
110.645752 
110.635986 
110.625305 
110.614929 
110.604248 
110.594177 
110.583801 
110.573730 
110.563965 
110.553589 
110.542603 
110.531616 
110.520630 
110.509338 
110.498657 
110.488586 
110.478516 
110.468445 
110.458374 
110.447998 
110.437622 
110.427856 
110.417786 
110.407104 
110.397034 
110.386353 
110.375977 
110.365295 
110.354614 
110.343933 
110.334473 
110.325012 
110.314941 
110.305481 
110.295715 
110.285339 
110.275574 
110.264893 
110.254517 
110.244446 
110.234070 
110.224915 
110.215454 
110.206299 
110.197754 
110.189209 
110.181580 
110.174255 
110.167236 
110.160522 
110.153809 
110.147705 
110.140381 
110.135193 
110.129700 
110.125732 
110.121460 
110.118408 
110.115356 
110.112610 
110.110474 
110.108337 
110.106201 
110.104980 
110.104370 
110.103455 
110.103149 
110.103455 
110.102539 
110.103455 
110.104370 
110.106201 
110.108643 
110.111389 
110.113831 
110.116882 
110.120239 
110.124207 
110.127258 
110.132141 
110.136719 
110.142212 
110.148010 
110.152893 
110.160522 
110.166626 
110.173950 
110.181885 
110.190125 
110.198364 
110.207520 
110.215149 
110.223999 
110.233765 
110.243225 
110.253906 
110.264282 
110.275269 
110.286255 
110.297241 
110.308228 
110.319214 
110.330811 
110.341187 
110.352478 
110.363464 
110.373840 
110.384521 
110.395203 
110.405579 
110.416260 
110.427856 
110.439453 
110.450134 
110.461121 
110.471497 
110.482178 
110.492249 
110.502014 
110.511780 
110.521851 
110.532227 
110.541992 
110.552673 
110.563354 
110.573730 
110.584106 
110.594482 
110.604858 
110.615234 
110.625610 
110.634766 
110.644531 
110.653687 
110.664368 
110.674744 
110.684509 
110.695190 
110.705872 
110.716553 
110.726929 
110.737305 
110.747375 
110.757446 
110.767517 
110.777588 
110.787354 
110.797729 
110.807495 
110.817261 
110.827637 
110.838318 
110.849304 
110.859375 
110.870667 
110.881042 
110.891113 
110.900879 
110.910950 
110.920410 
110.930481 
110.941162 
110.950928 
110.960999 
110.971069 
110.981445 
110.991821 
111.001892 
111.012573 
111.022949 
111.033020 
111.042480 
111.051331 
111.061401 
111.071472 
111.081848 
111.092224 
111.101990 
111.112366 
111.123047 
111.133423 
111.144104 
111.154175 
111.164551 
111.174927 
111.184998 
111.195068 
111.205139 
111.214905 
111.224976 
111.235352 
111.246338 
111.257324 
111.268311 
111.278687 
111.289063 
111.299133 
111.309204 
111.319580 
111.329956 
111.339722 
111.350098 
111.360168 
111.370544 
111.380615 
111.391296 
111.401672 
111.412048 
111.422729 
111.433105 
111.443481 
111.452942 
111.462402 
111.472168 
111.481934 
111.492920 
111.503296 
111.513672 
111.524048 
111.534424 
111.545105 
111.555176 
111.565552 
111.575623 
111.586304 
111.596069 
111.606140 
111.616516 
111.625977 
111.636047 
111.646729 
111.657104 
111.668701 
111.679077 
111.689453 
111.699829 
111.709900 
111.719971 
111.729736 
111.739502 
111.749573 
111.759949 
111.769714 
111.779175 
111.789856 
111.801147 
111.810913 
111.821289 
111.831665 
111.842041 
111.852417 
111.861877 
111.870728 
111.880493 
111.890564 
111.900940 
111.911316 
111.921692 
111.932373 
111.942749 
111.952820 
111.963501 
111.973572 
111.983948 
111.994019 
112.004089 
112.013855 
112.023926 
112.033386 
112.043152 
112.053833 
112.064209 
112.075806 
112.086182 
112.096252 
112.106934 
112.117310 
112.127380 
112.136841 
112.147217 
112.156982 
112.166748 
112.176819 
112.187195 
112.197571 
112.207947 
112.218323 
112.228088 
112.238770 
112.248840 
112.259216 
112.268677 
112.278137 
112.287903 
112.297668 
112.308350 
112.318420 
112.328796 
112.339478 
112.349854 
112.360229 
112.370300 
112.380371 
112.390747 
112.401123 
112.411194 
112.420349 
112.431030 
112.441101 
112.450256 
112.460938 
112.471924 
112.482910 
112.493591 
112.503967 
112.514038 
112.524414 
112.534485 
112.543945 
112.554016 
112.563782 
112.573853 
112.584839 
112.594604 
112.604980 
112.614746 
112.625427 
112.635498 
112.646179 
112.656250 
112.666626 
112.676086 
112.685547 
112.695313 
112.704773 
112.715454 
112.725525 
112.736206 
112.747498 
112.757263 
112.767944 
112.778320 
112.788086 
112.798462 
112.808533 
112.818909 
112.828674 
112.838440 
112.848511 
112.857666 
112.868347 
112.879028 
112.890015 
112.901306 
112.911072 
112.922058 
112.931519 
112.941589 
112.951355 
112.961121 
112.971497 
112.981262 
112.991333 
113.001099 
113.011780 
113.021240 
113.031006 
113.041077 
113.050232 
113.059998 
113.069458 
113.077393 
113.085022 
113.092346 
113.100586 
113.108826 
113.116455 
113.122864 
113.130493 
113.137512 
113.143921 
113.149719 
113.155212 
113.160400 
113.164673 
113.169250 
113.172913 
113.176575 
113.179626 
113.182068 
113.185120 
113.187256 
113.190308 
113.192139 
113.193359 
113.194275 
113.194275 
113.194275 
113.193359 
113.192444 
113.190613 
113.189697 
113.186951 
113.184509 
113.181458 
113.178101 
113.174744 
113.171082 
113.166809 
113.162231 
113.156738 
113.150330 
113.143616 
113.136292 
113.129578 
113.122559 
113.115540 
113.107300 
113.099670 
113.091125 
113.082581 
113.074036 
113.064270 
113.054199 
113.044434 
113.034668 
113.023987 
113.013306 
113.002625 
112.991638 
112.981567 
112.971191 
112.961121 
112.950439 
112.940063 
112.929382 
112.917786 
112.906799 
112.894897 
112.883606 
112.871704 
112.861328 
112.849426 
112.838745 
112.827759 
112.816467 
112.805786 
112.795105 
112.784119 
112.773132 
112.762146 
112.750549 
112.738953 
112.727356 
112.716064 
112.705383 
112.694702 
112.684021 
112.673645 
112.662964 
112.652588 
112.641907 
112.631226 
112.620544 
112.609863 
112.599487 
112.588196 
112.577515 
112.566833 
112.555847 
112.545166 
112.535400 
112.525940 
112.515869 
112.505493 
112.496033 
112.485046 
112.474365 
112.463989 
112.453003 
112.442627 
112.431946 
112.421265 
112.411194 
112.400513 
112.390442 
112.380066 
112.369690 
112.360229 
112.349854 
112.338867 
112.328186 
112.317200 
112.305908 
112.295532 
112.285767 
112.274780 
112.265015 
112.254944 
112.244568 
112.234802 
112.224121 
112.213440 
112.203674 
112.193298 
112.182922 
112.172852 
112.162170 
112.150879 
112.140503 
112.130127 
112.120667 
112.110901 
112.100830 
112.090759 
112.080688 
112.070313 
112.059937 
112.048950 
112.038269 
112.027588 
112.017212 
112.006531 
111.996460 
111.985779 
111.975403 
111.965332 
111.954956 
111.944275 
111.934509 
111.923828 
111.912842 
111.901550 
111.890564 
111.880188 
111.870422 
111.859741 
111.849365 
111.839600 
111.829224 
111.819153 
111.809082 
111.798096 
111.787720 
111.777344 
111.766968 
111.756592 
111.745605 
111.734924 
111.724243 
111.713867 
111.703796 
111.694641 
111.684570 
111.674805 
111.665039 
111.654053 
111.643372 
111.632690 
111.622009 
111.611328 
111.600952 
111.590576 
111.580200 
111.569519 
111.559143 
111.549072 
111.539001 
111.528625 
111.518250 
111.508179 
111.496887 
111.485901 
111.474304 
111.463928 
111.454163 
111.443176 
111.433411 
111.423340 
111.413269 
111.403503 
111.392822 
111.382751 
111.372375 
111.362000 
111.351929 
111.340942 
111.330261 
111.319275 
111.308899 
111.298218 
111.288757 
111.278992 
111.269836 
111.259460 
111.249695 
111.239014 
111.228943 
111.218567 
111.207581 
111.196899 
111.186523 
111.176147 
111.165771 
111.155090 
111.145020 
111.134644 
111.124573 
111.114807 
111.104431 
111.094055 
111.083069 
111.072388 
111.061401 
111.051025 
111.040955 
111.030884 
111.020813 
111.010437 
111.000366 
110.990295 
110.980225 
110.970154 
110.959778 
110.949402 
110.939026 
110.928650 
110.917969 
110.907593 
110.896912 
110.886536 
110.877380 
110.867920 
110.857544 
110.848083 
110.837708 
110.827637 
110.817261 
110.806580 
110.796204 
110.785217 
110.775146 
110.764771 
110.754089 
110.743713 
110.733643 
110.723267 
110.712891 
110.702515 
110.692444 
110.682373 
110.671082 
110.659790 
110.648804 
110.638428 
110.628357 
110.617981 
110.607605 
110.596924 
110.587463 
110.577087 
110.567017 
110.556335 
110.546265 
110.535583 
110.525513 
110.514832 
110.504150 
110.493164 
110.483093 
110.472107 
110.463257 
110.452881 
110.444031 
110.433655 
110.423279 
110.413208 
110.402832 
110.391846 
110.381165 
110.370789 
110.360718 
110.350037 
110.339661 
110.329285 
110.319214 
110.309143 
110.298767 
110.288696 
110.278931 
110.268860 
110.258789 
110.247498 
110.237427 
110.227356 
110.218201 
110.209351 
110.200500 
110.192261 
110.184631 
110.176697 
110.169678 
110.162354 
110.156250 
110.149536 
110.144043 
110.137939 
110.133057 
110.128174 
110.123291 
110.119934 
110.116577 
110.114746 
110.112915 
110.110474 
110.108948 
110.107422 
110.105591 
110.104675 
110.103760 
110.103149 
110.104065 
110.104370 
110.105286 
110.105286 
110.107727 
110.109558 
110.112305 
110.115356 
110.118408 
110.122070 
110.126038 
110.129089 
110.133667 
110.138855 
110.144348 
110.150757 
110.156860 
110.163879 
110.170898 
110.178833 
110.186768 
110.195313 
110.203857 
110.213013 
110.222168 
110.231323 
110.241699 
110.251465 
110.261536 
110.271606 
110.282898 
110.294189 
110.305786 
110.316772 
110.327759 
110.339050 
110.348816 
110.359497 
110.369568 
110.380249 
110.390930 
110.401611 
110.412598 
110.422363 
110.433960 
110.444031 
110.455017 
110.465698 
110.476379 
110.486755 
110.496826 
110.505981 
110.515442 
110.525513 
110.536499 
110.546875 
110.557556 
110.567932 
110.578613 
110.589294 
110.599060 
110.609741 
110.620117 
110.629883 
110.640564 
110.650635 
110.660400 
110.670471 
110.680237 
110.690613 
110.701599 
110.712891 
110.723572 
110.733643 
110.744324 
110.754395 
110.764465 
110.774536 
110.784302 
110.794067 
110.804443 
110.814514 
110.824585 
110.834351 
110.845032 
110.855408 
110.865479 
110.876160 
110.886536 
110.896606 
110.906372 
110.915222 
110.924683 
110.935059 
110.945435 
110.955811 
110.965881 
110.975952 
110.986633 
110.997009 
111.007080 
111.017456 
111.028137 
111.037903 
111.048279 
111.057739 
111.068115 
111.078186 
111.087952 
111.098022 
111.108704 
111.119690 
111.130676 
111.141052 
111.151428 
111.161499 
111.172180 
111.181946 
111.191711 
111.201477 
111.211548 
111.222534 
111.232300 
111.242676 
111.253357 
111.263428 
111.273499 
111.284180 
111.295166 
111.305237 
111.314697 
111.324463 
111.334534 
111.344604 
111.354675 
111.365356 
111.375427 
111.386108 
111.396484 
111.406860 
111.417236 
111.427612 
111.437988 
111.447754 
111.458740 
111.468506 
111.478271 
111.488647 
111.498718 
111.508789 
111.519775 
111.530457 
111.541443 
111.552124 
111.562805 
111.573181 
111.582642 
111.592712 
111.602478 
111.612549 
111.622620 
111.632996 
111.643066 
111.653442 
111.663818 
111.674500 
111.684265 
111.694946 
111.705017 
111.715698 
111.725464 
111.734314 
111.744385 
111.754150 
111.764221 
111.774902 
111.784973 
111.795349 
111.806030 
111.816711 
111.826782 
111.836853 
111.846924 
111.856995 
111.867371 
111.877441 
111.887512 
111.897278 
111.906738 
111.917419 
111.927795 
111.938782 
111.949768 
111.960449 
111.970825 
111.980896 
111.990967 
112.000427 
112.010498 
112.020569 
112.030640 
112.040710 
112.050171 
112.060547 
112.071228 
112.081604 
112.091675 
112.102356 
112.112122 
112.122803 
112.132568 
112.141724 
112.151489 
112.161255 
112.171936 
112.182007 
112.192383 
112.202454 
112.212830 
112.223511 
112.233582 
112.243958 
112.254028 
112.264099 
112.274780 
112.284546 
112.294922 
112.304688 
112.314453 
112.324219 
112.335205 
112.346191 
112.356873 
112.367249 
112.377625 
112.387695 
112.397461 
112.407532 
112.417297 
112.427979 
112.437744 
112.447815 
112.457581 
112.468262 
112.478027 
112.488708 
112.499084 
112.509460 
112.519531 
112.529602 
112.539673 
112.548828 
112.558594 
112.568359 
112.578735 
112.589111 
112.599182 
112.609863 
112.620239 
112.630920 
112.641296 
112.651062 
112.661133 
112.671814 
112.681885 
112.691650 
112.701721 
112.711487 
112.721252 
112.731323 
112.742004 
112.753296 
112.764282 
112.774658 
112.785339 
112.795105 
112.805176 
112.814941 
112.825012 
112.835083 
112.844849 
112.855225 
112.864990 
112.875671 
112.885742 
112.896118 
112.906189 
112.916565 
112.927551 
112.937622 
112.947388 
112.956238 
112.966003 
112.975464 
112.986145 
112.996216 
113.006287 
113.016968 
113.026428 
113.036499 
113.045654 
113.055420 
113.064575 
113.073425 
113.081970 
113.090210 
113.098755 
113.105469 
113.112793 
113.120117 
113.127441 
113.135071 
113.141785 
113.147888 
113.153992 
113.159485 
113.163757 
113.168030 
113.171692 
113.175659 
113.178711 
113.181763 
113.184509 
113.186951 
113.189697 
113.190918 
113.192139 
113.193054 
113.193970 
113.193665 
113.193054 
113.191833 
113.190002 
113.188171 
113.186951 
113.184814 
113.182068 
113.179016 
113.175964 
113.172302 
113.167725 
113.163147 
113.158264 
113.152771 
113.146667 
113.140564 
113.133240 
113.125916 
113.117981 
113.110352 
113.102722 
113.095093 
113.086853 
113.078308 
113.069458 
113.059692 
113.049316 
113.038940 
113.028870 
113.018494 
113.007507 
112.997131 
112.986755 
112.975769 
112.965088 
112.954102 
112.943420 
112.932739 
112.922363 
112.911072 
112.899780 
112.887573 
112.875366 
112.864075 
112.853088 
112.842102 
112.831116 
112.820740 
112.809143 
112.799072 
112.787781 
112.776794 
112.765808 
112.755127 
112.743530 
112.732544 
112.720947 
112.710571 
112.698975 
112.687988 
112.677612 
112.667847 
112.657776 
112.647705 
112.637329 
112.626648 
112.615967 
112.604675 
112.593689 
112.583313 
112.571716 
112.561646 
112.550659 
112.540283 
112.530212 
112.519836 
112.509155 
112.499390 
112.489014 
112.478638 
112.468262 
112.456665 
112.445374 
112.434998 
112.424316 
112.414246 
112.404175 
112.393799 
112.383728 
112.373962 
112.363281 
112.352905 
112.342834 
112.332458 
112.322083 
112.311401 
112.301025 
112.290344 
112.279358 
112.268677 
112.258911 
112.249451 
112.239990 
112.229614 
112.219543 
112.209473 
112.198792 
112.188110 
112.178040 
112.167053 
112.156372 
112.145691 
112.135620 
112.125244 
112.114868 
112.104797 
112.094116 
112.084351 
112.074280 
112.063904 
112.053223 
112.041931 
112.030945 
112.019958 
112.010193 
111.999512 
111.989441 
111.979065 
111.969299 
111.958923 
111.948547 
111.937866 
111.927490 
111.917419 
111.906738 
111.896362 
111.885681 
111.875000 
111.864319 
111.853333 
111.843567 
111.833496 
111.824646 
111.814270 
111.804199 
111.793518 
111.783142 
111.772461 
111.761780 
111.750793 
111.740112 
111.729736 
111.719666 
111.708679 
111.698608 
111.688232 
111.678162 
111.668396 
111.658020 
111.647949 
111.636658 
111.625366 
111.614075 
111.603699 
111.593628 
111.583252 
111.572876 
111.562805 
111.552734 
111.542358 
111.532288 
111.522217 
111.511536 
111.501160 
111.490784 
111.480103 
111.469727 
111.459045 
111.448059 
111.437683 
111.427917 
111.418152 
111.408386 
111.398315 
111.388245 
111.377869 
111.367493 
111.356812 
111.346436 
111.335449 
111.325073 
111.314392 
111.304016 
111.293640 
111.283569 
111.273193 
111.262817 
111.253052 
111.242676 
111.232910 
111.221924 
111.211243 
111.199951 
111.189270 
111.179199 
111.168823 
111.158752 
111.148376 
111.138611 
111.128540 
111.118469 
111.108398 
111.097717 
111.087341 
111.077271 
111.067200 
111.055908 
111.045837 
111.034851 
111.024475 
111.014709 
111.004944 
110.995483 
110.986023 
110.975952 
110.965881 
110.955200 
110.944824 
110.934143 
110.923462 
110.912781 
110.902710 
110.892639 
110.882263 
110.871887 
110.861816 
110.851135 
110.841064 
110.830994 
110.820618 
110.810547 
110.798950 
110.787659 
110.777893 
110.767517 
110.757446 
110.747375 
110.736694 
110.726624 
110.716858 
110.706787 
110.696106 
110.685730 
110.675049 
110.664368 
110.654297 
110.643616 
110.632935 
110.622253 
110.611572 
110.601501 
110.592041 
110.582581 
110.572510 
110.562439 
110.552063 
110.540771 
110.530701 
110.520020 
110.509338 
110.498657 
110.488281 
110.477600 
110.467834 
110.457458 
110.447083 
110.436707 
110.426941 
110.416565 
110.406799 
110.396423 
110.385132 
110.373535 
110.363464 
110.353088 
110.343018 
110.333252 
110.322571 
110.313110 
110.303345 
110.292969 
110.282288 
110.272522 
110.262451 
110.252686 
110.242615 
110.232544 
110.222168 
110.213013 
110.204163 
110.195618 
110.188293 
110.180664 
110.173950 
110.167542 
110.160522 
110.153809 
110.147705 
110.141602 
110.135803 
110.131226 
110.126038 
110.122375 
110.119019 
110.115051 
110.112610 
110.110168 
110.108032 
110.107117 
110.105896 
110.104675 
110.103149 
110.102234 
110.101929 
110.103149 
110.103455 
110.104675 
110.106201 
110.108032 
110.110168 
110.113525 
110.116882 
110.119934 
110.123901 
110.128174 
110.132751 
110.137329 
110.142822 
110.148621 
110.154419 
110.160828 
110.169373 
110.177002 
110.185242 
110.193787 
110.202026 
110.210571 
110.220032 
110.228882 
110.238647 
110.248413 
110.258484 
110.268860 
110.279236 
110.289917 
110.300903 
110.311279 
110.322571 
110.333252 
110.344543 
110.354614 
110.364685 
110.374756 
110.384827 
110.395813 
110.406494 
110.417480 
110.428467 
110.439148 
110.449524 
110.460205 
110.470581 
110.481567 
110.491943 
110.501709 
110.512390 
110.522766 
110.532837 
110.542603 
110.552673 
110.563660 
110.574646 
110.585938 
110.596313 
110.606689 
110.617065 
110.627441 
110.637512 
110.646973 
110.656738 
110.667114 
110.677490 
110.687561 
110.697937 
110.708008 
110.718994 
110.728455 
110.739136 
110.749512 
110.759888 
110.769958 
110.779114 
110.787964 
110.798340 
110.808716 
110.819092 
110.829163 
110.840149 
110.849915 
110.860901 
110.871277 
110.881348 
110.892029 
110.902100 
110.912170 
110.921936 
110.932007 
110.941772 
110.951538 
110.961304 
110.971680 
110.982971 
110.993958 
111.004639 
111.014709 
111.025085 
111.035461 
111.045227 
111.054688 
111.065063 
111.074829 
111.084595 
111.094971 
111.105042 
111.115112 
111.125793 
111.136169 
111.146240 
111.156311 
111.167297 
111.177979 
111.186829 
111.196289 
111.206360 
111.216431 
111.226807 
111.237183 
111.247559 
111.258240 
111.269226 
111.279297 
111.289978 
111.299744 
111.309814 
111.320496 
111.330872 
111.340637 
111.350708 
111.360779 
111.370850 
111.381226 
111.392822 
111.403503 
111.414490 
111.424561 
111.434937 
111.445313 
111.454773 
111.465454 
111.475220 
111.485291 
111.495667 
111.505737 
111.515808 
111.526184 
111.536865 
111.546631 
111.557617 
111.567993 
111.578369 
111.588440 
111.597900 
111.607056 
111.617432 
111.627197 
111.637573 
111.648560 
111.658936 
111.668701 
111.679993 
111.690063 
111.700134 
111.710510 
111.720276 
111.730347 
111.740417 
111.750488 
111.760559 
111.770020 
111.780396 
111.790466 
111.802063 
111.813049 
111.824036 
111.834106 
111.844177 
111.854858 
111.864014 
111.874084 
111.884155 
111.893616 
111.903992 
111.914368 
111.924133 
111.934814 
111.944885 
111.954956 
111.965637 
111.976013 
111.986389 
111.996460 
112.005615 
112.015076 
112.025146 
112.035217 
112.045898 
112.055359 
112.065735 
112.076111 
112.086792 
112.097473 
112.107239 
112.117310 
112.127686 
112.138062 
112.147827 
112.158203 
112.167969 
112.177429 
112.187805 
112.197876 
112.208862 
112.220154 
112.230225 
112.240906 
112.251282 
112.261047 
112.271118 
112.281189 
112.290649 
112.301025 
112.311096 
112.321167 
112.331543 
112.341919 
112.351685 
112.362366 
112.372131 
112.382813 
112.393188 
112.403259 
112.412720 
112.421875 
112.431946 
112.442322 
112.452698 
112.462769 
112.473145 
112.483521 
112.493591 
112.504272 
112.514343 
112.524109 
112.534485 
112.544861 
112.554932 
112.565002 
112.574768 
112.584839 
112.595215 
112.604980 
112.616577 
112.627869 
112.637634 
112.648315 
112.658691 
112.668457 
112.678528 
112.687988 
112.697754 
112.708130 
112.718506 
112.728271 
112.738342 
112.749634 
112.759399 
112.769775 
112.780151 
112.790833 
112.800903 
112.810669 
112.819824 
112.829285 
112.839050 
112.849731 
112.860107 
112.869568 
112.879944 
112.890930 
112.901306 
112.911987 
112.921753 
112.932129 
112.941895 
112.952271 
112.961731 
112.972412 
112.982483 
112.991943 
113.002014 
113.011780 
113.022461 
113.033447 
113.043213 
113.052673 
113.062439 
113.071289 
113.079224 
113.087463 
113.095703 
113.103333 
113.110962 
113.117981 
113.125305 
113.132019 
113.138733 
113.144836 
113.150635 
113.156433 
113.161926 
113.166199 
113.169556 
113.173218 
113.176270 
113.179321 
113.182373 
113.185120 
113.187561 
113.189392 
113.190918 
113.192139 
113.192444 
113.192749 
113.192749 
113.191833 
113.190918 
113.189697 
113.187561 
113.184814 
113.182678 
113.179321 
113.177185 
113.174133 
113.170471 
113.166504 
113.161621 
113.155518 
113.150330 
113.143616 
113.136597 
113.129883 
113.122559 
113.114929 
113.106995 
113.098755 
113.090210 
113.081970 
113.072510 
113.063049 
113.053894 
113.043518 
113.032837 
113.021545 
113.010864 
113.000488 
112.989807 
112.979431 
112.968445 
112.958374 
112.947388 
112.937012 
112.925720 
112.915039 
112.904053 
112.892456 
112.880859 
112.869873 
112.858276 
112.846680 
112.835388 
112.824707 
112.814331 
112.804260 
112.793579 
112.782898 
112.771912 
112.760620 
112.749939 
112.738037 
112.726746 
112.715759 
112.704773 
112.693787 
112.683105 
112.672729 
112.661743 
112.651367 
112.640381 
112.630310 
112.619934 
112.609253 
112.597656 
112.586365 
112.575073 
112.564392 
112.554016 
112.543640 
112.533264 
112.523499 
112.513123 
112.502747 
112.492676 
112.482300 
112.471924 
112.460938 
112.450867 
112.440186 
112.429810 
112.417908 
112.407837 
112.397766 
112.387695 
112.378540 
112.368774 
112.358398 
112.348328 
112.337952 
112.327271 
112.316589 
112.305908 
112.295837 
112.284851 
112.274780 
112.264404 
112.254028 
112.243652 
112.233276 
112.223206 
112.213135 
112.203369 
112.192383 
112.181396 
112.169800 
112.159729 
112.148743 
112.139282 
112.127991 
112.118530 
112.108154 
112.097778 
112.087708 
112.077332 
112.067261 
112.056580 
112.046509 
112.035828 
112.025146 
112.014465 
112.004089 
111.993103 
111.983337 
111.973267 
111.964111 
111.953735 
111.943359 
111.933289 
111.922302 
111.912231 
111.901550 
111.890564 
111.879883 
111.869507 
111.859131 
111.848755 
111.838684 
111.828003 
111.817627 
111.807556 
111.797180 
111.786804 
111.776428 
111.765442 
111.753845 
111.743164 
111.732483 
111.722412 
111.712036 
111.702271 
111.691895 
111.682129 
111.671753 
111.661377 
111.651001 
111.640625 
111.629639 
111.619568 
111.609192 
111.598206 
111.587830 
111.577148 
111.566467 
111.557007 
111.547852 
111.537781 
111.527405 
111.517029 
111.506348 
111.495972 
111.485291 
111.474304 
111.463928 
111.453552 
111.443176 
111.432800 
111.422729 
111.412048 
111.401672 
111.391907 
111.381531 
111.371460 
111.361084 
111.349487 
111.338501 
111.327209 
111.317444 
111.307678 
111.296692 
111.287231 
111.277161 
111.266479 
111.256714 
111.246338 
111.235962 
111.225891 
111.215820 
111.205139 
111.194763 
111.184082 
111.172791 
111.162720 
111.152344 
111.142883 
111.133728 
111.123962 
111.113586 
111.103516 
111.093140 
111.082764 
111.071777 
111.061401 
111.050720 
111.040649 
111.030273 
111.019897 
111.009216 
110.999146 
110.989075 
110.979004 
110.968933 
110.958862 
110.948486 
110.937500 
110.926514 
110.915527 
110.905151 
110.895386 
110.885315 
110.874939 
110.865173 
110.854797 
110.844727 
110.834351 
110.824585 
110.813904 
110.803833 
110.793762 
110.783081 
110.772095 
110.761719 
110.750732 
110.740662 
110.730896 
110.721741 
110.711365 
110.701599 
110.690918 
110.680542 
110.670166 
110.659485 
110.649109 
110.638123 
110.627441 
110.617371 
110.606384 
110.596313 
110.586243 
110.576172 
110.565796 
110.555725 
110.545044 
110.534668 
110.523682 
110.512390 
110.501404 
110.491638 
110.480957 
110.470276 
110.460815 
110.450745 
110.440369 
110.430603 
110.420532 
110.409851 
110.399780 
110.389404 
110.379028 
110.368347 
110.357971 
110.346985 
110.336914 
110.326538 
110.317688 
110.308228 
110.298157 
110.288086 
110.278015 
110.267944 
110.257874 
110.248108 
110.237427 
110.227661 
110.217896 
110.208740 
110.199890 
110.191650 
110.183716 
110.176086 
110.169067 
110.162048 
110.155945 
110.149536 
110.143127 
110.137329 
110.131836 
110.126953 
110.123291 
110.119019 
110.115967 
110.113220 
110.110474 
110.109253 
110.107117 
110.105286 
110.104065 
110.103455 
110.103455 
110.103149 
110.103455 
110.103455 
110.104065 
110.105286 
110.107422 
110.110168 
110.113220 
110.116272 
110.119629 
110.123596 
110.127258 
110.131836 
110.136414 
110.141602 
110.147400 
110.152893 
110.159302 
110.166626 
110.173035 
110.181274 
110.189514 
110.198059 
110.206299 
110.215759 
110.224609 
110.233154 
110.243225 
110.253296 
110.263977 
110.273743 
110.284729 
110.296021 
110.306396 
110.317383 
110.328369 
110.339050 
110.349426 
110.360718 
110.370789 
110.381470 
110.392151 
110.402527 
110.412903 
110.423584 
110.434875 
110.446167 
110.457153 
110.467529 
110.478516 
110.488892 
110.498657 
110.509033 
110.518799 
110.529175 
110.539551 
110.549927 
110.559998 
110.570679 
110.580750 
110.590820 
110.601501 
110.611572 
110.622559 
110.632935 
110.642090 
110.651550 
110.661316 
110.671387 
110.681763 
110.692444 
110.702820 
110.713806 
110.723572 
110.734253 
110.744629 
110.755005 
110.765076 
110.775146 
110.785217 
110.794983 
110.805359 
110.814819 
110.824890 
110.835266 
110.846252 
110.856628 
110.868225 
110.878601 
110.888672 
110.899353 
110.908813 
110.918579 
110.928345 
110.938416 
110.948486 
110.958557 
110.968628 
110.978699 
110.989075 
110.999146 
111.009827 
111.020203 
111.030579 
111.040955 
111.050110 
111.059570 
111.069336 
111.079102 
111.089478 
111.099854 
111.110535 
111.120911 
111.131287 
111.141663 
111.152039 
111.162109 
111.172180 
111.183167 
111.192932 
111.202698 
111.213074 
111.222839 
111.232605 
111.243286 
111.254578 
111.264954 
111.276245 
111.286926 
111.297302 
111.307373 
111.317139 
111.326904 
111.337280 
111.347046 
111.357727 
111.367798 
111.378174 
111.388245 
111.398621 
111.409302 
111.419373 
111.430054 
111.440430 
111.450500 
111.460571 
111.469727 
111.479492 
111.489563 
111.500244 
111.510620 
111.520996 
111.531677 
111.542358 
111.552429 
111.562805 
111.573181 
111.583557 
111.593628 
111.603394 
111.613464 
111.623535 
111.632996 
111.643066 
111.653748 
111.664734 
111.675720 
111.686401 
111.697083 
111.707764 
111.717529 
111.727600 
111.737366 
111.747131 
111.757202 
111.767273 
111.777344 
111.787720 
111.797791 
111.808472 
111.818542 
111.828918 
111.838989 
111.849365 
111.859741 
111.869202 
111.878357 
111.888123 
111.898499 
111.908569 
111.918945 
111.929321 
111.940002 
111.950378 
111.961060 
111.970825 
111.981201 
111.991272 
112.001343 
112.011719 
112.021484 
112.031250 
112.041321 
112.051086 
112.061462 
112.072449 
112.083130 
112.094116 
112.104492 
112.114563 
112.125244 
112.135010 
112.144470 
112.154541 
112.164612 
112.174377 
112.184753 
112.194519 
112.204895 
112.215271 
112.225952 
112.235413 
112.246094 
112.256775 
112.266541 
112.276611 
112.285767 
112.295532 
112.305298 
112.315369 
112.326050 
112.336426 
112.346802 
112.357178 
112.367554 
112.377625 
112.388000 
112.398071 
112.408142 
112.418518 
112.428589 
112.438354 
112.448425 
112.458191 
112.468567 
112.479553 
112.490540 
112.501221 
112.511902 
112.521973 
112.532349 
112.542419 
112.551880 
112.561340 
112.571411 
112.581787 
112.592163 
112.602234 
112.612305 
112.622681 
112.633057 
112.642822 
112.653503 
112.663879 
112.673950 
112.683716 
112.692871 
112.702637 
112.712402 
112.723083 
112.732849 
112.743835 
112.754211 
112.764587 
112.775269 
112.784729 
112.795715 
112.805786 
112.815857 
112.825928 
112.835693 
112.845764 
112.855530 
112.865601 
112.875671 
112.886963 
112.897949 
112.908630 
112.919006 
112.929077 
112.939453 
112.949219 
112.958984 
112.969360 
112.978821 
112.988892 
112.998962 
113.008728 
113.018494 
113.028564 
113.038635 
113.047485 
113.057861 
113.067017 
113.075867 
113.083496 
113.091125 
113.098755 
113.106689 
113.114624 
113.121948 
113.128662 
113.135071 
113.141785 
113.148193 
113.153381 
113.158569 
113.163452 
113.168030 
113.171997 
113.175659 
113.178711 
113.181458 
113.183899 
113.186035 
113.188782 
113.191223 
113.192749 
113.193665 
113.193970 
113.193970 
113.193359 
113.192139 
113.191528 
113.189392 
113.187561 
113.185425 
113.182068 
113.179016 
113.175354 
113.171997 
113.167725 
113.163147 
113.157959 
113.152466 
113.146057 
113.138733 
113.131714 
113.124390 
113.117371 
113.109436 
113.100891 
113.093262 
113.084717 
113.075562 
113.066101 
113.056335 
113.046875 
113.036804 
113.026428 
113.016052 
113.005066 
112.994690 
112.983398 
112.972717 
112.962952 
112.952881 
112.942505 
112.931824 
112.920532 
112.909546 
112.898254 
112.886658 
112.875061 
112.864075 
112.852783 
112.841492 
112.830505 
112.818909 
112.808228 
112.796936 
112.786255 
112.775879 
112.764893 
112.754211 
112.742310 
112.730408 
112.719116 
112.708130 
112.697449 
112.686462 
112.676392 
112.665405 
112.655029 
112.644958 
112.633667 
112.623291 
112.613220 
112.601929 
112.591553 
112.580566 
112.569275 
112.558594 
112.548218 
112.537537 
112.527771 
112.518311 
112.507935 
112.497864 
112.487793 
112.477417 
112.467041 
112.456360 
112.445679 
112.434692 
112.424011 
112.413940 
112.403564 
112.392883 
112.382813 
112.372742 
112.362366 
112.352600 
112.341919 
112.331238 
112.321167 
112.308960 
112.298889 
112.287903 
112.277832 
112.267151 
112.257080 
112.246704 
112.236938 
112.227173 
112.216797 
112.206421 
112.196045 
112.185974 
112.175598 
112.164917 
112.154236 
112.143250 
112.132568 
112.122498 
112.112427 
112.103271 
112.093201 
112.082825 
112.073059 
112.062378 
112.051697 
112.041016 
112.030640 
112.019958 
112.009583 
111.998901 
111.988525 
111.977844 
111.968079 
111.957703 
111.947021 
111.936951 
111.926880 
111.916504 
111.905823 
111.893616 
111.882935 
111.872253 
111.862488 
111.851807 
111.841431 
111.831665 
111.821289 
111.811218 
111.801147 
111.790161 
111.780090 
111.769714 
111.759338 
111.748657 
111.737976 
111.727295 
111.716614 
111.705933 
111.696472 
111.687012 
111.677246 
111.666870 
111.656494 
111.646423 
111.635742 
111.624756 
111.614075 
111.603394 
111.593018 
111.582947 
111.572266 
111.561890 
111.551819 
111.541443 
111.531067 
111.520691 
111.510925 
111.500244 
111.489868 
111.477966 
111.467285 
111.456604 
111.446533 
111.435852 
111.425476 
111.415710 
111.405334 
111.395264 
111.384888 
111.375122 
111.364441 
111.354370 
111.343689 
111.333313 
111.322632 
111.311646 
111.301270 
111.291199 
111.281128 
111.271362 
111.261902 
111.251831 
111.242065 
111.231384 
111.221008 
111.210327 
111.200256 
111.189575 
111.179199 
111.168213 
111.157837 
111.147766 
111.137695 
111.127319 
111.117249 
111.107178 
111.097107 
111.086731 
111.076355 
111.065063 
111.054077 
111.043396 
111.033325 
111.022949 
111.012268 
111.002808 
110.993042 
110.982666 
110.972595 
110.961914 
110.951843 
110.941772 
110.931396 
110.921021 
110.910950 
110.900269 
110.889587 
110.879211 
110.869446 
110.859680 
110.849915 
110.840149 
110.830078 
110.820007 
110.809326 
110.798950 
110.787964 
110.777588 
110.767212 
110.756531 
110.746155 
110.735779 
110.725708 
110.715332 
110.705566 
110.694275 
110.684814 
110.674438 
110.663147 
110.652466 
110.640869 
110.630798 
110.620422 
110.609741 
110.599976 
110.589905 
110.579529 
110.569458 
110.559387 
110.549011 
110.538025 
110.528259 
110.517273 
110.507507 
110.496216 
110.485840 
110.475464 
110.464783 
110.455322 
110.445557 
110.436096 
110.426025 
110.415955 
110.405579 
110.395203 
110.384521 
110.373840 
110.363464 
110.353088 
110.342712 
110.332336 
110.322266 
110.311890 
110.301208 
110.291748 
110.281677 
110.271606 
110.261536 
110.251160 
110.240784 
110.229797 
110.220642 
110.211487 
110.202637 
110.194397 
110.186462 
110.178528 
110.171509 
110.164490 
110.157776 
110.151672 
110.145569 
110.140076 
110.134583 
110.129700 
110.125122 
110.120850 
110.117188 
110.114746 
110.112305 
110.110474 
110.109253 
110.107727 
110.105896 
110.104675 
110.103455 
110.102539 
110.101929 
110.101624 
110.101624 
110.101318 
110.101013 
110.101318 
110.101624 
110.101318 
110.101929 
110.102234 
110.102539 
110.101929 
110.101318 
110.101013 
110.100708 
110.101318 
110.101624 
110.101929 
110.102234 
110.102539 
110.103149 
110.103455 
110.104065 
110.104065 
110.103760 
110.104065 
110.104370 
110.104065 
110.104065 
110.104065 
110.103455 
110.104980 
110.105591 
110.106506 
110.106812 
110.107117 
110.107422 
110.107117 
110.107117 
110.107117 
110.106812 
110.106506 
110.106506 
110.106506 
110.106812 
110.106812 
110.106812 
110.107117 
110.107422 
110.107422 
110.107422 
110.107117 
110.105896 
110.105286 
110.105591 
110.105591 
110.105591 
110.106201 
110.105591 
110.106201 
110.106506 
110.106506 
110.106201 
110.106201 
110.106812 
110.106506 
110.105896 
110.105896 
110.105591 
110.105286 
110.105286 
110.105591 
110.107117 
110.107117 
110.107117 
110.107422 
110.107727 
110.107727 
110.106812 
110.107117 
110.106506 
110.106506 
110.106812 
110.107117 
110.106506 
110.106812 
110.106812 
110.107117 
110.107117 
110.107727 
