Blum, K. P., D’Incamps, B. L., Zytnicki, D., & Ting, L. H. (2017).
Force encoding in muscle spindles during stretch of
passive muscle. PLoS computational biology, 13(9), 
e1005767. <https://journals.plos.org/ploscompbiol/article?
id=10.1371/journal.pcbi.1005767>

cat medial gastrocnemius muscle lengths over t  (in 0.0005 s increments)
110.106506 
110.105896 
110.106201 
110.105591 
110.104980 
110.104980 
110.104980 
110.105896 
110.106812 
110.107422 
110.107422 
110.107727 
110.107422 
110.106812 
110.106812 
110.106812 
110.107117 
110.106506 
110.107117 
110.106812 
110.107117 
110.106812 
110.107727 
110.107422 
110.107422 
110.107727 
110.107727 
110.106812 
110.105896 
110.104675 
110.104980 
110.104980 
110.105896 
110.105896 
110.106201 
110.106201 
110.106201 
110.105896 
110.106506 
110.106201 
110.106201 
110.106201 
110.105896 
110.105591 
110.105286 
110.104675 
110.105591 
110.106201 
110.106812 
110.107727 
110.107727 
110.107727 
110.107727 
110.107422 
110.107117 
110.106812 
110.107117 
110.106812 
110.106812 
110.106812 
110.107117 
110.106506 
110.106812 
110.107117 
110.107422 
110.107727 
110.108032 
110.106506 
110.105896 
110.104980 
110.105591 
110.105286 
110.105591 
110.105896 
110.106201 
110.106812 
110.106201 
110.106506 
110.105896 
110.106201 
110.106201 
110.106201 
110.106201 
110.105591 
110.104980 
110.105286 
110.104980 
110.105591 
110.106812 
110.108032 
110.108032 
110.107727 
110.107727 
110.107422 
110.107422 
110.107117 
110.107117 
110.106506 
110.106812 
110.106506 
110.106812 
110.106812 
110.106812 
110.106812 
110.108032 
110.108032 
110.107422 
110.106812 
110.105896 
110.105286 
110.105896 
110.106812 
110.107422 
110.108948 
110.109863 
110.112000 
110.113831 
110.116272 
110.118713 
110.120850 
110.123901 
110.126343 
110.129700 
110.132751 
110.136414 
110.140686 
110.145569 
110.151672 
110.157776 
110.164490 
110.170593 
110.177307 
110.183716 
110.190735 
110.197754 
110.204773 
110.212708 
110.221252 
110.229492 
110.238647 
110.247498 
110.256958 
110.266113 
110.276184 
110.286865 
110.297546 
110.308533 
110.318604 
110.330505 
110.341797 
110.355225 
110.368958 
110.383301 
110.398254 
110.412903 
110.426941 
110.440979 
110.454102 
110.467224 
110.479736 
110.491333 
110.502625 
110.513611 
110.524597 
110.534668 
110.544434 
110.555115 
110.565796 
110.577087 
110.587463 
110.597229 
110.607300 
110.616455 
110.625916 
110.634460 
110.643921 
110.653381 
110.662537 
110.671692 
110.681458 
110.690918 
110.700684 
110.710144 
110.720215 
110.729980 
110.739746 
110.749817 
110.757751 
110.766602 
110.776062 
110.785828 
110.795593 
110.806274 
110.816040 
110.826416 
110.836792 
110.846863 
110.856934 
110.867615 
110.877686 
110.887756 
110.897827 
110.907593 
110.917664 
110.927429 
110.937805 
110.947876 
110.959167 
110.970764 
110.982056 
110.992737 
111.003418 
111.013489 
111.024475 
111.034851 
111.044922 
111.055603 
111.065979 
111.076660 
111.087646 
111.098328 
111.108704 
111.120300 
111.130371 
111.141052 
111.152039 
111.162415 
111.172180 
111.181335 
111.191711 
111.202393 
111.212463 
111.223145 
111.233826 
111.244507 
111.255188 
111.265869 
111.275940 
111.286316 
111.296692 
111.306458 
111.316833 
111.327209 
111.336975 
111.346741 
111.356506 
111.366882 
111.378174 
111.389160 
111.400146 
111.410217 
111.420898 
111.430359 
111.441040 
111.450500 
111.460571 
111.470337 
111.480408 
111.490784 
111.501160 
111.510925 
111.521301 
111.531677 
111.541443 
111.552429 
111.562500 
111.572571 
111.581421 
111.590576 
111.600342 
111.610107 
111.620483 
111.630859 
111.641235 
111.651917 
111.662598 
111.672668 
111.682739 
111.692505 
111.703186 
111.712952 
111.722717 
111.733093 
111.742859 
111.752319 
111.761780 
111.772156 
111.783447 
111.794739 
111.805725 
111.816101 
111.826172 
111.836243 
111.846619 
111.855774 
111.865540 
111.875305 
111.885681 
111.895752 
111.905823 
111.916199 
111.926270 
111.936646 
111.947021 
111.958008 
111.968079 
111.978455 
111.987610 
111.996460 
112.005920 
112.016296 
112.026367 
112.037048 
112.047119 
112.057800 
112.068176 
112.078552 
112.088623 
112.098999 
112.108765 
112.119141 
112.129517 
112.139587 
112.149353 
112.159119 
112.169189 
112.179260 
112.190552 
112.201843 
112.212219 
112.223206 
112.233276 
112.243347 
112.253418 
112.263184 
112.272949 
112.283020 
112.293396 
112.303467 
112.313538 
112.323608 
112.333984 
112.344055 
112.354736 
112.365417 
112.375488 
112.385254 
112.395020 
112.403870 
112.413330 
112.423706 
112.434387 
112.444763 
112.455139 
112.465515 
112.475891 
112.485962 
112.496338 
112.506714 
112.516785 
112.526550 
112.536926 
112.546997 
112.556152 
112.565918 
112.576294 
112.586670 
112.598267 
112.608948 
112.619934 
112.630310 
112.640381 
112.650757 
112.660217 
112.670288 
112.680359 
112.690125 
112.700195 
112.710266 
112.720337 
112.731018 
112.741394 
112.751465 
112.762146 
112.772522 
112.782593 
112.792664 
112.801819 
112.810974 
112.820740 
112.830811 
112.841187 
112.851257 
112.861938 
112.872620 
112.882690 
112.893066 
112.903442 
112.913513 
112.924194 
112.933655 
112.943726 
112.953796 
112.963867 
112.973633 
112.983093 
112.993469 
113.004456 
113.015442 
113.025818 
113.035889 
113.045349 
113.054810 
113.064270 
113.072205 
113.081055 
113.088989 
113.097534 
113.105469 
113.113098 
113.120117 
113.127747 
113.134460 
113.141174 
113.147583 
113.153381 
113.158875 
113.163147 
113.166504 
113.170166 
113.174438 
113.179016 
113.181763 
113.185120 
113.187866 
113.190613 
113.193054 
113.194885 
113.196716 
113.197937 
113.199463 
113.199768 
113.200684 
113.201294 
113.201294 
113.201599 
113.202209 
113.203430 
113.204956 
113.205261 
113.205872 
113.205872 
113.205566 
113.205566 
113.205261 
113.204346 
113.204346 
113.204041 
113.204346 
113.204041 
113.203430 
113.203430 
113.202515 
113.202820 
113.202515 
113.202515 
113.201599 
113.200073 
113.198853 
113.197937 
113.197327 
113.197327 
113.197327 
113.197021 
113.197327 
113.197021 
113.196411 
113.196106 
113.196106 
113.195801 
113.195496 
113.194885 
113.194885 
113.193665 
113.192749 
113.192749 
113.192444 
113.193054 
113.193970 
113.194275 
113.194580 
113.194275 
113.194275 
113.193665 
113.193359 
113.192749 
113.192749 
113.192444 
113.192444 
113.192444 
113.192139 
113.192139 
113.192139 
113.192444 
113.192444 
113.193054 
113.192444 
113.191833 
113.190613 
113.190002 
113.190002 
113.190308 
113.190308 
113.190613 
113.190613 
113.190918 
113.190918 
113.191223 
113.190918 
113.190613 
113.190613 
113.190918 
113.190918 
113.190002 
113.190002 
113.189697 
113.189392 
113.190918 
113.191833 
113.192444 
113.192444 
113.192139 
113.192444 
113.191833 
113.191223 
113.191833 
113.191528 
113.191223 
113.191528 
113.191223 
113.191528 
113.191223 
113.191223 
113.191528 
113.191833 
113.191833 
113.191833 
113.190308 
113.189697 
113.189087 
113.188782 
113.189087 
113.189087 
113.189697 
113.189697 
113.190002 
113.190002 
113.190002 
113.189697 
113.189392 
113.189392 
113.189392 
113.189392 
113.189087 
113.188477 
113.187866 
113.188477 
113.189697 
113.190613 
113.190918 
113.190918 
113.190308 
113.190613 
113.190308 
113.189697 
113.190002 
113.189087 
113.189392 
113.189392 
113.189697 
113.189697 
113.189392 
113.190002 
113.190308 
113.190002 
113.190918 
113.190002 
113.189087 
113.188171 
113.187561 
113.187866 
113.188171 
113.188171 
113.187866 
113.188782 
113.189087 
113.188782 
113.188477 
113.188477 
113.188477 
113.188782 
113.188477 
113.188477 
113.188171 
113.187256 
113.186951 
113.187256 
113.189087 
113.190002 
113.190308 
113.190613 
113.190308 
113.190613 
113.190002 
113.190002 
113.189697 
113.189392 
113.189392 
113.189697 
113.190002 
113.190002 
113.190308 
113.190002 
113.190308 
113.190918 
113.190918 
113.190308 
113.189697 
113.188477 
113.188477 
113.188782 
113.188782 
113.188477 
113.189392 
113.189392 
113.189392 
113.189087 
113.189392 
113.189697 
113.189392 
113.189392 
113.189392 
113.189087 
113.188782 
113.188171 
113.188171 
113.188477 
113.189087 
113.190002 
113.190613 
113.190918 
113.190918 
113.190308 
113.190308 
113.190308 
113.189697 
113.189697 
113.190002 
113.189697 
113.189392 
113.190002 
113.189697 
113.190002 
113.190002 
113.190613 
113.190613 
113.190308 
113.189087 
113.187561 
113.187561 
113.187561 
113.187561 
113.188171 
113.188171 
113.188477 
113.188782 
113.188782 
113.188477 
113.188477 
113.188171 
113.188477 
113.188171 
113.188171 
113.187866 
113.187256 
113.187256 
113.187256 
113.188171 
113.189392 
113.189697 
113.190002 
113.189697 
113.189392 
113.189392 
113.188782 
113.188782 
113.188782 
113.188782 
113.188782 
113.189087 
113.188782 
113.188782 
113.189087 
113.188782 
113.189697 
113.190002 
113.189392 
113.188477 
113.187561 
113.187256 
113.187561 
113.187561 
113.188171 
113.187866 
113.188477 
113.188477 
113.188477 
113.188171 
113.188477 
113.188171 
113.188477 
113.188171 
113.188477 
113.187866 
113.187256 
113.187256 
113.187561 
113.188782 
113.189697 
113.190308 
113.190613 
113.190002 
113.190002 
113.189697 
113.189697 
113.189392 
113.189087 
113.189087 
113.189392 
113.189392 
113.189087 
113.189697 
113.189392 
113.189697 
113.190308 
113.190002 
113.190002 
113.189087 
113.188171 
113.187561 
113.187866 
113.188171 
113.188171 
113.188171 
113.188782 
113.188477 
113.188782 
113.188477 
113.188782 
113.188171 
113.188171 
113.188477 
113.188782 
113.188171 
113.187561 
113.186951 
113.187256 
113.188171 
113.189392 
113.189697 
113.189697 
113.189697 
113.189087 
113.189697 
113.188782 
113.188782 
113.188782 
113.188477 
113.188782 
113.188477 
113.188782 
113.189087 
113.189087 
113.189087 
113.189392 
113.189392 
113.189697 
113.188171 
113.187561 
113.186951 
113.187256 
113.187561 
113.187561 
113.187256 
113.187866 
113.188171 
113.187866 
113.187866 
113.187866 
113.187866 
113.188171 
113.187866 
113.187866 
113.186951 
113.186951 
113.186951 
113.186951 
113.188171 
113.189392 
113.189087 
113.189697 
113.189392 
113.189392 
113.189087 
113.188782 
113.188782 
113.188477 
113.189087 
113.189087 
113.188782 
113.188477 
113.188782 
113.188782 
113.189087 
113.189392 
113.190002 
113.189697 
113.188782 
113.187866 
113.187256 
113.187561 
113.187561 
113.187866 
113.188171 
113.188477 
113.188477 
113.188477 
113.188171 
113.188171 
113.188477 
113.188477 
113.188477 
113.188171 
113.187561 
113.187256 
113.186646 
113.187561 
113.188477 
113.189392 
113.189697 
113.190002 
113.189697 
113.190002 
113.189087 
113.189392 
113.189392 
113.188782 
113.189087 
113.188782 
113.189087 
113.189392 
113.189087 
113.189392 
113.189087 
113.189697 
113.190002 
113.189392 
113.188477 
113.187256 
113.186951 
113.187256 
113.187561 
113.187866 
113.188171 
113.187866 
113.188171 
113.187866 
113.188171 
113.188171 
113.187866 
113.187866 
113.188171 
113.187866 
113.186951 
113.186646 
113.186646 
113.186951 
113.188171 
113.188782 
113.189392 
113.189392 
113.189697 
113.189087 
113.188782 
113.188782 
113.188782 
113.188782 
113.188477 
113.188171 
113.188477 
113.188782 
113.188477 
113.188782 
113.189392 
113.189697 
113.189392 
113.189087 
113.188171 
113.186951 
113.186646 
113.186951 
113.187256 
113.187256 
113.187866 
113.188171 
113.187866 
113.187866 
113.187866 
113.187866 
113.188171 
113.187561 
113.187561 
113.187561 
113.187256 
113.186646 
113.186646 
113.186951 
113.188171 
113.188782 
113.189087 
113.189087 
113.189392 
113.189392 
113.189087 
113.188782 
113.188782 
113.188782 
113.188782 
113.188782 
113.188477 
113.189087 
113.188782 
113.189392 
113.189087 
113.189392 
113.190002 
113.189392 
113.188477 
113.187561 
113.187256 
113.187256 
113.187561 
113.187561 
113.187866 
113.188171 
113.188171 
113.188477 
113.187866 
113.188171 
113.188171 
113.188477 
113.187866 
113.187866 
113.187256 
113.187256 
113.186646 
113.187561 
113.188171 
113.189392 
113.189697 
113.189697 
113.189087 
113.189392 
113.188782 
113.189087 
113.188477 
113.188477 
113.188782 
113.188477 
113.188477 
113.188477 
113.188782 
113.189087 
113.189087 
113.189697 
113.189697 
113.189087 
113.188171 
113.186951 
113.186951 
113.187256 
113.186951 
113.187256 
113.187561 
113.187561 
113.187866 
113.188171 
113.187866 
113.188171 
113.188171 
113.187561 
113.187866 
113.187561 
113.187256 
113.186646 
113.186340 
113.186951 
113.187866 
113.188782 
113.189087 
113.189392 
113.189697 
113.189087 
113.188782 
113.188782 
113.188477 
113.188782 
113.188477 
113.188782 
113.188171 
113.188477 
113.188782 
113.188782 
113.188782 
113.189392 
113.189697 
113.188782 
113.188477 
113.187256 
113.186646 
113.187256 
113.187561 
113.187561 
113.187561 
113.187866 
113.188477 
113.188477 
113.187561 
113.188171 
113.187866 
113.188171 
113.188171 
113.187561 
113.187256 
113.186951 
113.186646 
113.187256 
113.187866 
113.189087 
113.189087 
113.189697 
113.189697 
113.189087 
113.188782 
113.188782 
113.188477 
113.188477 
113.188782 
113.188477 
113.188782 
113.188477 
113.188477 
113.189087 
113.188782 
113.189697 
113.189697 
113.189087 
113.187866 
113.187256 
113.186951 
113.186951 
113.187256 
113.187256 
113.187256 
113.187866 
113.187866 
113.187561 
113.187561 
113.187866 
113.187561 
113.187866 
113.187866 
113.187256 
113.187256 
113.186340 
113.186340 
113.186646 
113.187866 
113.189087 
113.189392 
113.189392 
113.189087 
113.189392 
113.188477 
113.188477 
113.188171 
113.188782 
113.188477 
113.188477 
113.188171 
113.188477 
113.188782 
113.188782 
113.189087 
113.189697 
113.188782 
113.189087 
113.187866 
113.187256 
113.186951 
113.187256 
113.186951 
113.187256 
113.187561 
113.187866 
113.187866 
113.187561 
113.187866 
113.187866 
113.187866 
113.187561 
113.187256 
113.187256 
113.186951 
113.186646 
113.186646 
113.186951 
113.188171 
113.189087 
113.189087 
113.189392 
113.189392 
113.188782 
113.188782 
113.188477 
113.188782 
113.188477 
113.188477 
113.188477 
113.188477 
113.188477 
113.188477 
113.188477 
113.189087 
113.189392 
113.189392 
113.189087 
113.187561 
113.187256 
113.186646 
113.187256 
113.187561 
113.187561 
113.187561 
113.187866 
113.187866 
113.187866 
113.188171 
113.188477 
113.188171 
113.187866 
113.187561 
113.187561 
113.186951 
113.186646 
113.186951 
113.186646 
113.188171 
113.188782 
113.188782 
113.189392 
113.189087 
113.188782 
113.189087 
113.188171 
113.188477 
113.188171 
113.188477 
113.188477 
113.188477 
113.188782 
113.188477 
113.188477 
113.188782 
113.188782 
113.189392 
113.188782 
113.187561 
113.186646 
113.186646 
113.186951 
113.187256 
113.187561 
113.187866 
113.187866 
113.187866 
113.187561 
113.187866 
113.187866 
113.187866 
113.187561 
113.187561 
113.187256 
113.186646 
113.186646 
113.186340 
113.186951 
113.188171 
113.189087 
113.189392 
113.189392 
113.188782 
113.189392 
113.188782 
113.188171 
113.188171 
113.188477 
113.188477 
113.188477 
113.188171 
113.188477 
113.188477 
113.188477 
113.189087 
113.189392 
113.189087 
113.188782 
113.187561 
113.186646 
113.186340 
113.187256 
113.186951 
113.187561 
113.187866 
113.188171 
113.188477 
113.187866 
113.187866 
113.188171 
113.188171 
113.187561 
113.187561 
113.187561 
113.186646 
113.186951 
113.186646 
113.186951 
113.188171 
113.188477 
113.189087 
113.189392 
113.189087 
113.189087 
113.188782 
113.188782 
113.188171 
113.188477 
113.188477 
113.188477 
113.188171 
113.188782 
113.188782 
113.188782 
113.189392 
113.189087 
113.189392 
113.188782 
113.187866 
113.187256 
113.186646 
113.186951 
113.186646 
113.186951 
113.187256 
113.187866 
113.187866 
113.187561 
113.187561 
113.188171 
113.187866 
113.187561 
113.187866 
113.187561 
113.186646 
113.186646 
113.186340 
113.186951 
113.188477 
113.188782 
113.189087 
113.189392 
113.188782 
113.189087 
113.188477 
113.188477 
113.187866 
113.188171 
113.188477 
113.188477 
113.188171 
113.188477 
113.188477 
113.188782 
113.188782 
113.189087 
113.189392 
113.189087 
113.188477 
113.186951 
113.186646 
113.186951 
113.186951 
113.187256 
113.187256 
113.187561 
113.187866 
113.187561 
113.187866 
113.187561 
113.187866 
113.187866 
113.187561 
113.187256 
113.187256 
113.186646 
113.186340 
113.186646 
113.187866 
113.188477 
113.189087 
113.189392 
113.189392 
113.188477 
113.188782 
113.188171 
113.188171 
113.188477 
113.188171 
113.188477 
113.188171 
113.188171 
113.188782 
113.188782 
113.189087 
113.189087 
113.189392 
113.188782 
113.188171 
113.186951 
113.186646 
113.186951 
113.187256 
113.186951 
113.187866 
113.187256 
113.187561 
113.187866 
113.187561 
113.188171 
113.187866 
113.188171 
113.187561 
113.187256 
113.186646 
113.186646 
113.186340 
113.187256 
113.187866 
113.188782 
113.189087 
113.189392 
113.189087 
113.188477 
113.188782 
113.188477 
113.188171 
113.188477 
113.188477 
113.188171 
113.188477 
113.188171 
113.188782 
113.188782 
113.189392 
113.189392 
113.189087 
113.188782 
113.187866 
113.186646 
113.186951 
113.186646 
113.186951 
113.186951 
113.187561 
113.187866 
113.187561 
113.187866 
113.187561 
113.187866 
113.187561 
113.187561 
113.187256 
113.187561 
113.186951 
113.186340 
113.186646 
113.186951 
113.188171 
113.189087 
113.189087 
113.189697 
113.189087 
113.188782 
113.188782 
113.188171 
113.188782 
113.188477 
113.188171 
113.188477 
113.188171 
113.188477 
113.188782 
113.188477 
113.188782 
113.189087 
113.189087 
113.188782 
113.187866 
113.186646 
113.186646 
113.187256 
113.186951 
113.187256 
113.187561 
113.187561 
113.188171 
113.187866 
113.188171 
113.187866 
113.187866 
113.187866 
113.187256 
113.187561 
113.186951 
113.186340 
113.185730 
113.186646 
113.188171 
113.188782 
113.189392 
113.189087 
113.189392 
113.188477 
113.188782 
113.188171 
113.188171 
113.188171 
113.188477 
113.188477 
113.188477 
113.188477 
113.188782 
113.188782 
113.188782 
113.189087 
113.189087 
113.188782 
113.187561 
113.186951 
113.186646 
113.186951 
113.187256 
113.186951 
113.187561 
113.187866 
113.187866 
113.188171 
113.188171 
113.187866 
113.187561 
113.187561 
113.187866 
113.187256 
113.186646 
113.186035 
113.186340 
113.186646 
113.188171 
113.188782 
113.189087 
113.189392 
113.189087 
113.188782 
113.188782 
113.188477 
113.187866 
113.188477 
113.188171 
113.188171 
113.188171 
113.188477 
113.188171 
113.188477 
113.189087 
113.189087 
113.189087 
113.188477 
113.187866 
113.186951 
113.186646 
113.186646 
113.186951 
113.186951 
113.187561 
113.187866 
113.187866 
113.187561 
113.187866 
113.187561 
113.187561 
113.187866 
113.187256 
113.187561 
113.186951 
113.186340 
113.186646 
113.186951 
113.187866 
113.189087 
113.188782 
113.189697 
113.189087 
113.188782 
113.188782 
113.188171 
113.188171 
113.188171 
113.188477 
113.188477 
113.188171 
113.188477 
113.188477 
113.188782 
113.189087 
113.189392 
113.189087 
113.188782 
113.187866 
113.186951 
113.186340 
113.186951 
113.186951 
113.187256 
113.187256 
113.187866 
113.187561 
113.187561 
113.187866 
113.187866 
113.187561 
113.187866 
113.187561 
113.187561 
113.186646 
113.186340 
113.186646 
113.186951 
113.188171 
113.188782 
113.188782 
113.189697 
113.189087 
113.189087 
113.188782 
113.188171 
113.188477 
113.188171 
113.188477 
113.188477 
113.187866 
113.188477 
113.188171 
113.189087 
113.188782 
113.189087 
113.189087 
113.188782 
113.187866 
113.186646 
113.186951 
113.186646 
113.187256 
113.187256 
113.187256 
113.188171 
113.188171 
113.187866 
113.187561 
113.187256 
113.187866 
113.187561 
113.187866 
113.187256 
113.186951 
113.186646 
113.186646 
113.187256 
113.188171 
113.188782 
113.189087 
113.189697 
113.189087 
113.188782 
113.188782 
113.188477 
113.188171 
113.188171 
113.188477 
113.188477 
113.188171 
113.188171 
113.188171 
113.189087 
113.189087 
113.189087 
113.189087 
113.188782 
113.187256 
113.186951 
113.186951 
113.186951 
113.187256 
113.186951 
113.187256 
113.187866 
113.187866 
113.187866 
113.187866 
113.187866 
113.187561 
113.187866 
113.187256 
113.187256 
113.186646 
113.186340 
113.186340 
113.186340 
113.187866 
113.188782 
113.189087 
113.189087 
113.189087 
113.188782 
113.188782 
113.188477 
113.188171 
113.188171 
113.188171 
113.188477 
113.188171 
113.188782 
113.188477 
113.188477 
113.189087 
113.189392 
113.189087 
113.188477 
113.187561 
113.186951 
113.186951 
113.186646 
113.187256 
113.187256 
113.187561 
113.187561 
113.187866 
113.187866 
113.187561 
113.187561 
113.187866 
113.187561 
113.187561 
113.186951 
113.186340 
113.186340 
113.186340 
113.186951 
113.187866 
113.189087 
113.189087 
113.189087 
113.189087 
113.189087 
113.188782 
113.188782 
113.188171 
113.187866 
113.188477 
113.188171 
113.188171 
113.187866 
113.188477 
113.188782 
113.189392 
113.189087 
113.189392 
113.188477 
113.187561 
113.186951 
113.186646 
113.186951 
113.187256 
113.186951 
113.187866 
113.187561 
113.187866 
113.188171 
113.187561 
113.188477 
113.187866 
113.187866 
113.187866 
113.187256 
113.186951 
113.186340 
113.186340 
113.186646 
113.187866 
113.188782 
113.189087 
113.189392 
113.189392 
113.188782 
113.188477 
113.188782 
113.188171 
113.188171 
113.188477 
113.188171 
113.188477 
113.188477 
113.188477 
113.188782 
113.189087 
113.188782 
113.189392 
113.188477 
113.187866 
113.186951 
113.186646 
113.187256 
113.186951 
113.187256 
113.187561 
113.187866 
113.187866 
113.187561 
113.187561 
113.187561 
113.187561 
113.187866 
113.187561 
113.187256 
113.187256 
113.186035 
113.186340 
113.186951 
113.187866 
113.189087 
113.188782 
113.188782 
113.188782 
113.188782 
113.188477 
113.188782 
113.187866 
113.188477 
113.188477 
113.187866 
113.188477 
113.188477 
113.188477 
113.188477 
113.189087 
113.189087 
113.189087 
113.188477 
113.187256 
113.186951 
113.186340 
113.186951 
113.186951 
113.187256 
113.187256 
113.187561 
113.187561 
113.187561 
113.187561 
113.187561 
113.187866 
113.187866 
113.187256 
113.187561 
113.186951 
113.186340 
113.186646 
113.186951 
113.188171 
113.189087 
113.188782 
113.188782 
113.189087 
113.189087 
113.188477 
113.188477 
113.188171 
113.188171 
113.188477 
113.188171 
113.187866 
113.188477 
113.188171 
113.188477 
113.189087 
113.189697 
113.189087 
113.188477 
113.187561 
113.186951 
113.186951 
113.187256 
113.186951 
113.187256 
113.187256 
113.187561 
113.187866 
113.187256 
113.187866 
113.187561 
113.187561 
113.187561 
113.187561 
113.187256 
113.186646 
113.186646 
113.186646 
113.186951 
113.187866 
113.188782 
113.188782 
113.189087 
113.189392 
113.189087 
113.188477 
113.188477 
113.187866 
113.188477 
113.188171 
113.188477 
113.188171 
113.188477 
113.188477 
113.188782 
113.189087 
113.189087 
113.189392 
113.188782 
113.187561 
113.186951 
113.186951 
113.187256 
113.186951 
113.187256 
113.187256 
113.187561 
113.187866 
113.187561 
113.187561 
113.187561 
113.187256 
113.187561 
113.187561 
113.187561 
113.186646 
113.186340 
113.186340 
113.187256 
113.188171 
113.188477 
113.188782 
113.189087 
113.188782 
113.188782 
113.188782 
113.188171 
113.188171 
113.188171 
113.188171 
113.188171 
113.187866 
113.188477 
113.188477 
113.188477 
113.188782 
113.189392 
113.189087 
113.188782 
113.187561 
113.186646 
113.186646 
113.186646 
113.186951 
113.187256 
113.187561 
113.187561 
113.187866 
113.187256 
113.187866 
113.187561 
113.187561 
113.187256 
113.187256 
113.186951 
113.186646 
113.186340 
113.186035 
113.186951 
113.188171 
113.188782 
113.188782 
113.189392 
113.189087 
113.188782 
113.188477 
113.188477 
113.188171 
113.188477 
113.188171 
113.188171 
113.188171 
113.188171 
113.188782 
113.188477 
113.188782 
113.189392 
113.188782 
113.188782 
113.187561 
113.186646 
113.186646 
113.187256 
113.186951 
113.187256 
113.187256 
113.187561 
113.187866 
113.187561 
113.187256 
113.187561 
113.187256 
113.187866 
113.187561 
113.187256 
113.186646 
113.186340 
113.186340 
113.187256 
113.187866 
113.188782 
113.188782 
113.189087 
113.188782 
113.188782 
113.188477 
113.188171 
113.188171 
113.188477 
113.188171 
113.188171 
113.188171 
113.188477 
113.188477 
113.188477 
113.188782 
113.189392 
113.189087 
113.188477 
113.187561 
113.186340 
113.186340 
113.186951 
113.186951 
113.187256 
113.187256 
113.187866 
113.187866 
113.187561 
113.187561 
113.187561 
113.187866 
113.187561 
113.187561 
113.187561 
113.186951 
113.186646 
113.186340 
113.187256 
113.188477 
113.188782 
113.188782 
113.188782 
113.189087 
113.188477 
113.188477 
113.188171 
113.188171 
113.188171 
113.188171 
113.188477 
113.188171 
113.188477 
113.188782 
113.188171 
113.189087 
113.189087 
113.189087 
113.188477 
113.186951 
113.186646 
113.186340 
113.186035 
113.186646 
113.186951 
113.187256 
113.187256 
113.187866 
113.187561 
113.187866 
113.187561 
113.187866 
113.187561 
113.187561 
113.187256 
113.186646 
113.186646 
113.186035 
113.186951 
113.188171 
113.188782 
113.189087 
113.189087 
113.189087 
113.188477 
113.188477 
113.188171 
113.188171 
113.188171 
113.188477 
113.188171 
113.188171 
113.188477 
113.188477 
113.188477 
113.188782 
113.189697 
113.188782 
113.188477 
113.187256 
113.186646 
113.186340 
113.186951 
113.186951 
113.186951 
113.187561 
113.187561 
113.187561 
113.187561 
113.187561 
113.187256 
113.188171 
113.187561 
113.187561 
113.187256 
113.186951 
113.186646 
113.186340 
113.186646 
113.188171 
113.188782 
113.188782 
113.189087 
113.189087 
113.188477 
113.188477 
113.188171 
113.187866 
113.188171 
113.188477 
113.188477 
113.188477 
113.188477 
113.188477 
113.188782 
113.189087 
113.189087 
113.189392 
113.188477 
113.186951 
113.186951 
113.186646 
113.186951 
113.187256 
113.186951 
113.187256 
113.187561 
113.188171 
113.187561 
113.187866 
113.187561 
113.187561 
113.187561 
113.186951 
113.187256 
113.186646 
113.186340 
113.186340 
113.186951 
113.188171 
113.188782 
113.188782 
113.189697 
113.189087 
113.188782 
113.188782 
113.188477 
113.188171 
113.188171 
113.188477 
113.188171 
113.188171 
113.188782 
113.188477 
113.188171 
113.189087 
113.188782 
113.189087 
113.188477 
113.187561 
113.186646 
113.186951 
113.186951 
113.186646 
113.187561 
113.187256 
113.187866 
113.188171 
113.187561 
113.187866 
113.187561 
113.187561 
113.187561 
113.187561 
113.186951 
113.186646 
113.186035 
113.186340 
113.186951 
113.188171 
113.189087 
113.189087 
113.189392 
113.189087 
113.188782 
113.188477 
113.188782 
113.188171 
113.188782 
113.188477 
113.188477 
113.188171 
113.188477 
113.188477 
113.188171 
113.188782 
113.189087 
113.188782 
113.188477 
113.187256 
113.186340 
113.186646 
113.186951 
113.187256 
113.187561 
113.187256 
113.187561 
113.187561 
113.187561 
113.187256 
113.187866 
113.187561 
113.186951 
113.187256 
113.187256 
113.186646 
113.186035 
113.186035 
113.186951 
113.187866 
113.189087 
113.189087 
113.188782 
113.188782 
113.188782 
113.188477 
113.188477 
113.187866 
113.188171 
113.188171 
113.188171 
113.188477 
113.187866 
113.188477 
113.188477 
113.188782 
113.189392 
113.188477 
113.188477 
113.187561 
113.186340 
113.186340 
113.187256 
113.186951 
113.187256 
113.187561 
113.187561 
113.187866 
113.187561 
113.187561 
113.187561 
113.187256 
113.187561 
113.187256 
113.186951 
113.186646 
113.186340 
113.186340 
113.187256 
113.188477 
113.189087 
113.189087 
113.189087 
113.189087 
113.188782 
113.188477 
113.188171 
113.188171 
113.188477 
113.188171 
113.188171 
113.188477 
113.188477 
113.188782 
113.188477 
113.189087 
113.189087 
113.189087 
113.188171 
113.187256 
113.186646 
113.186035 
113.186646 
113.187256 
113.186951 
113.187561 
113.187561 
113.187866 
113.187256 
113.187561 
113.187256 
113.187866 
113.187561 
113.186951 
113.187256 
113.186646 
113.186646 
113.186646 
113.187256 
113.188171 
113.188477 
113.188782 
113.189087 
113.188782 
113.189087 
113.188477 
113.188477 
113.187866 
113.188171 
113.188477 
113.188477 
113.188477 
113.188782 
113.188782 
113.188782 
113.188782 
113.189087 
113.189392 
113.188171 
113.186951 
113.186340 
113.186646 
113.186646 
113.186951 
113.186951 
113.187561 
113.187866 
113.188171 
113.187561 
113.187561 
113.187866 
113.187561 
113.187866 
113.187561 
113.187256 
113.186951 
113.186340 
113.186035 
113.187256 
113.188171 
113.189087 
113.189087 
113.189087 
113.188782 
113.189087 
113.188477 
113.188171 
113.187866 
113.187866 
113.188477 
113.188477 
113.188477 
113.188477 
113.188477 
113.188477 
113.189087 
113.188782 
113.189087 
113.188477 
113.187256 
113.186951 
113.186646 
113.186951 
113.187256 
113.187256 
113.187561 
113.187256 
113.187866 
113.187561 
113.187866 
113.187866 
113.187561 
113.187561 
113.187256 
113.187256 
113.186646 
113.186035 
113.186340 
113.187256 
113.188171 
113.188782 
113.189087 
113.189087 
113.189087 
113.188782 
113.188171 
113.188782 
113.188171 
113.187561 
113.188477 
113.187866 
113.188171 
113.188477 
113.188477 
113.188782 
113.189087 
113.189392 
113.189392 
113.188477 
113.187561 
113.186646 
113.186646 
113.186951 
113.187256 
113.187561 
113.187561 
113.187561 
113.187866 
113.187561 
113.187561 
113.187866 
113.187561 
113.187256 
113.187256 
113.186340 
113.186340 
113.186035 
113.186340 
113.186951 
113.188477 
113.188782 
113.189087 
113.188782 
113.189087 
113.189087 
113.188477 
113.188477 
113.188171 
113.188171 
113.188477 
113.188171 
113.188477 
113.188477 
113.188171 
113.188477 
113.188477 
113.189087 
113.189392 
113.188477 
113.187561 
113.186646 
113.186646 
113.186951 
113.186951 
113.187256 
113.187561 
113.187561 
113.187256 
113.186951 
113.186646 
113.186035 
113.185120 
113.183594 
113.182678 
113.180542 
113.179016 
113.176270 
113.174133 
113.172302 
113.170471 
113.168335 
113.164978 
113.162231 
113.157349 
113.153381 
113.148193 
113.143005 
113.137207 
113.131714 
113.125610 
113.118896 
113.112183 
113.104858 
113.097534 
113.089905 
113.081970 
113.073425 
113.064575 
113.055115 
113.044128 
113.033752 
113.023987 
113.014526 
113.004150 
112.994080 
112.984009 
112.973633 
112.963562 
112.952881 
112.941589 
112.930908 
112.919617 
112.908936 
112.897949 
112.885742 
112.874146 
112.862854 
112.851868 
112.841492 
112.831421 
112.820740 
112.810669 
112.799377 
112.788696 
112.777100 
112.765808 
112.754517 
112.743530 
112.731934 
112.721252 
112.710571 
112.699585 
112.688599 
112.677917 
112.667847 
112.656860 
112.646790 
112.636108 
112.624817 
112.613220 
112.601929 
112.590942 
112.580566 
112.569885 
112.559814 
112.549438 
112.539368 
112.529297 
112.518616 
112.508545 
112.497864 
112.486877 
112.476807 
112.466431 
112.455444 
112.445068 
112.434082 
112.423401 
112.413940 
112.404785 
112.395325 
112.384949 
112.374573 
112.364197 
112.353516 
112.343140 
112.332764 
112.322083 
112.311401 
112.301025 
112.290649 
112.280579 
112.269897 
112.259827 
112.249451 
112.239380 
112.229919 
112.219543 
112.207947 
112.196655 
112.185364 
112.174988 
112.164612 
112.153931 
112.144165 
112.134399 
112.124023 
112.113647 
112.102966 
112.092590 
112.082214 
112.072144 
112.061768 
112.051086 
112.040100 
112.029724 
112.018433 
112.007751 
111.998596 
111.988831 
111.979370 
111.968994 
111.958618 
111.947937 
111.937256 
111.926270 
111.915894 
111.905212 
111.895142 
111.883850 
111.874084 
111.863403 
111.853027 
111.842957 
111.832886 
111.822510 
111.812439 
111.801758 
111.790771 
111.779175 
111.768188 
111.757813 
111.747742 
111.737366 
111.727295 
111.717224 
111.707153 
111.697083 
111.687012 
111.676636 
111.666565 
111.656189 
111.645813 
111.634827 
111.624146 
111.613464 
111.602478 
111.592407 
111.583252 
111.573792 
111.564331 
111.553955 
111.544189 
111.533508 
111.523132 
111.512756 
111.501770 
111.491089 
111.480103 
111.470032 
111.459961 
111.448975 
111.438904 
111.428528 
111.418762 
111.408691 
111.398315 
111.388245 
111.376953 
111.365967 
111.354370 
111.343994 
111.334229 
111.323547 
111.313477 
111.302795 
111.293030 
111.283264 
111.272888 
111.262512 
111.252136 
111.241455 
111.231689 
111.221008 
111.210022 
111.199036 
111.188660 
111.178894 
111.168518 
111.159058 
111.149597 
111.139526 
111.129761 
111.119385 
111.108398 
111.098022 
111.087341 
111.076965 
111.066589 
111.056213 
111.045532 
111.035461 
111.025085 
111.015015 
111.004333 
110.994568 
110.984802 
110.974426 
110.963440 
110.952454 
110.941162 
110.931091 
110.921021 
110.910950 
110.900574 
110.890503 
110.880127 
110.870972 
110.859985 
110.849915 
110.839844 
110.829468 
110.819092 
110.808716 
110.798035 
110.787048 
110.776978 
110.766296 
110.756531 
110.747681 
110.737915 
110.728149 
110.717773 
110.707397 
110.696411 
110.686035 
110.675354 
110.664063 
110.654297 
110.643311 
110.632935 
110.622559 
110.612183 
110.601807 
110.591736 
110.581970 
110.571594 
110.561218 
110.550232 
110.538635 
110.527039 
110.516968 
110.506897 
110.496521 
110.486450 
110.476379 
110.466003 
110.455933 
110.446167 
110.435791 
110.425415 
110.415344 
110.404968 
110.394287 
110.383301 
110.372925 
110.361938 
110.351563 
110.342712 
110.333252 
110.323792 
110.313721 
110.303955 
110.293579 
110.282593 
110.272522 
110.262146 
110.251770 
110.242310 
110.232239 
110.222778 
110.213623 
110.204468 
110.196228 
110.188293 
110.180969 
110.173645 
110.166321 
110.158691 
110.151367 
110.144653 
110.139465 
110.134583 
110.129700 
110.125427 
110.121765 
110.118103 
110.115356 
110.112610 
110.110779 
110.108337 
110.106506 
110.104675 
110.103455 
110.102234 
110.101013 
110.100098 
110.100098 
110.100708 
110.101624 
110.102234 
110.102234 
110.102539 
110.102539 
110.102234 
110.101624 
110.101929 
110.101624 
110.101929 
110.101929 
110.102234 
110.102539 
110.102539 
110.103149 
110.103149 
110.103760 
110.104370 
110.104370 
110.103455 
110.102844 
110.102234 
110.102234 
110.102844 
110.102844 
110.103760 
110.103455 
110.104065 
110.104370 
110.104675 
110.104980 
110.105286 
110.104980 
110.105286 
110.104980 
110.104675 
110.104065 
110.104065 
110.103760 
110.104675 
110.105896 
110.106812 
110.107117 
110.107117 
110.107117 
110.107117 
110.106506 
110.106506 
110.106812 
110.106506 
110.106201 
110.106201 
110.106506 
110.106506 
110.106506 
110.106506 
110.107117 
110.107422 
110.107117 
110.106506 
110.105286 
110.104980 
110.104675 
110.104980 
110.104675 
110.104675 
110.105591 
110.105896 
110.105896 
110.105286 
110.105591 
110.105896 
110.105591 
110.105286 
110.105591 
110.105286 
110.104980 
110.104065 
110.104675 
110.105286 
110.105896 
110.107117 
110.107117 
110.107117 
110.107422 
110.107117 
110.106506 
