Blum, K. P., D’Incamps, B. L., Zytnicki, D., & Ting, L. H. (2017).
Force encoding in muscle spindles during stretch of
passive muscle. PLoS computational biology, 13(9), 
e1005767. <https://journals.plos.org/ploscompbiol/article?
id=10.1371/journal.pcbi.1005767>

cat medial gastrocnemius muscle lengths over t  (in 0.0005 s increments)
110.110168 
110.110474 
110.110474 
110.111389 
110.111389 
110.110779 
110.109863 
110.108643 
110.108032 
110.108337 
110.108948 
110.109253 
110.109863 
110.109558 
110.109558 
110.109863 
110.110168 
110.110168 
110.109863 
110.110168 
110.109863 
110.109863 
110.109253 
110.108948 
110.108643 
110.108948 
110.110168 
110.111389 
110.112000 
110.111694 
110.111389 
110.111389 
110.110474 
110.110168 
110.110168 
110.110168 
110.109863 
110.109863 
110.109558 
110.110168 
110.110168 
110.110474 
110.110779 
110.111084 
110.111694 
110.111084 
110.109863 
110.108643 
110.108337 
110.108643 
110.108948 
110.109253 
110.109253 
110.109863 
110.110474 
110.110168 
110.109863 
110.110168 
110.110474 
110.109863 
110.110168 
110.109863 
110.109558 
110.108337 
110.108643 
110.108643 
110.110168 
110.111084 
110.111694 
110.111694 
110.111084 
110.111084 
110.110474 
110.110474 
110.109863 
110.109863 
110.109863 
110.109863 
110.109863 
110.110168 
110.110168 
110.110168 
110.110474 
110.111389 
110.111694 
110.111084 
110.109558 
110.108337 
110.108337 
110.108948 
110.108948 
110.108948 
110.109558 
110.109863 
110.110168 
110.109863 
110.109863 
110.110474 
110.110168 
110.109863 
110.109863 
110.109863 
110.109253 
110.108643 
110.108643 
110.109253 
110.110168 
110.111389 
110.112000 
110.112000 
110.112305 
110.112610 
110.112305 
110.113220 
110.113831 
110.115051 
110.116882 
110.118713 
110.120850 
110.123291 
110.126953 
110.130615 
110.135193 
110.140381 
110.145264 
110.150146 
110.154724 
110.159607 
110.165710 
110.172119 
110.179749 
110.187073 
110.195313 
110.203247 
110.212097 
110.220947 
110.229187 
110.238953 
110.247803 
110.257263 
110.266113 
110.276184 
110.285339 
110.294495 
110.304565 
110.314941 
110.326538 
110.338135 
110.348816 
110.359497 
110.370178 
110.380859 
110.391235 
110.401917 
110.414124 
110.425415 
110.437622 
110.450134 
110.462952 
110.475769 
110.489502 
110.503540 
110.517578 
110.531921 
110.545654 
110.558472 
110.570374 
110.582275 
110.594788 
110.606995 
110.618896 
110.630798 
110.642090 
110.653076 
110.663452 
110.673828 
110.683899 
110.693054 
110.702515 
110.711365 
110.720215 
110.729065 
110.737305 
110.745850 
110.753784 
110.763855 
110.773315 
110.783691 
110.793152 
110.802002 
110.810547 
110.819702 
110.828247 
110.837402 
110.846252 
110.855408 
110.864563 
110.873718 
110.883484 
110.892334 
110.902710 
110.912781 
110.922546 
110.932312 
110.942993 
110.952454 
110.960693 
110.969543 
110.979309 
110.989380 
110.999451 
111.009827 
111.021118 
111.031189 
111.041565 
111.052551 
111.062927 
111.073303 
111.083679 
111.093750 
111.103821 
111.113892 
111.123657 
111.133423 
111.143494 
111.154480 
111.166077 
111.177979 
111.188660 
111.198730 
111.209106 
111.219482 
111.229553 
111.239319 
111.249084 
111.259766 
111.269531 
111.279602 
111.289978 
111.300659 
111.311035 
111.322021 
111.333313 
111.343689 
111.354370 
111.364441 
111.373291 
111.381836 
111.391907 
111.402588 
111.412659 
111.423645 
111.434021 
111.444397 
111.455078 
111.465759 
111.475830 
111.486206 
111.496582 
111.506958 
111.517029 
111.526794 
111.536560 
111.546021 
111.556091 
111.566772 
111.577759 
111.589355 
111.600037 
111.610413 
111.620483 
111.630554 
111.640320 
111.650085 
111.660461 
111.670532 
111.679993 
111.690369 
111.700745 
111.711426 
111.721497 
111.732178 
111.742554 
111.753845 
111.763916 
111.774292 
111.783142 
111.791992 
111.802368 
111.812134 
111.823120 
111.833496 
111.844482 
111.854553 
111.865234 
111.875916 
111.886292 
111.896362 
111.907043 
111.916809 
111.927185 
111.936951 
111.947021 
111.956482 
111.966858 
111.977234 
111.989441 
112.000122 
112.011414 
112.021790 
112.031555 
112.041931 
112.052002 
112.062073 
112.071838 
112.081909 
112.091980 
112.102356 
112.113342 
112.124329 
112.134399 
112.145081 
112.156067 
112.167053 
112.177429 
112.187500 
112.196655 
112.206116 
112.215576 
112.226563 
112.236938 
112.247314 
112.257996 
112.268982 
112.279968 
112.290649 
112.301025 
112.311401 
112.322083 
112.332153 
112.342529 
112.352600 
112.362366 
112.372742 
112.382202 
112.393188 
112.404175 
112.416077 
112.427368 
112.437744 
112.448120 
112.458191 
112.468262 
112.477722 
112.488098 
112.498169 
112.508545 
112.519226 
112.528992 
112.539978 
112.550049 
112.560730 
112.571716 
112.582397 
112.593994 
112.603149 
112.612305 
112.621765 
112.631531 
112.641907 
112.652283 
112.662964 
112.673645 
112.684326 
112.695313 
112.705688 
112.716064 
112.726746 
112.736816 
112.746887 
112.757874 
112.767334 
112.777100 
112.787170 
112.796936 
112.807312 
112.818909 
112.830811 
112.841187 
112.851868 
112.861633 
112.871704 
112.881470 
112.891846 
112.901917 
112.911682 
112.921753 
112.932434 
112.942505 
112.952881 
112.963562 
112.974243 
112.985229 
112.995911 
113.005981 
113.016357 
113.024902 
113.034058 
113.043823 
113.054199 
113.063965 
113.074036 
113.083801 
113.093262 
113.102417 
113.110962 
113.119812 
113.127747 
113.135376 
113.142700 
113.149414 
113.155212 
113.160706 
113.166504 
113.171387 
113.176880 
113.182678 
113.187866 
113.191833 
113.195190 
113.198853 
113.200989 
113.202515 
113.204041 
113.205566 
113.206482 
113.207397 
113.208008 
113.208313 
113.209229 
113.209534 
113.209839 
113.210449 
113.210754 
113.211060 
113.210144 
113.208313 
113.207092 
113.206482 
113.206482 
113.206482 
113.206177 
113.206177 
113.205872 
113.205872 
113.205872 
113.205261 
113.204956 
113.204041 
113.203125 
113.202820 
113.202209 
113.200989 
113.200378 
113.199158 
113.199158 
113.200073 
113.200989 
113.200989 
113.200989 
113.200073 
113.199463 
113.198547 
113.198242 
113.197632 
113.197327 
113.197327 
113.196411 
113.196716 
113.196106 
113.196106 
113.196411 
113.196716 
113.197632 
113.197632 
113.197021 
113.195801 
113.194580 
113.193970 
113.193970 
113.194580 
113.194580 
113.194580 
113.195190 
113.195496 
113.195496 
113.195496 
113.195496 
113.195496 
113.195496 
113.195190 
113.195190 
113.194580 
113.193970 
113.193359 
113.193970 
113.195190 
113.196716 
113.196411 
113.196411 
113.196411 
113.195801 
113.195496 
113.195190 
113.194885 
113.194580 
113.194580 
113.194580 
113.194580 
113.194885 
113.194580 
113.195190 
113.195496 
113.195801 
113.195801 
113.195496 
113.194275 
113.193359 
113.192749 
113.192749 
113.193359 
113.193665 
113.193970 
113.194275 
113.194580 
113.194275 
113.194275 
113.194885 
113.194275 
113.194275 
113.194275 
113.193970 
113.193665 
113.193054 
113.192749 
113.192749 
113.193970 
113.195190 
113.195496 
113.195496 
113.195190 
113.194885 
113.194275 
113.194275 
113.193970 
113.193970 
113.193359 
113.193359 
113.193359 
113.193359 
113.193970 
113.194580 
113.194580 
113.194885 
113.195190 
113.194275 
113.193359 
113.192139 
113.192139 
113.192444 
113.192444 
113.193054 
113.193054 
113.193359 
113.193665 
113.193970 
113.193970 
113.194275 
113.193665 
113.193665 
113.193665 
113.193665 
113.193054 
113.192749 
113.192444 
113.193054 
113.194275 
113.195190 
113.195801 
113.195496 
113.195496 
113.194885 
113.194580 
113.194275 
113.194275 
113.193970 
113.193970 
113.194275 
113.193970 
113.193970 
113.194275 
113.194580 
113.194885 
113.195496 
113.195496 
113.195496 
113.194275 
113.192749 
113.192749 
113.192749 
113.193359 
113.193359 
113.193665 
113.193665 
113.194275 
113.194580 
113.194885 
113.194275 
113.194275 
113.194275 
113.194275 
113.193970 
113.193359 
113.193054 
113.192749 
113.193054 
113.194580 
113.195190 
113.195801 
113.195496 
113.195190 
113.194885 
113.194885 
113.194275 
113.193970 
113.193665 
113.193359 
113.193665 
113.193665 
113.193665 
113.193970 
113.194275 
113.194580 
113.194580 
113.195496 
113.194580 
113.193359 
113.192444 
113.191528 
113.191833 
113.192139 
113.192139 
113.192444 
113.193054 
113.193665 
113.193665 
113.193359 
113.193359 
113.193359 
113.193665 
113.193054 
113.193054 
113.192444 
113.191833 
113.191833 
113.191833 
113.193054 
113.194580 
113.194580 
113.194580 
113.194275 
113.193970 
113.193665 
113.193359 
113.193054 
113.193054 
113.192749 
113.192749 
113.193054 
113.193054 
113.193359 
113.193665 
113.193970 
113.194275 
113.194275 
113.193970 
113.192749 
113.191528 
113.191223 
113.191223 
113.191833 
113.192139 
113.192444 
113.193359 
113.193665 
113.193054 
113.193359 
113.193359 
113.193359 
113.192749 
113.193665 
113.192444 
113.192139 
113.191833 
113.191528 
113.191833 
113.193359 
113.194580 
113.194580 
113.194580 
113.194580 
113.194275 
113.193665 
113.193359 
113.193359 
113.193054 
113.193054 
113.193054 
113.193054 
113.193359 
113.193359 
113.193665 
113.193665 
113.194275 
113.194885 
113.193970 
113.193054 
113.191833 
113.191528 
113.191528 
113.192139 
113.192139 
113.192444 
113.193054 
113.193054 
113.193054 
113.193359 
113.193054 
113.193054 
113.193054 
113.193054 
113.192749 
113.191833 
113.191833 
113.191528 
113.191833 
113.193054 
113.194275 
113.194580 
113.194275 
113.194275 
113.193970 
113.193359 
113.193054 
113.192749 
113.192444 
113.192139 
113.192444 
113.192444 
113.192444 
113.192444 
113.193054 
113.193359 
113.193970 
113.193970 
113.193359 
113.192139 
113.191223 
113.190613 
113.190918 
113.191223 
113.191833 
113.191833 
113.192139 
113.192444 
113.192444 
113.192749 
113.192749 
113.192444 
113.192749 
113.192444 
113.192139 
113.191833 
113.190918 
113.190613 
113.191528 
113.192444 
113.193665 
113.194275 
113.194275 
113.193665 
113.193054 
113.193054 
113.192444 
113.192749 
113.192444 
113.191833 
113.192139 
113.192444 
113.192749 
113.192749 
113.193359 
113.193665 
113.193970 
113.193970 
113.193665 
113.192444 
113.191223 
113.191223 
113.191223 
113.191223 
113.191528 
113.192139 
113.192139 
113.192749 
113.192749 
113.193054 
113.192444 
113.193054 
113.192749 
113.192444 
113.192444 
113.192139 
113.191528 
113.190918 
113.191528 
113.193054 
113.193665 
113.194580 
113.193970 
113.193665 
113.193054 
113.193665 
113.193054 
113.192749 
113.192749 
113.192444 
113.192444 
113.192139 
113.192749 
113.192444 
113.192749 
113.193665 
113.193665 
113.193970 
113.193359 
113.192139 
113.190918 
113.191223 
113.191223 
113.191223 
113.191528 
113.191833 
113.192139 
113.192749 
113.192444 
113.192749 
113.192444 
113.192444 
113.192444 
113.192139 
113.192139 
113.191833 
113.190918 
113.190613 
113.191223 
113.192444 
113.193665 
113.193970 
113.193970 
113.193359 
113.193054 
113.192444 
113.192444 
113.191833 
113.191833 
113.191833 
113.191833 
113.191833 
113.192139 
113.191833 
113.192749 
113.193054 
113.193359 
113.193359 
113.192749 
113.192139 
113.190613 
113.190308 
113.190613 
113.190613 
113.191223 
113.191833 
113.191528 
113.191833 
113.192444 
113.192444 
113.192444 
113.192444 
113.192139 
113.192444 
113.191833 
113.191528 
113.191223 
113.190308 
113.190918 
113.192444 
113.193359 
113.193970 
113.193665 
113.193359 
113.193054 
113.192749 
113.192444 
113.191833 
113.192139 
113.192139 
113.192444 
113.192139 
113.192444 
113.192444 
113.192444 
113.193054 
113.193665 
113.193665 
113.193359 
113.191833 
113.190613 
113.190613 
113.190308 
113.190918 
113.190918 
113.191528 
113.192139 
113.191833 
113.192139 
113.192139 
113.192139 
113.192444 
113.192139 
113.192139 
113.191528 
113.191833 
113.191223 
113.190918 
113.191223 
113.192444 
113.193359 
113.193665 
113.193970 
113.193665 
113.193359 
113.192749 
113.192139 
113.192139 
113.192139 
113.192139 
113.191833 
113.191528 
113.191833 
113.192444 
113.192139 
113.193054 
113.193359 
113.193359 
113.193054 
113.191833 
113.190918 
113.190613 
113.190613 
113.190613 
113.190918 
113.191223 
113.191833 
113.192139 
113.192139 
113.192444 
113.191833 
113.192139 
113.191833 
113.192139 
113.191833 
113.191223 
113.190613 
113.190613 
113.190918 
113.192749 
113.193359 
113.193359 
113.193359 
113.193054 
113.193054 
113.192749 
113.192139 
113.192139 
113.191833 
113.191833 
113.191833 
113.191528 
113.192139 
113.191833 
113.192444 
113.192749 
113.193054 
113.193359 
113.193054 
113.191833 
113.190308 
113.190308 
113.190308 
113.190918 
113.190918 
113.191528 
113.191833 
113.192139 
113.192444 
113.192139 
113.192139 
113.192139 
113.191528 
113.192139 
113.191528 
113.191223 
113.190918 
113.190002 
113.190918 
113.191833 
113.193054 
113.193665 
113.193665 
113.193359 
113.192749 
113.192444 
113.191833 
113.192139 
113.192139 
113.191528 
113.192139 
113.191223 
113.191833 
113.192139 
113.192139 
113.192749 
113.193359 
113.193054 
113.193054 
113.191528 
113.190613 
113.189697 
113.190308 
113.190613 
113.190918 
113.191223 
113.191833 
113.191833 
113.192139 
113.192444 
113.191833 
113.192139 
113.192139 
113.191833 
113.191528 
113.191223 
113.190308 
113.190002 
113.190918 
113.192444 
113.193359 
113.193359 
113.193359 
113.193054 
113.192749 
113.192444 
113.192139 
113.191833 
113.191528 
113.191528 
113.191833 
113.191528 
113.191833 
113.192444 
113.192139 
113.192444 
113.192749 
113.193359 
113.192749 
113.191528 
113.190308 
113.190002 
113.190308 
113.190918 
113.190918 
113.191223 
113.191528 
113.191833 
113.191528 
113.191833 
113.192139 
113.191833 
113.191833 
113.191833 
113.191223 
113.190918 
113.190918 
113.190308 
113.190308 
113.192139 
113.193359 
113.193359 
113.193359 
113.193054 
113.192749 
113.192444 
113.191833 
113.192139 
113.191833 
113.191528 
113.191833 
113.191223 
113.191528 
113.191528 
113.192749 
113.192444 
113.193054 
113.193054 
113.192444 
113.191223 
113.190613 
113.190002 
113.190308 
113.190613 
113.190918 
113.191223 
113.191223 
113.191833 
113.191528 
113.191833 
113.192139 
113.191833 
113.191833 
113.191528 
113.191223 
113.191223 
113.190613 
113.190002 
113.190613 
113.191833 
113.193054 
113.193359 
113.193359 
113.192749 
113.192444 
113.192444 
113.191833 
113.191833 
113.191833 
113.191833 
113.191528 
113.191528 
113.192444 
113.192139 
113.191833 
113.192749 
113.193054 
113.193054 
113.192749 
113.191528 
113.190308 
113.190002 
113.190002 
113.190918 
113.190918 
113.191528 
113.191833 
113.192139 
113.191528 
113.192139 
113.191833 
113.191833 
113.191528 
113.191223 
113.191528 
113.190918 
113.190308 
113.190002 
113.190613 
113.191833 
113.193359 
113.193359 
113.193054 
113.192749 
113.192444 
113.192444 
113.192139 
113.191528 
113.191833 
113.191528 
113.191528 
113.190918 
113.191833 
113.191833 
113.192139 
113.192749 
113.193054 
113.193359 
113.192444 
113.191528 
113.190613 
113.190002 
113.190002 
113.190613 
113.190308 
113.191223 
113.191528 
113.191833 
113.191528 
113.192139 
113.191833 
113.191528 
113.191833 
113.191223 
113.191223 
113.190613 
113.190308 
113.190002 
113.190613 
113.191528 
113.192749 
113.193359 
113.192749 
113.193054 
113.192444 
113.192139 
113.191833 
113.191223 
113.191528 
113.191528 
113.191528 
113.191528 
113.191833 
113.191833 
113.191833 
113.192444 
113.193054 
113.193359 
113.192749 
113.191833 
113.190002 
113.190002 
113.190308 
113.190613 
113.190613 
113.190918 
113.191833 
113.191528 
113.191833 
113.192139 
113.191528 
113.191833 
113.192139 
113.191833 
113.191528 
113.190918 
113.190613 
113.190002 
113.190613 
113.191833 
113.193054 
113.193359 
113.193054 
113.192749 
113.192444 
113.192444 
113.191833 
113.191528 
113.191223 
113.191528 
113.191223 
113.191528 
113.191528 
113.191528 
113.191833 
113.192749 
113.192749 
113.192749 
113.192749 
113.191223 
113.190002 
113.190308 
113.190308 
113.190308 
113.190613 
113.190918 
113.190918 
113.191528 
113.191833 
113.191833 
113.192139 
113.191528 
113.191528 
113.191528 
113.190918 
113.190613 
113.190002 
113.190002 
113.190308 
113.191833 
113.192749 
113.193054 
113.193054 
113.192749 
113.192444 
113.192139 
113.191528 
113.191528 
113.191528 
113.191528 
113.191223 
113.190918 
113.191528 
113.191528 
113.191833 
113.192444 
113.192749 
113.193054 
113.192749 
113.191528 
113.190002 
113.189697 
113.190308 
113.190613 
113.190613 
113.190918 
113.191528 
113.191528 
113.191833 
113.191528 
113.191528 
113.192139 
113.191833 
113.191223 
113.191223 
113.190308 
113.190613 
113.190002 
113.190613 
113.191833 
113.193054 
113.193359 
113.192749 
113.192749 
113.192444 
113.191833 
113.191528 
113.191833 
113.191528 
113.191528 
113.191528 
113.191223 
113.191528 
113.191833 
113.192139 
113.192139 
113.193054 
113.193359 
113.192444 
113.191223 
113.190308 
113.189697 
113.190002 
113.190918 
113.190613 
113.191223 
113.191223 
113.192139 
113.191528 
113.191833 
113.191833 
113.192139 
113.191528 
113.191528 
113.191223 
113.190918 
113.190308 
113.190002 
113.190002 
113.191223 
113.193054 
113.193665 
113.192749 
113.192444 
113.192444 
113.192139 
113.191833 
113.191223 
113.191223 
113.191223 
113.191833 
113.191223 
113.191528 
113.191528 
113.191833 
113.192444 
113.193054 
113.193054 
113.192444 
113.191223 
113.189697 
113.189697 
113.189697 
113.190308 
113.190918 
113.190918 
113.191223 
113.191833 
113.191528 
113.191528 
113.191833 
113.191528 
113.191833 
113.191223 
113.191528 
113.190918 
113.190002 
113.190002 
113.190613 
113.191833 
113.193054 
113.193054 
113.193054 
113.192444 
113.192444 
113.192139 
113.191833 
113.191528 
113.191528 
113.191223 
113.190918 
113.191223 
113.191528 
113.191528 
113.191833 
113.192139 
113.192749 
113.192749 
113.192749 
113.191528 
113.190613 
113.190002 
113.189697 
113.190308 
113.190613 
113.190918 
113.190918 
113.191528 
113.192139 
113.191528 
113.191833 
113.191223 
113.191833 
113.191223 
113.191223 
113.190613 
113.190002 
113.190002 
113.190613 
113.192139 
113.192749 
113.193054 
113.193054 
113.192749 
113.192749 
113.192139 
113.191833 
113.191223 
113.191528 
113.191223 
113.191223 
113.191528 
113.191833 
113.191528 
113.192139 
113.192139 
113.192749 
113.193054 
113.193054 
113.190918 
113.189697 
113.189697 
113.190002 
113.190308 
113.190613 
113.191223 
113.191223 
113.191223 
113.191528 
113.191223 
113.192139 
113.191833 
113.192139 
113.191223 
113.191223 
113.190613 
113.190002 
113.190308 
113.190613 
113.191833 
113.193054 
113.193359 
113.192749 
113.192444 
113.192139 
113.191833 
113.191528 
113.191223 
113.191223 
113.191528 
113.191528 
113.191528 
113.191528 
113.191833 
113.191833 
113.192139 
113.192444 
113.193054 
113.192444 
113.191833 
113.190002 
113.189697 
113.190002 
113.190308 
113.190308 
113.191223 
113.191528 
113.191223 
113.191528 
113.191528 
113.191528 
113.191528 
113.191528 
113.191223 
113.190918 
113.190918 
113.190002 
113.189697 
113.190918 
113.191833 
113.192749 
113.193054 
113.193054 
113.192749 
113.192139 
113.192139 
113.191528 
113.191223 
113.191223 
113.191223 
113.191223 
113.191528 
113.191223 
113.191528 
113.191833 
113.192139 
113.192444 
113.193054 
113.192444 
113.191223 
113.190308 
113.190002 
113.189392 
113.190613 
113.190613 
113.190918 
113.191528 
113.191528 
113.191223 
113.191833 
113.192139 
113.191833 
113.191528 
113.191528 
113.190918 
113.190918 
113.190308 
113.190002 
113.190918 
113.191833 
113.192749 
113.193054 
113.193359 
113.192444 
113.192749 
113.192139 
113.191833 
113.191528 
113.191528 
113.190918 
113.191223 
113.191528 
113.191528 
113.191528 
113.191528 
113.192444 
113.192749 
113.192749 
113.192749 
113.190613 
113.190002 
113.189392 
113.190308 
113.190002 
113.190308 
113.190918 
113.191528 
113.191833 
113.191528 
113.191528 
113.191528 
113.191833 
113.191833 
113.191528 
113.190918 
113.190613 
113.190308 
113.189697 
113.190308 
113.191528 
113.192749 
113.193359 
113.193054 
113.193054 
113.192444 
113.191833 
113.191528 
113.191528 
113.191223 
113.191528 
113.191223 
113.190918 
113.191223 
113.191528 
113.191528 
113.192444 
113.192749 
113.192444 
113.192139 
113.191223 
113.189697 
113.189697 
113.190002 
113.190308 
113.190613 
113.190918 
113.191223 
113.191223 
113.191833 
113.191528 
113.191528 
113.191528 
113.191528 
113.191528 
113.191223 
113.190308 
113.190308 
113.190002 
113.190613 
113.191833 
113.192749 
113.192749 
113.193054 
113.192749 
113.192444 
113.191833 
113.192444 
113.191528 
113.190918 
113.190918 
113.191223 
113.191528 
113.191833 
113.191833 
113.191833 
113.192444 
113.192444 
113.192749 
113.192444 
113.191223 
113.190002 
113.189697 
113.190002 
113.190308 
113.190613 
113.190918 
113.191528 
113.191528 
113.191833 
113.191833 
113.191833 
113.191528 
113.191833 
113.191223 
113.191223 
113.190918 
113.190308 
113.190002 
113.190613 
113.191833 
113.192749 
113.193054 
113.192749 
113.192749 
113.192444 
113.191528 
113.191528 
113.191223 
113.191223 
113.190918 
113.191223 
113.190918 
113.191223 
113.191528 
113.192139 
113.192444 
113.192749 
113.193054 
113.192139 
113.190918 
113.190002 
113.189392 
113.190002 
113.190308 
113.190613 
113.190613 
113.191223 
113.191528 
113.191223 
113.191528 
113.192139 
113.191833 
113.191528 
113.191528 
113.190918 
113.190308 
113.190613 
113.189697 
113.190002 
113.191833 
113.192749 
113.193054 
113.192749 
113.192749 
113.192444 
113.192444 
113.191528 
113.190918 
113.191223 
113.191833 
113.191223 
113.191223 
113.191528 
113.191528 
113.192139 
113.192139 
113.192444 
113.192749 
113.192444 
113.191528 
113.190308 
113.189697 
113.189697 
113.190002 
113.190308 
113.191223 
113.191223 
113.191528 
113.191528 
113.191833 
113.191528 
113.191528 
113.191833 
113.191833 
113.191223 
113.190918 
113.189697 
113.189697 
113.190308 
113.191833 
113.192749 
113.193359 
113.192749 
113.192749 
113.192444 
113.192139 
113.191833 
113.191528 
113.191528 
113.191528 
113.191223 
113.191223 
113.191223 
113.191833 
113.191833 
113.192139 
113.192749 
113.193054 
113.192749 
113.190918 
113.190002 
113.189697 
113.189697 
113.190308 
113.190613 
113.190918 
113.190918 
113.191528 
113.191833 
113.191833 
113.192139 
113.191528 
113.191528 
113.191223 
113.191223 
113.190613 
113.190002 
113.190002 
113.190308 
113.191833 
113.193054 
113.192749 
113.192749 
113.193054 
113.192139 
113.191833 
113.191833 
113.191528 
113.191528 
113.191223 
113.191223 
113.191223 
113.191223 
113.191528 
113.191833 
113.192444 
113.193054 
113.193054 
113.192139 
113.191223 
113.190002 
113.189392 
113.189392 
113.190002 
113.190918 
113.190918 
113.191223 
113.191833 
113.191833 
113.191528 
113.191528 
113.191833 
113.191528 
113.191223 
113.191223 
113.190613 
113.190002 
113.190002 
113.190308 
113.191833 
113.192749 
113.192749 
113.192749 
113.193054 
113.192139 
113.192444 
113.191528 
113.190918 
113.191223 
113.191223 
113.191223 
113.191223 
113.191528 
113.191528 
113.191833 
113.192139 
113.192444 
113.193054 
113.192139 
113.190918 
113.189697 
113.190002 
113.189697 
113.190002 
113.190613 
113.190918 
113.191223 
113.191833 
113.191528 
113.191528 
113.191833 
113.191528 
113.191833 
113.191528 
113.191223 
113.190308 
113.190308 
113.190308 
113.190308 
113.191528 
113.192749 
113.193359 
113.192749 
113.192444 
113.192444 
113.192139 
113.191833 
113.191223 
113.190918 
113.190918 
113.190918 
113.191528 
113.191223 
113.191223 
113.191833 
113.192139 
113.192749 
113.192749 
113.192749 
113.191223 
113.190002 
113.190002 
113.189697 
113.190308 
113.190918 
113.190613 
113.191528 
113.191833 
113.191528 
113.191528 
113.191833 
113.191223 
113.191223 
113.191528 
113.191223 
113.190308 
113.190002 
113.190002 
113.190613 
113.191833 
113.192749 
113.193665 
113.192749 
113.192749 
113.192139 
113.191833 
113.191528 
113.191528 
113.190918 
113.190918 
113.191528 
113.190918 
113.191223 
113.191528 
113.191833 
113.192139 
113.192444 
113.192749 
113.192444 
113.191223 
113.189697 
113.189697 
113.190002 
113.190002 
113.190613 
113.190613 
113.191223 
113.191223 
113.191528 
113.191528 
113.191528 
113.191833 
113.191528 
113.191223 
113.190918 
113.190918 
113.190002 
113.189697 
113.190002 
113.191223 
113.192749 
113.193054 
113.192749 
113.192444 
113.192139 
113.191528 
113.191528 
113.191223 
113.191223 
113.190918 
113.191223 
113.191223 
113.191528 
113.191528 
113.191833 
113.192139 
113.192444 
113.192749 
113.192139 
113.191223 
113.189697 
113.189392 
113.189697 
113.190002 
113.190613 
113.190918 
113.190918 
113.191528 
113.191528 
113.191833 
113.191528 
113.191223 
113.191528 
113.191223 
113.190918 
113.190613 
113.190002 
113.189697 
113.190918 
113.191833 
113.192444 
113.193054 
113.193054 
113.192139 
113.192139 
113.192139 
113.191833 
113.190918 
113.190918 
113.191223 
113.190918 
113.191528 
113.191223 
113.191528 
113.192139 
113.192444 
113.192749 
113.192749 
113.192749 
113.191223 
113.190002 
113.189697 
113.190308 
113.190308 
113.190308 
113.191223 
113.191528 
113.191833 
113.191528 
113.192139 
113.191528 
113.191528 
113.191833 
113.191223 
113.190613 
113.190613 
113.190002 
113.190002 
113.190308 
113.191528 
113.192749 
113.193054 
113.193054 
113.192749 
113.192444 
113.192139 
113.191833 
113.191528 
113.190918 
113.191528 
113.191528 
113.191223 
113.191528 
113.191833 
113.191528 
113.192139 
113.192749 
113.193359 
113.192444 
113.190918 
113.189697 
113.190002 
113.189697 
113.189697 
113.190613 
113.190918 
113.191223 
113.191528 
113.191223 
113.191528 
113.191833 
113.191528 
113.191528 
113.191223 
113.191223 
113.190308 
113.190613 
113.190002 
113.190002 
113.191833 
113.193054 
113.193054 
113.192139 
113.192444 
113.192139 
113.191833 
113.191833 
113.191223 
113.191223 
113.191528 
113.191223 
113.191223 
113.191223 
113.191528 
113.192139 
113.192444 
113.192444 
113.193054 
113.192139 
113.191223 
113.190002 
113.189697 
113.190002 
113.190002 
113.190308 
113.190613 
113.191528 
113.191528 
113.191528 
113.191528 
113.191833 
113.191223 
113.190918 
113.191223 
113.191223 
113.190613 
113.190308 
113.190002 
113.190308 
113.191833 
113.192749 
113.193359 
113.192749 
113.192749 
113.192444 
113.192139 
113.191528 
113.191528 
113.191223 
113.191528 
113.191223 
113.190918 
113.190918 
113.191528 
113.191833 
113.192139 
113.192749 
113.193054 
113.192139 
113.191223 
113.190002 
113.189697 
113.189697 
113.190002 
113.190918 
113.190918 
113.190918 
113.191528 
113.191833 
113.191528 
113.191528 
113.191528 
113.191833 
113.191528 
113.191223 
113.190918 
113.190002 
113.189697 
113.190613 
113.191528 
113.192749 
113.193054 
113.193054 
113.192444 
113.192749 
113.191833 
113.191833 
113.191223 
113.191528 
113.191528 
113.191223 
113.191528 
113.191528 
113.191833 
113.191833 
113.192444 
113.192749 
113.193054 
113.192444 
113.190918 
113.190002 
113.190002 
113.190002 
113.190002 
113.190613 
113.190918 
113.191223 
113.191528 
113.191528 
113.191833 
113.191833 
113.191528 
113.191223 
113.191528 
113.190918 
113.190308 
113.190002 
113.189697 
113.190002 
113.191833 
113.192444 
113.193054 
113.192749 
113.192749 
113.192139 
113.191833 
113.191528 
113.191223 
113.191223 
113.190918 
113.191223 
113.191528 
113.191223 
113.191528 
113.192139 
113.192444 
113.193054 
113.193054 
113.192444 
113.190613 
113.189697 
113.189697 
113.190002 
113.190308 
113.190613 
113.190613 
113.190918 
113.190918 
113.191528 
113.191223 
113.191833 
113.191833 
113.191833 
113.191528 
113.190918 
113.190613 
113.190002 
113.190002 
113.190613 
113.191833 
113.192444 
113.193054 
113.192444 
113.192749 
113.192139 
113.192139 
113.191528 
113.191528 
113.191528 
113.191528 
113.191223 
113.190918 
113.191223 
113.191223 
113.191528 
113.192444 
113.192749 
113.192749 
113.192444 
113.191223 
113.190002 
113.189392 
113.190002 
113.190613 
113.190613 
113.190613 
113.191223 
113.191528 
113.191833 
113.191833 
113.191528 
113.191528 
113.191528 
113.191528 
113.190918 
113.191223 
113.190613 
113.190308 
113.190002 
113.191833 
113.192749 
113.193054 
113.193054 
113.192444 
113.191833 
113.191833 
113.191528 
113.191223 
113.191223 
113.191223 
113.190918 
113.191223 
113.191528 
113.191528 
113.191528 
113.192139 
113.192749 
113.192749 
113.192444 
113.191223 
113.189697 
113.189697 
113.189697 
113.190308 
113.190918 
113.190918 
113.191528 
113.190918 
113.191528 
113.191833 
113.191528 
113.191833 
113.191528 
113.191528 
113.190918 
113.190308 
113.190308 
113.190308 
113.190613 
113.191833 
113.192749 
113.193054 
113.192749 
113.192749 
113.192444 
113.192139 
113.191833 
113.191223 
113.191528 
113.191223 
113.191223 
113.191223 
113.191528 
113.191833 
113.192139 
113.191833 
113.192749 
113.193054 
113.192749 
113.190918 
113.190002 
113.189697 
113.189697 
113.190308 
113.190918 
113.190918 
113.191223 
113.191833 
113.191528 
113.191833 
113.191833 
113.191833 
113.191223 
113.191528 
113.190918 
113.190308 
113.190613 
113.190002 
113.190002 
113.191833 
113.193359 
113.193359 
113.192749 
113.192444 
113.192139 
113.191833 
113.191833 
113.191223 
113.191223 
113.191223 
113.191528 
113.191528 
113.191223 
113.191528 
113.191833 
113.192444 
113.193054 
113.192749 
113.192444 
113.190918 
113.190002 
113.189697 
113.189697 
113.190002 
113.190308 
113.190613 
113.190918 
113.191833 
113.191833 
113.191528 
113.192139 
113.191528 
113.191528 
113.191223 
113.191223 
113.190613 
113.190002 
113.190002 
113.190308 
113.191528 
113.193054 
113.193359 
113.193054 
113.192749 
113.192749 
113.192139 
113.191223 
113.191223 
113.190613 
113.190308 
113.190308 
113.189392 
113.188782 
113.188171 
113.186646 
113.186035 
113.184509 
113.182678 
113.179321 
113.175049 
113.171082 
113.166504 
113.162537 
113.158264 
113.153687 
113.148193 
113.143005 
113.137512 
113.130798 
113.124390 
113.116455 
113.109436 
113.100586 
113.092041 
113.082581 
113.072510 
113.062439 
113.052063 
113.041992 
113.032532 
113.022461 
113.012085 
113.000183 
112.988892 
112.976990 
112.965088 
112.952881 
112.940979 
112.929382 
112.917480 
112.906189 
112.894287 
112.883301 
112.872620 
112.861938 
112.851868 
112.841797 
112.831421 
112.821045 
112.809143 
112.797852 
112.787170 
112.777100 
112.767639 
112.757874 
112.747803 
112.738037 
112.728271 
112.718201 
112.708435 
112.698669 
112.688293 
112.677612 
112.667236 
112.656555 
112.646179 
112.635193 
112.625122 
112.615051 
112.605896 
112.597046 
112.587280 
112.576294 
112.565918 
112.555542 
112.545166 
112.534485 
112.523804 
112.513123 
112.502747 
112.492065 
112.481995 
112.472229 
112.462158 
112.452087 
112.442322 
112.432556 
112.422485 
112.412109 
112.400818 
112.388916 
112.378235 
112.367859 
112.358093 
112.347412 
112.338257 
112.328491 
112.318726 
112.308655 
112.297974 
112.287903 
112.278137 
112.267761 
112.256775 
112.246399 
112.235718 
112.225037 
112.214355 
112.204590 
112.195740 
112.186279 
112.176819 
112.166443 
112.156372 
112.145386 
112.134705 
112.124329 
112.113037 
112.102661 
112.092285 
112.082214 
112.071838 
112.061768 
112.051086 
112.041016 
112.031860 
112.021790 
112.011719 
112.001343 
111.989441 
111.978455 
111.967163 
111.956787 
111.946411 
111.936035 
111.926270 
111.916199 
111.905823 
111.896057 
111.885681 
111.875305 
111.864624 
111.854553 
111.844177 
111.833496 
111.822510 
111.811829 
111.800842 
111.791077 
111.782227 
111.772766 
111.762085 
111.752625 
111.742249 
111.731873 
111.720886 
111.710205 
111.699524 
111.688843 
111.679077 
111.668701 
111.658630 
111.648254 
111.637878 
111.628113 
111.618042 
111.608276 
111.598511 
111.587830 
111.576843 
111.565247 
111.554565 
111.544495 
111.534424 
111.524353 
111.514587 
111.504517 
111.494751 
111.484375 
111.474304 
111.463928 
111.453552 
111.443787 
111.433105 
111.422424 
111.412048 
111.401367 
111.390381 
111.380615 
111.371765 
111.362610 
111.352844 
111.342773 
111.331787 
111.321411 
111.311035 
111.300049 
111.289673 
111.278992 
111.268921 
111.258240 
111.248169 
111.238098 
111.228027 
111.217651 
111.207886 
111.198120 
111.188660 
111.177979 
111.166382 
111.155090 
111.144409 
111.134033 
111.124268 
111.114197 
111.104126 
111.094666 
111.084595 
111.074524 
111.064148 
111.054077 
111.043701 
111.033325 
111.023254 
111.012268 
111.001282 
110.990906 
110.979919 
110.970154 
110.960999 
110.951843 
110.941772 
110.931396 
110.921326 
110.910339 
110.899658 
110.889587 
110.878296 
110.867615 
110.856934 
110.846863 
110.836487 
110.826111 
110.816040 
110.805969 
110.796509 
110.786133 
110.776672 
110.765991 
110.754089 
110.742493 
110.732422 
110.721741 
110.711975 
110.701904 
110.691528 
110.681763 
110.671997 
110.661621 
110.651855 
110.641174 
110.631409 
110.621033 
110.610657 
110.599976 
110.588989 
110.578308 
110.567932 
110.557861 
110.548706 
110.539551 
110.529480 
110.519104 
110.508728 
110.498352 
110.487671 
110.476685 
110.466614 
110.455933 
110.445557 
110.435181 
110.425110 
110.415039 
110.404663 
110.394897 
110.384521 
110.375061 
110.365601 
110.354614 
110.342712 
110.332031 
110.321045 
110.310974 
110.300903 
110.291138 
110.281067 
110.271301 
110.261841 
110.251770 
110.242615 
110.232849 
110.223083 
110.214233 
110.205078 
110.196228 
110.187683 
110.179138 
110.171509 
110.165100 
110.159607 
110.154419 
110.149231 
110.143738 
110.138550 
110.134277 
110.129395 
110.125427 
110.121765 
110.118408 
110.115662 
110.113525 
110.111084 
110.109863 
110.108948 
110.108337 
110.108643 
110.108032 
110.108337 
110.107727 
110.107117 
110.105286 
110.104980 
110.105286 
110.105896 
110.106201 
110.106506 
110.106812 
110.107117 
110.107422 
110.107727 
110.107727 
110.107727 
110.107727 
110.107422 
110.107422 
110.106812 
110.106506 
110.106812 
110.106812 
110.108337 
110.109863 
110.110168 
110.109863 
110.110168 
110.109863 
110.109863 
110.109253 
110.109253 
110.109253 
110.108948 
110.108643 
110.109253 
110.108643 
110.109558 
110.109558 
110.110474 
110.110474 
110.111084 
110.110779 
110.109253 
110.108337 
110.107727 
110.108032 
110.108643 
110.108948 
110.108948 
110.108948 
110.109863 
110.109863 
110.109863 
110.110168 
110.109863 
110.110168 
110.109863 
110.109863 
110.108643 
110.108337 
110.108032 
110.108643 
110.110474 
110.110779 
110.111389 
110.111389 
110.111084 
110.110779 
110.110168 
110.109863 
110.109558 
110.109863 
110.109558 
110.110168 
110.109863 
110.109863 
110.109863 
110.110474 
110.111084 
110.110779 
110.111389 
110.111084 
110.109253 
110.108643 
110.108032 
110.108337 
110.108337 
110.108948 
110.109253 
110.109253 
