Blum, K. P., D’Incamps, B. L., Zytnicki, D., & Ting, L. H. (2017).
Force encoding in muscle spindles during stretch of
passive muscle. PLoS computational biology, 13(9), 
e1005767. <https://journals.plos.org/ploscompbiol/article?
id=10.1371/journal.pcbi.1005767>

cat medial gastrocnemius muscle lengths over t  (in 0.0005 s increments)
110.106812 
110.106812 
110.106506 
110.106506 
110.106812 
110.106201 
110.105896 
110.105896 
110.105896 
110.106201 
110.107422 
110.107727 
110.108337 
110.107727 
110.107727 
110.107727 
110.107117 
110.107422 
110.107117 
110.107422 
110.106812 
110.107117 
110.106812 
110.106812 
110.107117 
110.107422 
110.107727 
110.107727 
110.107727 
110.107727 
110.106506 
110.106506 
110.105896 
110.105896 
110.106506 
110.106201 
110.106506 
110.106812 
110.106506 
110.106812 
110.106812 
110.106812 
110.106812 
110.106812 
110.106201 
110.106506 
110.105896 
110.105286 
110.105591 
110.105896 
110.106812 
110.107727 
110.107727 
110.108032 
110.107422 
110.107727 
110.107422 
110.106812 
110.107117 
110.106812 
110.106812 
110.106812 
110.107117 
110.106812 
110.107422 
110.107422 
110.107422 
110.107422 
110.107727 
110.107422 
110.106201 
110.106201 
110.105591 
110.105896 
110.106506 
110.106201 
110.106506 
110.106812 
110.107117 
110.107117 
110.107117 
110.106812 
110.106812 
110.106506 
110.106506 
110.106812 
110.105896 
110.106201 
110.105896 
110.106201 
110.107117 
110.107727 
110.107422 
110.108032 
110.107727 
110.107727 
110.107727 
110.107117 
110.107117 
110.106812 
110.106812 
110.106812 
110.107117 
110.107117 
110.107117 
110.107422 
110.108032 
110.108337 
110.108032 
110.107727 
110.107422 
110.107117 
110.108032 
110.109253 
110.110474 
110.112305 
110.113831 
110.116882 
110.119324 
110.122070 
110.124817 
110.128174 
110.132141 
110.135498 
110.139771 
110.144348 
110.148926 
110.153809 
110.159912 
110.166016 
110.173645 
110.180664 
110.188599 
110.196228 
110.203552 
110.211487 
110.219727 
110.227966 
110.236511 
110.245667 
110.254517 
110.264282 
110.274048 
110.284119 
110.293884 
110.304260 
110.315247 
110.326233 
110.337524 
110.348816 
110.359802 
110.371399 
110.383911 
110.397644 
110.411682 
110.425720 
110.440063 
110.455322 
110.469971 
110.484619 
110.499268 
110.513000 
110.526428 
110.538635 
110.551147 
110.562134 
110.572510 
110.582886 
110.592957 
110.602722 
110.613403 
110.623474 
110.632935 
110.642090 
110.651245 
110.659790 
110.668640 
110.677185 
110.685730 
110.694885 
110.703430 
110.712891 
110.722046 
110.730896 
110.740356 
110.749817 
110.759583 
110.769348 
110.778503 
110.787964 
110.796814 
110.805969 
110.815430 
110.825500 
110.835571 
110.845337 
110.855713 
110.866089 
110.876160 
110.887146 
110.896912 
110.907593 
110.917664 
110.927429 
110.937805 
110.947876 
110.957642 
110.968018 
110.977783 
110.988770 
110.999756 
111.010742 
111.022034 
111.032410 
111.042480 
111.053162 
111.063232 
111.073303 
111.082764 
111.093140 
111.103516 
111.113281 
111.123962 
111.134338 
111.144714 
111.155701 
111.166077 
111.176758 
111.187134 
111.197510 
111.206665 
111.216431 
111.226501 
111.236877 
111.247253 
111.257629 
111.268311 
111.278687 
111.289063 
111.300049 
111.310120 
111.320801 
111.331177 
111.341248 
111.351318 
111.362000 
111.371460 
111.381531 
111.391907 
111.402283 
111.413574 
111.424561 
111.435242 
111.446228 
111.456299 
111.466675 
111.476440 
111.486206 
111.496887 
111.506958 
111.517334 
111.527100 
111.537476 
111.547852 
111.558228 
111.568604 
111.579590 
111.589966 
111.599731 
111.610107 
111.619568 
111.629333 
111.639099 
111.650085 
111.660156 
111.669922 
111.680298 
111.690979 
111.701355 
111.711731 
111.722107 
111.732178 
111.742554 
111.752625 
111.763000 
111.772156 
111.782532 
111.792297 
111.802673 
111.813049 
111.824036 
111.835022 
111.845703 
111.856079 
111.866150 
111.876221 
111.885986 
111.896057 
111.906433 
111.915894 
111.926270 
111.936340 
111.946411 
111.957092 
111.967163 
111.977844 
111.988220 
111.998291 
112.008972 
112.018433 
112.027588 
112.037354 
112.047729 
112.057800 
112.068176 
112.078247 
112.088623 
112.098999 
112.109375 
112.120056 
112.130432 
112.140503 
112.151184 
112.160950 
112.171021 
112.181091 
112.190857 
112.200623 
112.210999 
112.221680 
112.232666 
112.243347 
112.253723 
112.264404 
112.274780 
112.285156 
112.294617 
112.304993 
112.314453 
112.324829 
112.334900 
112.344971 
112.355042 
112.365417 
112.376099 
112.386169 
112.396851 
112.407227 
112.417297 
112.427673 
112.436829 
112.446289 
112.456360 
112.466736 
112.477112 
112.486877 
112.496948 
112.507935 
112.518005 
112.528687 
112.538757 
112.548828 
112.558899 
112.569275 
112.579346 
112.589722 
112.599792 
112.609253 
112.619629 
112.630310 
112.640991 
112.651978 
112.662659 
112.673035 
112.683411 
112.693481 
112.703247 
112.713318 
112.722473 
112.732849 
112.743530 
112.753601 
112.763672 
112.774048 
112.784424 
112.794800 
112.805176 
112.815247 
112.825928 
112.835999 
112.845154 
112.854614 
112.864380 
112.874756 
112.885437 
112.895508 
112.906189 
112.916870 
112.927551 
112.937317 
112.947998 
112.958069 
112.967529 
112.977905 
112.988281 
112.997742 
113.007813 
113.017578 
113.027344 
113.038025 
113.048401 
113.058777 
113.068542 
113.077698 
113.086853 
113.095398 
113.103027 
113.110657 
113.117981 
113.125610 
113.132019 
113.139038 
113.145142 
113.151550 
113.157349 
113.162842 
113.167419 
113.172302 
113.176575 
113.180237 
113.182678 
113.185120 
113.187256 
113.189697 
113.191528 
113.193054 
113.194885 
113.196716 
113.197632 
113.198547 
113.198547 
113.199158 
113.199463 
113.199768 
113.199768 
113.199768 
113.199158 
113.198547 
113.198547 
113.198547 
113.199158 
113.199463 
113.199463 
113.199768 
113.199158 
113.198547 
113.197937 
113.197021 
113.196411 
113.195801 
113.195496 
113.195190 
113.194885 
113.193970 
113.194275 
113.193970 
113.193665 
113.194275 
113.193665 
113.193054 
113.192444 
113.190918 
113.190613 
113.190613 
113.190002 
113.190002 
113.190002 
113.190002 
113.190308 
113.190308 
113.189697 
113.190002 
113.190002 
113.189697 
113.189392 
113.189087 
113.188782 
113.188477 
113.188477 
113.188477 
113.188782 
113.190002 
113.190002 
113.190308 
113.190613 
113.190002 
113.189697 
113.189697 
113.189392 
113.189392 
113.189392 
113.188782 
113.188782 
113.189392 
113.189392 
113.189697 
113.190002 
113.190002 
113.190308 
113.190002 
113.189087 
113.188477 
113.188171 
113.188477 
113.188171 
113.188477 
113.188477 
113.189087 
113.189087 
113.189392 
113.189087 
113.188782 
113.189392 
113.188782 
113.189087 
113.189087 
113.188477 
113.188171 
113.188171 
113.188477 
113.189392 
113.189697 
113.190002 
113.190613 
113.190613 
113.190613 
113.190002 
113.189697 
113.189697 
113.189697 
113.189697 
113.189392 
113.189392 
113.189697 
113.190002 
113.189697 
113.190308 
113.190308 
113.190613 
113.190308 
113.189392 
113.188171 
113.188171 
113.188171 
113.188477 
113.188477 
113.188477 
113.188782 
113.188782 
113.188782 
113.189087 
113.188782 
113.189087 
113.188782 
113.188782 
113.188477 
113.188477 
113.187866 
113.187561 
113.187561 
113.188782 
113.189087 
113.189392 
113.189697 
113.189392 
113.189087 
113.189087 
113.188782 
113.188477 
113.188171 
113.188171 
113.188171 
113.188477 
113.188477 
113.188171 
113.188477 
113.188477 
113.188782 
113.189087 
113.188782 
113.187561 
113.186951 
113.186951 
113.186646 
113.186951 
113.187256 
113.187256 
113.187561 
113.187866 
113.188171 
113.187561 
113.187561 
113.187561 
113.187561 
113.187561 
113.187866 
113.186951 
113.186951 
113.186646 
113.187256 
113.188171 
113.188782 
113.189392 
113.189087 
113.189087 
113.189087 
113.188782 
113.188477 
113.188477 
113.188477 
113.188477 
113.188477 
113.188477 
113.188782 
113.188477 
113.188782 
113.188782 
113.189087 
113.189392 
113.189392 
113.188171 
113.187866 
113.187256 
113.187256 
113.187866 
113.187866 
113.188171 
113.188782 
113.188477 
113.188477 
113.188782 
113.188477 
113.188477 
113.188782 
113.188477 
113.188477 
113.188171 
113.187866 
113.187866 
113.187561 
113.188477 
113.189392 
113.189392 
113.190308 
113.189697 
113.190308 
113.189087 
113.189392 
113.189392 
113.189087 
113.189087 
113.189087 
113.189087 
113.189087 
113.189392 
113.189087 
113.189697 
113.190002 
113.189392 
113.189392 
113.188782 
113.187866 
113.187561 
113.187561 
113.187866 
113.187561 
113.188171 
113.188171 
113.188171 
113.188171 
113.188477 
113.188171 
113.188171 
113.187866 
113.187866 
113.187866 
113.187561 
113.186951 
113.186951 
113.187256 
113.187561 
113.188782 
113.188782 
113.189392 
113.188782 
113.188782 
113.188477 
113.188171 
113.188171 
113.187866 
113.188171 
113.188477 
113.187561 
113.187866 
113.187561 
113.187866 
113.188171 
113.188477 
113.188782 
113.188477 
113.187561 
113.186951 
113.186646 
113.186340 
113.186646 
113.186951 
113.186951 
113.187561 
113.187561 
113.187561 
113.187866 
113.187256 
113.187561 
113.187866 
113.187561 
113.187561 
113.187256 
113.186646 
113.186646 
113.186646 
113.187866 
113.188477 
113.189087 
113.189087 
113.189087 
113.189087 
113.188782 
113.188171 
113.188477 
113.188477 
113.188171 
113.188477 
113.188171 
113.188171 
113.188477 
113.188782 
113.189087 
113.189392 
113.189087 
113.189087 
113.188171 
113.187561 
113.186951 
113.187256 
113.187561 
113.187866 
113.188171 
113.187866 
113.187866 
113.188782 
113.188477 
113.188171 
113.188171 
113.188477 
113.188477 
113.188477 
113.187561 
113.187256 
113.187561 
113.187561 
113.188477 
113.189087 
113.189697 
113.189697 
113.189697 
113.189392 
113.189392 
113.189392 
113.188782 
113.188782 
113.188477 
113.188477 
113.189087 
113.188477 
113.188782 
113.189087 
113.188782 
113.189697 
113.189392 
113.188782 
113.187561 
113.187256 
113.187256 
113.186951 
113.187256 
113.187561 
113.187561 
113.187866 
113.187561 
113.187866 
113.188171 
113.188171 
113.187561 
113.187866 
113.187561 
113.187256 
113.186951 
113.186951 
113.186646 
113.186951 
113.187866 
113.188477 
113.188782 
113.188477 
113.188782 
113.188782 
113.188477 
113.188171 
113.187866 
113.187866 
113.188171 
113.187561 
113.188171 
113.188171 
113.187866 
113.188782 
113.188477 
113.188782 
113.188782 
113.188171 
113.187561 
113.186646 
113.186340 
113.186646 
113.186646 
113.186951 
113.187256 
113.187561 
113.187256 
113.187256 
113.187866 
113.187866 
113.187866 
113.187256 
113.187561 
113.187256 
113.187256 
113.186951 
113.186646 
113.186951 
113.187866 
113.188782 
113.188782 
113.189087 
113.189087 
113.189392 
113.189087 
113.188171 
113.188171 
113.188477 
113.188477 
113.188477 
113.188477 
113.188477 
113.188782 
113.188782 
113.188782 
113.189087 
113.189087 
113.189087 
113.188171 
113.187561 
113.187256 
113.187256 
113.187256 
113.187561 
113.187866 
113.187866 
113.188171 
113.188477 
113.187866 
113.188171 
113.188477 
113.187866 
113.187866 
113.187866 
113.187561 
113.187561 
113.187256 
113.187256 
113.187866 
113.188782 
113.188782 
113.189392 
113.189392 
113.189087 
113.188782 
113.188477 
113.188171 
113.187866 
113.188477 
113.188477 
113.187866 
113.188171 
113.188782 
113.188477 
113.189087 
113.189087 
113.189087 
113.188477 
113.187866 
113.187256 
113.186646 
113.186340 
113.187256 
113.186951 
113.187866 
113.186951 
113.187866 
113.187866 
113.187561 
113.187561 
113.187866 
113.187561 
113.187256 
113.187866 
113.186646 
113.186646 
113.186340 
113.186646 
113.187866 
113.188477 
113.188782 
113.188782 
113.188782 
113.188782 
113.188477 
113.188171 
113.187866 
113.187866 
113.187866 
113.188171 
113.188171 
113.188477 
113.188171 
113.187866 
113.188477 
113.188477 
113.188782 
113.188782 
113.187561 
113.186951 
113.186646 
113.186646 
113.186951 
113.186951 
113.186951 
113.187866 
113.187561 
113.187866 
113.187866 
113.187866 
113.187866 
113.187561 
113.187866 
113.187561 
113.186951 
113.187256 
113.186951 
113.186951 
113.188171 
113.188477 
113.188782 
113.189392 
113.189087 
113.189087 
113.189087 
113.188171 
113.188477 
113.188477 
113.188171 
113.188171 
113.188171 
113.187866 
113.188782 
113.188477 
113.188782 
113.188782 
113.189087 
113.189087 
113.187866 
113.187256 
113.187256 
113.187256 
113.187256 
113.187256 
113.187561 
113.187866 
113.188171 
113.187561 
113.188171 
113.187866 
113.187561 
113.188171 
113.188171 
113.187866 
113.187561 
113.186951 
113.186646 
113.187256 
113.187866 
113.188782 
113.189087 
113.189087 
113.189392 
113.188782 
113.188782 
113.188171 
113.188477 
113.188171 
113.188171 
113.188171 
113.188171 
113.187866 
113.188477 
113.188782 
113.188477 
113.189392 
113.188782 
113.188782 
113.187866 
113.186951 
113.186646 
113.186951 
113.186951 
113.187561 
113.187256 
113.187256 
113.187561 
113.187561 
113.187866 
113.187561 
113.187561 
113.187561 
113.187561 
113.187256 
113.187256 
113.186951 
113.186340 
113.186646 
113.187561 
113.188477 
113.189087 
113.189087 
113.189087 
113.188782 
113.188477 
113.188171 
113.188171 
113.188171 
113.187866 
113.187866 
113.187561 
113.188477 
113.187866 
113.188171 
113.188477 
113.188782 
113.189087 
113.188782 
113.188171 
113.187256 
113.186951 
113.186951 
113.186951 
113.186951 
113.187561 
113.187561 
113.187866 
113.187866 
113.187561 
113.188171 
113.187866 
113.187866 
113.187561 
113.187561 
113.187561 
113.187561 
113.186340 
113.187256 
113.187866 
113.188782 
113.189087 
113.189087 
113.189392 
113.189087 
113.188782 
113.188477 
113.188171 
113.187866 
113.188782 
113.188171 
113.188477 
113.188477 
113.188477 
113.188477 
113.189087 
113.189087 
113.189087 
113.189087 
113.187866 
113.187561 
113.186951 
113.186951 
113.187256 
113.187561 
113.187561 
113.187561 
113.187866 
113.188171 
113.188171 
113.187866 
113.187866 
113.187866 
113.187561 
113.187561 
113.187256 
113.186951 
113.186951 
113.186951 
113.187866 
113.188477 
113.189087 
113.189087 
113.189392 
113.189087 
113.189087 
113.188477 
113.188171 
113.188171 
113.187561 
113.188171 
113.188171 
113.188171 
113.188477 
113.188477 
113.188782 
113.188477 
113.188782 
113.188477 
113.187866 
113.187256 
113.186646 
113.186951 
113.186646 
113.186951 
113.186951 
113.187561 
113.187561 
113.187561 
113.187561 
113.187866 
113.187561 
113.187866 
113.187256 
113.186951 
113.187561 
113.186951 
113.186951 
113.186951 
113.187561 
113.188477 
113.188477 
113.189087 
113.189087 
113.188477 
113.188477 
113.188171 
113.188171 
113.187866 
113.188171 
113.187866 
113.188171 
113.188171 
113.188171 
113.188477 
113.188477 
113.188782 
113.189087 
113.188782 
113.187866 
113.187256 
113.186951 
113.186951 
113.186951 
113.187256 
113.187256 
113.187561 
113.188171 
113.187866 
113.187866 
113.187866 
113.187561 
113.187561 
113.187866 
113.187561 
113.187561 
113.186646 
113.186951 
113.186951 
113.187866 
113.188782 
113.188782 
113.189087 
113.189087 
113.188782 
113.188477 
113.188477 
113.187866 
113.188171 
113.188171 
113.187866 
113.188782 
113.188477 
113.188171 
113.188477 
113.188477 
113.189087 
113.189087 
113.188782 
113.188477 
113.187256 
113.187256 
113.187256 
113.186951 
113.187561 
113.187256 
113.187561 
113.187866 
113.187866 
113.187866 
113.187866 
113.187561 
113.187561 
113.187561 
113.187256 
113.187256 
113.186951 
113.186646 
113.186646 
113.187866 
113.188477 
113.188477 
113.188782 
113.189392 
113.188477 
113.188477 
113.188171 
113.187866 
113.188171 
113.187866 
113.188171 
113.188171 
113.188171 
113.188171 
113.188477 
113.188477 
113.188782 
113.189392 
113.188477 
113.187866 
113.186646 
113.186340 
113.186951 
113.186951 
113.187256 
113.187256 
113.187256 
113.187561 
113.187561 
113.187561 
113.187561 
113.187561 
113.187866 
113.187561 
113.187256 
113.187256 
113.186646 
113.186340 
113.186646 
113.187866 
113.188477 
113.188782 
113.188782 
113.188782 
113.188477 
113.188477 
113.188477 
113.188171 
113.187866 
113.188171 
113.187866 
113.188171 
113.188171 
113.188477 
113.188171 
113.188477 
113.188477 
113.189087 
113.188477 
113.187866 
113.186951 
113.186646 
113.186951 
113.186951 
113.187256 
113.187561 
113.187561 
113.187561 
113.187866 
113.187866 
113.188171 
113.187561 
113.187866 
113.187866 
113.187561 
113.186951 
113.186951 
113.186646 
113.186951 
113.187866 
113.188477 
113.188782 
113.188782 
113.189087 
113.188782 
113.188782 
113.188477 
113.188171 
113.187866 
113.187866 
113.188171 
113.187866 
113.188171 
113.187866 
113.187866 
113.188477 
113.188782 
113.188782 
113.188477 
113.187866 
113.187256 
113.186951 
113.186951 
113.186951 
113.186951 
113.187256 
113.187561 
113.187561 
113.187866 
113.187866 
113.187561 
113.187866 
113.187561 
113.187256 
113.187256 
113.186951 
113.186340 
113.186646 
113.186646 
113.187561 
113.188171 
113.188782 
113.188782 
113.189087 
113.189087 
113.188171 
113.187866 
113.187866 
113.187866 
113.187866 
113.187561 
113.187561 
113.188171 
113.188171 
113.188477 
113.188477 
113.188782 
113.189087 
113.188782 
113.187561 
113.186951 
113.186951 
113.186951 
113.187256 
113.186951 
113.187256 
113.187561 
113.187866 
113.187866 
113.187866 
113.187866 
113.187561 
113.187866 
113.187561 
113.187866 
113.186951 
113.186951 
113.186951 
113.187256 
113.187561 
113.188171 
113.188171 
113.188782 
113.188782 
113.189087 
113.188477 
113.188171 
113.187866 
113.187866 
113.188171 
113.187866 
113.188171 
113.188171 
113.188171 
113.188782 
113.188477 
113.188477 
113.188477 
113.188782 
113.187866 
113.186951 
113.186646 
113.186951 
113.187256 
113.186951 
113.187256 
113.187256 
113.187561 
113.188171 
113.187561 
113.187561 
113.187866 
113.187866 
113.187561 
113.187561 
113.187561 
113.186951 
113.186646 
113.186951 
113.187256 
113.188782 
113.188782 
113.189087 
113.189392 
113.189087 
113.188782 
113.188171 
113.188171 
113.188171 
113.187561 
113.187866 
113.188171 
113.188477 
113.188171 
113.188477 
113.188171 
113.188782 
113.188782 
113.188477 
113.187866 
113.186951 
113.186951 
113.186951 
113.186646 
113.187256 
113.187256 
113.187256 
113.187866 
113.187561 
113.187561 
113.187561 
113.187561 
113.187561 
113.187866 
113.187256 
113.187256 
113.186951 
113.186340 
113.186951 
113.187256 
113.188171 
113.188782 
113.188782 
113.189087 
113.188782 
113.188782 
113.188477 
113.188171 
113.187866 
113.188171 
113.188171 
113.188171 
113.188171 
113.187561 
113.188477 
113.188477 
113.188171 
113.188782 
113.188782 
113.187866 
113.187256 
113.186646 
113.186951 
113.186646 
113.186951 
113.187561 
113.187256 
113.187866 
113.187866 
113.187866 
113.187561 
113.187561 
113.187561 
113.187561 
113.187561 
113.187561 
113.186951 
113.186340 
113.186646 
113.187561 
113.187866 
113.189087 
113.188782 
113.189392 
113.189087 
113.188477 
113.188782 
113.188171 
113.188171 
113.188171 
113.188171 
113.188171 
113.187866 
113.188171 
113.188171 
113.188782 
113.188477 
113.188782 
113.188782 
113.187866 
113.186951 
113.186646 
113.186646 
113.186951 
113.186951 
113.187561 
113.186951 
113.187561 
113.187561 
113.187561 
113.187561 
113.187866 
113.187866 
113.187561 
113.187561 
113.187256 
113.186951 
113.186646 
113.186340 
113.187256 
113.188171 
113.188782 
113.188477 
113.189087 
113.188782 
113.188171 
113.188171 
113.187866 
113.188171 
113.188477 
113.188171 
113.187866 
113.188171 
113.188477 
113.188171 
113.188477 
113.188782 
113.188782 
113.188782 
113.187561 
113.187256 
113.186646 
113.186951 
113.186951 
113.186951 
113.187256 
113.187561 
113.187561 
113.188171 
113.187561 
113.187561 
113.187866 
113.187561 
113.187561 
113.187561 
113.187561 
113.186340 
113.186646 
113.186646 
113.187561 
113.188477 
113.188782 
113.189087 
113.188782 
113.189087 
113.188782 
113.188171 
113.188171 
113.188171 
113.187866 
113.188477 
113.187866 
113.187866 
113.188171 
113.188477 
113.188171 
113.188782 
113.188782 
113.189087 
113.187866 
113.186951 
113.186951 
113.186340 
113.186646 
113.187256 
113.187561 
113.187561 
113.187561 
113.187561 
113.187866 
113.187561 
113.187866 
113.187561 
113.187561 
113.187256 
113.187256 
113.186646 
113.186646 
113.186646 
113.187561 
113.188782 
113.189087 
113.189087 
113.189087 
113.188782 
113.189087 
113.188782 
113.188171 
113.188171 
113.187866 
113.187866 
113.188477 
113.187866 
113.188171 
113.188477 
113.188477 
113.189087 
113.188782 
113.188477 
113.188171 
113.187256 
113.186951 
113.186646 
113.187256 
113.187256 
113.187256 
113.187561 
113.187866 
113.188171 
113.187561 
113.187561 
113.187561 
113.187561 
113.187866 
113.187561 
113.187866 
113.186646 
113.186646 
113.186951 
113.187561 
113.188782 
113.188782 
113.189087 
113.189087 
113.188782 
113.188477 
113.188477 
113.187866 
113.187561 
113.188171 
113.188171 
113.188171 
113.187866 
113.188171 
113.188477 
113.188171 
113.188782 
113.188782 
113.188782 
113.188171 
113.187256 
113.186646 
113.186646 
113.186951 
113.186646 
113.187256 
113.187256 
113.187561 
113.187561 
113.187256 
113.187561 
113.187256 
113.187561 
113.187256 
113.186951 
113.187561 
113.186951 
113.186340 
113.186951 
113.187561 
113.188477 
113.188782 
113.188477 
113.189392 
113.188782 
113.188171 
113.188171 
113.187866 
113.187866 
113.188171 
113.187866 
113.188171 
113.188171 
113.188171 
113.188171 
113.188477 
113.188477 
113.188782 
113.188782 
113.187866 
113.186646 
113.186340 
113.186646 
113.187256 
113.186951 
113.187256 
113.187256 
113.187561 
113.187256 
113.187561 
113.187561 
113.187866 
113.187561 
113.187561 
113.187561 
113.187256 
113.186951 
113.186646 
113.186340 
113.187256 
113.188171 
113.188782 
113.189087 
113.189087 
113.188782 
113.188477 
113.188477 
113.188477 
113.187866 
113.187866 
113.188171 
113.187866 
113.188171 
113.188171 
113.188171 
113.188477 
113.188477 
113.188477 
113.188782 
113.187866 
113.187256 
113.186646 
113.186340 
113.187256 
113.187256 
113.187256 
113.187256 
113.187561 
113.187561 
113.187561 
113.187561 
113.187866 
113.187561 
113.187561 
113.187561 
113.187561 
113.186340 
113.186646 
113.186340 
113.187866 
113.188171 
113.188782 
113.189087 
113.188782 
113.188782 
113.188782 
113.188171 
113.188171 
113.187866 
113.187866 
113.187866 
113.188477 
113.187866 
113.188171 
113.188477 
113.188477 
113.188477 
113.189087 
113.189087 
113.188171 
113.186951 
113.186646 
113.186340 
113.186951 
113.186951 
113.187256 
113.187561 
113.187561 
113.187561 
113.187866 
113.187561 
113.187561 
113.187866 
113.187256 
113.187256 
113.187256 
113.186646 
113.186646 
113.186646 
113.187256 
113.188171 
113.188477 
113.189087 
113.189087 
113.188782 
113.188782 
113.188171 
113.188171 
113.188477 
113.188171 
113.188477 
113.188171 
113.188477 
113.188171 
113.188477 
113.188477 
113.188782 
113.188782 
113.188782 
113.187866 
113.186951 
113.186340 
113.186646 
113.186951 
113.187256 
113.186951 
113.187256 
113.187561 
113.187561 
113.187561 
113.187561 
113.187866 
113.187866 
113.187561 
113.187256 
113.187561 
113.187256 
113.186340 
113.186646 
113.187561 
113.188171 
113.188782 
113.188477 
113.188782 
113.188477 
113.188477 
113.188477 
113.187866 
113.187866 
113.188171 
113.187866 
113.187866 
113.187866 
113.187866 
113.188477 
113.188477 
113.189087 
113.188782 
113.188477 
113.187866 
113.186951 
113.186646 
113.186646 
113.186951 
113.186951 
113.187561 
113.187561 
113.187256 
113.187866 
113.187866 
113.187561 
113.187866 
113.187561 
113.187561 
113.187256 
113.187256 
113.186951 
113.186340 
113.186951 
113.187256 
113.187866 
113.188782 
113.188477 
113.188782 
113.189087 
113.188477 
113.188171 
113.188477 
113.188171 
113.188171 
113.187866 
113.187866 
113.188171 
113.188171 
113.187866 
113.188477 
113.188477 
113.188782 
113.188782 
113.187561 
113.186646 
113.186340 
113.186340 
113.186646 
113.186646 
113.186951 
113.187256 
113.187256 
113.187561 
113.187561 
113.187866 
113.187866 
113.187866 
113.187256 
113.187256 
113.186646 
113.186646 
113.186646 
113.186646 
113.187561 
113.187866 
113.188171 
113.188782 
113.189087 
113.189087 
113.188782 
113.188171 
113.187561 
113.187866 
113.187866 
113.188171 
113.188171 
113.188171 
113.187866 
113.188171 
113.188171 
113.188782 
113.188782 
113.188782 
113.188171 
113.187256 
113.186951 
113.186646 
113.186951 
113.186951 
113.187256 
113.187561 
113.187561 
113.187866 
113.187561 
113.187561 
113.187866 
113.187561 
113.187256 
113.187256 
113.187256 
113.186951 
113.186340 
113.186646 
113.187256 
113.188477 
113.188477 
113.188477 
113.189087 
113.188782 
113.189087 
113.188171 
113.187866 
113.188171 
113.187866 
113.188171 
113.187866 
113.188171 
113.188171 
113.188477 
113.188477 
113.188782 
113.188782 
113.188477 
113.187866 
113.187256 
113.186646 
113.186646 
113.186951 
113.186646 
113.187256 
113.186951 
113.187866 
113.187866 
113.187561 
113.187256 
113.187561 
113.187561 
113.187561 
113.187256 
113.186951 
113.187256 
113.186646 
113.186951 
113.187256 
113.187866 
113.188782 
113.188782 
113.189087 
113.189087 
113.188782 
113.188477 
113.188171 
113.187866 
113.187561 
113.188171 
113.187866 
113.187561 
113.188171 
113.188477 
113.188171 
113.188782 
113.189087 
113.188171 
113.188171 
113.187256 
113.186646 
113.186646 
113.186951 
113.186951 
113.187256 
113.187256 
113.187561 
113.187561 
113.187561 
113.187256 
113.187561 
113.187256 
113.187256 
113.187866 
113.186646 
113.186646 
113.186340 
113.186646 
113.187256 
113.187866 
113.188477 
113.188477 
113.188782 
113.188782 
113.188782 
113.188171 
113.188171 
113.187561 
113.187866 
113.188171 
113.187866 
113.188171 
113.187866 
113.188171 
113.188171 
113.188171 
113.188782 
113.188782 
113.187866 
113.187256 
113.186340 
113.186646 
113.187256 
113.187256 
113.187256 
113.187256 
113.187561 
113.187866 
113.187256 
113.187256 
113.187561 
113.187561 
113.187256 
113.187256 
113.186951 
113.186646 
113.186340 
113.186340 
113.187561 
113.188171 
113.188477 
113.189392 
113.188782 
113.188782 
113.188477 
113.188171 
113.188477 
113.187866 
113.187866 
113.187561 
113.187866 
113.188171 
113.188477 
113.188171 
113.188477 
113.188477 
113.188477 
113.189087 
113.187561 
113.187256 
113.186646 
113.186951 
113.187256 
113.186951 
113.187561 
113.187561 
113.187256 
113.187561 
113.187866 
113.187256 
113.187866 
113.187866 
113.187561 
113.187256 
113.187256 
113.186646 
113.186951 
113.186646 
113.187561 
113.188171 
113.188782 
113.188782 
113.189087 
113.189087 
113.188477 
113.188171 
113.188171 
113.188477 
113.187866 
113.188171 
113.187866 
113.188477 
113.188171 
113.188477 
113.188171 
113.188782 
113.188782 
113.188477 
113.188171 
113.187256 
113.186340 
113.186340 
113.186646 
113.186951 
113.187561 
113.187256 
113.187561 
113.187866 
113.187866 
113.187866 
113.187866 
113.187866 
113.187866 
113.187256 
113.186951 
113.186951 
113.186646 
113.186951 
113.187561 
113.188477 
113.188782 
113.188477 
113.189087 
113.188477 
113.188782 
113.188171 
113.188477 
113.187866 
113.188171 
113.188171 
113.187866 
113.187866 
113.188171 
113.188477 
113.188171 
113.188171 
113.188782 
113.188477 
113.188171 
113.186951 
113.186646 
113.186951 
113.186951 
113.186951 
113.187256 
113.187561 
113.187561 
113.187866 
113.187256 
113.187561 
113.187866 
113.187256 
113.187561 
113.187561 
113.186951 
113.186951 
113.186340 
113.186951 
113.187256 
113.188171 
113.188782 
113.188782 
113.188477 
113.188782 
113.188171 
113.188171 
113.188171 
113.187866 
113.188171 
113.187866 
113.187561 
113.188171 
113.188171 
113.188477 
113.188477 
113.189087 
113.189087 
113.188782 
113.187866 
113.187256 
113.186951 
113.186646 
113.187256 
113.186646 
113.187256 
113.187866 
113.187866 
113.187561 
113.187866 
113.187256 
113.187866 
113.187561 
113.187256 
113.187561 
113.187256 
113.187256 
113.186951 
113.186646 
113.187866 
113.187866 
113.188782 
113.188477 
113.189087 
113.188782 
113.188782 
113.188477 
113.187866 
113.187561 
113.187866 
113.187866 
113.187866 
113.187561 
113.188477 
113.188171 
113.188477 
113.188477 
113.188782 
113.189087 
113.187866 
113.186951 
113.186646 
113.186646 
113.186646 
113.186951 
113.187561 
113.187561 
113.187866 
113.187866 
113.187561 
113.187256 
113.187256 
113.187866 
113.187256 
113.187561 
113.187561 
113.186646 
113.186340 
113.186951 
113.187256 
113.188171 
113.188477 
113.188477 
113.189392 
113.188782 
113.188477 
113.188477 
113.188171 
113.187866 
113.187866 
113.187866 
113.187866 
113.188171 
113.188171 
113.188171 
113.187866 
113.188782 
113.189087 
113.188171 
113.187866 
113.187256 
113.186951 
113.186646 
113.186951 
113.186646 
113.187561 
113.187866 
113.187866 
113.187866 
113.187561 
113.187561 
113.187866 
113.187561 
113.187561 
113.187256 
113.187256 
113.186951 
113.186646 
113.186646 
113.186951 
113.188171 
113.188782 
113.188477 
113.188782 
113.189087 
113.188782 
113.188477 
113.188171 
113.187561 
113.187866 
113.187866 
113.188171 
113.187866 
113.187866 
113.188171 
113.188477 
113.188782 
113.189087 
113.188477 
113.187561 
113.187256 
113.186951 
113.186340 
113.187256 
113.186951 
113.186951 
113.187561 
113.187561 
113.187866 
113.187561 
113.187561 
113.187561 
113.187866 
113.187561 
113.187561 
113.186951 
113.187256 
113.186340 
113.186646 
113.187256 
113.188171 
113.188477 
113.188782 
113.188782 
113.188782 
113.188477 
113.188171 
113.187866 
113.188171 
113.187866 
113.187866 
113.187866 
113.188171 
113.187561 
113.188171 
113.188477 
113.188477 
113.188171 
113.188477 
113.188171 
113.186951 
113.186951 
113.186340 
113.186646 
113.186951 
113.186340 
113.186340 
113.185730 
113.185425 
113.184204 
113.182678 
113.180847 
113.179016 
113.176575 
113.174133 
113.171387 
113.167419 
113.163757 
113.160400 
113.157043 
113.153381 
113.149414 
113.144836 
113.139343 
113.132935 
113.127441 
113.119507 
113.112488 
113.104553 
113.096313 
113.088074 
113.078918 
113.069763 
113.060608 
113.050537 
113.040771 
113.030701 
113.020630 
113.009644 
112.998352 
112.986450 
112.975159 
112.963562 
112.952576 
112.941895 
112.930298 
112.919312 
112.908325 
112.897644 
112.886047 
112.875366 
112.864075 
112.853088 
112.842102 
112.831116 
112.819824 
112.808838 
112.797241 
112.786865 
112.777100 
112.767029 
112.757263 
112.746582 
112.736206 
112.725525 
112.715149 
112.704163 
112.693176 
112.682495 
112.672119 
112.661438 
112.651062 
112.640686 
112.630310 
112.620239 
112.610168 
112.599792 
112.590332 
112.579346 
112.568359 
112.557068 
112.546692 
112.536316 
112.526245 
112.515869 
112.506104 
112.496033 
112.485657 
112.476196 
112.465515 
112.456055 
112.445679 
112.435303 
112.424316 
112.414246 
112.403564 
112.393494 
112.382813 
112.372437 
112.362976 
112.353210 
112.343750 
112.333374 
112.323608 
112.313538 
112.303162 
112.292480 
112.282410 
112.271423 
112.261047 
112.250977 
112.240295 
112.229919 
112.219849 
112.209473 
112.199097 
112.189636 
112.179565 
112.169495 
112.157898 
112.147217 
112.135620 
112.125244 
112.115173 
112.104797 
112.094727 
112.084351 
112.073975 
112.064209 
112.053528 
112.043152 
112.033081 
112.022705 
112.012329 
112.001648 
111.990967 
111.980591 
111.969299 
111.959229 
111.949463 
111.939697 
111.930237 
111.919861 
111.909790 
111.899414 
111.888733 
111.878052 
111.867065 
111.856689 
111.846924 
111.836243 
111.825562 
111.815491 
111.805420 
111.794739 
111.784973 
111.774597 
111.764832 
111.754150 
111.743469 
111.732483 
111.721497 
111.711121 
111.701050 
111.690979 
111.681213 
111.670837 
111.660767 
111.651001 
111.640625 
111.630554 
111.620483 
111.610107 
111.599731 
111.589050 
111.578369 
111.568298 
111.557312 
111.547241 
111.537781 
111.528320 
111.518555 
111.508179 
111.498413 
111.487732 
111.477051 
111.466370 
111.456299 
111.445313 
111.435242 
111.424561 
111.413879 
111.403809 
111.394043 
111.383362 
111.373596 
111.363220 
111.353455 
111.343384 
111.332092 
111.320801 
111.309814 
111.299133 
111.289368 
111.278992 
111.268616 
111.258850 
111.248779 
111.239014 
111.228333 
111.218262 
111.208191 
111.197815 
111.187439 
111.177063 
111.166382 
111.156006 
111.144714 
111.134644 
111.125183 
111.115417 
111.105957 
111.095886 
111.085815 
111.075745 
111.064758 
111.054688 
111.044006 
111.033325 
111.023254 
111.012268 
111.001892 
110.991516 
110.981445 
110.971375 
110.961304 
110.951233 
110.941467 
110.931091 
110.920105 
110.909424 
110.898438 
110.887451 
110.878296 
110.867920 
110.857544 
110.847473 
110.837708 
110.827637 
110.817261 
110.807190 
110.797119 
110.787048 
110.776672 
110.766602 
110.755310 
110.744934 
110.734253 
110.723572 
110.714111 
110.704346 
110.694580 
110.684509 
110.674133 
110.664063 
110.653687 
110.643005 
110.632019 
110.621948 
110.611572 
110.600891 
110.590820 
110.580139 
110.570068 
110.559387 
110.549316 
110.539246 
110.529175 
110.519104 
110.507813 
110.496826 
110.485840 
110.475769 
110.465698 
110.455627 
110.445251 
110.435486 
110.425720 
110.415344 
110.405579 
110.394897 
110.384521 
110.374146 
110.364075 
110.353394 
110.343018 
110.332336 
110.321960 
110.311890 
110.301819 
110.292053 
110.282898 
110.272827 
110.263367 
110.252686 
110.242615 
110.232544 
110.222778 
110.213928 
110.204468 
110.195313 
110.187378 
110.179138 
110.172119 
110.165405 
110.158691 
110.152283 
110.146790 
110.140991 
110.135803 
110.129700 
110.124817 
110.120850 
110.117188 
110.114441 
110.111694 
110.109863 
110.108337 
110.106812 
110.105286 
110.104065 
110.103760 
110.103149 
110.102539 
110.102539 
110.102234 
110.101318 
110.101318 
110.101013 
110.101929 
110.102844 
110.102844 
110.103455 
110.104370 
110.103760 
110.103455 
110.103455 
110.103455 
110.103149 
110.103760 
110.103760 
110.104065 
110.104065 
110.104370 
110.104675 
110.104675 
110.105286 
110.105591 
110.105591 
110.105591 
110.104675 
110.104065 
110.104065 
110.104370 
110.104675 
110.104980 
110.104980 
110.105286 
110.105896 
110.105896 
110.105591 
110.106201 
110.106506 
110.105896 
110.105896 
110.105591 
110.105591 
110.105286 
110.105286 
110.105591 
110.106812 
110.107727 
110.107422 
110.108337 
110.107727 
110.107727 
110.107727 
110.106812 
110.106812 
110.107117 
110.106506 
110.106812 
110.107117 
110.107117 
110.107422 
110.106812 
110.107117 
110.107422 
110.107727 
110.106812 
110.106201 
110.105286 
110.105591 
110.105896 
110.105896 
110.105896 
110.106506 
110.106201 
110.106506 
110.106506 
110.106506 
110.106201 
110.106201 
110.106201 
110.106201 
110.105896 
110.105591 
110.105286 
110.104980 
110.106201 
110.106201 
110.107117 
110.107422 
