Blum, K. P., D’Incamps, B. L., Zytnicki, D., & Ting, L. H. (2017).
Force encoding in muscle spindles during stretch of
passive muscle. PLoS computational biology, 13(9), 
e1005767. <https://journals.plos.org/ploscompbiol/article?
id=10.1371/journal.pcbi.1005767>

cat medial gastrocnemius muscle lengths over t  (in 0.0005 s increments)
110.109558 
110.110168 
110.110168 
110.110168 
110.110168 
110.110474 
110.110168 
110.110168 
110.109558 
110.109558 
110.108948 
110.108948 
110.108948 
110.108643 
110.109863 
110.111084 
110.112000 
110.112000 
110.111389 
110.111694 
110.111389 
110.111084 
110.110779 
110.110474 
110.110779 
110.110779 
110.110779 
110.110779 
110.111084 
110.111389 
110.111694 
110.111694 
110.112305 
110.112305 
110.110779 
110.109863 
110.109253 
110.108948 
110.108948 
110.109863 
110.109863 
110.109863 
110.109863 
110.109863 
110.110168 
110.110168 
110.110168 
110.110474 
110.109558 
110.109558 
110.109253 
110.109253 
110.108643 
110.108948 
110.109863 
110.111084 
110.112305 
110.112000 
110.111694 
110.111694 
110.110779 
110.111084 
110.110474 
110.110779 
110.110779 
110.110779 
110.110779 
110.110779 
110.111084 
110.111389 
110.112000 
110.112000 
110.112000 
110.112305 
110.110779 
110.109558 
110.109558 
110.108948 
110.108948 
110.109558 
110.109253 
110.109863 
110.109863 
110.110168 
110.110168 
110.110474 
110.109558 
110.110168 
110.109863 
110.109558 
110.109253 
110.108643 
110.108643 
110.108337 
110.110168 
110.111389 
110.112305 
110.111694 
110.111389 
110.112000 
110.111084 
110.110779 
110.110779 
110.110779 
110.110474 
110.110474 
110.110779 
110.110779 
110.111084 
110.112000 
110.112305 
110.112915 
110.114136 
110.114746 
110.114136 
110.114136 
110.115051 
110.116577 
110.118408 
110.121460 
110.124207 
110.127563 
110.131226 
110.134888 
110.139771 
110.143433 
110.148926 
110.153809 
110.158997 
110.164795 
110.169983 
110.176392 
110.183105 
110.190430 
110.199280 
110.208130 
110.216980 
110.225220 
110.233765 
110.242920 
110.251160 
110.259705 
110.268555 
110.278015 
110.287476 
110.297546 
110.307312 
110.318298 
110.328674 
110.339966 
110.351563 
110.363464 
110.375061 
110.386963 
110.397644 
110.408325 
110.420532 
110.432739 
110.445557 
110.458984 
110.472412 
110.485535 
110.498657 
110.511475 
110.524292 
110.536804 
110.549622 
110.560913 
110.572510 
110.583191 
110.593872 
110.604858 
110.615234 
110.625305 
110.637512 
110.648499 
110.659180 
110.669250 
110.678711 
110.688171 
110.697327 
110.706482 
110.715332 
110.724182 
110.733032 
110.741577 
110.750732 
110.759583 
110.768127 
110.777283 
110.786438 
110.795593 
110.804443 
110.813599 
110.820923 
110.828247 
110.836487 
110.845032 
110.854797 
110.864258 
110.874329 
110.883484 
110.893250 
110.903015 
110.912476 
110.922241 
110.932007 
110.941772 
110.951233 
110.960693 
110.970459 
110.979614 
110.989380 
110.999756 
111.010742 
111.022339 
111.033325 
111.043396 
111.053772 
111.063843 
111.073608 
111.083679 
111.093750 
111.103516 
111.113892 
111.124573 
111.134644 
111.145325 
111.155701 
111.166382 
111.177368 
111.188660 
111.199341 
111.209717 
111.218872 
111.228027 
111.237488 
111.247864 
111.258545 
111.269531 
111.280212 
111.291199 
111.301880 
111.312561 
111.323242 
111.333923 
111.344604 
111.354370 
111.365356 
111.375427 
111.385193 
111.395569 
111.405334 
111.416016 
111.427917 
111.439514 
111.450806 
111.461487 
111.471558 
111.481323 
111.491699 
111.501770 
111.511841 
111.521912 
111.532288 
111.542664 
111.552429 
111.562805 
111.573181 
111.584167 
111.594238 
111.604919 
111.616211 
111.625671 
111.634521 
111.643982 
111.653442 
111.663513 
111.674194 
111.684570 
111.694336 
111.705017 
111.716003 
111.725769 
111.736450 
111.746216 
111.756592 
111.766663 
111.776733 
111.786499 
111.795959 
111.806335 
111.816101 
111.826782 
111.838074 
111.849365 
111.860046 
111.870422 
111.880798 
111.890869 
111.900635 
111.910706 
111.920166 
111.930847 
111.940613 
111.950378 
111.961060 
111.971741 
111.981812 
111.992493 
112.002869 
112.013550 
112.024536 
112.034302 
112.043457 
112.052002 
112.061462 
112.071838 
112.082520 
112.092896 
112.103577 
112.114258 
112.125244 
112.135620 
112.145996 
112.156372 
112.166443 
112.176819 
112.186890 
112.196655 
112.207031 
112.216797 
112.226868 
112.237549 
112.249146 
112.261047 
112.272339 
112.283020 
112.292786 
112.303162 
112.313232 
112.322998 
112.333374 
112.343140 
112.354126 
112.363892 
112.374878 
112.385254 
112.395630 
112.406311 
112.416992 
112.428284 
112.438965 
112.449341 
112.457886 
112.467651 
112.476807 
112.487183 
112.497864 
112.507935 
112.518616 
112.529602 
112.539978 
112.550659 
112.561035 
112.571411 
112.581787 
112.591858 
112.601929 
112.612610 
112.622070 
112.631531 
112.641602 
112.652588 
112.663879 
112.676086 
112.686462 
112.696838 
112.706909 
112.717285 
112.726746 
112.736816 
112.747192 
112.757263 
112.767029 
112.777405 
112.787781 
112.797852 
112.808533 
112.818909 
112.829285 
112.840271 
112.850952 
112.860107 
112.869568 
112.878418 
112.887878 
112.898254 
112.908936 
112.919312 
112.929688 
112.940063 
112.950745 
112.960815 
112.971191 
112.981262 
112.991028 
113.001099 
113.010864 
113.020630 
113.029785 
113.039246 
113.048096 
113.058472 
113.069153 
113.079224 
113.088684 
113.096924 
113.105469 
113.113098 
113.120422 
113.127747 
113.134460 
113.141785 
113.147888 
113.154297 
113.160400 
113.166199 
113.171387 
113.176880 
113.182068 
113.186646 
113.190918 
113.194275 
113.196411 
113.197937 
113.200073 
113.202209 
113.204651 
113.206787 
113.208618 
113.210754 
113.212585 
113.214111 
113.215332 
113.216858 
113.216858 
113.217468 
113.218079 
113.218384 
113.217773 
113.217773 
113.217468 
113.217468 
113.218994 
113.220520 
113.220825 
113.220215 
113.220520 
113.219910 
113.219604 
113.219299 
113.218384 
113.218384 
113.217773 
113.217468 
113.216858 
113.216248 
113.215942 
113.215637 
113.215332 
113.215332 
113.215027 
113.213806 
113.212280 
113.210449 
113.208923 
113.208618 
113.207703 
113.207703 
113.207397 
113.207092 
113.206482 
113.206787 
113.205872 
113.205261 
113.205261 
113.204346 
113.203735 
113.203125 
113.202209 
113.201599 
113.200989 
113.201294 
113.202515 
113.202820 
113.203125 
113.202820 
113.203125 
113.202515 
113.201599 
113.201599 
113.201294 
113.200989 
113.200684 
113.200684 
113.200989 
113.200684 
113.200989 
113.200989 
113.201599 
113.201904 
113.201904 
113.201599 
113.200684 
113.199158 
113.198242 
113.197937 
113.198547 
113.198547 
113.198853 
113.199463 
113.199768 
113.199463 
113.200073 
113.199768 
113.199463 
113.199463 
113.198853 
113.199158 
113.198853 
113.198242 
113.197937 
113.197937 
113.199463 
113.200684 
113.200989 
113.200684 
113.200378 
113.200378 
113.200073 
113.199768 
113.199463 
113.199463 
113.199463 
113.199158 
113.198853 
113.199463 
113.199158 
113.199158 
113.199768 
113.199768 
113.200073 
113.199768 
113.198242 
113.197021 
113.195801 
113.196106 
113.196106 
113.196106 
113.196106 
113.196411 
113.196716 
113.196411 
113.196106 
113.196411 
113.195801 
113.195496 
113.195496 
113.195496 
113.194885 
113.194580 
113.193665 
113.194275 
113.195496 
113.196106 
113.196716 
113.197021 
113.196411 
113.196106 
113.195801 
113.195496 
113.195190 
113.195190 
113.195190 
113.195190 
113.195190 
113.195190 
113.195190 
113.195801 
113.196411 
113.196716 
113.196716 
113.196411 
113.195496 
113.194580 
113.193665 
113.193665 
113.194275 
113.194580 
113.194580 
113.194580 
113.195190 
113.195190 
113.195496 
113.195496 
113.195190 
113.194885 
113.195496 
113.195190 
113.194580 
113.194580 
113.194275 
113.194580 
113.196411 
113.197937 
113.198547 
113.198853 
113.198853 
113.197937 
113.198242 
113.197937 
113.197632 
113.197632 
113.197632 
113.197632 
113.197937 
113.198242 
113.198242 
113.198853 
113.199158 
113.199463 
113.200073 
113.199463 
113.199158 
113.197632 
113.196716 
113.197021 
113.197327 
113.197021 
113.197327 
113.197937 
113.197937 
113.197632 
113.197632 
113.197937 
113.198242 
113.197632 
113.197632 
113.197327 
113.196716 
113.196106 
113.196411 
113.196106 
113.197632 
113.198853 
113.199463 
113.199158 
113.199158 
113.198853 
113.197937 
113.197937 
113.197632 
113.197327 
113.197632 
113.197632 
113.197327 
113.197021 
113.197937 
113.197632 
113.198242 
113.198547 
113.199158 
113.198242 
113.197021 
113.195190 
113.194580 
113.194580 
113.195190 
113.194885 
113.194885 
113.195496 
113.195801 
113.195801 
113.195801 
113.195801 
113.195801 
113.195801 
113.195190 
113.194885 
113.194275 
113.194275 
113.193665 
113.193359 
113.195190 
113.196716 
113.197021 
113.196716 
113.196411 
113.196411 
113.196411 
113.196106 
113.196106 
113.196106 
113.195496 
113.196411 
113.195801 
113.195801 
113.196106 
113.196716 
113.196716 
113.197632 
113.197937 
113.197327 
113.196106 
113.194885 
113.194275 
113.194275 
113.194885 
113.194885 
113.194885 
113.195190 
113.195496 
113.195801 
113.196106 
113.195801 
113.195496 
113.195190 
113.195496 
113.195496 
113.194275 
113.193970 
113.194275 
113.194275 
113.195496 
113.197021 
113.197632 
113.197632 
113.197327 
113.197021 
113.196716 
113.196411 
113.196716 
113.196411 
113.196411 
113.195801 
113.196411 
113.196411 
113.196106 
113.197021 
113.197021 
113.197632 
113.198242 
113.197327 
113.196106 
113.194580 
113.194275 
113.194275 
113.193970 
113.194580 
113.194580 
113.194580 
113.195190 
113.195801 
113.195190 
113.194885 
113.195496 
113.195190 
113.194885 
113.194885 
113.194580 
113.193970 
113.193970 
113.193665 
113.195190 
113.196106 
113.196716 
113.196411 
113.196411 
113.196411 
113.196106 
113.195496 
113.195496 
113.195496 
113.195496 
113.195190 
113.195496 
113.195496 
113.195190 
113.195496 
113.196411 
113.196411 
113.196716 
113.196106 
113.195190 
113.193665 
113.193359 
113.193665 
113.193359 
113.193359 
113.193665 
113.193970 
113.194275 
113.194275 
113.194275 
113.194275 
113.194580 
113.194580 
113.193970 
113.193970 
113.193665 
113.192444 
113.192444 
113.193665 
113.194275 
113.195496 
113.195801 
113.196411 
113.195801 
113.195496 
113.195190 
113.195496 
113.194885 
113.195190 
113.195190 
113.195190 
113.195190 
113.195190 
113.195496 
113.195801 
113.195801 
113.196716 
113.196411 
113.196106 
113.195496 
113.193970 
113.193359 
113.193665 
113.193665 
113.193970 
113.194275 
113.194275 
113.194580 
113.194885 
113.194885 
113.194885 
113.194580 
113.194885 
113.194885 
113.194275 
113.193665 
113.193359 
113.193054 
113.193359 
113.194885 
113.195801 
113.196411 
113.196716 
113.196411 
113.196106 
113.196106 
113.195801 
113.195801 
113.195496 
113.195496 
113.195190 
113.195801 
113.195496 
113.195801 
113.196106 
113.196411 
113.196716 
113.197327 
113.196716 
113.195190 
113.193970 
113.193970 
113.193359 
113.193970 
113.193665 
113.194580 
113.194275 
113.194885 
113.194580 
113.194885 
113.194885 
113.194275 
113.194580 
113.194275 
113.193970 
113.193665 
113.193359 
113.193054 
113.192749 
113.194275 
113.195801 
113.195801 
113.196106 
113.195801 
113.195801 
113.195496 
113.195190 
113.194885 
113.194580 
113.194580 
113.194580 
113.194580 
113.194885 
113.194580 
113.194885 
113.195801 
113.196106 
113.196106 
113.196106 
113.194580 
113.193054 
113.192444 
113.192749 
113.192749 
113.192749 
113.193054 
113.193359 
113.193970 
113.193970 
113.193665 
113.193970 
113.193970 
113.193359 
113.193359 
113.193359 
113.192749 
113.192444 
113.192444 
113.192444 
113.193359 
113.195190 
113.195496 
113.195496 
113.195190 
113.195190 
113.194885 
113.194885 
113.194580 
113.194275 
113.194275 
113.194580 
113.194580 
113.194275 
113.194580 
113.194885 
113.195496 
113.196106 
113.196106 
113.196106 
113.194580 
113.193359 
113.193054 
113.192749 
113.193359 
113.193665 
113.193359 
113.193970 
113.194275 
113.194275 
113.193970 
113.194275 
113.193970 
113.193970 
113.193970 
113.193665 
113.193054 
113.192749 
113.192749 
113.193054 
113.193970 
113.195190 
113.196106 
113.195496 
113.195496 
113.195496 
113.195190 
113.195496 
113.194885 
113.194885 
113.194885 
113.194580 
113.194885 
113.194580 
113.194885 
113.195190 
113.195496 
113.195801 
113.196106 
113.196106 
113.194580 
113.193054 
113.192444 
113.192749 
113.192749 
113.193054 
113.193359 
113.193665 
113.193054 
113.193359 
113.193665 
113.193359 
113.193359 
113.193054 
113.193054 
113.192749 
113.192749 
113.192139 
113.191528 
113.191833 
113.193665 
113.194275 
113.194885 
113.194885 
113.194275 
113.194580 
113.194580 
113.193970 
113.193665 
113.193665 
113.193970 
113.193970 
113.193665 
113.193970 
113.194275 
113.194275 
113.194580 
113.195190 
113.195496 
113.194885 
113.193970 
113.192444 
113.191833 
113.192139 
113.192139 
113.192139 
113.192444 
113.193054 
113.193054 
113.192749 
113.193054 
113.193665 
113.193359 
113.193054 
113.192749 
113.192749 
113.191833 
113.191528 
113.191528 
113.191833 
113.193359 
113.194885 
113.194885 
113.194885 
113.194885 
113.194885 
113.194275 
113.194580 
113.194275 
113.194275 
113.194275 
113.194275 
113.193665 
113.194275 
113.194580 
113.194580 
113.195190 
113.195496 
113.195801 
113.195801 
113.194275 
113.193054 
113.192444 
113.192444 
113.192444 
113.192749 
113.193054 
113.193359 
113.193359 
113.193359 
113.193359 
113.193359 
113.193665 
113.193359 
113.193359 
113.193054 
113.192444 
113.192139 
113.192139 
113.192139 
113.193359 
113.194885 
113.195190 
113.195190 
113.194885 
113.195190 
113.194580 
113.194275 
113.193665 
113.194275 
113.193665 
113.193970 
113.193665 
113.193970 
113.193970 
113.194580 
113.194580 
113.195190 
113.195496 
113.194885 
113.193970 
113.192749 
113.192139 
113.192444 
113.191833 
113.192139 
113.192139 
113.192749 
113.193054 
113.193054 
113.193359 
113.192444 
113.193054 
113.192749 
113.192444 
113.192444 
113.191833 
113.191528 
113.191223 
113.192139 
113.192749 
113.194275 
113.194580 
113.194580 
113.194580 
113.194580 
113.193970 
113.193970 
113.193359 
113.193970 
113.193359 
113.193665 
113.193970 
113.193970 
113.193665 
113.194580 
113.194580 
113.194885 
113.195496 
113.194885 
113.193359 
113.192444 
113.191833 
113.191528 
113.192444 
113.192444 
113.192444 
113.193054 
113.193359 
113.193359 
113.193054 
113.193665 
113.193054 
113.193054 
113.193054 
113.192444 
113.192444 
113.192139 
113.191833 
113.192139 
113.193054 
113.194580 
113.195190 
113.195496 
113.194885 
113.194885 
113.194580 
113.193970 
113.193970 
113.194275 
113.194580 
113.194275 
113.194275 
113.193665 
113.193665 
113.194580 
113.195190 
113.195190 
113.195801 
113.195496 
113.193970 
113.193054 
113.192139 
113.192139 
113.192139 
113.192444 
113.193054 
113.192749 
113.193359 
113.193054 
113.193359 
113.193054 
113.193054 
113.193054 
113.193359 
113.192749 
113.192139 
113.192139 
113.191833 
113.192139 
113.193359 
113.194275 
113.194580 
113.194885 
113.194580 
113.194580 
113.194275 
113.193970 
113.193359 
113.193359 
113.193665 
113.193970 
113.193665 
113.193665 
113.194275 
113.194275 
113.194885 
113.194885 
113.194885 
113.195190 
113.193359 
113.192139 
113.191833 
113.191528 
113.191833 
113.191833 
113.192139 
113.192444 
113.192749 
113.192749 
113.192749 
113.192444 
113.192444 
113.192444 
113.192139 
113.192139 
113.192139 
113.191528 
113.190918 
113.191223 
113.192444 
113.193970 
113.194580 
113.194580 
113.194580 
113.194275 
113.193970 
113.193665 
113.193665 
113.193665 
113.193359 
113.193665 
113.193359 
113.193665 
113.193665 
113.193970 
113.194580 
113.194885 
113.195190 
113.194580 
113.193665 
113.192444 
113.191528 
113.191833 
113.192139 
113.192444 
113.192444 
113.192749 
113.193054 
113.192749 
113.193054 
113.193054 
113.193054 
113.192749 
113.193054 
113.192749 
113.192139 
113.191528 
113.191223 
113.191528 
113.193054 
113.194275 
113.194885 
113.194885 
113.194580 
113.194580 
113.194275 
113.193970 
113.193970 
113.193970 
113.193359 
113.193665 
113.193359 
113.193359 
113.193665 
113.194275 
113.194275 
113.194580 
113.195496 
113.194885 
113.193665 
113.192444 
113.191528 
113.191833 
113.191528 
113.192139 
113.191833 
113.192139 
113.192749 
113.193054 
113.192444 
113.192749 
113.192749 
113.192444 
113.192139 
113.192139 
113.191833 
113.191223 
113.190918 
113.191528 
113.192749 
113.193970 
113.194275 
113.193970 
113.194275 
113.193970 
113.193970 
113.193359 
113.193359 
113.193359 
113.193359 
113.193665 
113.193054 
113.193054 
113.193359 
113.193665 
113.194275 
113.194580 
113.194885 
113.194580 
113.193054 
113.192139 
113.191528 
113.191223 
113.191528 
113.191833 
113.191833 
113.192444 
113.192749 
113.192444 
113.192444 
113.192139 
113.192444 
113.192444 
113.192444 
113.191833 
113.191528 
113.191528 
113.191223 
113.191223 
113.192749 
113.193665 
113.194580 
113.194580 
113.194275 
113.193665 
113.193665 
113.193665 
113.193665 
113.193359 
113.193359 
113.193359 
113.193054 
113.193359 
113.193359 
113.193970 
113.194275 
113.195190 
113.194885 
113.194275 
113.193359 
113.192139 
113.191528 
113.191528 
113.191528 
113.191833 
113.192444 
113.192444 
113.192444 
113.192444 
113.192749 
113.192444 
113.192749 
113.192444 
113.191833 
113.191833 
113.191528 
113.191528 
113.190613 
113.191528 
113.192139 
113.193665 
113.194275 
113.193970 
113.194275 
113.193970 
113.193359 
113.193054 
113.193054 
113.193359 
113.192749 
113.193359 
113.193359 
113.193359 
113.193359 
113.193665 
113.193970 
113.194580 
113.195190 
113.194580 
113.193054 
113.192139 
113.191223 
113.191223 
113.191223 
113.191528 
113.191833 
113.192139 
113.192444 
113.192139 
113.192444 
113.192139 
113.192444 
113.192139 
113.191833 
113.191833 
113.191223 
113.191223 
113.190613 
113.191223 
113.192139 
113.193665 
113.194275 
113.193970 
113.193665 
113.193359 
113.193359 
113.193054 
113.193054 
113.192749 
113.193054 
113.193359 
113.193054 
113.193054 
113.193054 
113.193665 
113.193970 
113.194275 
113.194885 
113.194580 
113.193359 
113.192139 
113.191223 
113.191223 
113.191223 
113.192139 
113.192139 
113.191833 
113.192444 
113.192444 
113.192139 
113.192444 
113.192444 
113.192139 
113.192139 
113.192139 
113.191528 
113.190613 
113.190918 
113.190918 
113.192444 
113.193359 
113.193970 
113.193970 
113.193970 
113.193665 
113.193665 
113.193359 
113.193054 
113.192749 
113.193359 
113.193054 
113.193359 
113.193054 
113.193054 
113.193665 
113.193970 
113.194275 
113.194885 
113.194580 
113.193054 
113.191833 
113.191223 
113.190918 
113.191223 
113.191833 
113.191833 
113.192139 
113.192444 
113.192139 
113.192139 
113.192139 
113.192444 
113.191833 
113.191833 
113.191833 
113.191833 
113.190918 
113.190308 
113.191223 
113.192139 
113.193359 
113.193970 
113.193665 
113.193665 
113.193359 
113.193359 
113.193054 
113.192749 
113.193054 
113.193054 
113.192749 
113.192749 
113.193054 
113.192749 
113.193054 
113.193665 
113.194275 
113.194580 
113.193970 
113.192749 
113.191528 
113.191223 
113.191223 
113.191223 
113.191223 
113.191833 
113.192139 
113.191833 
113.192139 
113.192444 
113.192139 
113.192139 
113.191833 
113.191833 
113.191833 
113.190918 
113.190918 
113.190308 
113.190613 
113.192139 
113.193359 
113.193970 
113.193665 
113.193970 
113.193359 
113.193359 
113.193359 
113.192749 
113.192444 
113.193054 
113.192749 
113.192444 
113.192749 
113.192749 
113.193665 
113.193359 
113.193970 
113.194580 
113.193970 
113.192749 
113.191833 
113.191223 
113.191223 
113.191223 
113.191528 
113.191528 
113.191528 
113.191833 
113.192444 
113.192139 
113.192139 
113.192139 
113.191833 
113.192139 
113.191833 
113.191223 
113.190613 
113.190613 
113.190918 
113.191833 
113.193359 
113.193970 
113.193970 
113.193665 
113.193054 
113.193054 
113.192749 
113.192749 
113.192749 
113.192749 
113.192749 
113.193054 
113.193054 
113.192749 
113.193359 
113.193665 
113.193665 
113.194275 
113.193665 
113.192749 
113.191223 
113.190918 
113.190918 
113.190918 
113.191833 
113.191833 
113.191528 
113.191833 
113.191528 
113.192139 
113.191833 
113.191833 
113.191833 
113.191833 
113.191833 
113.191223 
113.190918 
113.190308 
113.190613 
113.191223 
113.192749 
113.193359 
113.193970 
113.193359 
113.193665 
113.193054 
113.193054 
113.192444 
113.192749 
113.192749 
113.192749 
113.192444 
113.192749 
113.193054 
113.193054 
113.193665 
113.193970 
113.194580 
113.193665 
113.192749 
113.191223 
113.190918 
113.190918 
113.191223 
113.191528 
113.191833 
113.192139 
113.192139 
113.191833 
113.192139 
113.192139 
113.191833 
113.191833 
113.191833 
113.191223 
113.191528 
113.190918 
113.190308 
113.190613 
113.192139 
113.193359 
113.193665 
113.193665 
113.193665 
113.193359 
113.193054 
113.193054 
113.192749 
113.192749 
113.192444 
113.193054 
113.192749 
113.192749 
113.193054 
113.193359 
113.193665 
113.193970 
113.194275 
113.193970 
113.192749 
113.191528 
113.190613 
113.191223 
113.191528 
113.191223 
113.191223 
113.191833 
113.192139 
113.191833 
113.192139 
113.191833 
113.191833 
113.191833 
113.191528 
113.191833 
113.191223 
113.190918 
113.190002 
113.190613 
113.191833 
113.193359 
113.193665 
113.193665 
113.193054 
113.193359 
113.192749 
113.192139 
113.192444 
113.192444 
113.192749 
113.192749 
113.192749 
113.192749 
113.192749 
113.193054 
113.193665 
113.193970 
113.194275 
113.193665 
113.192749 
113.191528 
113.191223 
113.190613 
113.191223 
113.191528 
113.191223 
113.191528 
113.191833 
113.192139 
113.191833 
113.191833 
113.191833 
113.191223 
113.191833 
113.191528 
113.191223 
113.190613 
113.190002 
113.190308 
113.191528 
113.193054 
113.193054 
113.193359 
113.193359 
113.192749 
113.192749 
113.192749 
113.192139 
113.192749 
113.192444 
113.192444 
113.192444 
113.193054 
113.192749 
113.193359 
113.193665 
113.193665 
113.193970 
113.193665 
113.192749 
113.191528 
113.190613 
113.190918 
113.191223 
113.191223 
113.191528 
113.191833 
113.191833 
113.192139 
113.191833 
113.192139 
113.191833 
113.191833 
113.191528 
113.191528 
113.191528 
113.190918 
113.190308 
113.191223 
113.191833 
113.193359 
113.193665 
113.193359 
113.193665 
113.193359 
113.192749 
113.192749 
113.192749 
113.192749 
113.192749 
113.192749 
113.192444 
113.192444 
113.192749 
113.193359 
113.193054 
113.194275 
113.194275 
113.193665 
113.192749 
113.191528 
113.190613 
113.190613 
113.190918 
113.191223 
113.191528 
113.191833 
113.192139 
113.192139 
113.191528 
113.191528 
113.191833 
113.191833 
113.191528 
113.191528 
113.190918 
113.190308 
113.190002 
113.190918 
113.191833 
113.193054 
113.193665 
113.193665 
113.193359 
113.193054 
113.192444 
113.192444 
113.192444 
113.192139 
113.192444 
113.192444 
113.192444 
113.192444 
113.192444 
113.192749 
113.193359 
113.193359 
113.194275 
113.193970 
113.192444 
113.191223 
113.190308 
113.190613 
113.190613 
113.191223 
113.191223 
113.191833 
113.191528 
113.191528 
113.191833 
113.191833 
113.191833 
113.191833 
113.191833 
113.191223 
113.190613 
113.190613 
113.190308 
113.190002 
113.191528 
113.193054 
113.193665 
113.193359 
113.193054 
113.192749 
113.193359 
113.192749 
113.192444 
113.192139 
113.192444 
113.192444 
113.192444 
113.193054 
113.192444 
113.192444 
113.193359 
113.193665 
113.194580 
113.193970 
113.192139 
113.191528 
113.190613 
113.190613 
113.190613 
113.191223 
113.191528 
113.191223 
113.191833 
113.191833 
113.191528 
113.191528 
113.192139 
113.191528 
113.191528 
113.191528 
113.190918 
113.190308 
113.190308 
113.190613 
113.191833 
113.193359 
113.193359 
113.193359 
113.193359 
113.193054 
113.192444 
113.192444 
113.192444 
113.192749 
113.192444 
113.192444 
113.192444 
113.192749 
113.192749 
113.193054 
113.193359 
113.193665 
113.194275 
113.193665 
113.192139 
113.191223 
113.190613 
113.190918 
113.190613 
113.190918 
113.191528 
113.191528 
113.191528 
113.191833 
113.191528 
113.191833 
113.192139 
113.191528 
113.191528 
113.190918 
113.190918 
113.190613 
113.190002 
113.190613 
113.192139 
113.193054 
113.193665 
113.193359 
113.193054 
113.193359 
113.192749 
113.192444 
113.192139 
113.191833 
113.191833 
113.192749 
113.192444 
113.192139 
113.192444 
113.192749 
113.193054 
113.193665 
113.194580 
113.193359 
113.192444 
113.190918 
113.190613 
113.190308 
113.190613 
113.190918 
113.191223 
113.191528 
113.191528 
113.191833 
113.191528 
113.191528 
113.191528 
113.191528 
113.191528 
113.191528 
113.190918 
113.190613 
113.190002 
113.190308 
113.191528 
113.193054 
113.193665 
113.193665 
113.193054 
113.192749 
113.193054 
113.192444 
113.192139 
113.192139 
113.192444 
113.192444 
113.192749 
113.192444 
113.192749 
113.193054 
113.193665 
113.193359 
113.193970 
113.193970 
113.192444 
113.191528 
113.190613 
113.190918 
113.190613 
113.191528 
113.191223 
113.191528 
113.191833 
113.191528 
113.192139 
113.191833 
113.191833 
113.191528 
113.191528 
113.191833 
113.190918 
113.190918 
113.190002 
113.190613 
113.191833 
113.193054 
113.193359 
113.193970 
113.193359 
113.193054 
113.193054 
113.192749 
113.192444 
113.192444 
113.192139 
113.192139 
113.192139 
113.192749 
113.192139 
113.192749 
113.193359 
113.193665 
113.193970 
113.193970 
113.192444 
113.191223 
113.190613 
113.190613 
113.190613 
113.190918 
113.191223 
113.191223 
113.191833 
113.191833 
113.191833 
113.191528 
113.191833 
113.191833 
113.191528 
113.191223 
113.190613 
113.190002 
113.190308 
113.190613 
113.191833 
113.193359 
113.193359 
113.193359 
113.193359 
113.193054 
113.193054 
113.192749 
113.192444 
113.192139 
113.192444 
113.192444 
113.192139 
113.192444 
113.192749 
113.192749 
113.193054 
113.193359 
113.193970 
113.193970 
113.192749 
113.191528 
113.190308 
113.190308 
113.190918 
113.190918 
113.190918 
113.191528 
113.191528 
113.191528 
113.191528 
113.191833 
113.191528 
113.191528 
113.191528 
113.191528 
113.190613 
113.190308 
113.190613 
113.190002 
113.191528 
113.193054 
113.193359 
113.193359 
113.193054 
113.193054 
113.192749 
113.192749 
113.192444 
113.192444 
113.192444 
113.192444 
113.192444 
113.192749 
113.192444 
113.193359 
113.193054 
113.194275 
113.193970 
113.193665 
113.192139 
113.190918 
113.190308 
113.190002 
113.190918 
113.190918 
113.190918 
113.191528 
113.191833 
113.191528 
113.191833 
113.191528 
113.191528 
113.192139 
113.190918 
113.191223 
113.190918 
113.190308 
113.190002 
113.190308 
113.191528 
113.193359 
113.193665 
113.193665 
113.193054 
113.193359 
113.192749 
113.192444 
113.192444 
113.192139 
113.192444 
113.192444 
113.192749 
113.192749 
113.192444 
113.192749 
113.193054 
113.193665 
113.193970 
113.193359 
113.192444 
113.190918 
113.190308 
113.190613 
113.190613 
113.190918 
113.190918 
113.191528 
113.191833 
113.191528 
113.191528 
113.191833 
113.191528 
113.191223 
113.191223 
113.190918 
113.190613 
113.190613 
113.190308 
113.190308 
113.191833 
113.193054 
113.193359 
113.193054 
113.193054 
113.192749 
113.192749 
113.192444 
113.192139 
113.191833 
113.192139 
113.192139 
113.192139 
113.192444 
113.192444 
113.192749 
113.193359 
113.193665 
113.193970 
113.193359 
113.192139 
113.191223 
113.190613 
113.190308 
113.190613 
113.190918 
113.191223 
113.191223 
113.191528 
113.191833 
113.191833 
113.191528 
113.191833 
113.191528 
113.191223 
113.191223 
113.190613 
113.190613 
113.190002 
113.190308 
113.191223 
113.192444 
113.193359 
113.193054 
113.193054 
113.192749 
113.192749 
113.192749 
113.192444 
113.192139 
113.192139 
113.192444 
113.192444 
113.192749 
113.192444 
113.193054 
113.193359 
113.193665 
113.194275 
113.193665 
113.192444 
113.191223 
113.190308 
113.190918 
113.190918 
113.190918 
113.191223 
113.191528 
113.191223 
113.191528 
113.191833 
113.191833 
113.191833 
113.191528 
113.191528 
113.190918 
113.190613 
113.190613 
113.190002 
113.190613 
113.191833 
113.193054 
113.193665 
113.193665 
113.193359 
113.193054 
113.192749 
113.192444 
113.192444 
113.192139 
113.192444 
113.192749 
113.192139 
113.192749 
113.192444 
113.192749 
113.193054 
113.193665 
113.194580 
113.193665 
113.192444 
113.191528 
113.190613 
113.190613 
113.190613 
113.190918 
113.191223 
113.191833 
113.191833 
113.191223 
113.191528 
113.191833 
113.191223 
113.191528 
113.191528 
113.191223 
113.190613 
113.190308 
113.190308 
113.190613 
113.192139 
113.192749 
113.193359 
113.193359 
113.193359 
113.193054 
113.193054 
113.192444 
113.192749 
113.192444 
113.192749 
113.192444 
113.192444 
113.192749 
113.192139 
113.192749 
113.193359 
113.193359 
113.193970 
113.193665 
113.192139 
113.191223 
113.190613 
113.190613 
113.190613 
113.190918 
113.191528 
113.191223 
113.191528 
113.191833 
113.191528 
113.192139 
113.191528 
113.191833 
113.191223 
113.190918 
113.190918 
113.189697 
113.190002 
113.190002 
113.191833 
113.192749 
113.193054 
113.193359 
113.192749 
113.193054 
113.192749 
113.192749 
113.192139 
113.192139 
113.192444 
113.192749 
113.192139 
113.192444 
113.192444 
113.192749 
113.193054 
113.193970 
113.193970 
113.193665 
113.191833 
113.190613 
113.190613 
113.190613 
113.190613 
113.191223 
113.191528 
113.191223 
113.191528 
113.191833 
113.191528 
113.191528 
113.191833 
113.191528 
113.191223 
113.191223 
113.190918 
113.190002 
113.190002 
113.190002 
113.191528 
113.192749 
113.193054 
113.193054 
113.193054 
113.193054 
113.192444 
113.192444 
113.192139 
113.192444 
113.192444 
113.192749 
113.192444 
113.192444 
113.192444 
113.192444 
113.193054 
113.193665 
113.193970 
113.193665 
113.191833 
113.190613 
113.189697 
113.189697 
113.189087 
113.189087 
113.188782 
113.187866 
113.186646 
113.185730 
113.183899 
113.182373 
113.180542 
113.177490 
113.175049 
113.171692 
113.168030 
113.164063 
113.160095 
113.156128 
113.152161 
113.148804 
113.144226 
113.138733 
113.132324 
113.125610 
113.118896 
113.110962 
113.103943 
113.096008 
113.088074 
113.079529 
113.071289 
113.062439 
113.053589 
113.044128 
113.034973 
113.025818 
113.015747 
113.005676 
112.993469 
112.981873 
112.970276 
112.959900 
112.949219 
112.937927 
112.927246 
112.916565 
112.905884 
112.894592 
112.883301 
112.872009 
112.860718 
112.849121 
112.837830 
112.825623 
112.814331 
112.802429 
112.790527 
112.778931 
112.769165 
112.758789 
112.748413 
112.736816 
112.725220 
112.713623 
112.702637 
112.691345 
112.679749 
112.668457 
112.657166 
112.646484 
112.635803 
112.624512 
112.614136 
112.603149 
112.593079 
112.582703 
112.572021 
112.561035 
112.549133 
112.537231 
112.525940 
112.515564 
112.505188 
112.495117 
112.484436 
112.474060 
112.463989 
112.453918 
112.443237 
112.433472 
112.422791 
112.412415 
112.402344 
112.391663 
112.380371 
112.369690 
112.359619 
112.349243 
112.340393 
112.331238 
112.321472 
112.311401 
112.301025 
112.290649 
112.280273 
112.268982 
112.259216 
112.248230 
112.237549 
112.227478 
112.217712 
112.207031 
112.196655 
112.186584 
112.176819 
112.166748 
112.156982 
112.146301 
112.134705 
112.122803 
112.111511 
112.101440 
112.090454 
112.080383 
112.070313 
112.060242 
112.049866 
112.039795 
112.029724 
112.019653 
112.008667 
111.998291 
111.987610 
111.976929 
111.965942 
111.954651 
111.943970 
111.934204 
111.924744 
111.915588 
111.906128 
111.895447 
111.885071 
111.874390 
111.864014 
111.853027 
111.842041 
111.831360 
111.821289 
111.810913 
111.800232 
111.789856 
111.779785 
111.769409 
111.759338 
111.749573 
111.739502 
111.728821 
111.717224 
111.705627 
111.694641 
111.683960 
111.673584 
111.662903 
111.653137 
111.642761 
111.632690 
111.622314 
111.612244 
111.601868 
111.591187 
111.580811 
111.570435 
111.560059 
111.549072 
111.538391 
111.527405 
111.517639 
111.508484 
111.499023 
111.489563 
111.479492 
111.468811 
111.458435 
111.447754 
111.437073 
111.426392 
111.415710 
111.405640 
111.395569 
111.384888 
111.374512 
111.364441 
111.354980 
111.344604 
111.334839 
111.324768 
111.314087 
111.303101 
111.291199 
111.280212 
111.269836 
111.259766 
111.249390 
111.239014 
111.229248 
111.219788 
111.209717 
111.199036 
111.189575 
111.179199 
111.168518 
111.158447 
111.147766 
111.136780 
111.126099 
111.115723 
111.105347 
111.096191 
111.087646 
111.077881 
111.067810 
111.057129 
111.046448 
111.035767 
111.026001 
111.015015 
111.004028 
110.993652 
110.983276 
110.972900 
110.962524 
110.952454 
110.942383 
110.932312 
110.923157 
110.912476 
110.901794 
110.889893 
110.877991 
110.867615 
110.856628 
110.846252 
110.836182 
110.826111 
110.815430 
110.805664 
110.795593 
110.785217 
110.774841 
110.765076 
110.754395 
110.743713 
110.733337 
110.722351 
110.711670 
110.700989 
110.690613 
110.681763 
110.672607 
110.663147 
110.652466 
110.642395 
110.632019 
110.621033 
110.610657 
110.599976 
110.589294 
110.579224 
110.568848 
110.558167 
110.547485 
110.537415 
110.527649 
110.517578 
110.507507 
110.497742 
110.486755 
110.475464 
110.463562 
110.452576 
110.442505 
110.432434 
110.421753 
110.412292 
110.402222 
110.391541 
110.381470 
110.371399 
110.361633 
110.351257 
110.340881 
110.330505 
110.319824 
110.309448 
110.298767 
110.287781 
110.278015 
110.269165 
110.260315 
110.251465 
110.241699 
110.231628 
110.222473 
110.213318 
110.204468 
110.195618 
110.187073 
110.179443 
110.171814 
110.165100 
110.158081 
110.152283 
110.147095 
110.141907 
110.137634 
110.133362 
110.128784 
110.123596 
110.119019 
110.115356 
110.112915 
110.110779 
110.108643 
110.106812 
110.106201 
110.105591 
110.104370 
110.104065 
110.103760 
110.103455 
110.103760 
110.103455 
110.102844 
110.102539 
110.102234 
110.101624 
110.102539 
110.103760 
110.104980 
110.106201 
110.106201 
110.105591 
110.106201 
110.105591 
110.105286 
110.105591 
110.105591 
110.105286 
110.105896 
110.106201 
110.107117 
110.106812 
110.107727 
110.108337 
110.108337 
110.108948 
110.109558 
110.107727 
110.107117 
110.106201 
110.106506 
110.106506 
110.107727 
110.107117 
110.107422 
110.108032 
110.108337 
110.108948 
110.109253 
110.108643 
110.108948 
110.108337 
110.108337 
110.108032 
110.107727 
110.107422 
110.108032 
110.108948 
110.110474 
110.110779 
110.111389 
110.111084 
110.111084 
110.110779 
110.110474 
110.110168 
110.110168 
110.110168 
110.110168 
110.109863 
110.110168 
110.110779 
110.110474 
110.111084 
110.111084 
110.112000 
110.111084 
110.110168 
110.108643 
110.108032 
110.108337 
110.108337 
110.108643 
110.108948 
110.109253 
110.108948 
110.109558 
110.109253 
110.108948 
110.109558 
110.108948 
110.108643 
110.108948 
110.108643 
110.107727 
110.107422 
110.107422 
