Blum, K. P., D’Incamps, B. L., Zytnicki, D., & Ting, L. H. (2017).
Force encoding in muscle spindles during stretch of
passive muscle. PLoS computational biology, 13(9), 
e1005767. <https://journals.plos.org/ploscompbiol/article?
id=10.1371/journal.pcbi.1005767>

cat medial gastrocnemius muscle lengths over t  (in 0.0005 s increments)
110.109863 
110.109253 
110.109253 
110.108948 
110.108643 
110.108032 
110.108337 
110.109558 
110.110474 
110.111389 
110.111389 
110.111084 
110.111084 
110.111084 
110.110168 
110.110168 
110.110474 
110.110474 
110.109863 
110.110168 
110.110474 
110.109863 
110.110474 
110.111084 
110.111084 
110.112000 
110.111389 
110.110474 
110.109558 
110.108643 
110.108337 
110.108643 
110.109253 
110.109253 
110.109253 
110.109253 
110.109558 
110.109863 
110.110168 
110.109863 
110.109863 
110.109253 
110.108948 
110.108948 
110.108643 
110.108337 
110.108337 
110.109558 
110.110168 
110.111694 
110.111389 
110.111084 
110.111389 
110.111084 
110.110779 
110.110474 
110.110474 
110.109863 
110.110168 
110.109863 
110.110474 
110.110168 
110.110474 
110.111084 
110.111389 
110.112305 
110.111694 
110.110474 
110.109558 
110.108337 
110.108643 
110.108643 
110.108948 
110.109558 
110.109253 
110.109863 
110.109558 
110.109558 
110.109253 
110.109558 
110.109558 
110.109253 
110.109253 
110.108643 
110.108643 
110.108643 
110.108337 
110.109253 
110.110779 
110.111084 
110.111084 
110.111389 
110.111084 
110.110474 
110.111084 
110.111084 
110.110168 
110.110168 
110.110474 
110.110168 
110.110168 
110.110779 
110.110474 
110.111084 
110.111084 
110.112000 
110.112000 
110.110779 
110.109558 
110.108337 
110.108948 
110.109253 
110.109253 
110.109253 
110.109558 
110.110168 
110.110168 
110.110474 
110.110474 
110.111084 
110.111084 
110.111389 
110.111389 
110.112305 
110.112305 
110.112610 
110.112915 
110.115051 
110.117493 
110.118713 
110.119934 
110.121155 
110.122375 
110.122681 
110.123901 
110.125122 
110.126038 
110.127258 
110.129089 
110.130615 
110.132446 
110.134583 
110.136108 
110.138245 
110.140686 
110.142822 
110.144653 
110.145569 
110.146484 
110.147705 
110.150146 
110.152283 
110.155334 
110.157776 
110.160828 
110.163879 
110.166321 
110.169373 
110.172424 
110.175476 
110.177917 
110.180359 
110.183716 
110.186462 
110.189514 
110.191956 
110.195618 
110.199890 
110.204773 
110.209045 
110.213013 
110.216980 
110.220947 
110.224304 
110.227966 
110.231628 
110.235901 
110.239868 
110.243835 
110.248108 
110.252380 
110.256653 
110.261841 
110.266418 
110.271301 
110.275879 
110.281067 
110.284729 
110.287781 
110.292053 
110.296936 
110.302124 
110.307617 
110.312805 
110.318604 
110.324402 
110.330200 
110.335388 
110.341187 
110.347290 
110.352783 
110.358887 
110.364685 
110.370789 
110.376892 
110.383301 
110.390015 
110.397949 
110.406189 
110.413513 
110.420837 
110.428162 
110.435486 
110.442810 
110.449524 
110.456848 
110.464478 
110.472107 
110.480347 
110.488281 
110.495911 
110.503845 
110.512085 
110.519714 
110.528259 
110.536499 
110.543518 
110.550537 
110.557251 
110.563660 
110.570984 
110.578613 
110.586548 
110.594177 
110.602112 
110.610046 
110.617981 
110.625305 
110.633545 
110.641174 
110.649109 
110.656128 
110.664673 
110.671692 
110.679321 
110.687256 
110.695190 
110.705566 
110.715027 
110.723877 
110.732727 
110.741272 
110.749512 
110.758057 
110.766602 
110.775146 
110.783997 
110.793152 
110.802307 
110.810852 
110.820313 
110.830078 
110.839844 
110.849609 
110.859680 
110.870056 
110.879517 
110.888062 
110.896606 
110.905762 
110.915833 
110.925598 
110.936279 
110.946350 
110.957031 
110.967102 
110.977478 
110.987854 
110.998230 
111.008606 
111.019287 
111.029968 
111.039429 
111.049500 
111.059875 
111.069641 
111.080322 
111.091919 
111.103210 
111.114197 
111.125183 
111.135254 
111.145935 
111.156006 
111.165771 
111.176147 
111.186218 
111.196594 
111.206665 
111.216736 
111.227112 
111.237488 
111.248169 
111.258240 
111.268921 
111.279907 
111.289978 
111.299438 
111.308289 
111.317749 
111.327820 
111.338501 
111.348572 
111.359253 
111.369629 
111.380005 
111.390686 
111.401062 
111.411133 
111.421509 
111.431580 
111.441956 
111.451721 
111.462097 
111.471558 
111.481628 
111.492004 
111.503601 
111.514893 
111.525574 
111.536865 
111.546631 
111.556396 
111.566772 
111.576233 
111.586304 
111.596375 
111.607056 
111.616821 
111.627197 
111.637268 
111.648254 
111.658325 
111.669006 
111.679993 
111.690063 
111.700134 
111.709595 
111.718140 
111.727905 
111.737671 
111.748047 
111.758728 
111.768799 
111.779480 
111.789856 
111.800232 
111.811218 
111.821289 
111.831360 
111.841736 
111.851501 
111.861267 
111.871033 
111.880798 
111.890564 
111.901550 
111.912537 
111.923523 
111.934509 
111.944885 
111.954956 
111.965027 
111.975098 
111.984863 
111.994934 
112.005005 
112.015076 
112.025146 
112.035217 
112.045593 
112.055664 
112.066040 
112.076721 
112.087097 
112.097778 
112.107849 
112.117310 
112.126160 
112.135925 
112.145691 
112.156067 
112.166138 
112.176514 
112.186890 
112.197571 
112.207947 
112.218018 
112.228699 
112.238464 
112.248535 
112.258606 
112.268066 
112.278748 
112.288208 
112.297974 
112.308655 
112.319641 
112.330933 
112.341614 
112.351685 
112.361755 
112.371826 
112.381287 
112.391052 
112.400513 
112.410278 
112.419739 
112.430115 
112.439880 
112.449341 
112.458801 
112.468567 
112.478638 
112.488403 
112.498169 
112.507324 
112.515259 
112.522583 
112.531433 
112.540283 
112.550049 
112.558289 
112.568054 
112.576599 
112.586365 
112.595215 
112.603760 
112.612305 
112.621155 
112.629395 
112.637329 
112.645264 
112.653503 
112.661133 
112.669067 
112.677307 
112.686462 
112.695313 
112.704163 
112.711792 
112.720032 
112.726746 
112.734680 
112.741699 
112.749023 
112.756348 
112.763367 
112.770691 
112.778625 
112.785339 
112.792053 
112.799377 
112.807312 
112.814331 
112.821655 
112.828064 
112.833252 
112.838745 
112.844849 
112.851257 
112.857666 
112.864380 
112.870789 
112.876892 
112.884216 
112.890015 
112.896423 
112.902527 
112.908325 
112.914429 
112.919922 
112.925720 
112.930603 
112.936096 
112.940674 
112.947083 
112.953796 
112.959900 
112.965698 
112.971191 
112.976379 
112.981873 
112.986450 
112.990723 
112.995911 
113.001099 
113.005066 
113.009949 
113.014526 
113.019409 
113.023682 
113.028870 
113.033752 
113.038330 
113.043213 
113.047180 
113.049927 
113.052979 
113.056946 
113.060608 
113.064575 
113.069153 
113.072510 
113.076782 
113.081055 
113.085022 
113.088379 
113.092041 
113.095703 
113.098755 
113.102417 
113.105164 
113.107910 
113.110657 
113.113403 
113.117065 
113.120728 
113.124695 
113.128662 
113.130798 
113.133545 
113.136292 
113.138733 
113.140869 
113.142700 
113.145142 
113.147583 
113.149414 
113.151855 
113.153687 
113.156128 
113.158569 
113.161011 
113.163147 
113.164673 
113.167114 
113.167114 
113.167419 
113.168335 
113.169861 
113.171387 
113.173218 
113.174438 
113.175964 
113.177490 
113.178711 
113.179321 
113.180237 
113.181763 
113.182068 
113.182678 
113.183899 
113.183594 
113.183899 
113.184204 
113.184814 
113.186340 
113.187866 
113.189087 
113.189087 
113.188782 
113.189392 
113.189392 
113.188782 
113.188782 
113.188477 
113.188477 
113.189087 
113.188782 
113.189087 
113.188782 
113.189087 
113.189697 
113.189697 
113.190002 
113.189697 
113.188171 
113.187256 
113.186646 
113.186646 
113.186035 
113.186646 
113.186646 
113.186951 
113.186646 
113.186951 
113.186951 
113.186646 
113.186646 
113.186340 
113.185730 
113.185730 
113.185120 
113.184204 
113.184204 
113.184204 
113.185120 
113.186340 
113.186340 
113.186646 
113.185730 
113.185730 
113.185730 
113.185120 
113.185120 
113.184509 
113.184204 
113.184204 
113.184814 
113.184204 
113.184204 
113.184814 
113.185120 
113.185730 
113.185730 
113.185120 
113.184204 
113.182983 
113.182373 
113.182373 
113.182373 
113.182678 
113.182678 
113.183289 
113.183289 
113.183289 
113.182983 
113.183594 
113.182983 
113.182983 
113.183289 
113.182678 
113.182678 
113.181763 
113.182373 
113.182373 
113.183289 
113.184509 
113.184814 
113.185120 
113.184814 
113.184509 
113.184204 
113.184204 
113.184204 
113.184204 
113.183899 
113.183899 
113.184204 
113.183899 
113.184204 
113.183899 
113.184814 
113.184814 
113.185120 
113.185120 
113.183899 
113.182373 
113.182373 
113.182068 
113.182068 
113.182373 
113.182373 
113.182678 
113.182983 
113.182678 
113.182983 
113.182983 
113.182678 
113.182678 
113.182373 
113.182068 
113.181763 
113.181458 
113.180847 
113.181152 
113.182373 
113.182983 
113.184204 
113.183899 
113.183594 
113.183289 
113.182983 
113.182678 
113.182373 
113.182068 
113.182373 
113.182373 
113.182068 
113.182373 
113.182068 
113.182678 
113.182983 
113.183594 
113.183594 
113.183289 
113.181763 
113.180542 
113.179932 
113.180237 
113.180237 
113.180237 
113.180847 
113.181152 
113.180847 
113.181458 
113.181152 
113.180847 
113.180847 
113.180847 
113.180847 
113.180847 
113.179932 
113.179932 
113.179321 
113.180237 
113.181458 
113.182373 
113.182983 
113.183289 
113.182678 
113.182678 
113.182068 
113.182373 
113.182068 
113.182068 
113.181763 
113.181763 
113.182068 
113.182373 
113.182678 
113.182983 
113.182983 
113.183289 
113.183594 
113.183289 
113.182678 
113.181152 
113.181152 
113.180847 
113.181152 
113.181152 
113.181763 
113.181763 
113.182068 
113.182373 
113.182068 
113.182068 
113.181763 
113.182068 
113.181458 
113.182068 
113.181152 
113.181152 
113.180542 
113.181152 
113.182678 
113.183289 
113.184204 
113.184204 
113.183594 
113.183899 
113.183594 
113.183289 
113.182983 
113.182983 
113.182983 
113.182678 
113.182678 
113.182983 
113.182983 
113.183289 
113.183899 
113.184204 
113.183899 
113.183899 
113.182373 
113.181458 
113.181152 
113.180847 
113.181152 
113.181152 
113.181763 
113.181763 
113.181763 
113.181458 
113.181458 
113.181458 
113.181458 
113.181458 
113.181458 
113.181152 
113.180847 
113.179932 
113.179932 
113.180237 
113.181152 
113.182373 
113.182983 
113.182678 
113.182678 
113.182373 
113.182068 
113.181763 
113.181763 
113.181763 
113.181458 
113.181458 
113.181458 
113.182068 
113.181458 
113.181763 
113.182373 
113.182678 
113.182983 
113.182983 
113.181458 
113.179932 
113.179626 
113.179626 
113.179932 
113.179626 
113.180237 
113.180237 
113.180847 
113.180542 
113.180847 
113.181152 
113.180542 
113.180542 
113.180542 
113.179932 
113.179626 
113.179626 
113.179321 
113.179626 
113.180847 
113.182373 
113.182678 
113.182373 
113.182373 
113.182068 
113.182068 
113.181763 
113.181458 
113.181458 
113.181763 
113.182068 
113.182068 
113.181458 
113.182068 
113.182068 
113.182678 
113.182983 
113.183289 
113.182983 
113.181763 
113.180542 
113.180237 
113.180237 
113.180847 
113.180542 
113.181152 
113.181152 
113.180847 
113.180847 
113.181152 
113.180847 
113.181458 
113.181152 
113.180847 
113.180847 
113.180542 
113.180237 
113.179932 
113.180237 
113.181458 
113.182068 
113.182678 
113.182373 
113.182678 
113.182373 
113.182373 
113.181763 
113.182068 
113.182068 
113.181763 
113.181763 
113.181763 
113.181763 
113.182068 
113.181763 
113.182678 
113.182983 
113.183289 
113.182678 
113.181458 
113.180237 
113.179932 
113.179626 
113.180237 
113.179932 
113.180542 
113.180847 
113.180542 
113.180847 
113.180847 
113.180847 
113.180847 
113.180542 
113.180542 
113.180237 
113.179626 
113.179932 
113.179321 
113.179932 
113.181152 
113.182373 
113.182678 
113.182373 
113.182373 
113.182068 
113.181763 
113.181763 
113.181458 
113.180847 
113.181152 
113.181152 
113.181458 
113.181458 
113.181152 
113.181763 
113.182373 
113.182678 
113.182983 
113.182373 
113.180847 
113.179932 
113.179321 
113.179932 
113.180237 
113.180237 
113.180237 
113.180847 
113.180847 
113.180847 
113.180542 
113.180847 
113.180847 
113.180847 
113.180237 
113.180542 
113.179932 
113.179321 
113.179626 
113.179321 
113.181152 
113.182068 
113.182678 
113.182983 
113.182678 
113.182373 
113.182068 
113.181458 
113.181763 
113.181458 
113.181763 
113.181763 
113.182068 
113.182068 
113.182068 
113.182373 
113.182678 
113.182983 
113.182983 
113.182678 
113.181763 
113.180542 
113.179626 
113.180542 
113.180542 
113.180542 
113.180542 
113.180847 
113.180847 
113.181152 
113.180847 
113.181152 
113.180847 
113.180542 
113.180847 
113.180542 
113.179932 
113.179321 
113.179626 
113.179932 
113.181152 
113.182373 
113.182678 
113.182373 
113.182068 
113.182068 
113.181763 
113.181763 
113.181763 
113.181152 
113.181763 
113.181152 
113.181458 
113.181458 
113.181458 
113.181763 
113.182068 
113.182373 
113.182983 
113.182068 
113.181458 
113.179932 
113.179626 
113.179932 
113.179932 
113.179932 
113.180237 
113.180847 
113.180542 
113.180542 
113.180542 
113.180542 
113.180847 
113.180542 
113.180237 
113.179932 
113.179626 
113.179321 
113.179321 
113.179321 
113.181152 
113.181763 
113.182678 
113.181763 
113.182068 
113.181763 
113.181763 
113.181763 
113.181152 
113.181152 
113.180847 
113.181152 
113.180847 
113.181458 
113.181763 
113.181763 
113.182068 
113.182678 
113.182678 
113.182373 
113.181152 
113.180237 
113.179626 
113.179626 
113.180237 
113.180237 
113.180542 
113.180847 
113.180847 
113.180847 
113.181152 
113.180542 
113.180847 
113.180542 
113.180237 
113.180237 
113.180237 
113.180237 
113.179321 
113.179932 
113.181152 
113.182373 
113.182373 
113.182373 
113.182373 
113.182068 
113.182068 
113.181458 
113.181763 
113.181152 
113.181152 
113.181152 
113.181152 
113.181763 
113.181458 
113.181763 
113.182068 
113.182373 
113.182678 
113.182068 
113.180847 
113.179932 
113.179626 
113.179626 
113.179932 
113.180542 
113.180542 
113.180847 
113.180847 
113.180542 
113.180847 
113.180542 
113.180847 
113.180237 
113.180542 
113.179932 
113.179626 
113.179932 
113.179321 
113.180237 
113.181152 
113.182068 
113.182373 
113.182373 
113.182068 
113.181763 
113.181458 
113.181763 
113.181152 
113.181152 
113.181152 
113.180847 
113.181152 
113.181458 
113.181152 
113.181458 
113.182068 
113.182373 
113.182373 
113.182068 
113.180847 
113.179321 
113.179626 
113.179626 
113.179626 
113.179932 
113.180237 
113.180542 
113.180237 
113.180542 
113.180237 
113.180542 
113.180237 
113.180237 
113.180542 
113.179321 
113.179626 
113.179321 
113.179016 
113.179932 
113.180542 
113.182068 
113.182068 
113.182068 
113.181763 
113.181763 
113.181458 
113.181458 
113.181152 
113.181152 
113.181458 
113.181152 
113.181152 
113.181458 
113.181763 
113.181763 
113.182068 
113.182678 
113.182983 
113.182068 
113.181152 
113.179932 
113.179626 
113.179932 
113.179932 
113.179932 
113.180847 
113.180542 
113.180542 
113.180542 
113.180847 
113.180542 
113.180542 
113.180847 
113.180237 
113.179932 
113.179932 
113.179321 
113.179016 
113.179626 
113.180847 
113.182373 
113.182373 
113.182068 
113.181763 
113.181763 
113.181763 
113.181763 
113.181458 
113.181152 
113.181152 
113.181152 
113.180847 
113.181458 
113.181458 
113.181458 
113.182068 
113.182678 
113.182678 
113.182068 
113.180847 
113.179626 
113.179626 
113.179626 
113.179932 
113.180237 
113.180237 
113.180847 
113.180237 
113.180237 
113.180847 
113.180237 
113.179932 
113.180542 
113.180237 
113.179932 
113.179321 
113.179626 
113.178711 
113.179626 
113.181152 
113.182373 
113.181763 
113.182068 
113.181763 
113.181458 
113.181458 
113.181152 
113.180847 
113.180847 
113.181152 
113.180847 
113.180542 
113.180847 
113.181152 
113.181763 
113.181763 
113.182068 
113.182373 
113.181763 
113.180847 
113.179626 
113.179321 
113.179626 
113.179626 
113.179321 
113.180237 
113.180237 
113.180542 
113.180542 
113.180237 
113.180237 
113.180237 
113.180237 
113.180542 
113.179932 
113.179321 
113.179321 
113.179321 
113.180237 
113.181458 
113.181763 
113.182068 
113.182373 
113.182068 
113.182068 
113.181458 
113.181458 
113.180847 
113.181152 
113.181152 
113.181152 
113.181152 
113.181458 
113.181458 
113.181763 
113.182068 
113.182373 
113.182373 
113.181763 
113.180847 
113.179626 
113.179321 
113.179626 
113.179932 
113.179932 
113.180237 
113.180542 
113.180542 
113.180542 
113.180847 
113.180237 
113.180542 
113.180237 
113.180542 
113.179932 
113.179321 
113.179016 
113.179016 
113.179626 
113.181152 
113.181763 
113.182068 
113.182068 
113.182068 
113.181763 
113.181152 
113.181458 
113.181152 
113.180542 
113.181152 
113.181152 
113.180542 
113.180847 
113.181152 
113.181763 
113.182068 
113.182373 
113.182373 
113.181763 
113.180847 
113.179626 
113.179321 
113.179321 
113.179626 
113.179626 
113.179932 
113.180542 
113.179932 
113.180237 
113.180542 
113.180542 
113.180237 
113.180237 
113.180237 
113.179932 
113.179321 
113.179321 
113.178711 
113.180237 
113.180847 
113.182068 
113.182068 
113.182373 
113.181763 
113.181763 
113.181458 
113.181152 
113.180847 
113.180847 
113.181152 
113.180847 
113.180542 
113.180847 
113.181152 
113.181458 
113.182068 
113.182373 
113.182373 
113.181763 
113.180542 
113.179932 
113.179626 
113.179626 
113.179321 
113.179932 
113.180237 
113.180847 
113.180847 
113.180542 
113.180542 
113.180542 
113.180847 
113.179932 
113.180237 
113.179626 
113.179932 
113.179321 
113.179016 
113.179932 
113.181152 
113.182068 
113.181763 
113.182068 
113.181763 
113.181763 
113.181458 
113.181152 
113.181152 
113.181152 
113.180847 
113.180847 
113.180847 
113.181458 
113.181152 
113.181458 
113.181763 
113.182373 
113.182678 
113.181763 
113.180542 
113.179626 
113.179321 
113.179626 
113.179626 
113.179626 
113.179932 
113.180237 
113.180542 
113.180542 
113.180237 
113.180542 
113.179932 
113.180237 
113.180542 
113.179626 
113.179321 
113.179321 
113.179321 
113.179932 
113.181152 
113.181763 
113.182068 
113.181763 
113.181763 
113.181763 
113.181458 
113.181458 
113.181152 
113.180847 
113.181152 
113.180847 
113.180847 
113.181152 
113.181458 
113.181458 
113.181458 
113.182068 
113.182068 
113.181458 
113.180237 
113.179321 
113.179626 
113.179932 
113.179626 
113.179626 
113.179932 
113.180237 
113.180542 
113.180542 
113.180237 
113.180237 
113.180237 
113.180237 
113.180237 
113.179626 
113.179626 
113.179016 
113.179016 
113.179321 
113.180847 
113.181763 
113.182068 
113.182068 
113.182068 
113.181763 
113.181763 
113.181152 
113.181152 
113.180847 
113.181152 
113.181152 
113.181152 
113.181152 
113.181458 
113.181458 
113.182373 
113.182373 
113.182678 
113.181763 
113.180542 
113.179932 
113.179321 
113.179932 
113.179626 
113.179932 
113.180542 
113.180847 
113.180542 
113.180847 
113.180542 
113.180237 
113.180847 
113.180542 
113.179932 
113.179932 
113.179626 
113.179626 
113.179016 
113.179932 
113.181458 
113.182373 
113.181763 
113.181763 
113.182068 
113.181763 
113.181152 
113.181152 
113.181152 
113.181458 
113.181152 
113.181152 
113.180847 
113.181152 
113.181458 
113.181763 
113.181763 
113.182373 
113.182373 
113.181458 
113.180847 
113.179626 
113.179321 
113.179321 
113.179321 
113.179626 
113.179932 
113.180237 
113.180542 
113.180237 
113.180237 
113.180237 
113.180237 
113.180542 
113.179932 
113.179932 
113.179321 
113.179016 
113.178711 
113.179932 
113.181152 
113.182068 
113.182068 
113.181458 
113.181458 
113.181458 
113.181458 
113.181152 
113.181152 
113.180847 
113.181152 
113.180542 
113.181152 
113.181152 
113.180847 
113.181763 
113.181763 
113.182068 
113.182373 
113.181458 
113.180237 
113.179626 
113.179626 
113.179321 
113.179932 
113.179626 
113.180237 
113.180237 
113.180542 
113.180237 
113.180542 
113.180237 
113.180237 
113.179932 
113.179932 
113.179321 
113.179321 
113.179016 
113.179321 
113.179932 
113.181458 
113.181763 
113.182068 
113.182068 
113.181763 
113.181458 
113.181152 
113.181458 
113.181152 
113.181458 
113.180847 
113.181152 
113.181152 
113.181458 
113.180847 
113.181763 
113.182068 
113.182068 
113.182068 
113.181458 
113.180237 
113.179932 
113.179626 
113.179626 
113.179626 
113.180237 
113.180237 
113.180542 
113.180847 
113.180542 
113.179932 
113.180542 
113.180237 
113.180237 
113.180237 
113.179932 
113.179321 
113.179321 
113.179016 
113.179626 
113.181458 
113.182373 
113.182068 
113.181458 
113.181763 
113.182068 
113.181458 
113.181458 
113.181152 
113.180847 
113.180542 
113.181152 
113.180847 
113.180847 
113.181458 
113.181458 
113.181763 
113.182373 
113.182373 
113.181458 
113.180237 
113.179321 
113.179321 
113.179626 
113.179626 
113.179626 
113.180237 
113.179932 
113.180237 
113.180237 
113.180237 
113.180237 
113.179932 
113.179932 
113.180237 
113.179932 
113.179626 
113.179321 
113.179016 
113.179626 
113.180847 
113.182068 
113.182068 
113.181458 
113.181763 
113.181458 
113.181458 
113.180847 
113.181152 
113.181152 
113.180847 
113.180847 
113.181458 
113.180542 
113.181458 
113.181458 
113.182373 
113.182068 
113.182373 
113.181458 
113.180237 
113.179626 
113.179321 
113.179321 
113.179626 
113.179932 
113.180237 
113.180237 
113.180542 
113.180237 
113.180237 
113.180237 
113.180542 
113.180542 
113.180237 
113.179932 
113.179016 
113.179321 
113.179626 
113.180237 
113.181152 
113.181763 
113.182068 
113.181763 
113.181763 
113.182068 
113.181458 
113.181152 
113.181152 
113.180847 
113.180847 
113.180847 
113.180542 
113.180847 
113.181458 
113.181763 
113.181763 
113.182373 
113.182678 
113.181458 
113.180237 
113.179321 
113.179321 
113.179016 
113.179626 
113.179932 
113.180237 
113.180542 
113.180542 
113.180237 
113.179626 
113.180237 
113.180237 
113.180237 
113.179932 
113.179626 
113.179321 
113.179321 
113.179016 
113.179626 
113.181152 
113.182068 
113.182068 
113.182068 
113.182068 
113.181152 
113.181458 
113.181152 
113.181152 
113.181152 
113.180847 
113.181152 
113.181152 
113.181152 
113.181152 
113.181152 
113.182068 
113.182373 
113.182373 
113.181152 
113.180237 
113.179321 
113.179321 
113.179321 
113.179932 
113.179321 
113.179932 
113.179626 
113.180237 
113.180237 
113.179932 
113.180542 
113.179932 
113.180237 
113.180237 
113.179321 
113.179321 
113.179016 
113.179016 
113.179626 
113.181458 
113.181763 
113.181763 
113.181763 
113.181458 
113.181458 
113.181458 
113.181152 
113.180847 
113.180847 
113.180542 
113.180847 
113.180847 
113.181458 
113.181458 
113.181458 
113.181763 
113.182373 
113.182373 
113.181458 
113.180237 
113.179321 
113.178711 
113.179626 
113.179626 
113.179321 
113.179932 
113.180237 
113.180542 
113.180542 
113.180237 
113.180237 
113.180237 
113.179932 
113.179626 
113.179932 
113.179016 
113.178711 
113.179016 
113.179932 
113.181152 
113.182068 
113.182068 
113.182068 
113.181458 
113.181458 
113.181152 
113.181152 
113.180847 
113.181152 
113.180847 
113.181152 
113.180847 
113.181152 
113.181458 
113.181458 
113.182373 
113.182373 
113.182068 
113.181458 
113.180237 
113.179016 
113.179321 
113.179016 
113.179626 
113.179626 
113.180237 
113.180542 
113.180237 
113.180237 
113.180237 
113.180237 
113.179626 
113.180237 
113.179626 
113.179626 
113.179016 
113.179016 
113.179016 
113.179932 
113.180847 
113.181763 
113.181763 
113.182068 
113.181763 
113.181458 
113.181458 
113.181152 
113.180542 
113.180847 
113.181152 
113.180542 
113.181152 
113.181152 
113.181458 
113.181458 
113.181763 
113.182373 
113.182068 
113.181152 
113.180542 
113.179321 
113.179321 
113.179626 
113.179626 
113.179626 
113.179626 
113.180237 
113.180237 
113.180237 
113.179932 
113.179932 
113.179932 
113.179626 
113.179932 
113.179321 
113.179321 
113.179016 
113.178711 
113.179626 
113.181458 
113.181763 
113.182068 
113.181763 
113.181458 
113.181458 
113.180847 
113.181152 
113.180542 
113.181152 
113.180542 
113.180847 
113.180847 
113.181458 
113.181152 
113.181458 
113.182068 
113.182373 
113.182373 
113.181458 
113.179932 
113.179016 
113.179016 
113.179626 
113.179321 
113.179626 
113.179932 
113.180237 
113.179626 
113.180237 
113.179932 
113.180237 
113.180237 
113.180542 
113.179932 
113.179321 
113.179321 
113.179016 
113.179016 
113.180237 
113.181152 
113.181763 
113.182068 
113.181763 
113.181458 
113.181458 
113.181458 
113.181152 
113.180847 
113.180847 
113.180542 
113.180847 
113.181152 
113.181152 
113.181152 
113.181152 
113.181763 
113.182373 
113.182373 
113.181458 
113.179932 
113.179321 
113.179321 
113.179321 
113.179626 
113.179932 
113.179932 
113.179932 
113.179932 
113.179932 
113.180542 
113.180237 
113.180237 
113.180237 
113.179626 
113.179321 
113.179321 
113.179016 
113.178711 
113.179626 
113.181152 
113.181763 
113.181763 
113.182068 
113.181458 
113.181458 
113.181152 
113.180847 
113.180847 
113.180847 
113.180847 
113.181152 
113.181152 
113.181152 
113.181152 
113.181458 
113.181763 
113.182373 
113.182373 
113.181152 
113.180237 
113.179321 
113.179321 
113.179626 
113.179626 
113.179626 
113.180237 
113.179932 
113.180237 
113.179932 
113.180542 
113.180237 
113.180237 
113.179932 
113.179932 
113.179626 
113.179016 
113.179016 
113.179016 
113.179932 
113.181152 
113.181458 
113.181458 
113.181763 
113.181458 
113.181152 
113.181458 
113.181152 
113.180847 
113.180847 
113.180847 
113.180847 
113.181152 
113.181458 
113.181152 
113.181458 
113.181763 
113.182373 
113.182373 
113.181152 
113.179932 
113.179321 
113.179321 
113.179626 
113.179626 
113.179932 
113.179932 
113.179932 
113.180237 
113.180237 
113.180237 
113.180237 
113.179932 
113.180237 
113.179626 
113.179321 
113.179321 
113.179016 
113.179016 
113.179932 
113.181152 
113.181763 
113.182068 
113.181763 
113.181763 
113.181458 
113.181458 
113.181152 
113.180542 
113.181152 
113.181152 
113.180847 
113.181458 
113.181458 
113.181458 
113.181458 
113.182068 
113.182373 
113.182373 
113.181152 
113.179932 
113.179016 
113.179321 
113.179626 
113.179626 
113.180237 
113.180237 
113.180237 
113.180237 
113.180237 
113.180237 
113.180237 
113.180237 
113.180237 
113.179626 
113.179626 
113.179321 
113.179016 
113.178711 
113.179932 
113.180847 
113.181763 
113.182068 
113.181763 
113.181763 
113.181152 
113.181152 
113.180847 
113.181152 
113.180847 
113.181152 
113.181152 
113.181458 
113.181458 
113.181763 
113.181458 
113.181458 
113.182678 
113.182373 
113.181152 
113.179932 
113.179321 
113.179321 
113.179321 
113.179932 
113.179932 
113.179932 
113.180542 
113.180237 
113.180542 
113.180237 
113.180542 
113.179932 
113.179932 
113.179932 
113.179932 
113.179321 
113.178711 
113.179016 
113.180237 
113.181152 
113.181763 
113.181763 
113.181458 
113.181763 
113.181152 
113.181152 
113.180847 
113.181152 
113.180847 
113.180847 
113.180847 
113.181152 
113.181152 
113.181458 
113.181458 
113.182068 
113.182373 
113.182068 
113.181458 
113.179626 
113.179321 
113.179321 
113.179016 
113.179321 
113.179626 
113.180542 
113.180542 
113.179626 
113.180542 
113.180237 
113.180237 
113.180542 
113.179626 
113.179932 
113.179626 
113.179016 
113.179016 
113.179016 
113.180237 
113.181152 
113.182068 
113.182068 
113.181763 
113.181458 
113.181152 
113.181152 
113.180847 
113.180847 
113.180847 
113.180847 
113.180847 
113.180847 
113.181152 
113.181763 
113.181763 
113.181763 
113.182373 
113.182068 
113.181458 
113.179932 
113.179321 
113.179626 
113.179626 
113.179626 
113.180237 
113.179932 
113.179932 
113.180237 
113.180237 
113.180237 
113.180237 
113.180237 
113.179932 
113.179626 
113.179321 
113.179016 
113.179016 
113.178711 
113.180237 
113.181152 
113.182068 
113.181763 
113.181763 
113.181763 
113.181458 
113.181152 
113.180847 
113.181152 
113.180542 
113.180847 
113.180847 
113.181152 
113.181152 
113.180847 
113.181763 
113.181763 
113.182678 
113.182678 
113.181152 
113.179932 
113.179321 
113.179626 
113.179626 
113.179626 
113.179932 
113.180542 
113.179932 
113.180237 
113.180542 
113.180542 
113.180237 
113.180237 
113.180237 
113.179932 
113.179626 
113.179016 
113.178406 
113.179016 
113.179932 
113.181458 
113.182068 
113.181763 
113.181763 
113.181458 
113.181152 
113.180847 
113.180847 
113.180542 
113.181152 
113.180847 
113.180237 
113.180847 
113.180847 
113.181152 
113.181763 
113.182068 
113.182373 
113.182373 
113.181152 
113.180237 
113.179016 
113.179016 
113.179626 
113.179626 
113.179626 
113.179932 
113.180237 
113.180542 
113.180237 
113.180237 
113.179932 
113.180237 
113.180237 
113.179626 
113.179626 
113.179016 
113.178711 
113.179016 
113.179932 
113.181458 
113.181763 
113.181763 
113.181763 
113.181458 
113.181152 
113.181152 
113.181152 
113.180847 
113.180847 
113.180847 
113.180847 
113.180847 
113.180847 
113.181152 
113.181763 
113.181763 
113.182068 
113.182068 
113.180847 
113.179932 
113.179321 
113.179321 
113.179626 
113.179626 
113.180237 
113.179932 
113.180542 
113.180237 
113.180237 
113.180542 
113.180542 
113.180237 
113.179932 
113.179932 
113.179626 
113.179016 
113.179321 
113.179321 
113.180237 
113.181763 
113.181458 
113.181763 
113.181763 
113.181763 
113.181152 
113.181152 
113.181152 
113.180847 
113.180542 
113.180847 
113.180847 
113.180847 
113.180847 
113.180847 
113.181458 
113.182068 
113.182373 
113.182068 
113.180847 
113.179932 
113.179626 
113.179321 
113.179321 
113.179932 
113.179626 
113.180237 
113.180237 
113.180237 
113.180237 
113.180542 
113.180237 
113.179932 
113.180542 
113.179932 
113.179321 
113.179016 
113.179016 
113.179321 
113.179932 
113.181458 
113.182068 
113.181458 
113.181763 
113.182068 
113.181458 
113.180847 
113.180847 
113.180542 
113.180847 
113.180847 
113.180847 
113.180847 
113.181152 
113.181763 
113.181458 
113.182068 
113.182373 
113.181763 
113.180847 
113.179932 
113.179321 
113.179321 
113.179321 
113.179626 
113.179932 
113.179932 
113.180237 
113.179932 
113.180237 
113.180542 
113.179932 
113.180237 
113.180237 
113.179626 
113.179626 
113.179321 
113.178711 
113.179016 
113.180237 
113.181152 
113.182068 
113.182068 
113.181763 
113.181152 
113.181458 
113.181152 
113.180847 
113.180847 
113.181152 
113.180847 
113.180542 
113.180847 
113.181458 
113.181152 
113.181458 
113.182068 
113.182678 
113.182068 
113.180847 
113.179932 
113.179321 
113.179321 
113.179932 
113.179626 
113.179932 
113.179932 
113.180237 
113.180542 
113.180237 
113.180542 
113.179932 
113.180237 
113.180542 
113.179932 
113.179626 
113.179016 
113.179016 
113.179016 
113.180237 
113.181458 
113.181763 
113.181763 
113.181458 
113.181458 
113.181152 
113.180847 
113.180847 
113.180847 
113.180847 
113.180847 
113.180847 
113.180847 
113.180542 
113.180847 
113.181458 
113.182068 
113.182373 
113.182068 
113.180847 
113.179321 
113.179321 
113.179016 
113.179321 
113.179626 
113.179626 
113.179932 
113.180237 
113.180237 
113.179932 
113.180237 
113.180237 
113.179932 
113.180237 
113.179932 
113.179321 
113.178711 
113.179016 
113.178711 
113.180237 
113.181458 
113.181458 
113.181763 
113.181763 
113.181152 
113.181458 
113.180847 
113.181152 
113.180847 
113.180542 
113.180847 
113.180237 
113.181152 
113.180847 
113.181152 
113.181152 
113.182068 
113.182068 
113.181763 
113.180847 
113.179626 
113.179321 
113.179321 
113.179626 
113.179321 
113.179932 
113.179932 
113.180542 
113.180237 
113.180237 
113.180237 
113.180542 
113.180542 
113.179932 
113.179626 
113.179321 
113.179321 
113.179016 
113.179321 
113.180237 
113.181458 
113.181763 
113.182068 
113.181763 
113.181763 
113.181458 
113.180847 
113.180237 
113.180237 
113.180237 
113.180542 
113.179626 
113.179321 
113.179321 
113.179321 
113.179016 
113.179016 
113.178711 
113.178101 
113.175964 
113.174438 
113.172913 
113.172302 
113.171997 
113.171082 
113.170166 
113.169556 
113.168640 
113.167725 
113.166809 
113.164978 
113.164063 
113.162231 
113.160706 
113.158875 
113.157349 
113.154602 
113.153076 
113.151550 
113.151245 
113.150330 
113.148499 
113.146667 
113.144531 
113.142090 
113.139648 
113.137207 
113.134155 
113.131409 
113.129272 
113.126526 
113.123779 
113.121338 
113.117981 
113.115845 
113.112793 
113.110352 
113.107300 
113.103943 
113.099976 
113.095093 
113.091125 
113.087158 
113.083801 
113.080444 
113.076782 
113.073120 
113.069763 
113.065796 
113.061829 
113.057861 
113.053894 
113.049011 
113.044434 
113.039856 
113.034973 
113.030396 
113.024902 
113.020935 
113.017273 
113.013611 
113.008728 
113.004150 
112.998962 
112.993469 
112.988586 
112.982788 
112.976990 
112.971497 
112.966309 
112.959900 
112.954712 
112.949219 
112.944031 
112.937927 
112.932434 
112.927246 
112.920837 
112.915039 
112.907715 
112.900391 
112.893066 
112.886658 
112.880554 
112.873840 
112.867737 
112.861633 
112.854919 
112.848816 
112.841797 
112.834778 
112.828064 
112.821350 
112.813721 
112.806396 
112.799072 
112.791138 
112.783813 
112.777100 
112.770386 
112.763672 
112.757263 
112.749634 
112.741699 
112.733765 
112.725525 
112.717285 
112.709045 
112.701111 
112.692871 
112.684631 
112.676697 
112.668457 
112.660217 
112.651978 
112.644043 
112.635803 
112.627869 
112.618713 
112.608643 
112.598572 
112.589417 
112.580261 
112.571106 
112.561646 
112.553711 
112.544556 
112.535706 
112.526245 
112.517090 
112.507629 
112.497864 
112.488708 
112.478333 
112.468567 
112.458801 
112.448120 
112.438049 
112.428284 
112.419434 
112.410889 
112.400818 
112.390442 
112.380066 
112.369690 
112.359009 
112.348328 
112.337646 
112.327271 
112.316589 
112.306213 
112.295837 
112.285461 
112.274780 
112.264709 
112.254028 
112.243958 
112.233582 
112.222900 
112.210999 
112.199402 
112.188416 
112.178040 
112.167053 
112.156677 
112.146606 
112.136841 
112.126465 
112.116089 
112.105408 
112.094727 
112.084656 
112.073669 
112.063293 
112.052612 
112.041321 
112.030640 
112.019653 
112.009583 
112.000427 
111.990967 
111.981201 
111.971130 
111.960449 
111.949463 
111.939087 
111.928101 
111.917419 
111.906738 
111.896667 
111.885986 
111.875610 
111.864929 
111.854858 
111.844482 
111.834412 
111.824341 
111.814270 
111.802979 
111.791077 
111.779785 
111.768494 
111.757507 
111.747437 
111.737061 
111.726990 
111.716614 
111.705933 
111.695862 
111.685486 
111.675415 
111.664734 
111.654358 
111.643982 
111.632996 
111.622314 
111.611938 
111.601257 
111.591492 
111.582947 
111.573486 
111.563721 
111.554260 
111.543579 
111.532898 
111.522827 
111.512146 
111.501465 
111.490784 
111.480713 
111.469727 
111.459656 
111.449585 
111.439209 
111.429138 
111.419373 
111.409302 
111.399536 
111.388855 
111.377563 
111.365967 
111.355286 
111.344910 
111.334839 
111.323853 
111.313782 
111.304016 
111.293640 
111.284180 
111.273499 
111.263123 
111.253357 
111.242676 
111.232300 
111.221619 
111.210938 
111.200256 
111.189575 
111.179810 
111.170654 
111.161804 
111.152039 
111.141968 
111.131592 
111.121216 
111.110840 
111.100159 
111.089783 
111.079407 
111.068726 
111.058044 
111.047974 
111.037598 
111.027832 
111.017151 
111.007385 
110.997314 
110.987244 
110.976563 
110.964966 
110.953674 
110.942078 
110.932007 
110.921936 
110.911865 
110.901794 
110.892334 
110.882568 
110.872498 
110.862732 
110.852356 
110.842590 
110.832825 
110.822754 
110.812683 
110.802917 
110.792847 
110.782776 
110.774231 
110.766296 
110.758362 
110.749817 
110.740967 
110.731812 
110.722351 
110.713501 
110.704041 
110.695190 
110.686340 
110.677490 
110.668945 
110.660400 
110.652161 
110.643921 
110.635986 
110.628052 
110.620728 
110.612488 
110.603943 
110.595093 
110.586243 
110.577698 
110.570374 
110.562439 
110.554810 
110.548096 
110.540466 
110.533447 
110.526428 
110.519409 
110.511780 
110.504761 
110.497742 
110.490417 
110.483093 
110.475769 
110.469055 
110.461731 
110.455322 
110.450134 
110.444641 
110.438538 
110.432434 
110.426025 
110.419312 
110.413208 
110.406494 
110.400085 
110.394287 
110.387573 
110.381165 
110.375671 
110.369568 
110.364075 
110.358582 
110.353699 
110.348511 
110.343323 
110.337830 
110.330505 
110.324402 
110.318298 
110.313416 
110.308533 
110.303345 
110.298462 
110.294189 
110.289307 
110.285339 
110.280457 
110.275574 
110.270996 
110.266724 
110.262146 
110.257568 
110.252686 
110.248108 
110.243530 
110.239868 
110.237427 
110.233765 
110.230408 
110.226746 
110.222778 
110.218811 
110.214844 
110.211182 
110.207214 
110.203552 
110.200195 
110.196533 
110.192871 
110.189819 
110.187378 
110.184326 
110.181885 
110.179138 
110.176086 
110.172729 
110.168762 
110.164795 
110.161743 
110.158691 
110.156860 
110.154419 
110.151978 
110.149841 
110.148315 
110.145874 
110.144043 
110.141907 
110.140076 
110.138245 
110.135803 
110.133362 
110.131226 
110.129395 
110.127563 
110.126343 
110.126343 
110.125732 
110.124817 
110.123901 
110.122375 
110.120544 
110.119324 
110.118103 
110.116272 
110.115356 
110.114441 
110.113525 
110.112610 
110.112000 
110.111694 
110.110779 
110.110779 
110.110779 
110.110779 
110.109863 
110.108337 
110.106812 
110.105896 
110.106201 
110.106201 
110.106506 
110.106506 
110.107117 
110.106812 
110.106812 
110.107117 
110.106812 
110.106812 
110.107117 
110.106812 
110.106506 
110.106201 
110.105896 
110.105286 
110.105896 
110.107727 
110.108948 
110.108643 
110.109253 
110.109253 
110.108948 
110.108643 
110.108643 
110.108337 
110.108337 
110.108337 
110.108643 
110.108032 
110.108643 
110.109253 
110.109253 
110.109558 
110.110474 
110.110779 
110.109863 
110.108643 
110.107727 
110.107422 
110.107422 
110.108032 
110.107422 
110.108032 
110.108337 
110.108643 
110.108948 
110.108643 
110.108643 
110.108643 
110.108948 
110.108948 
110.108337 
110.108032 
110.107727 
110.107727 
110.108032 
110.109253 
110.110474 
110.111084 
110.110779 
110.110779 
110.110474 
110.110168 
110.109863 
110.109558 
110.109863 
110.109558 
110.110168 
110.109863 
110.110168 
110.110168 
110.110474 
110.110779 
110.110779 
110.111389 
110.110779 
110.109558 
110.108337 
110.108337 
110.108337 
110.108337 
110.108643 
110.108948 
110.108643 
110.109253 
110.109253 
110.109253 
110.109558 
110.108948 
110.109253 
110.108948 
