Blum, K. P., D’Incamps, B. L., Zytnicki, D., & Ting, L. H. (2017).
Force encoding in muscle spindles during stretch of
passive muscle. PLoS computational biology, 13(9), 
e1005767. <https://journals.plos.org/ploscompbiol/article?
id=10.1371/journal.pcbi.1005767>

cat medial gastrocnemius muscle lengths over t  (in 0.0005 s increments)
110.108643 
110.108643 
110.108643 
110.109253 
110.110474 
110.111084 
110.111694 
110.111084 
110.110779 
110.110779 
110.110474 
110.109863 
110.109863 
110.109863 
110.109558 
110.109558 
110.109558 
110.110168 
110.109863 
110.110474 
110.110474 
110.111084 
110.111389 
110.110168 
110.108948 
110.108032 
110.108337 
110.108643 
110.108643 
110.109558 
110.109253 
110.109558 
110.109863 
110.109863 
110.109863 
110.109863 
110.110168 
110.109863 
110.109558 
110.109558 
110.109253 
110.108643 
110.108643 
110.109253 
110.110474 
110.111694 
110.111389 
110.111084 
110.110779 
110.110474 
110.110474 
110.109863 
110.109558 
110.109558 
110.109863 
110.109863 
110.109558 
110.110168 
110.110168 
110.110474 
110.110779 
110.110779 
110.111389 
110.110474 
110.109253 
110.108337 
110.108032 
110.108337 
110.108643 
110.109253 
110.109253 
110.109558 
110.109863 
110.110168 
110.110168 
110.110168 
110.109863 
110.109863 
110.109558 
110.109863 
110.108948 
110.108643 
110.108643 
110.109253 
110.110779 
110.111389 
110.111694 
110.111084 
110.110779 
110.110474 
110.110168 
110.110168 
110.109558 
110.110168 
110.109558 
110.109863 
110.110168 
110.109558 
110.109863 
110.110168 
110.110779 
110.111084 
110.111084 
110.110474 
110.109253 
110.108643 
110.108643 
110.108948 
110.108948 
110.109558 
110.110779 
110.111389 
110.112610 
110.113831 
110.115051 
110.116272 
110.118408 
110.120850 
110.123291 
110.125732 
110.129089 
110.132446 
110.136414 
110.142822 
110.148926 
110.155945 
110.162659 
110.168762 
110.176086 
110.182495 
110.190125 
110.197449 
110.205383 
110.214233 
110.222473 
110.231323 
110.240784 
110.250549 
110.260315 
110.270081 
110.280457 
110.290527 
110.300903 
110.310364 
110.319214 
110.328979 
110.339966 
110.350342 
110.361938 
110.373535 
110.385742 
110.398560 
110.410156 
110.422974 
110.435791 
110.448914 
110.462341 
110.475159 
110.487976 
110.501099 
110.513611 
110.526428 
110.539551 
110.552673 
110.566406 
110.579224 
110.591431 
110.602417 
110.613708 
110.624390 
110.635071 
110.644531 
110.654907 
110.664673 
110.675354 
110.684814 
110.694885 
110.704956 
110.715027 
110.724792 
110.734558 
110.744934 
110.754395 
110.763245 
110.771484 
110.780029 
110.789490 
110.798950 
110.808716 
110.818481 
110.828552 
110.838318 
110.848389 
110.858154 
110.868225 
110.877686 
110.887146 
110.896606 
110.906372 
110.915833 
110.925293 
110.934753 
110.944214 
110.954895 
110.965576 
110.976868 
110.987244 
110.996704 
111.006470 
111.015930 
111.025391 
111.034546 
111.043396 
111.052246 
111.060486 
111.069031 
111.076355 
111.083984 
111.091309 
111.098328 
111.105347 
111.111450 
111.117249 
111.121521 
111.124878 
111.127930 
111.130981 
111.134338 
111.136780 
111.139526 
111.141052 
111.142578 
111.143494 
111.144104 
111.143494 
111.142578 
111.141663 
111.139832 
111.137695 
111.134338 
111.130981 
111.126709 
111.122131 
111.117859 
111.113586 
111.108398 
111.101990 
111.095276 
111.087646 
111.079712 
111.070862 
111.062012 
111.052856 
111.043091 
111.033936 
111.023865 
111.013489 
111.003113 
110.992432 
110.982361 
110.971375 
110.960693 
110.949707 
110.937805 
110.924988 
110.912476 
110.899658 
110.888367 
110.876465 
110.865479 
110.853271 
110.841675 
110.829773 
110.818176 
110.806274 
110.794983 
110.782776 
110.770874 
110.759277 
110.747681 
110.735779 
110.723572 
110.712280 
110.700989 
110.691223 
110.680847 
110.670471 
110.659180 
110.648193 
110.637207 
110.626526 
110.615234 
110.604248 
110.593872 
110.582886 
110.572205 
110.562134 
110.551453 
110.541077 
110.531311 
110.520630 
110.510864 
110.500793 
110.490112 
110.478210 
110.466919 
110.456543 
110.445862 
110.435791 
110.425720 
110.415955 
110.405884 
110.396118 
110.385742 
110.375366 
110.365295 
110.355225 
110.344849 
110.334473 
110.323792 
110.313110 
110.302429 
110.291748 
110.281982 
110.272827 
110.263367 
110.253601 
110.243530 
110.232544 
110.223083 
110.212402 
110.202637 
110.193176 
110.184021 
110.175476 
110.167542 
110.159607 
110.152893 
110.146179 
110.140076 
110.134888 
110.130005 
110.125732 
110.121155 
110.116577 
110.112610 
110.109253 
110.107422 
110.106201 
110.105591 
110.105591 
110.105896 
110.106201 
110.107117 
110.108032 
110.109558 
110.112000 
110.113525 
110.116272 
110.119324 
110.122986 
110.126648 
110.131531 
110.137329 
110.144653 
110.151978 
110.159302 
110.166626 
110.174255 
110.181580 
110.189514 
110.198059 
110.206909 
110.215759 
110.225220 
110.235291 
110.245361 
110.255737 
110.266418 
110.277405 
110.288696 
110.300293 
110.311584 
110.322266 
110.332336 
110.343018 
110.354309 
110.366211 
110.378113 
110.390625 
110.403137 
110.415039 
110.427551 
110.438843 
110.450439 
110.461731 
110.473022 
110.484009 
110.494385 
110.505676 
110.515442 
110.525818 
110.535889 
110.547180 
110.558777 
110.570068 
110.580750 
110.590820 
110.600891 
110.610657 
110.620422 
110.630188 
110.640259 
110.650024 
110.659790 
110.670166 
110.679932 
110.690002 
110.700989 
110.711365 
110.721741 
110.732422 
110.742798 
110.752258 
110.761108 
110.770569 
110.779724 
110.790100 
110.800476 
110.810852 
110.820923 
110.831909 
110.842285 
110.852356 
110.863037 
110.872803 
110.882874 
110.892639 
110.903320 
110.912781 
110.922241 
110.931702 
110.941772 
110.952454 
110.963440 
110.974731 
110.985107 
110.994873 
111.004639 
111.014099 
111.023865 
111.032715 
111.042175 
111.050110 
111.058655 
111.067200 
111.074829 
111.082764 
111.089783 
111.097107 
111.103516 
111.109619 
111.115417 
111.119690 
111.123047 
111.126099 
111.129150 
111.132202 
111.134949 
111.137390 
111.138916 
111.140747 
111.141357 
111.141968 
111.141357 
111.140442 
111.139832 
111.137390 
111.136475 
111.133423 
111.130676 
111.127014 
111.123352 
111.120300 
111.117554 
111.114807 
111.110535 
111.106262 
111.101074 
111.095886 
111.090393 
111.085205 
111.079407 
111.074219 
111.068115 
111.062622 
111.057129 
111.051636 
111.045837 
111.040344 
111.034851 
111.029968 
111.023560 
111.017151 
111.009827 
111.002808 
110.996399 
110.990906 
110.984802 
110.979309 
110.973816 
110.968018 
110.962830 
110.957031 
110.951538 
110.945435 
110.939636 
110.933533 
110.927734 
110.921936 
110.915222 
110.909424 
110.903320 
110.898132 
110.893860 
110.889282 
110.884399 
110.878601 
110.872803 
110.867310 
110.861511 
110.855103 
110.849609 
110.844116 
110.838318 
110.832825 
110.827942 
110.822449 
110.817871 
110.812378 
110.807800 
110.802612 
110.797729 
110.792542 
110.786133 
110.779724 
110.774536 
110.769348 
110.764465 
110.759583 
110.754700 
110.749817 
110.745544 
110.740051 
110.735168 
110.729980 
110.724792 
110.719910 
110.713806 
110.708313 
110.703430 
110.697327 
110.691528 
110.687256 
110.683289 
110.679321 
110.674438 
110.668945 
110.663757 
110.657959 
110.653076 
110.646973 
110.641479 
110.636292 
110.630798 
110.625916 
110.620422 
110.615540 
110.610046 
110.605774 
110.600891 
110.596313 
110.590820 
110.585327 
110.579224 
110.573120 
110.567322 
110.562439 
110.557251 
110.552063 
110.547180 
110.542297 
110.537415 
110.532532 
110.526733 
110.521851 
110.516663 
110.511780 
110.505981 
110.500488 
110.494995 
110.489502 
110.483398 
110.478821 
110.474854 
110.470581 
110.466003 
110.460510 
110.455322 
110.449829 
110.444641 
110.438538 
110.433350 
110.428162 
110.422974 
110.417480 
110.412598 
110.407410 
110.401917 
110.397644 
110.393066 
110.387878 
110.382996 
110.377502 
110.371094 
110.365295 
110.358887 
110.354004 
110.349121 
110.344849 
110.339661 
110.334778 
110.330200 
110.325317 
110.320740 
110.315552 
110.310059 
110.304871 
110.299683 
110.294189 
110.288391 
110.283203 
110.277710 
110.273132 
110.268860 
110.264587 
110.260315 
110.254822 
110.249939 
110.244141 
110.238953 
110.232544 
110.227661 
110.222473 
110.216980 
110.211792 
110.206909 
110.202026 
110.196838 
110.192566 
110.187378 
110.182495 
110.178223 
110.172729 
110.166016 
110.159912 
110.154724 
110.149841 
110.145264 
110.140686 
110.136414 
110.132751 
110.129395 
110.125427 
110.122986 
110.119629 
110.117493 
110.115051 
110.112915 
110.111694 
110.109863 
110.109253 
110.109253 
110.109863 
110.112000 
110.114136 
110.116577 
110.118103 
110.120850 
110.123901 
110.126953 
110.130920 
110.135193 
110.140686 
110.146179 
110.152588 
110.159607 
110.166626 
110.174866 
110.183105 
110.192261 
110.201416 
110.210876 
110.220032 
110.228882 
110.238037 
110.247498 
110.258179 
110.268860 
110.279541 
110.291138 
110.302734 
110.314026 
110.325623 
110.337219 
110.348816 
110.359802 
110.371399 
110.382690 
110.393982 
110.404663 
110.415344 
110.426025 
110.437317 
110.449219 
110.461426 
110.473022 
110.483398 
110.493469 
110.504150 
110.514221 
110.524597 
110.534363 
110.544739 
110.555420 
110.565491 
110.575562 
110.585938 
110.596619 
110.606995 
110.617676 
110.628357 
110.638428 
110.648499 
110.657349 
110.666504 
110.675964 
110.686646 
110.696716 
110.707092 
110.717773 
110.728455 
110.739441 
110.749207 
110.759888 
110.770264 
110.780334 
110.790100 
110.800171 
110.810242 
110.820007 
110.829163 
110.839233 
110.849609 
110.860901 
110.872192 
110.882874 
110.893250 
110.903015 
110.912781 
110.922852 
110.932312 
110.942078 
110.952148 
110.961914 
110.972290 
110.982056 
110.992737 
111.002502 
111.012268 
111.022949 
111.032715 
111.041870 
111.050415 
111.058350 
111.065063 
111.072388 
111.080017 
111.087341 
111.094055 
111.101074 
111.107178 
111.112976 
111.117554 
111.122742 
111.126709 
111.130066 
111.132813 
111.134949 
111.137085 
111.138000 
111.139221 
111.138916 
111.139526 
111.140442 
111.141357 
111.141052 
111.139832 
111.138306 
111.136475 
111.134033 
111.131592 
111.128845 
111.126099 
111.123047 
111.120300 
111.116943 
111.114197 
111.110840 
111.107788 
111.104431 
111.101379 
111.098328 
111.094055 
111.088867 
111.084290 
111.080017 
111.075745 
111.072083 
111.068420 
111.064453 
111.060791 
111.057434 
111.053467 
111.049805 
111.045532 
111.041260 
111.037598 
111.033325 
111.028748 
111.024170 
111.019592 
111.015320 
111.011658 
111.008606 
111.005859 
111.002197 
110.998230 
110.994568 
110.990601 
110.986023 
110.981750 
110.977783 
110.974121 
110.969849 
110.966492 
110.962524 
110.959167 
110.955505 
110.952454 
110.949402 
110.946045 
110.942688 
110.939026 
110.934143 
110.929260 
110.924988 
110.922241 
110.918579 
110.915222 
110.912476 
110.909119 
110.906067 
110.903320 
110.899658 
110.895691 
110.892944 
110.889587 
110.885620 
110.881958 
110.877991 
110.873718 
110.870361 
110.867310 
110.864868 
110.862427 
110.859680 
110.856018 
110.852051 
110.848999 
110.845337 
110.841064 
110.837402 
110.833740 
110.830078 
110.826721 
110.823669 
110.819702 
110.816345 
110.813293 
110.810242 
110.807495 
110.804138 
110.800781 
110.795898 
110.791321 
110.787659 
110.783691 
110.780334 
110.777283 
110.774231 
110.771179 
110.768127 
110.764771 
110.761719 
110.757751 
110.754395 
110.751038 
110.747070 
110.743408 
110.739746 
110.735474 
110.731812 
110.728455 
110.726318 
110.723572 
110.720520 
110.717468 
110.713196 
110.709839 
110.705872 
110.701904 
110.697632 
110.694275 
110.690613 
110.686951 
110.683289 
110.679932 
110.676880 
110.673828 
110.670776 
110.667725 
110.664368 
110.661011 
110.656128 
110.651550 
110.648193 
110.644226 
110.641174 
110.637817 
110.634766 
110.631409 
110.628967 
110.625305 
110.622253 
110.618896 
110.615540 
110.611877 
110.608521 
110.604553 
110.600891 
110.597229 
110.593262 
110.589905 
110.587463 
110.585022 
110.582275 
110.578918 
110.575256 
110.571899 
110.568237 
110.564575 
110.560303 
110.556641 
110.553589 
110.549927 
110.546265 
110.543518 
110.540161 
110.536804 
110.533752 
110.530396 
110.527649 
110.523987 
110.519714 
110.514526 
110.510864 
110.507813 
110.504456 
110.501099 
110.498047 
110.495300 
110.491943 
110.489197 
110.485840 
110.482178 
110.478821 
110.475769 
110.472412 
110.468140 
110.464172 
110.460510 
110.456848 
110.453186 
110.451050 
110.448608 
110.445557 
110.442200 
110.438843 
110.434875 
110.431519 
110.427856 
110.423889 
110.420532 
110.416870 
110.413208 
110.409851 
110.406189 
110.403137 
110.399780 
110.396729 
110.393982 
110.390015 
110.386658 
110.382080 
110.377808 
110.373840 
110.370178 
110.366821 
110.363770 
110.360718 
110.357666 
110.354309 
110.350952 
110.347900 
110.344543 
110.340881 
110.337219 
110.333862 
110.329590 
110.325928 
110.322266 
110.318604 
110.315247 
110.312500 
110.310364 
110.307617 
110.304565 
110.300598 
110.297241 
110.292969 
110.289612 
110.285339 
110.281677 
110.278015 
110.274963 
110.271301 
110.267639 
110.264587 
110.261536 
110.258484 
110.255737 
110.252686 
110.248718 
110.243835 
110.239563 
110.235901 
110.232239 
110.228577 
110.225830 
110.222778 
110.219421 
110.216675 
110.213318 
110.210266 
110.206909 
110.203552 
110.199890 
110.196228 
110.192566 
110.188599 
110.185242 
110.181274 
110.177917 
110.175781 
110.173645 
110.170288 
110.167236 
110.163879 
110.159912 
110.156555 
110.152283 
110.148621 
110.145264 
110.141296 
110.138245 
110.134888 
110.132141 
110.129089 
110.126343 
110.123901 
110.121765 
110.119934 
110.117188 
110.114746 
110.112000 
110.110779 
110.109558 
110.109863 
110.110779 
110.111389 
110.112610 
110.114136 
110.116882 
110.118103 
110.121460 
110.124817 
110.128174 
110.132446 
110.137329 
110.141907 
110.147095 
110.153809 
110.160828 
110.169067 
110.178528 
110.186768 
110.195313 
110.203857 
110.213928 
110.223083 
110.232544 
110.242615 
110.252380 
110.263367 
110.273438 
110.284424 
110.295410 
110.306702 
110.318298 
110.329895 
110.341492 
110.353394 
110.364075 
110.374146 
110.384216 
110.394897 
110.405884 
110.417175 
110.428162 
110.439758 
110.450439 
110.461426 
110.473022 
110.483704 
110.493774 
110.504761 
110.515137 
110.525208 
110.535583 
110.545044 
110.555420 
110.565186 
110.575562 
110.586853 
110.598450 
110.609436 
110.619202 
110.629272 
110.639648 
110.649414 
110.659180 
110.669250 
110.679321 
110.689392 
110.699463 
110.709534 
110.720215 
110.730591 
110.740662 
110.751343 
110.762329 
110.772705 
110.783081 
110.791931 
110.800476 
110.810242 
110.820618 
110.830688 
110.840759 
110.851440 
110.862122 
110.872803 
110.883179 
110.893555 
110.903625 
110.914001 
110.924072 
110.933838 
110.943604 
110.953674 
110.962830 
110.972290 
110.982971 
110.993652 
111.004944 
111.015015 
111.025085 
111.034241 
111.043091 
111.051636 
111.059570 
111.067505 
111.075134 
111.082153 
111.088867 
111.095886 
111.101990 
111.108093 
111.113586 
111.118774 
111.123352 
111.127930 
111.131287 
111.133118 
111.134033 
111.135559 
111.136780 
111.138000 
111.138916 
111.139832 
111.140137 
111.140137 
111.139832 
111.138916 
111.138306 
111.137085 
111.135559 
111.134033 
111.131897 
111.128845 
111.126709 
111.123352 
111.121216 
111.119995 
111.118469 
111.116333 
111.113586 
111.110535 
111.107483 
111.104431 
111.101379 
111.098022 
111.094360 
111.091614 
111.088257 
111.085510 
111.082458 
111.079102 
111.076050 
111.073914 
111.070862 
111.068420 
111.065063 
111.061096 
111.056824 
111.053467 
111.050110 
111.047363 
111.044312 
111.042175 
111.039429 
111.036987 
111.034241 
111.031189 
111.028442 
111.025085 
111.022339 
111.019287 
111.015625 
111.012268 
111.009827 
111.005859 
111.003418 
111.001587 
111.000061 
110.997620 
110.995178 
110.992432 
110.989075 
110.986328 
110.983276 
110.979919 
110.977173 
110.974731 
110.971680 
110.968933 
110.966492 
110.964050 
110.961609 
110.959778 
110.957642 
110.955200 
110.952454 
110.948792 
110.945435 
110.942383 
110.939331 
110.937195 
110.934753 
110.932922 
110.930481 
110.928345 
110.925903 
110.923767 
110.921326 
110.918884 
110.915833 
110.913086 
110.910034 
110.907593 
110.904541 
110.901489 
110.899048 
110.897522 
110.895996 
110.893860 
110.891418 
110.888367 
110.885620 
110.882568 
110.879822 
110.876770 
110.874329 
110.871582 
110.868530 
110.866089 
110.863647 
110.861206 
110.858154 
110.856323 
110.854187 
110.851746 
110.849304 
110.845337 
110.841675 
110.838623 
110.835876 
110.833435 
110.830688 
110.828857 
110.826721 
110.824280 
110.822144 
110.819092 
110.816956 
110.814209 
110.811768 
110.808411 
110.805664 
110.802612 
110.799561 
110.796204 
110.793457 
110.792236 
110.790710 
110.789185 
110.786133 
110.783081 
110.780640 
110.777588 
110.774841 
110.771484 
110.768738 
110.765991 
110.763550 
110.761108 
110.758362 
110.756226 
110.753479 
110.751343 
110.749512 
110.747375 
110.744629 
110.740967 
110.737000 
110.734253 
110.731506 
110.729065 
110.726624 
110.724487 
110.722351 
110.720520 
110.718079 
110.715637 
110.713196 
110.710144 
110.708008 
110.705261 
110.701904 
110.698853 
110.696411 
110.693359 
110.690613 
110.689392 
110.687866 
110.686035 
110.683594 
110.680847 
110.677795 
110.674744 
110.671692 
110.668945 
110.666199 
110.663757 
110.660706 
110.658264 
110.655823 
110.653687 
110.651245 
110.649109 
110.646973 
110.644531 
110.642395 
110.638733 
110.635071 
110.631714 
110.628967 
110.626526 
110.624390 
110.622253 
110.620117 
110.617676 
110.615540 
110.613098 
110.610962 
110.608215 
110.605164 
110.603027 
110.599670 
110.596924 
110.593872 
110.590820 
110.588074 
110.586548 
110.585327 
110.583496 
110.581055 
110.578003 
110.574951 
110.572205 
110.569153 
110.566101 
110.563354 
110.560608 
110.557861 
110.555420 
110.552979 
110.550537 
110.547791 
110.545654 
110.543518 
110.541382 
110.538635 
110.534668 
110.531311 
110.527649 
110.525208 
110.522766 
110.520935 
110.518188 
110.516052 
110.514221 
110.511475 
110.509033 
110.506592 
110.504150 
110.501404 
110.498962 
110.496216 
110.492859 
110.489502 
110.487061 
110.484314 
110.482788 
110.481262 
110.479431 
110.476685 
110.474243 
110.471497 
110.468445 
110.465698 
110.462952 
110.459595 
110.456848 
110.454712 
110.451660 
110.449219 
110.446777 
110.444336 
110.442200 
110.440369 
110.437927 
110.435181 
110.432129 
110.428162 
110.425110 
110.422363 
110.419922 
110.417480 
110.415649 
110.413513 
110.411377 
110.408936 
110.406494 
110.404358 
110.401611 
110.398560 
110.396118 
110.393677 
110.390320 
110.387268 
110.384521 
110.381775 
110.379944 
110.378723 
110.376892 
110.374146 
110.371704 
110.368652 
110.365906 
110.362854 
110.360107 
110.357361 
110.354614 
110.351563 
110.349426 
110.346680 
110.344238 
110.342102 
110.339661 
110.338135 
110.335693 
110.332947 
110.329590 
110.325623 
110.322571 
110.319519 
110.317688 
110.315247 
110.313110 
110.310669 
110.308838 
110.306396 
110.303650 
110.301208 
110.299072 
110.296326 
110.293579 
110.290833 
110.287781 
110.284424 
110.281677 
110.278625 
110.277405 
110.275879 
110.274048 
110.271301 
110.268555 
110.266418 
110.263062 
110.260010 
110.257263 
110.254517 
110.251465 
110.248718 
110.246277 
110.243835 
110.241394 
110.238953 
110.236816 
110.234375 
110.232239 
110.229492 
110.225830 
110.222473 
110.219116 
110.216370 
110.213623 
110.212097 
110.209351 
110.207214 
110.205078 
110.202942 
110.200500 
110.198059 
110.195923 
110.192566 
110.190125 
110.187378 
110.184326 
110.181580 
110.178223 
110.175781 
110.173950 
110.172729 
110.170593 
110.168152 
110.165710 
110.162964 
110.160217 
110.156860 
110.154114 
110.151367 
110.148926 
110.146484 
110.143433 
110.141296 
110.138550 
110.136414 
110.133972 
110.132141 
110.130005 
110.127563 
110.124512 
110.120544 
110.118103 
110.115662 
110.114136 
110.113220 
110.112305 
110.111694 
110.111694 
110.112000 
110.112000 
110.112610 
110.113831 
110.114746 
110.116577 
110.118103 
110.120544 
110.123291 
110.126953 
110.130920 
110.136719 
110.143433 
110.150146 
110.156555 
110.163269 
110.170593 
110.177917 
110.185852 
110.194092 
110.202637 
110.211792 
110.221558 
110.230713 
110.241699 
110.251770 
110.262146 
110.274048 
110.285339 
110.296631 
110.307312 
110.317688 
110.327454 
110.337830 
110.348511 
110.360107 
110.371399 
110.382996 
110.394592 
110.405579 
110.416870 
110.427856 
110.438538 
110.449829 
110.459900 
110.470886 
110.481262 
110.491333 
110.500793 
110.511780 
110.521851 
110.532837 
110.544739 
110.556335 
110.566711 
110.576477 
110.587158 
110.596619 
110.606995 
110.616150 
110.626526 
110.636597 
110.646667 
110.657043 
110.667419 
110.677490 
110.688171 
110.698853 
110.709534 
110.720520 
110.730896 
110.739746 
110.748901 
110.758057 
110.768127 
110.778809 
110.789185 
110.799866 
110.810242 
110.820313 
110.830994 
110.841064 
110.851440 
110.862122 
110.871887 
110.881653 
110.891724 
110.901489 
110.910645 
110.921021 
110.931091 
110.941772 
110.953369 
110.964050 
110.974426 
110.984192 
110.993958 
111.003418 
111.012573 
111.022339 
111.031189 
111.040344 
111.049194 
111.058044 
111.065674 
111.073914 
111.081543 
111.088867 
111.095886 
111.102600 
111.108093 
111.112366 
111.116333 
111.120300 
111.123962 
111.127319 
111.131287 
111.133423 
111.135864 
111.138000 
111.139526 
111.140137 
111.141052 
111.140747 
111.140442 
111.140137 
111.139526 
111.138000 
111.137390 
111.136169 
111.134644 
111.134033 
111.133728 
111.132813 
111.130981 
111.128540 
111.126709 
111.124268 
111.121521 
111.119080 
111.116028 
111.113586 
111.111450 
111.109009 
111.106262 
111.104126 
111.101990 
111.099854 
111.097717 
111.095581 
111.093140 
111.090088 
111.085815 
111.083069 
111.080322 
111.077881 
111.075439 
111.072998 
111.070862 
111.069031 
111.066895 
111.064148 
111.062317 
111.059875 
111.057129 
111.054688 
111.052551 
111.049194 
111.046753 
111.044312 
111.041565 
111.040039 
111.039429 
111.037292 
111.034851 
111.032715 
111.030273 
111.027527 
111.024780 
111.022644 
111.020203 
111.017456 
111.015015 
111.013184 
111.011047 
111.008911 
111.007080 
111.005249 
111.003418 
111.001587 
110.999756 
110.997009 
110.993652 
110.990601 
110.988464 
110.986023 
110.985107 
110.982971 
110.981140 
110.979614 
110.978088 
110.975952 
110.973816 
110.971985 
110.969849 
110.967407 
110.965271 
110.962830 
110.960083 
110.957947 
110.955811 
110.954590 
110.953674 
110.952454 
110.950928 
110.948181 
110.946350 
110.944214 
110.941467 
110.938721 
110.936584 
110.934448 
110.932312 
110.930481 
110.928040 
110.926208 
110.924377 
110.922852 
110.920715 
110.919495 
110.917358 
110.914307 
110.911255 
110.907898 
110.905762 
110.904236 
110.902405 
110.900574 
110.898438 
110.896912 
110.895081 
110.893250 
110.891113 
110.888977 
110.886841 
110.884705 
110.882263 
110.879822 
110.877380 
110.874634 
110.872498 
110.871277 
110.870361 
110.869141 
110.867310 
110.864868 
110.862732 
110.859985 
110.857544 
110.854797 
110.852661 
110.850220 
110.848083 
110.846558 
110.843811 
110.841980 
110.840149 
110.838623 
110.836792 
110.835571 
110.833435 
110.830383 
110.827026 
110.824280 
110.822144 
110.820007 
110.817871 
110.816345 
110.814209 
110.812988 
110.811157 
110.809326 
110.807495 
110.805359 
110.803223 
110.801086 
110.798950 
110.796509 
110.794067 
110.791626 
110.789185 
110.787964 
110.787354 
110.785828 
110.784302 
110.781860 
110.779724 
110.777283 
110.774536 
110.772705 
110.770264 
110.768127 
110.765991 
110.764160 
110.762329 
110.760193 
110.758057 
110.756531 
110.754700 
110.753174 
110.751038 
110.748291 
110.745239 
110.742188 
110.740051 
110.737915 
110.736389 
110.734558 
110.733032 
110.730896 
110.729675 
110.727539 
110.725403 
110.723877 
110.721436 
110.718994 
110.716858 
110.714722 
110.711975 
110.709534 
110.707703 
110.706177 
110.704956 
110.704041 
110.701904 
110.699463 
110.697327 
110.695190 
110.692444 
110.690002 
110.687866 
110.685730 
110.683594 
110.681152 
110.679321 
110.677490 
110.675354 
110.674133 
110.672302 
110.670471 
110.668640 
110.665894 
110.661926 
110.659485 
110.657043 
110.655212 
110.653076 
110.651245 
110.650024 
110.648193 
110.646667 
110.644531 
110.642395 
110.640259 
110.638428 
110.635986 
110.633545 
110.631409 
110.628967 
110.626221 
110.624390 
110.622559 
110.621948 
110.621033 
110.619507 
110.616760 
110.614929 
110.612488 
110.609741 
110.606995 
110.605164 
110.602722 
110.600891 
110.598755 
110.596619 
110.594788 
110.592651 
110.591125 
110.589294 
110.588074 
110.586243 
110.583191 
110.579529 
110.576782 
110.574951 
110.572815 
110.570984 
110.569153 
110.567627 
110.565796 
110.563965 
110.562439 
110.560303 
110.558167 
110.556030 
110.553894 
110.551453 
110.549011 
110.546570 
110.544128 
110.541992 
110.540466 
110.539856 
110.538635 
110.536499 
110.534363 
110.531921 
110.530396 
110.527344 
110.525208 
110.522766 
110.520630 
110.518494 
110.516663 
110.514526 
110.512390 
110.510864 
110.509338 
110.507202 
110.505371 
110.503845 
110.500793 
110.497437 
110.494995 
110.492554 
110.490417 
110.488586 
110.487061 
110.484924 
110.483398 
110.481873 
110.480042 
110.478210 
110.476074 
110.473938 
110.471191 
110.469360 
110.466919 
110.464783 
110.461731 
110.459900 
110.458374 
110.457458 
110.455933 
110.454712 
110.452271 
110.449829 
110.447388 
110.445251 
110.442505 
110.440979 
110.438232 
110.436096 
110.433960 
110.432434 
110.430298 
110.427856 
110.426331 
110.425415 
110.422974 
110.421448 
110.418396 
110.415039 
110.412292 
110.410156 
110.408020 
110.406189 
110.404358 
110.402832 
110.401611 
110.399475 
110.397644 
110.395508 
110.393677 
110.391235 
110.388794 
110.386658 
110.384216 
110.381775 
110.379333 
110.376892 
110.375366 
110.374756 
110.373230 
110.371704 
110.369568 
110.367432 
110.365295 
110.362854 
110.360413 
110.357666 
110.355835 
110.353394 
110.351868 
110.349731 
110.347290 
110.345764 
110.343933 
110.342407 
110.340881 
110.338745 
110.336304 
110.332947 
110.329895 
110.328064 
110.325928 
110.324097 
110.321960 
110.320129 
110.318909 
110.316772 
110.315247 
110.312805 
110.311279 
110.309143 
110.307007 
110.304871 
110.302429 
110.299683 
110.297241 
110.295410 
110.294189 
110.292969 
110.292053 
110.289917 
110.287476 
110.285339 
110.282898 
110.280457 
110.278625 
110.275879 
110.273743 
110.271912 
110.270081 
110.267334 
110.265808 
110.263367 
110.262146 
110.260620 
110.258789 
110.256958 
110.254211 
110.251160 
110.248108 
110.245972 
110.243530 
110.242004 
110.240173 
110.237732 
110.237122 
110.234985 
110.232849 
110.231018 
110.228882 
110.226746 
110.224304 
110.222168 
110.219727 
110.217285 
110.215149 
110.213013 
110.211487 
110.209656 
110.209045 
110.207520 
110.205078 
110.202942 
110.200806 
110.198364 
110.195923 
110.193176 
110.191345 
110.189209 
110.187378 
110.185242 
110.183411 
110.181274 
110.179749 
110.178223 
110.176086 
110.174561 
110.171814 
110.168152 
110.165405 
110.163269 
110.161133 
110.159912 
110.157471 
110.155945 
110.154419 
110.152588 
110.150452 
110.148926 
110.147705 
110.144653 
110.142212 
110.140686 
110.137939 
110.135498 
110.133057 
110.130615 
110.129089 
110.128479 
110.126953 
110.125122 
110.123596 
110.121155 
110.119324 
110.117188 
110.115662 
110.113831 
110.112305 
110.111084 
110.110474 
110.109558 
110.108948 
110.108643 
110.108337 
110.108337 
110.108337 
110.108643 
110.107422 
110.106506 
110.105591 
110.105286 
110.104675 
110.104980 
110.105286 
110.105896 
110.106201 
110.106812 
110.106201 
110.106506 
110.106812 
110.106812 
110.106506 
110.106201 
110.105896 
110.105286 
110.105591 
110.105286 
110.105896 
110.107422 
110.107727 
110.108643 
110.108643 
110.108643 
110.108337 
110.108032 
110.107727 
110.107727 
110.107117 
110.107422 
110.107727 
110.107727 
110.108032 
110.108032 
110.108948 
110.108948 
110.109558 
110.109863 
110.109253 
110.108032 
110.107422 
110.107422 
110.108032 
110.108337 
110.108032 
110.108337 
110.108643 
110.108948 
110.109253 
110.109558 
110.109558 
110.109558 
110.109558 
110.109558 
110.108948 
110.108032 
110.108032 
110.108032 
110.108032 
110.109558 
110.110474 
110.110474 
110.110168 
110.110168 
110.109863 
110.109558 
110.109863 
110.109253 
110.108948 
110.109253 
110.109253 
110.109253 
110.108948 
110.109558 
110.109863 
110.109863 
110.110779 
110.110168 
110.109863 
110.108643 
110.107727 
