Blum, K. P., D’Incamps, B. L., Zytnicki, D., & Ting, L. H. (2017).
Force encoding in muscle spindles during stretch of
passive muscle. PLoS computational biology, 13(9), 
e1005767. <https://journals.plos.org/ploscompbiol/article?
id=10.1371/journal.pcbi.1005767>

cat medial gastrocnemius muscle lengths over t  (in 0.0005 s increments)
110.108948 
110.109253 
110.109863 
110.110168 
110.109863 
110.109863 
110.110474 
110.109863 
110.109863 
110.109558 
110.109558 
110.108948 
110.108948 
110.108337 
110.108948 
110.110474 
110.111389 
110.111694 
110.111389 
110.110474 
110.110474 
110.109863 
110.109863 
110.109558 
110.109863 
110.109558 
110.109863 
110.109558 
110.109863 
110.109863 
110.110168 
110.110474 
110.111084 
110.111084 
110.110474 
110.109253 
110.108032 
110.108032 
110.108032 
110.108948 
110.109253 
110.109253 
110.109558 
110.109863 
110.110168 
110.110168 
110.110168 
110.110168 
110.109863 
110.109863 
110.109253 
110.108948 
110.108643 
110.108643 
110.109253 
110.110474 
110.111389 
110.111084 
110.111389 
110.111084 
110.110474 
110.109863 
110.110168 
110.109558 
110.109558 
110.109558 
110.109253 
110.109558 
110.109558 
110.110168 
110.110168 
110.110474 
110.111084 
110.111084 
110.110474 
110.109253 
110.108337 
110.108337 
110.108948 
110.109253 
110.108948 
110.109558 
110.109558 
110.110168 
110.109863 
110.110168 
110.109863 
110.109863 
110.109863 
110.109863 
110.109253 
110.108643 
110.108643 
110.108337 
110.109253 
110.110779 
110.111694 
110.111389 
110.111084 
110.111084 
110.110474 
110.110474 
110.110474 
110.109558 
110.109558 
110.109558 
110.109558 
110.109253 
110.109863 
110.109863 
110.111084 
110.111084 
110.112610 
110.113525 
110.114136 
110.113831 
110.114136 
110.115662 
110.118103 
110.120239 
110.123291 
110.127258 
110.130920 
110.134583 
110.139160 
110.143433 
110.148315 
110.153198 
110.158386 
110.163879 
110.169678 
110.175781 
110.182190 
110.188599 
110.197144 
110.206299 
110.215149 
110.224304 
110.232849 
110.242310 
110.250549 
110.259705 
110.268555 
110.277405 
110.287170 
110.296631 
110.305786 
110.316772 
110.326843 
110.337524 
110.348816 
110.360413 
110.371399 
110.382690 
110.393982 
110.404663 
110.415649 
110.427246 
110.439758 
110.453186 
110.466003 
110.479736 
110.492859 
110.506897 
110.520630 
110.533447 
110.546570 
110.559387 
110.571594 
110.583801 
110.595398 
110.606995 
110.617371 
110.628967 
110.640259 
110.652771 
110.664368 
110.674744 
110.685425 
110.694885 
110.705261 
110.714417 
110.723877 
110.733032 
110.742798 
110.752563 
110.761719 
110.771484 
110.780945 
110.790710 
110.800476 
110.811157 
110.820618 
110.830688 
110.839844 
110.847778 
110.856628 
110.866089 
110.876160 
110.885620 
110.895996 
110.905762 
110.915833 
110.926208 
110.936279 
110.946045 
110.955811 
110.966187 
110.975952 
110.985718 
110.994873 
111.004333 
111.013794 
111.024475 
111.035156 
111.046448 
111.057434 
111.068115 
111.078186 
111.088562 
111.097717 
111.107788 
111.117554 
111.127319 
111.137390 
111.147156 
111.157837 
111.168213 
111.178894 
111.189270 
111.199951 
111.210632 
111.221619 
111.231995 
111.241760 
111.250305 
111.260071 
111.270142 
111.280518 
111.290588 
111.301270 
111.311951 
111.322937 
111.333618 
111.344604 
111.354675 
111.364746 
111.376038 
111.385498 
111.395874 
111.405945 
111.416016 
111.425781 
111.435852 
111.447144 
111.458435 
111.470337 
111.480408 
111.491089 
111.501465 
111.511841 
111.521606 
111.531372 
111.541748 
111.551819 
111.561584 
111.571960 
111.582642 
111.593018 
111.603394 
111.614380 
111.624756 
111.635742 
111.646423 
111.656189 
111.664734 
111.674500 
111.683960 
111.694946 
111.705017 
111.715393 
111.725769 
111.736450 
111.747131 
111.757202 
111.767578 
111.777344 
111.788025 
111.797791 
111.807861 
111.817627 
111.827087 
111.837158 
111.846924 
111.857300 
111.868591 
111.879578 
111.890259 
111.900024 
111.909485 
111.919250 
111.929321 
111.938782 
111.948547 
111.958618 
111.968384 
111.978455 
111.988831 
111.998596 
112.008667 
112.019348 
112.030029 
112.040100 
112.050781 
112.060242 
112.068481 
112.077942 
112.088013 
112.098389 
112.108765 
112.119446 
112.129517 
112.139893 
112.150574 
112.160950 
112.171326 
112.181396 
112.190857 
112.201233 
112.210999 
112.221069 
112.230530 
112.239990 
112.250671 
112.260742 
112.272644 
112.283936 
112.294617 
112.304382 
112.314148 
112.324524 
112.333984 
112.344055 
112.353516 
112.363586 
112.373962 
112.384033 
112.394409 
112.404480 
112.414856 
112.425537 
112.436523 
112.447205 
112.457886 
112.467041 
112.476196 
112.485046 
112.495728 
112.505798 
112.516174 
112.527161 
112.537842 
112.548218 
112.558899 
112.569275 
112.579346 
112.590027 
112.600708 
112.610474 
112.620544 
112.630310 
112.640381 
112.649841 
112.660217 
112.670898 
112.682190 
112.693481 
112.704163 
112.713928 
112.723694 
112.733765 
112.743835 
112.753601 
112.763977 
112.773743 
112.783813 
112.794189 
112.804565 
112.814636 
112.825012 
112.835693 
112.845764 
112.856750 
112.867126 
112.876282 
112.884827 
112.894592 
112.904358 
112.914734 
112.925415 
112.935486 
112.946167 
112.956848 
112.967224 
112.977295 
112.987671 
112.997742 
113.007813 
113.016968 
113.027344 
113.036194 
113.045349 
113.054199 
113.063660 
113.073120 
113.083191 
113.092651 
113.100891 
113.108521 
113.116455 
113.123169 
113.130188 
113.136597 
113.143005 
113.148804 
113.154602 
113.160400 
113.165283 
113.170471 
113.174744 
113.179932 
113.184204 
113.188477 
113.191528 
113.193054 
113.194885 
113.196106 
113.197937 
113.200073 
113.202209 
113.203430 
113.204956 
113.206787 
113.208008 
113.208313 
113.209839 
113.210449 
113.210449 
113.210449 
113.211060 
113.210144 
113.209839 
113.209534 
113.209534 
113.210449 
113.211060 
113.211975 
113.211975 
113.211365 
113.211060 
113.210144 
113.208923 
113.208313 
113.208008 
113.207092 
113.206787 
113.206177 
113.205872 
113.204956 
113.204956 
113.205261 
113.205261 
113.204956 
113.204346 
113.203125 
113.200989 
113.200378 
113.199768 
113.199463 
113.199158 
113.199463 
113.199158 
113.199463 
113.199463 
113.199158 
113.198547 
113.198547 
113.198547 
113.197632 
113.197327 
113.196716 
113.196411 
113.195496 
113.195190 
113.195496 
113.196716 
113.197632 
113.197632 
113.197327 
113.197021 
113.196716 
113.196106 
113.195801 
113.195190 
113.195496 
113.195801 
113.195190 
113.195496 
113.195190 
113.195801 
113.195801 
113.196411 
113.196716 
113.196716 
113.196106 
113.194885 
113.193970 
113.193970 
113.194580 
113.194580 
113.195496 
113.195496 
113.195496 
113.196411 
113.195496 
113.195801 
113.196106 
113.195801 
113.195801 
113.195801 
113.195190 
113.195190 
113.194580 
113.194275 
113.194885 
113.196106 
113.197937 
113.197327 
113.197021 
113.197021 
113.196411 
113.196106 
113.195801 
113.195496 
113.195190 
113.195496 
113.194885 
113.195190 
113.194885 
113.194885 
113.195496 
113.195190 
113.195801 
113.195190 
113.194885 
113.193665 
113.192749 
113.192444 
113.192139 
113.192749 
113.192444 
113.192749 
113.192749 
113.192749 
113.193054 
113.193359 
113.193054 
113.192444 
113.192139 
113.192139 
113.191223 
113.191223 
113.190613 
113.190308 
113.191223 
113.192139 
113.192749 
113.193054 
113.193054 
113.192444 
113.191833 
113.191528 
113.191223 
113.190918 
113.190918 
113.190613 
113.190613 
113.190918 
113.191223 
113.190918 
113.191223 
113.191528 
113.192139 
113.192139 
113.191833 
113.190308 
113.189392 
113.189697 
113.189697 
113.190613 
113.190613 
113.191223 
113.191833 
113.191833 
113.191833 
113.191833 
113.192444 
113.192444 
113.192444 
113.192444 
113.191833 
113.191528 
113.191528 
113.191223 
113.192139 
113.193665 
113.194275 
113.194885 
113.194580 
113.194580 
113.194275 
113.193665 
113.193970 
113.193665 
113.193665 
113.193665 
113.193970 
113.193970 
113.194275 
113.194580 
113.194885 
113.195801 
113.195801 
113.196411 
113.195801 
113.194275 
113.193054 
113.193054 
113.193359 
113.193970 
113.194275 
113.195190 
113.194275 
113.195190 
113.195190 
113.194885 
113.195190 
113.195190 
113.194580 
113.194580 
113.194580 
113.193970 
113.193665 
113.193054 
113.193665 
113.194885 
113.195801 
113.196411 
113.195801 
113.195496 
113.194885 
113.193970 
113.193970 
113.193970 
113.193665 
113.193054 
113.193054 
113.192749 
113.192749 
113.193054 
113.193359 
113.193970 
113.193665 
113.193359 
113.193054 
113.192139 
113.190308 
113.190918 
113.190613 
113.190918 
113.190918 
113.191833 
113.191528 
113.191833 
113.192139 
113.192139 
113.192139 
113.191833 
113.191528 
113.191833 
113.190918 
113.190613 
113.190308 
113.190308 
113.190613 
113.192139 
113.193054 
113.193054 
113.192749 
113.192444 
113.192139 
113.191833 
113.191528 
113.191528 
113.191528 
113.191223 
113.191223 
113.191223 
113.191223 
113.191528 
113.191833 
113.192444 
113.192749 
113.193359 
113.192139 
113.191223 
113.190002 
113.190613 
113.190613 
113.191223 
113.191223 
113.192139 
113.192139 
113.192444 
113.192749 
113.193054 
113.193054 
113.193054 
113.192749 
113.192749 
113.192444 
113.192139 
113.191528 
113.191833 
113.192749 
113.193665 
113.194885 
113.194885 
113.194885 
113.194580 
113.194275 
113.193665 
113.193359 
113.193359 
113.193054 
113.193359 
113.193054 
113.193359 
113.193054 
113.193054 
113.193970 
113.194275 
113.194580 
113.194580 
113.193665 
113.192444 
113.191528 
113.191528 
113.191528 
113.191833 
113.191833 
113.192444 
113.192749 
113.192749 
113.193054 
113.193054 
113.193054 
113.193054 
113.192749 
113.192444 
113.191833 
113.191528 
113.190918 
113.191223 
113.191528 
113.193054 
113.193359 
113.193970 
113.193359 
113.193054 
113.192749 
113.192444 
113.191833 
113.191223 
113.190918 
113.191223 
113.190918 
113.191223 
113.191223 
113.191223 
113.191833 
113.191833 
113.192749 
113.192749 
113.191833 
113.190308 
113.190002 
113.189392 
113.189392 
113.190308 
113.190308 
113.190918 
113.190918 
113.191528 
113.191223 
113.191528 
113.191528 
113.191223 
113.191223 
113.191223 
113.190918 
113.190613 
113.190002 
113.190002 
113.190918 
113.191833 
113.193054 
113.193359 
113.192749 
113.192749 
113.192444 
113.192139 
113.191528 
113.191833 
113.191528 
113.191528 
113.191528 
113.192139 
113.191833 
113.192444 
113.192749 
113.193054 
113.193359 
113.193665 
113.192749 
113.191528 
113.190918 
113.190918 
113.190918 
113.191223 
113.191528 
113.192139 
113.192444 
113.192749 
113.192749 
113.192749 
113.193054 
113.192749 
113.192444 
113.193054 
113.192444 
113.191833 
113.191223 
113.191833 
113.192444 
113.193359 
113.194275 
113.194580 
113.193970 
113.193970 
113.193359 
113.193054 
113.192749 
113.193054 
113.192749 
113.192444 
113.192444 
113.192139 
113.192749 
113.193054 
113.193359 
113.193359 
113.193970 
113.193665 
113.193054 
113.191223 
113.190613 
113.190613 
113.190613 
113.191223 
113.191528 
113.192139 
113.192139 
113.192444 
113.192444 
113.192139 
113.192444 
113.192139 
113.192139 
113.191833 
113.191223 
113.191223 
113.190308 
113.190613 
113.191223 
113.192139 
113.193359 
113.193359 
113.193054 
113.192749 
113.192749 
113.191833 
113.191528 
113.191528 
113.191528 
113.191528 
113.191223 
113.191528 
113.191833 
113.191223 
113.191833 
113.191833 
113.193054 
113.192749 
113.191833 
113.190613 
113.190308 
113.189697 
113.190002 
113.190308 
113.190918 
113.191223 
113.191528 
113.191833 
113.192139 
113.191833 
113.191528 
113.191833 
113.191528 
113.191528 
113.191528 
113.190613 
113.190613 
113.190308 
113.191528 
113.192749 
113.193359 
113.193665 
113.193359 
113.193054 
113.192749 
113.192749 
113.192444 
113.191833 
113.192139 
113.191833 
113.192139 
113.191833 
113.192444 
113.192444 
113.192444 
113.193359 
113.193665 
113.193665 
113.192444 
113.191833 
113.190613 
113.190613 
113.191223 
113.191223 
113.191833 
113.191833 
113.192139 
113.192444 
113.192444 
113.192749 
113.192749 
113.192444 
113.192444 
113.191833 
113.192139 
113.191528 
113.190918 
113.191223 
113.191833 
113.192749 
113.194275 
113.194275 
113.193665 
113.193359 
113.193054 
113.192444 
113.192139 
113.192139 
113.192139 
113.191833 
113.191833 
113.192139 
113.192139 
113.192139 
113.192444 
113.192749 
113.193359 
113.193359 
113.192139 
113.190918 
113.190308 
113.190308 
113.190308 
113.190918 
113.190918 
113.191833 
113.191223 
113.191528 
113.191528 
113.191528 
113.191833 
113.191833 
113.191833 
113.191528 
113.191833 
113.190613 
113.190308 
113.190613 
113.190918 
113.192139 
113.193054 
113.193054 
113.192749 
113.192444 
113.192444 
113.191528 
113.191528 
113.191223 
113.191223 
113.191223 
113.191223 
113.191223 
113.191528 
113.191833 
113.191833 
113.192444 
113.192749 
113.192749 
113.192444 
113.190918 
113.190002 
113.190002 
113.190918 
113.190918 
113.190613 
113.191528 
113.191833 
113.191833 
113.191833 
113.192139 
113.192139 
113.191833 
113.192139 
113.191833 
113.191528 
113.191223 
113.190613 
113.190613 
113.191833 
113.192749 
113.193665 
113.193665 
113.193359 
113.193054 
113.192749 
113.192444 
113.192139 
113.192139 
113.192139 
113.192139 
113.191833 
113.192139 
113.191833 
113.192749 
113.192444 
113.193054 
113.193359 
113.193359 
113.192139 
113.191528 
113.190002 
113.190308 
113.190613 
113.190918 
113.190918 
113.191833 
113.191833 
113.191833 
113.192139 
113.192444 
113.192444 
113.192444 
113.192139 
113.192139 
113.191528 
113.191223 
113.190613 
113.190308 
113.191528 
113.192444 
113.193054 
113.193359 
113.193359 
113.192749 
113.192139 
113.192444 
113.191528 
113.191528 
113.191528 
113.191833 
113.191528 
113.191833 
113.191833 
113.191833 
113.192139 
113.192444 
113.192749 
113.192749 
113.191833 
113.190613 
113.190002 
113.190002 
113.190002 
113.190002 
113.190308 
113.190918 
113.191528 
113.191528 
113.191223 
113.191528 
113.191528 
113.191833 
113.191528 
113.190918 
113.190613 
113.190308 
113.190002 
113.190308 
113.190918 
113.192444 
113.192749 
113.193359 
113.192749 
113.192444 
113.191833 
113.191833 
113.191528 
113.191528 
113.191223 
113.191833 
113.191528 
113.191528 
113.191528 
113.191528 
113.192444 
113.192749 
113.192749 
113.192749 
113.191833 
113.190613 
113.190308 
113.190308 
113.190918 
113.190308 
113.191223 
113.191528 
113.191528 
113.192139 
113.192139 
113.191833 
113.191833 
113.191833 
113.191833 
113.191528 
113.191223 
113.190918 
113.190918 
113.190613 
113.191833 
113.193054 
113.193665 
113.193665 
113.193359 
113.193054 
113.193054 
113.192444 
113.191833 
113.191833 
113.191833 
113.192139 
113.192139 
113.192139 
113.192139 
113.191833 
113.192749 
113.193054 
113.193665 
113.193359 
113.192444 
113.191223 
113.190002 
113.190918 
113.190918 
113.190918 
113.191528 
113.191528 
113.191833 
113.191833 
113.192139 
113.192139 
113.192139 
113.192139 
113.191833 
113.191528 
113.191528 
113.190918 
113.190002 
113.190308 
113.191528 
113.192444 
113.193359 
113.193359 
113.193054 
113.192749 
113.192139 
113.191833 
113.191528 
113.191223 
113.191528 
113.191528 
113.191223 
113.191223 
113.191833 
113.191833 
113.192139 
113.192749 
113.192749 
113.192749 
113.191528 
113.190613 
113.190002 
113.189697 
113.190613 
113.190613 
113.190918 
113.191223 
113.191528 
113.191528 
113.191833 
113.191833 
113.192139 
113.191833 
113.192139 
113.191528 
113.191223 
113.190613 
113.190308 
113.190002 
113.190918 
113.193054 
113.193054 
113.193054 
113.193054 
113.192444 
113.192139 
113.191833 
113.191833 
113.191833 
113.191528 
113.191528 
113.191223 
113.191833 
113.191833 
113.191833 
113.192444 
113.192749 
113.193054 
113.193359 
113.192444 
113.190918 
113.190002 
113.190613 
113.191223 
113.191223 
113.191223 
113.191223 
113.191833 
113.192139 
113.192139 
113.191833 
113.192444 
113.192444 
113.191833 
113.191528 
113.191528 
113.191223 
113.190613 
113.190613 
113.191528 
113.193054 
113.193665 
113.193359 
113.193359 
113.192749 
113.192444 
113.192444 
113.192139 
113.191528 
113.191528 
113.191833 
113.191833 
113.191833 
113.192139 
113.191528 
113.191833 
113.192749 
113.192749 
113.193054 
113.191833 
113.190918 
113.190002 
113.190308 
113.190613 
113.190613 
113.190918 
113.191528 
113.191833 
113.191833 
113.192139 
113.191833 
113.191833 
113.192139 
113.191833 
113.191528 
113.190918 
113.190613 
113.190308 
113.190002 
113.191223 
113.192444 
113.193054 
113.192749 
113.193054 
113.192749 
113.192139 
113.191528 
113.191223 
113.191223 
113.191528 
113.191528 
113.191223 
113.191528 
113.191528 
113.191833 
113.191833 
113.192444 
113.192749 
113.192139 
113.191833 
113.190308 
113.190002 
113.190002 
113.190308 
113.190002 
113.190613 
113.191223 
113.191223 
113.191528 
113.192139 
113.191528 
113.191833 
113.191833 
113.191528 
113.191528 
113.191223 
113.191223 
113.190308 
113.190308 
113.191528 
113.192749 
113.193359 
113.193359 
113.192749 
113.193054 
113.192444 
113.192139 
113.191833 
113.191833 
113.191833 
113.191528 
113.191528 
113.191833 
113.191833 
113.191833 
113.192444 
113.192444 
113.193054 
113.193054 
113.192139 
113.190613 
113.190613 
113.190613 
113.190918 
113.191223 
113.191223 
113.191528 
113.192139 
113.191833 
113.192139 
113.191833 
113.192139 
113.191833 
113.191833 
113.191833 
113.191223 
113.190918 
113.190613 
113.190613 
113.191528 
113.192749 
113.193054 
113.193359 
113.193054 
113.192749 
113.192444 
113.191833 
113.191528 
113.191528 
113.191223 
113.190918 
113.191223 
113.191528 
113.191528 
113.191528 
113.192139 
113.192444 
113.192749 
113.192749 
113.191833 
113.190613 
113.190002 
113.190308 
113.190613 
113.190308 
113.190918 
113.191223 
113.191223 
113.191833 
113.191528 
113.191528 
113.191833 
113.191528 
113.191528 
113.191223 
113.191223 
113.190308 
113.190002 
113.190613 
113.191223 
113.192139 
113.192749 
113.193359 
113.192749 
113.192444 
113.192444 
113.192139 
113.191528 
113.191528 
113.191528 
113.191223 
113.191223 
113.191528 
113.191223 
113.191833 
113.192139 
113.192444 
113.192749 
113.192749 
113.191528 
113.190613 
113.190002 
113.190308 
113.190308 
113.190613 
113.190918 
113.190918 
113.191223 
113.191833 
113.191833 
113.192139 
113.191833 
113.191833 
113.191528 
113.191833 
113.191833 
113.190613 
113.190308 
113.190308 
113.191528 
113.192749 
113.193359 
113.193359 
113.193054 
113.193054 
113.192749 
113.191528 
113.191833 
113.191833 
113.191833 
113.191528 
113.191528 
113.191528 
113.191833 
113.192139 
113.192139 
113.192749 
113.193054 
113.193054 
113.192139 
113.190613 
113.190002 
113.190308 
113.190308 
113.190918 
113.190918 
113.191223 
113.191528 
113.191833 
113.191833 
113.191833 
113.192444 
113.191833 
113.191833 
113.191528 
113.191223 
113.190918 
113.190308 
113.190002 
113.191528 
113.192444 
113.193054 
113.192749 
113.192444 
113.192444 
113.192139 
113.191528 
113.191528 
113.191223 
113.191223 
113.191528 
113.191223 
113.191223 
113.191223 
113.191833 
113.191833 
113.192139 
113.192749 
113.192749 
113.191528 
113.190308 
113.190002 
113.190002 
113.190308 
113.190613 
113.190308 
113.191223 
113.191528 
113.191528 
113.191528 
113.191528 
113.192139 
113.191833 
113.191833 
113.191528 
113.190918 
113.190918 
113.190002 
113.190002 
113.190918 
113.192444 
113.193054 
113.193054 
113.192444 
113.192749 
113.192444 
113.191833 
113.191528 
113.191528 
113.191223 
113.191528 
113.191223 
113.191528 
113.191528 
113.191528 
113.191833 
113.192749 
113.192749 
113.192749 
113.191528 
113.190613 
113.190308 
113.190002 
113.190613 
113.191223 
113.190918 
113.191528 
113.191528 
113.191833 
113.192139 
113.192139 
113.191833 
113.191833 
113.191833 
113.191833 
113.191528 
113.190613 
113.190918 
113.190613 
113.191528 
113.193054 
113.193665 
113.193054 
113.193054 
113.192749 
113.192139 
113.191833 
113.191833 
113.191528 
113.191223 
113.191223 
113.191528 
113.191223 
113.191528 
113.191833 
113.192139 
113.192444 
113.192749 
113.193054 
113.191833 
113.190308 
113.190002 
113.190002 
113.190308 
113.190613 
113.190918 
113.191223 
113.191833 
113.191223 
113.191833 
113.191528 
113.191528 
113.191833 
113.191223 
113.190918 
113.190613 
113.190613 
113.190002 
113.190613 
113.191528 
113.192749 
113.193359 
113.192749 
113.192749 
113.192749 
113.192444 
113.191833 
113.191833 
113.191528 
113.191223 
113.191223 
113.191223 
113.191223 
113.191528 
113.192139 
113.191833 
113.192139 
113.192749 
113.192749 
113.191833 
113.190613 
113.190002 
113.190002 
113.190002 
113.190918 
113.190918 
113.191528 
113.191528 
113.191528 
113.191528 
113.191833 
113.191833 
113.191833 
113.191528 
113.191833 
113.190918 
113.190613 
113.190613 
113.190002 
113.191223 
113.193054 
113.193359 
113.193359 
113.192444 
113.192749 
113.192444 
113.191528 
113.191528 
113.191528 
113.191223 
113.191528 
113.191223 
113.191223 
113.191528 
113.192139 
113.191833 
113.192749 
113.193054 
113.192749 
113.191833 
113.190308 
113.190002 
113.190002 
113.190308 
113.191223 
113.190918 
113.191528 
113.191528 
113.191528 
113.191528 
113.191528 
113.191528 
113.191528 
113.191528 
113.191528 
113.190918 
113.190308 
113.190613 
113.190308 
113.191833 
113.192749 
113.193054 
113.192444 
113.193054 
113.192444 
113.192139 
113.191833 
113.191528 
113.190918 
113.191528 
113.191223 
113.190918 
113.191223 
113.191528 
113.191833 
113.191833 
113.192749 
113.192749 
113.193054 
113.191833 
113.190308 
113.189697 
113.190002 
113.190002 
113.190308 
113.190918 
113.191223 
113.191528 
113.191833 
113.191528 
113.191223 
113.191833 
113.191223 
113.190918 
113.191223 
113.190918 
113.190613 
113.190613 
113.190308 
113.191223 
113.193054 
113.192749 
113.192749 
113.192749 
113.192444 
113.191833 
113.191528 
113.191528 
113.191528 
113.191223 
113.190918 
113.191223 
113.190918 
113.191223 
113.191528 
113.191833 
113.192139 
113.192749 
113.192749 
113.191223 
113.190308 
113.189697 
113.190002 
113.190308 
113.190613 
113.190918 
113.190918 
113.191833 
113.191528 
113.191833 
113.191833 
113.191833 
113.191528 
113.191528 
113.191223 
113.190918 
113.190308 
113.190308 
113.190308 
113.191528 
113.192444 
113.193054 
113.193054 
113.193054 
113.192444 
113.192444 
113.192139 
113.191833 
113.191528 
113.191223 
113.191528 
113.191528 
113.191528 
113.191528 
113.191833 
113.191833 
113.192444 
113.192749 
113.192749 
113.191833 
113.190918 
113.189697 
113.190002 
113.190308 
113.190613 
113.190613 
113.191528 
113.191528 
113.191223 
113.191528 
113.191528 
113.191528 
113.191833 
113.191528 
113.191223 
113.190918 
113.190613 
113.190002 
113.190308 
113.191223 
113.192749 
113.193359 
113.193054 
113.193054 
113.192444 
113.192139 
113.191833 
113.191833 
113.191528 
113.191223 
113.191223 
113.191223 
113.191528 
113.191528 
113.191833 
113.191833 
113.192444 
113.192749 
113.192749 
113.191833 
113.190613 
113.190002 
113.189697 
113.190308 
113.190613 
113.191223 
113.191528 
113.191528 
113.191528 
113.191528 
113.191223 
113.191833 
113.191528 
113.191528 
113.191528 
113.191223 
113.190308 
113.190308 
113.190002 
113.191528 
113.193054 
113.193054 
113.193359 
113.193054 
113.192444 
113.192139 
113.192139 
113.191833 
113.191528 
113.191528 
113.191223 
113.191223 
113.191528 
113.191528 
113.191528 
113.192139 
113.192444 
113.192749 
113.192749 
113.191833 
113.190308 
113.190002 
113.190308 
113.190613 
113.190613 
113.190918 
113.191528 
113.191528 
113.191833 
113.191833 
113.191528 
113.191833 
113.191528 
113.191528 
113.191223 
113.190918 
113.190308 
113.190002 
113.190308 
113.191833 
113.193054 
113.193359 
113.192749 
113.192749 
113.192444 
113.192139 
113.191833 
113.191528 
113.191528 
113.191223 
113.190918 
113.191223 
113.191528 
113.191528 
113.191528 
113.191833 
113.192444 
113.192749 
113.192444 
113.191833 
113.190308 
113.189697 
113.190002 
113.190002 
113.190308 
113.190918 
113.190918 
113.191528 
113.191528 
113.191833 
113.191223 
113.191528 
113.191223 
113.191528 
113.190918 
113.190918 
113.190918 
113.190002 
113.190002 
113.191223 
113.192444 
113.193054 
113.192749 
113.192749 
113.192139 
113.192139 
113.191833 
113.191528 
113.191223 
113.191528 
113.191223 
113.190918 
113.191223 
113.191528 
113.191528 
113.192444 
113.192444 
113.193054 
113.192139 
113.191833 
113.190308 
113.190002 
113.189697 
113.190308 
113.190613 
113.190308 
113.191223 
113.191528 
113.191223 
113.191528 
113.191833 
113.191528 
113.192139 
113.191833 
113.191223 
113.191223 
113.190613 
113.190308 
113.190918 
113.191528 
113.192444 
113.193054 
113.193359 
113.193054 
113.192139 
113.192444 
113.192139 
113.191528 
113.191528 
113.191528 
113.191528 
113.191223 
113.191528 
113.191833 
113.191833 
113.192444 
113.192749 
113.192749 
113.192749 
113.191528 
113.190308 
113.189697 
113.190002 
113.190308 
113.190308 
113.190918 
113.191223 
113.191833 
113.191528 
113.191833 
113.191833 
113.191528 
113.191833 
113.191833 
113.191528 
113.190613 
113.190613 
113.189697 
113.190002 
113.191833 
113.192444 
113.193359 
113.193054 
113.192749 
113.192444 
113.192139 
113.191833 
113.191223 
113.191528 
113.191833 
113.191528 
113.191528 
113.191833 
113.191833 
113.191528 
113.192139 
113.192444 
113.192749 
113.192749 
113.191223 
113.190308 
113.189392 
113.190308 
113.190308 
113.190918 
113.190918 
113.191833 
113.191528 
113.191528 
113.191833 
113.191528 
113.191833 
113.191833 
113.191528 
113.190918 
113.190613 
113.190613 
113.190002 
113.190308 
113.191528 
113.192749 
113.193359 
113.193054 
113.192749 
113.192444 
113.192139 
113.191833 
113.191528 
113.191833 
113.191528 
113.191223 
113.191223 
113.191833 
113.191223 
113.191528 
113.192139 
113.192444 
113.192749 
113.192444 
113.191833 
113.190308 
113.190308 
113.190002 
113.190613 
113.190308 
113.191223 
113.191528 
113.191223 
113.191528 
113.191833 
113.191833 
113.191528 
113.191833 
113.191528 
113.191223 
113.190613 
113.190613 
113.190613 
113.190613 
113.191833 
113.192749 
113.193054 
113.192749 
113.192444 
113.192444 
113.191833 
113.191833 
113.191528 
113.191528 
113.191223 
113.191528 
113.191528 
113.191528 
113.191223 
113.191833 
113.191528 
113.192444 
113.192749 
113.191833 
113.191528 
113.190613 
113.190002 
113.190002 
113.190613 
113.190308 
113.190613 
113.190918 
113.191833 
113.191528 
113.192139 
113.191528 
113.190918 
113.191528 
113.191528 
113.191223 
113.190613 
113.190613 
113.190308 
113.190308 
113.191528 
113.192749 
113.193054 
113.193054 
113.192749 
113.192139 
113.191833 
113.191528 
113.191528 
113.191223 
113.191223 
113.191223 
113.190918 
113.190918 
113.191223 
113.192139 
113.192139 
113.192444 
113.192749 
113.192749 
113.191528 
113.190002 
113.189392 
113.190002 
113.190308 
113.190613 
113.190918 
113.190918 
113.191528 
113.191528 
113.191528 
113.191223 
113.191833 
113.191528 
113.191528 
113.191223 
113.190613 
113.190613 
113.190308 
113.190308 
113.191528 
113.192749 
113.193054 
113.193054 
113.192749 
113.192139 
113.191833 
113.191528 
113.191223 
113.190918 
113.191223 
113.191223 
113.190918 
113.191528 
113.191528 
113.191528 
113.192444 
113.192444 
113.192749 
113.192444 
113.191833 
113.190613 
113.190002 
113.190308 
113.190613 
113.190613 
113.191528 
113.191223 
113.191528 
113.191528 
113.191528 
113.191223 
113.191833 
113.191833 
113.191528 
113.191223 
113.191223 
113.190613 
113.190308 
113.190613 
113.191833 
113.193054 
113.193054 
113.192749 
113.192444 
113.192139 
113.192139 
113.191528 
113.191528 
113.191223 
113.191528 
113.190918 
113.190918 
113.191833 
113.191833 
113.191833 
113.192139 
113.192749 
113.192749 
113.192749 
113.191528 
113.190002 
113.189697 
113.190308 
113.190308 
113.190613 
113.190918 
113.191528 
113.190918 
113.191528 
113.191833 
113.191833 
113.191528 
113.191833 
113.191528 
113.191223 
113.190918 
113.190308 
113.190308 
113.190613 
113.191528 
113.192444 
113.192749 
113.193054 
113.192444 
113.192139 
113.192139 
113.191528 
113.191528 
113.191223 
113.191223 
113.191223 
113.190918 
113.191528 
113.190918 
113.191833 
113.192139 
113.192444 
113.192749 
113.192749 
113.191223 
113.190308 
113.190002 
113.190002 
113.190308 
113.190613 
113.190918 
113.191528 
113.191528 
113.191833 
113.191833 
113.191833 
113.191833 
113.191833 
113.191528 
113.191833 
113.190918 
113.190308 
113.190308 
113.190308 
113.191833 
113.192749 
113.193359 
113.192749 
113.192749 
113.192444 
113.192139 
113.192139 
113.191528 
113.191223 
113.191223 
113.191223 
113.191528 
113.191223 
113.190918 
113.191223 
113.191833 
113.192139 
113.192749 
113.192444 
113.191223 
113.190613 
113.189697 
113.190002 
113.190613 
113.190918 
113.191223 
113.191223 
113.191833 
113.191833 
113.191528 
113.191528 
113.191528 
113.191223 
113.191528 
113.191528 
113.190613 
113.190308 
113.190002 
113.190308 
113.191833 
113.192749 
113.193054 
113.192749 
113.192444 
113.192444 
113.192139 
113.191833 
113.191528 
113.191223 
113.191528 
113.190918 
113.190918 
113.191223 
113.191223 
113.191528 
113.192139 
113.192444 
113.192749 
113.192444 
113.191833 
113.190613 
113.190002 
113.190308 
113.190613 
113.190002 
113.190918 
113.191223 
113.191528 
113.191833 
113.191833 
113.191528 
113.191528 
113.191833 
113.191833 
113.191223 
113.190613 
113.190308 
113.190002 
113.190308 
113.191833 
113.192749 
113.192749 
113.193054 
113.192749 
113.192444 
113.192139 
113.191528 
113.191223 
113.191528 
113.191223 
113.190918 
113.190918 
113.191528 
113.191528 
113.191833 
113.192139 
113.192749 
113.192749 
113.192749 
113.191223 
113.189697 
113.189392 
113.189087 
113.188782 
113.188477 
113.188171 
113.187256 
113.186951 
113.185425 
113.183899 
113.182678 
113.180237 
113.178406 
113.175354 
113.172302 
113.168945 
113.164673 
113.160400 
113.156433 
113.153381 
113.149414 
113.145447 
113.139038 
113.132629 
113.126221 
113.119202 
113.111572 
113.104248 
113.096008 
113.088074 
113.079834 
113.071594 
113.063049 
113.053589 
113.044739 
113.035583 
113.026428 
113.016968 
113.005981 
112.994995 
112.983398 
112.971802 
112.960815 
112.950134 
112.939453 
112.928772 
112.917786 
112.906494 
112.895508 
112.883606 
112.872009 
112.860718 
112.848816 
112.837219 
112.825012 
112.813110 
112.801208 
112.789001 
112.777710 
112.767944 
112.756958 
112.746277 
112.734070 
112.722778 
112.710571 
112.698975 
112.687988 
112.676086 
112.664795 
112.653503 
112.642212 
112.630920 
112.620544 
112.609863 
112.598572 
112.588501 
112.578125 
112.568054 
112.556763 
112.545166 
112.532959 
112.522278 
112.511292 
112.501221 
112.490845 
112.480774 
112.471008 
112.460327 
112.450562 
112.439880 
112.429810 
112.419128 
112.408752 
112.398376 
112.387695 
112.377014 
112.366333 
112.355652 
112.345276 
112.336426 
112.327576 
112.317505 
112.307129 
112.296753 
112.286072 
112.275391 
112.264099 
112.253723 
112.243042 
112.232666 
112.222595 
112.211914 
112.202148 
112.191772 
112.182007 
112.171936 
112.162170 
112.151794 
112.141418 
112.130127 
112.118225 
112.107544 
112.097168 
112.086792 
112.077026 
112.066650 
112.056885 
112.046509 
112.036743 
112.026062 
112.015076 
112.004700 
111.994934 
111.983643 
111.973267 
111.961975 
111.950989 
111.940002 
111.929932 
111.920471 
111.910706 
111.901245 
111.890259 
111.879272 
111.868591 
111.857300 
111.846008 
111.835022 
111.824036 
111.812744 
111.802063 
111.791382 
111.780396 
111.770020 
111.759949 
111.749573 
111.739502 
111.729736 
111.718750 
111.707153 
111.695862 
111.684875 
111.674805 
111.664734 
111.654663 
111.644592 
111.634521 
111.625366 
111.614990 
111.604919 
111.594849 
111.584778 
111.574097 
111.563721 
111.553345 
111.542358 
111.531677 
111.521301 
111.511536 
111.502380 
111.493835 
111.483154 
111.473083 
111.462708 
111.452332 
111.441650 
111.430969 
111.420288 
111.409607 
111.399536 
111.389160 
111.378784 
111.368713 
111.358643 
111.348877 
111.338806 
111.328430 
111.318665 
111.308289 
111.296997 
111.285706 
111.275024 
111.264648 
111.254883 
111.244812 
111.234741 
111.225281 
111.215210 
111.205444 
111.195068 
111.185303 
111.174622 
111.164551 
111.154175 
111.143494 
111.132813 
111.122437 
111.111755 
111.101685 
111.092834 
111.083679 
111.073914 
111.063538 
111.053162 
111.043091 
111.032104 
111.021729 
111.010437 
111.000366 
110.989380 
110.979004 
110.968323 
110.958557 
110.947876 
110.938110 
110.928345 
110.918579 
110.908508 
110.897827 
110.886230 
110.874634 
110.863953 
110.852966 
110.843201 
110.832825 
110.822754 
110.812683 
110.802612 
110.792236 
110.781860 
110.771790 
110.761719 
110.751038 
110.740662 
110.729675 
110.719299 
110.708313 
110.697021 
110.686951 
110.677795 
110.668640 
110.658875 
110.648499 
110.637512 
110.626526 
110.616150 
110.605164 
110.594482 
110.583496 
110.573425 
110.563049 
110.552368 
110.541687 
110.532227 
110.522156 
110.512085 
110.502625 
110.492249 
110.481873 
110.470581 
110.458984 
110.448303 
110.437927 
110.428467 
110.418091 
110.408630 
110.398560 
110.388184 
110.378113 
110.368347 
110.357971 
110.347595 
110.337524 
110.326843 
110.316467 
110.306091 
110.295410 
110.285034 
110.274963 
110.266113 
110.257263 
110.248413 
110.238953 
110.228882 
110.219116 
110.209961 
110.200500 
110.191956 
110.184021 
110.176086 
110.168457 
110.162048 
110.155640 
110.149536 
110.144348 
110.139465 
110.135498 
110.130920 
110.126953 
110.121765 
110.117188 
110.113831 
110.111694 
110.109558 
110.108032 
110.107117 
110.106201 
110.104980 
110.104980 
110.104370 
110.104675 
110.103760 
110.103455 
110.103455 
110.103455 
110.103149 
110.102234 
110.102234 
110.102844 
110.104065 
110.104980 
110.105286 
110.105591 
110.105286 
110.104980 
110.104980 
110.104675 
110.104675 
110.104675 
110.104675 
110.104675 
110.105286 
110.105896 
110.105896 
110.106506 
110.107117 
110.107727 
110.108337 
110.108032 
110.106506 
110.105591 
110.105591 
110.106201 
110.106201 
110.106201 
110.107422 
110.107727 
110.108337 
110.108643 
110.108643 
110.108948 
110.108948 
110.108337 
110.108643 
110.108643 
110.107727 
110.107727 
110.107422 
110.107727 
110.108948 
110.110168 
110.110779 
110.110779 
110.110168 
110.110168 
110.109558 
110.109253 
110.108948 
110.108948 
110.108337 
110.108643 
110.108643 
110.108948 
110.108643 
110.109253 
110.109558 
110.110168 
110.110474 
110.109863 
110.108948 
110.107727 
110.107117 
110.107117 
110.107422 
110.108032 
110.108032 
110.108643 
110.109253 
110.109253 
110.108948 
110.109253 
110.108948 
110.108948 
110.108948 
110.108643 
110.108032 
110.107727 
110.107422 
110.108032 
