Blum, K. P., D’Incamps, B. L., Zytnicki, D., & Ting, L. H. (2017).
Force encoding in muscle spindles during stretch of
passive muscle. PLoS computational biology, 13(9), 
e1005767. <https://journals.plos.org/ploscompbiol/article?
id=10.1371/journal.pcbi.1005767>

cat medial gastrocnemius muscle lengths over t  (in 0.0005 s increments)
110.108337 
110.108032 
110.109253 
110.109863 
110.111389 
110.111389 
110.111694 
110.111389 
110.110779 
110.111084 
110.110474 
110.110474 
110.110474 
110.110474 
110.110474 
110.110474 
110.110779 
110.110474 
110.110779 
110.111694 
110.111694 
110.112000 
110.111389 
110.110168 
110.108948 
110.108643 
110.108643 
110.108948 
110.108948 
110.108948 
110.109863 
110.109863 
110.109863 
110.109558 
110.109558 
110.109253 
110.109863 
110.109558 
110.108948 
110.108948 
110.108032 
110.108337 
110.108948 
110.110474 
110.111389 
110.111389 
110.111694 
110.111389 
110.110779 
110.111084 
110.110474 
110.110168 
110.110168 
110.110779 
110.110474 
110.110168 
110.110779 
110.110779 
110.110779 
110.111084 
110.111694 
110.111694 
110.111084 
110.110168 
110.109253 
110.108643 
110.108948 
110.109253 
110.109253 
110.109558 
110.109863 
110.109863 
110.109558 
110.109863 
110.109863 
110.109558 
110.109558 
110.109863 
110.109558 
110.109253 
110.108643 
110.108032 
110.108948 
110.110168 
110.111389 
110.112000 
110.111389 
110.111694 
110.110779 
110.110779 
110.110474 
110.110474 
110.110779 
110.110474 
110.110779 
110.110474 
110.110779 
110.110779 
110.110779 
110.111389 
110.112000 
110.112000 
110.111084 
110.109558 
110.108948 
110.108643 
110.108643 
110.109253 
110.109863 
110.109253 
110.110474 
110.111084 
110.112000 
110.112915 
110.113525 
110.115051 
110.116272 
110.118713 
110.121155 
110.123596 
110.126343 
110.130005 
110.135193 
110.140991 
110.147400 
110.153809 
110.159912 
110.166016 
110.173035 
110.179749 
110.186462 
110.194702 
110.202637 
110.209961 
110.218506 
110.227661 
110.237122 
110.245972 
110.255432 
110.265198 
110.275574 
110.285339 
110.294800 
110.303345 
110.312805 
110.323486 
110.334167 
110.345154 
110.357056 
110.368958 
110.381165 
110.393982 
110.406494 
110.419312 
110.431824 
110.444641 
110.457764 
110.470581 
110.483398 
110.495911 
110.508728 
110.520935 
110.534058 
110.547485 
110.560608 
110.572510 
110.583801 
110.594482 
110.605164 
110.615540 
110.625610 
110.635376 
110.645447 
110.655212 
110.664673 
110.674133 
110.683899 
110.693359 
110.702820 
110.712891 
110.722656 
110.731201 
110.739441 
110.747070 
110.754395 
110.762939 
110.771790 
110.780029 
110.789185 
110.798340 
110.807495 
110.816040 
110.825500 
110.834351 
110.843201 
110.852051 
110.861816 
110.870667 
110.879517 
110.888672 
110.897522 
110.907288 
110.917358 
110.928040 
110.939331 
110.949097 
110.959167 
110.968628 
110.978394 
110.988159 
110.998230 
111.007996 
111.017761 
111.028442 
111.038208 
111.048279 
111.058655 
111.069336 
111.079712 
111.091003 
111.101379 
111.111450 
111.121216 
111.130371 
111.139832 
111.149597 
111.159973 
111.170654 
111.181641 
111.192322 
111.203003 
111.213989 
111.224365 
111.235352 
111.245422 
111.256104 
111.266479 
111.276855 
111.286926 
111.297302 
111.307373 
111.317139 
111.328735 
111.340332 
111.352234 
111.363220 
111.373596 
111.384277 
111.394348 
111.404114 
111.414490 
111.424866 
111.434937 
111.445313 
111.455688 
111.466370 
111.476440 
111.487427 
111.498108 
111.508789 
111.519165 
111.529541 
111.539307 
111.548462 
111.557312 
111.567383 
111.577454 
111.587524 
111.598206 
111.608582 
111.619263 
111.630249 
111.639709 
111.650696 
111.661377 
111.671143 
111.681213 
111.691284 
111.701355 
111.710815 
111.720886 
111.730347 
111.741028 
111.752930 
111.764526 
111.774902 
111.785278 
111.795044 
111.805420 
111.815796 
111.825562 
111.835327 
111.845093 
111.855469 
111.865540 
111.875610 
111.885986 
111.896667 
111.907043 
111.917419 
111.928101 
111.938782 
111.948242 
111.957092 
111.966553 
111.976624 
111.986389 
111.996765 
112.007446 
112.017822 
112.028503 
112.039490 
112.049255 
112.059631 
112.070007 
112.080078 
112.090454 
112.100830 
112.110291 
112.120667 
112.130737 
112.141113 
112.151794 
112.163086 
112.174988 
112.185669 
112.196045 
112.206421 
112.216492 
112.226563 
112.236328 
112.247009 
112.256775 
112.267456 
112.277832 
112.288513 
112.299194 
112.309265 
112.320251 
112.330933 
112.341614 
112.352295 
112.362061 
112.370911 
112.380676 
112.390442 
112.400513 
112.410889 
112.421570 
112.432861 
112.443237 
112.454224 
112.464600 
112.474670 
112.485352 
112.495422 
112.504883 
112.515564 
112.525940 
112.535400 
112.545166 
112.555542 
112.566223 
112.577820 
112.589722 
112.600708 
112.610779 
112.620850 
112.631226 
112.640991 
112.650452 
112.661133 
112.671204 
112.681580 
112.691650 
112.701721 
112.712402 
112.722778 
112.733765 
112.744141 
112.755432 
112.765503 
112.774963 
112.784119 
112.792969 
112.803040 
112.813110 
112.823792 
112.834167 
112.844238 
112.854919 
112.865295 
112.875977 
112.885742 
112.896729 
112.906799 
112.916565 
112.926636 
112.936401 
112.946472 
112.956543 
112.966003 
112.976990 
112.988586 
112.999878 
113.010254 
113.020630 
113.030396 
113.040161 
113.050232 
113.059387 
113.068848 
113.078613 
113.087463 
113.096313 
113.105469 
113.114319 
113.122559 
113.130798 
113.138733 
113.146057 
113.153076 
113.159180 
113.164063 
113.168640 
113.173828 
113.178406 
113.182983 
113.187561 
113.191528 
113.194885 
113.197327 
113.199768 
113.201294 
113.202820 
113.202820 
113.203430 
113.203125 
113.202515 
113.201294 
113.199463 
113.197327 
113.195496 
113.193665 
113.191528 
113.187866 
113.183289 
113.178101 
113.172302 
113.165588 
113.159180 
113.151855 
113.145142 
113.137512 
113.128967 
113.121033 
113.112793 
113.103943 
113.095398 
113.086853 
113.077087 
113.067932 
113.057251 
113.045959 
113.034058 
113.023071 
113.012695 
113.001709 
112.991028 
112.980347 
112.969666 
112.958679 
112.947693 
112.936096 
112.924194 
112.913513 
112.901001 
112.889404 
112.877808 
112.864990 
112.852783 
112.840881 
112.830200 
112.819824 
112.809448 
112.798157 
112.786865 
112.774963 
112.763367 
112.751465 
112.739563 
112.727661 
112.716064 
112.704468 
112.693787 
112.682190 
112.671204 
112.660217 
112.648621 
112.638245 
112.627563 
112.617188 
112.605286 
112.593079 
112.580872 
112.568970 
112.558289 
112.547607 
112.536621 
112.526550 
112.516174 
112.505493 
112.495117 
112.484436 
112.473450 
112.462769 
112.452393 
112.441711 
112.430725 
112.419434 
112.408447 
112.397156 
112.387390 
112.378235 
112.369080 
112.359314 
112.348633 
112.338257 
112.327271 
112.316284 
112.305603 
112.294617 
112.284241 
112.273560 
112.262878 
112.251892 
112.241516 
112.231445 
112.221375 
112.211304 
112.201538 
112.191162 
112.179871 
112.167664 
112.156067 
112.145386 
112.134399 
112.124329 
112.113647 
112.103271 
112.093506 
112.082825 
112.072144 
112.061768 
112.051086 
112.040405 
112.030029 
112.019043 
112.007751 
111.996765 
111.985779 
111.975098 
111.965027 
111.955261 
111.945801 
111.935730 
111.924744 
111.914063 
111.903381 
111.892395 
111.881409 
111.870728 
111.859741 
111.849670 
111.838684 
111.828003 
111.817322 
111.807251 
111.796570 
111.786194 
111.776428 
111.766663 
111.754761 
111.742859 
111.731873 
111.720581 
111.710205 
111.700134 
111.689758 
111.679688 
111.669617 
111.659546 
111.649170 
111.638489 
111.628113 
111.617126 
111.606750 
111.596680 
111.585693 
111.575012 
111.564331 
111.553955 
111.543884 
111.534729 
111.525574 
111.515503 
111.505432 
111.495056 
111.484070 
111.473389 
111.463013 
111.452637 
111.442261 
111.431885 
111.421509 
111.411133 
111.401367 
111.390991 
111.381226 
111.370850 
111.361389 
111.351624 
111.340637 
111.328125 
111.317139 
111.306458 
111.296082 
111.285706 
111.275635 
111.265869 
111.255188 
111.245728 
111.235352 
111.224976 
111.214905 
111.204834 
111.193848 
111.184082 
111.173096 
111.162415 
111.151123 
111.140747 
111.131287 
111.121826 
111.112671 
111.102905 
111.092529 
111.081848 
111.071167 
111.060486 
111.049805 
111.039124 
111.028748 
111.018066 
111.007385 
110.997009 
110.986633 
110.975952 
110.965881 
110.955811 
110.946045 
110.935974 
110.924377 
110.913086 
110.901489 
110.890503 
110.880127 
110.869446 
110.859070 
110.848389 
110.838623 
110.828247 
110.818176 
110.807495 
110.797119 
110.786743 
110.776367 
110.765686 
110.755005 
110.744324 
110.733032 
110.722656 
110.712891 
110.703430 
110.693970 
110.684509 
110.673828 
110.663452 
110.653076 
110.642395 
110.631409 
110.621033 
110.610352 
110.599976 
110.589294 
110.578613 
110.568542 
110.558777 
110.548401 
110.538025 
110.528259 
110.517883 
110.507507 
110.495605 
110.484009 
110.473328 
110.462646 
110.452576 
110.442200 
110.432129 
110.422668 
110.412598 
110.402222 
110.392151 
110.381775 
110.371094 
110.361023 
110.350342 
110.339661 
110.329285 
110.318298 
110.307617 
110.298157 
110.289307 
110.279541 
110.270081 
110.260620 
110.249634 
110.239868 
110.229187 
110.219116 
110.209351 
110.199890 
110.190735 
110.181580 
110.173645 
110.166321 
110.158691 
110.151978 
110.146790 
110.140686 
110.135193 
110.130005 
110.124207 
110.119324 
110.115356 
110.112610 
110.110168 
110.108337 
110.107117 
110.106201 
110.106201 
110.106506 
110.106812 
110.107727 
110.108948 
110.110168 
110.112000 
110.114746 
110.117493 
110.120544 
110.124512 
110.130005 
110.137329 
110.144043 
110.150757 
110.158386 
110.165710 
110.173035 
110.181274 
110.189819 
110.198669 
110.208130 
110.217590 
110.226746 
110.237122 
110.247803 
110.257874 
110.268860 
110.279846 
110.291138 
110.302429 
110.313110 
110.322876 
110.332642 
110.343628 
110.354614 
110.365906 
110.376892 
110.388794 
110.400085 
110.411377 
110.422974 
110.433960 
110.444946 
110.455933 
110.466309 
110.476990 
110.487366 
110.497742 
110.508118 
110.518188 
110.528870 
110.540466 
110.552673 
110.563965 
110.574036 
110.584106 
110.594177 
110.604553 
110.614319 
110.624390 
110.634460 
110.644531 
110.654602 
110.664978 
110.675659 
110.685730 
110.696106 
110.706787 
110.717468 
110.727844 
110.737610 
110.746460 
110.755310 
110.764771 
110.775146 
110.785522 
110.795898 
110.805969 
110.816345 
110.827026 
110.837097 
110.847473 
110.857239 
110.867615 
110.878296 
110.888062 
110.897522 
110.907288 
110.917053 
110.927124 
110.937805 
110.949097 
110.960388 
110.971069 
110.981140 
110.991516 
111.001282 
111.011658 
111.021423 
111.031189 
111.040955 
111.051025 
111.061401 
111.071472 
111.081543 
111.092224 
111.102600 
111.112976 
111.123657 
111.134338 
111.143494 
111.152954 
111.161804 
111.171265 
111.181946 
111.192017 
111.202393 
111.213379 
111.223755 
111.234131 
111.243896 
111.254578 
111.264954 
111.275024 
111.285095 
111.295166 
111.304932 
111.314697 
111.324463 
111.334839 
111.345520 
111.357117 
111.368713 
111.378479 
111.388855 
111.398621 
111.408691 
111.418762 
111.428833 
111.438599 
111.448364 
111.458435 
111.468506 
111.478577 
111.489258 
111.498718 
111.510010 
111.520081 
111.530457 
111.541138 
111.550598 
111.559448 
111.568298 
111.578064 
111.587830 
111.597900 
111.608276 
111.618652 
111.629333 
111.639709 
111.649780 
111.660156 
111.670227 
111.680298 
111.690369 
111.700439 
111.710205 
111.719666 
111.728821 
111.739502 
111.749878 
111.761475 
111.772766 
111.783142 
111.793213 
111.803589 
111.813965 
111.823425 
111.833191 
111.843262 
111.853027 
111.862793 
111.872559 
111.882935 
111.893311 
111.903687 
111.914368 
111.924438 
111.934814 
111.945801 
111.954956 
111.964417 
111.972961 
111.982727 
111.993408 
112.003479 
112.013855 
112.024231 
112.034302 
112.044983 
112.055664 
112.065735 
112.076111 
112.086487 
112.096252 
112.106323 
112.116394 
112.126465 
112.136230 
112.146301 
112.156677 
112.168274 
112.179565 
112.190552 
112.200317 
112.210388 
112.220459 
112.230530 
112.240295 
112.250366 
112.260742 
112.270508 
112.281189 
112.291870 
112.301636 
112.312622 
112.322693 
112.333069 
112.344055 
112.354431 
112.363892 
112.373047 
112.382202 
112.391663 
112.401733 
112.412109 
112.422485 
112.433472 
112.444458 
112.454529 
112.464905 
112.475281 
112.485352 
112.495728 
112.505798 
112.515869 
112.525330 
112.535400 
112.545166 
112.554932 
112.565918 
112.577515 
112.588806 
112.599487 
112.609863 
112.619324 
112.630005 
112.640076 
112.649841 
112.659607 
112.669983 
112.679749 
112.689819 
112.699890 
112.710571 
112.720642 
112.731323 
112.742310 
112.752380 
112.763672 
112.772217 
112.781372 
112.790222 
112.799988 
112.810059 
112.820129 
112.830505 
112.840881 
112.851563 
112.861938 
112.872620 
112.882690 
112.892456 
112.902832 
112.913208 
112.922974 
112.933044 
112.942810 
112.952271 
112.962341 
112.972717 
112.984314 
112.995911 
113.006287 
113.016357 
113.026733 
113.036499 
113.045959 
113.056030 
113.064880 
113.074341 
113.083801 
113.092346 
113.100891 
113.109741 
113.117981 
113.125916 
113.133545 
113.141174 
113.148193 
113.154297 
113.158875 
113.162842 
113.167419 
113.172302 
113.176880 
113.180847 
113.184509 
113.187561 
113.190002 
113.192749 
113.194275 
113.195190 
113.195190 
113.195801 
113.195496 
113.193970 
113.192749 
113.190308 
113.188477 
113.186340 
113.184204 
113.182068 
113.178101 
113.173218 
113.167725 
113.161926 
113.155212 
113.148499 
113.141479 
113.133850 
113.125305 
113.117981 
113.109436 
113.100891 
113.091736 
113.082886 
113.073425 
113.063965 
113.054810 
113.042908 
113.031616 
113.020020 
113.008728 
112.997742 
112.986755 
112.976379 
112.965088 
112.954102 
112.942810 
112.932129 
112.920532 
112.908630 
112.897034 
112.885132 
112.873230 
112.861328 
112.849731 
112.837219 
112.825317 
112.814636 
112.803955 
112.793884 
112.782898 
112.771606 
112.759705 
112.748413 
112.735901 
112.724609 
112.712708 
112.702026 
112.690430 
112.679138 
112.668152 
112.657166 
112.646179 
112.635803 
112.625122 
112.614136 
112.603760 
112.592468 
112.579956 
112.568359 
112.556458 
112.545471 
112.535400 
112.525024 
112.514343 
112.503967 
112.493896 
112.483215 
112.472839 
112.462158 
112.451477 
112.441101 
112.430420 
112.419739 
112.408752 
112.397766 
112.387085 
112.377319 
112.368469 
112.359009 
112.348938 
112.338867 
112.327881 
112.317810 
112.307129 
112.296448 
112.285767 
112.275085 
112.264709 
112.253723 
112.243347 
112.232971 
112.222290 
112.212524 
112.202759 
112.192383 
112.182617 
112.171326 
112.159424 
112.148132 
112.137146 
112.126160 
112.116089 
112.105408 
112.095032 
112.084961 
112.074890 
112.064514 
112.053833 
112.043762 
112.033081 
112.022705 
112.011719 
112.001038 
111.989746 
111.978760 
111.968384 
111.958313 
111.948547 
111.939697 
111.929321 
111.918335 
111.907959 
111.897888 
111.886902 
111.876221 
111.865234 
111.855164 
111.843567 
111.833191 
111.822510 
111.812439 
111.802063 
111.791687 
111.781616 
111.771545 
111.761169 
111.750488 
111.738281 
111.726685 
111.716309 
111.705627 
111.695251 
111.684875 
111.674805 
111.664734 
111.654663 
111.644592 
111.634216 
111.623535 
111.613159 
111.603088 
111.592102 
111.581726 
111.571045 
111.560059 
111.549683 
111.539917 
111.530762 
111.521912 
111.511536 
111.501770 
111.491394 
111.480713 
111.470032 
111.459351 
111.448669 
111.438293 
111.428223 
111.417542 
111.407471 
111.397400 
111.387329 
111.377258 
111.367188 
111.357727 
111.347961 
111.336975 
111.325378 
111.313782 
111.302490 
111.292725 
111.282349 
111.271973 
111.261902 
111.252136 
111.242065 
111.231689 
111.221924 
111.211853 
111.201477 
111.191101 
111.180725 
111.170044 
111.158752 
111.148376 
111.137695 
111.127930 
111.119080 
111.109924 
111.100159 
111.089783 
111.079407 
111.068726 
111.058350 
111.048279 
111.037292 
111.026611 
111.015930 
111.005249 
110.994873 
110.984497 
110.974426 
110.964355 
110.954285 
110.943909 
110.934143 
110.923462 
110.911255 
110.899963 
110.888672 
110.878296 
110.867920 
110.857239 
110.847168 
110.837097 
110.827026 
110.816650 
110.806580 
110.796204 
110.785217 
110.775146 
110.764465 
110.753479 
110.743103 
110.731812 
110.721130 
110.711670 
110.702209 
110.692749 
110.682983 
110.672302 
110.662537 
110.652161 
110.641479 
110.630493 
110.619812 
110.609131 
110.598450 
110.588379 
110.578003 
110.567627 
110.557556 
110.547485 
110.537415 
110.527344 
110.517578 
110.506592 
110.494690 
110.483398 
110.472717 
110.462341 
110.451660 
110.441589 
110.431824 
110.422058 
110.411987 
110.401611 
110.392151 
110.381165 
110.371399 
110.360718 
110.350037 
110.339966 
110.329285 
110.318604 
110.307922 
110.298157 
110.288696 
110.280151 
110.270386 
110.260315 
110.249939 
110.240173 
110.229492 
110.219421 
110.209351 
110.200195 
110.190735 
110.181885 
110.173645 
110.166321 
110.158691 
110.151978 
110.146179 
110.140991 
110.135498 
110.130005 
110.124207 
110.119019 
110.115356 
110.112000 
110.109863 
110.108032 
110.106812 
110.106201 
110.106506 
110.106812 
110.106812 
110.107727 
110.109253 
110.110474 
110.112610 
110.114746 
110.117798 
110.121155 
110.125122 
110.130920 
110.137939 
110.144653 
110.152283 
110.159607 
110.166321 
110.174561 
110.182495 
110.191345 
110.199280 
110.209351 
110.218811 
110.228577 
110.238647 
110.249329 
110.260010 
110.270386 
110.281677 
110.293274 
110.303955 
110.314636 
110.324097 
110.334778 
110.344849 
110.355225 
110.366211 
110.377197 
110.388489 
110.399780 
110.411072 
110.421753 
110.432739 
110.443420 
110.454102 
110.464783 
110.475159 
110.485229 
110.495300 
110.505676 
110.515442 
110.526123 
110.538025 
110.549622 
110.560608 
110.570679 
110.581055 
110.591125 
110.601501 
110.611572 
110.621033 
110.631409 
110.641479 
110.651855 
110.661621 
110.671997 
110.682678 
110.693054 
110.703430 
110.714417 
110.725098 
110.734863 
110.744019 
110.752563 
110.762024 
110.772400 
110.782776 
110.793152 
110.803223 
110.813599 
110.824585 
110.834961 
110.844727 
110.855408 
110.865784 
110.875549 
110.886230 
110.895691 
110.905762 
110.915222 
110.925293 
110.935669 
110.947266 
110.958862 
110.969238 
110.979919 
110.989990 
110.999756 
111.009521 
111.019897 
111.029968 
111.040039 
111.049805 
111.059875 
111.070251 
111.080627 
111.091003 
111.101074 
111.111450 
111.122437 
111.132813 
111.142883 
111.151428 
111.160583 
111.170349 
111.180725 
111.190796 
111.200867 
111.212158 
111.222229 
111.232300 
111.242981 
111.253052 
111.263733 
111.273804 
111.283875 
111.293640 
111.303711 
111.313171 
111.322937 
111.333313 
111.343689 
111.355591 
111.366882 
111.377869 
111.387939 
111.398010 
111.407776 
111.417542 
111.427307 
111.437378 
111.447449 
111.457214 
111.467285 
111.477661 
111.487732 
111.498108 
111.508789 
111.519470 
111.529846 
111.540222 
111.549683 
111.558838 
111.567688 
111.577454 
111.587524 
111.597595 
111.607971 
111.618347 
111.629028 
111.639404 
111.650085 
111.660156 
111.670227 
111.680603 
111.690369 
111.700439 
111.709900 
111.719971 
111.730042 
111.739807 
111.750488 
111.761780 
111.773376 
111.784058 
111.794128 
111.804199 
111.814575 
111.824951 
111.834412 
111.843872 
111.854248 
111.864014 
111.874390 
111.884460 
111.894836 
111.904602 
111.915588 
111.926270 
111.936646 
111.946716 
111.956787 
111.965637 
111.974792 
111.984558 
111.994629 
112.005005 
112.015381 
112.026062 
112.036438 
112.046509 
112.057190 
112.067261 
112.077942 
112.087402 
112.097778 
112.108154 
112.118225 
112.127991 
112.137451 
112.147827 
112.158203 
112.169800 
112.181091 
112.191467 
112.202148 
112.212219 
112.221985 
112.232056 
112.242126 
112.251892 
112.261963 
112.272644 
112.283020 
112.293396 
112.303162 
112.313232 
112.323914 
112.334290 
112.345276 
112.355652 
112.365417 
112.374268 
112.383118 
112.393188 
112.403259 
112.413330 
112.423706 
112.434387 
112.444763 
112.455444 
112.465515 
112.476196 
112.485962 
112.495728 
112.506104 
112.515869 
112.526245 
112.535706 
112.545471 
112.555237 
112.565613 
112.577515 
112.589111 
112.599792 
112.609863 
112.620239 
112.630005 
112.640076 
112.650146 
112.659607 
112.669373 
112.679443 
112.689819 
112.699585 
112.710266 
112.720032 
112.730713 
112.741699 
112.752380 
112.762756 
112.772522 
112.781067 
112.789917 
112.799683 
112.809448 
112.820129 
112.830200 
112.840576 
112.851257 
112.861633 
112.871704 
112.881775 
112.892151 
112.902222 
112.911987 
112.922668 
112.932129 
112.942200 
112.951355 
112.961426 
112.972717 
112.983398 
112.994995 
113.005676 
113.015747 
113.025513 
113.035278 
113.045044 
113.054504 
113.063965 
113.073425 
113.082581 
113.091125 
113.099976 
113.108826 
113.116455 
113.125000 
113.132629 
113.140259 
113.147583 
113.153381 
113.157959 
113.162231 
113.166809 
113.171692 
113.175354 
113.179321 
113.182983 
113.186646 
113.189392 
113.191223 
113.192749 
113.193970 
113.194275 
113.194275 
113.194275 
113.193054 
113.191528 
113.189392 
113.186951 
113.184814 
113.182983 
113.180237 
113.176880 
113.172302 
113.166504 
113.160706 
113.154602 
113.146667 
113.139954 
113.132324 
113.124084 
113.116150 
113.107910 
113.099365 
113.090210 
113.081360 
113.071899 
113.062744 
113.052368 
113.041992 
113.030090 
113.018188 
113.007202 
112.996521 
112.985229 
112.974243 
112.963867 
112.952271 
112.941284 
112.929993 
112.918396 
112.906494 
112.894897 
112.882996 
112.871399 
112.859497 
112.847595 
112.835388 
112.823486 
112.812500 
112.802124 
112.792053 
112.781372 
112.769470 
112.758484 
112.746582 
112.734680 
112.723083 
112.711487 
112.700195 
112.688904 
112.678223 
112.666931 
112.655945 
112.645264 
112.634277 
112.623901 
112.612915 
112.602844 
112.591553 
112.579346 
112.567139 
112.555542 
112.545166 
112.534485 
112.523804 
112.513733 
112.503662 
112.492981 
112.482605 
112.471924 
112.461853 
112.451477 
112.441101 
112.430115 
112.419128 
112.408142 
112.397461 
112.386780 
112.376709 
112.367554 
112.358704 
112.348328 
112.338257 
112.327881 
112.317505 
112.307129 
112.295837 
112.285461 
112.274475 
112.264099 
112.253418 
112.243347 
112.232971 
112.222595 
112.212524 
112.202454 
112.192688 
112.182312 
112.171631 
112.160339 
112.148132 
112.137146 
112.126465 
112.116394 
112.105408 
112.095337 
112.085266 
112.074890 
112.064514 
112.054443 
112.043762 
112.033386 
112.022705 
112.012024 
112.001343 
111.990356 
111.979370 
111.968689 
111.958008 
111.948853 
111.939697 
111.929932 
111.919250 
111.908875 
111.898499 
111.887512 
111.877136 
111.866150 
111.854858 
111.844482 
111.834106 
111.823120 
111.812744 
111.802673 
111.792297 
111.781921 
111.772156 
111.762085 
111.751099 
111.739502 
111.727905 
111.716919 
111.706238 
111.695862 
111.685791 
111.675415 
111.665649 
111.655579 
111.645203 
111.634827 
111.624451 
111.614075 
111.603699 
111.593323 
111.582336 
111.571655 
111.561279 
111.550598 
111.540527 
111.531677 
111.522217 
111.512756 
111.502686 
111.492004 
111.481628 
111.471252 
111.459961 
111.449890 
111.439514 
111.428833 
111.418457 
111.408081 
111.398010 
111.387939 
111.378479 
111.368713 
111.358643 
111.348877 
111.338196 
111.326294 
111.314697 
111.303406 
111.293335 
111.282959 
111.272888 
111.263123 
111.253052 
111.243591 
111.232910 
111.222839 
111.212769 
111.202087 
111.192017 
111.181946 
111.170959 
111.159668 
111.149292 
111.138916 
111.128845 
111.119385 
111.110840 
111.101074 
111.090698 
111.080322 
111.069946 
111.059570 
111.048279 
111.037903 
111.027527 
111.016846 
111.006165 
110.995789 
110.985107 
110.975342 
110.965576 
110.955505 
110.945129 
110.935364 
110.924683 
110.912476 
110.900879 
110.890198 
110.879517 
110.869141 
110.858154 
110.848694 
110.838013 
110.828247 
110.817871 
110.807495 
110.797424 
110.786743 
110.776367 
110.765686 
110.755005 
110.744324 
110.733032 
110.722656 
110.712280 
110.702820 
110.693665 
110.684509 
110.673828 
110.662842 
110.652771 
110.642700 
110.631714 
110.621033 
110.610657 
110.599976 
110.589600 
110.579224 
110.568542 
110.558472 
110.548706 
110.538330 
110.528564 
110.518494 
110.507507 
110.496521 
110.484924 
110.473938 
110.463867 
110.453186 
110.443115 
110.433044 
110.423279 
110.413208 
110.403748 
110.393677 
110.382690 
110.372620 
110.361938 
110.351563 
110.340881 
110.330505 
110.319824 
110.309448 
110.299377 
110.290222 
110.281067 
110.271606 
110.261841 
110.251770 
110.241089 
110.231018 
110.220642 
110.210571 
110.201111 
110.191956 
110.183105 
110.175171 
110.167236 
110.159607 
110.152893 
110.147095 
110.141602 
110.136414 
110.130615 
110.124817 
110.119629 
110.115967 
110.112915 
110.110168 
110.108032 
110.107117 
110.106812 
110.106812 
110.106201 
110.106812 
110.108032 
110.108337 
110.110168 
110.112305 
110.115051 
110.117493 
110.121155 
110.125122 
110.129700 
110.137024 
110.144043 
110.151367 
110.158691 
110.166016 
110.173950 
110.181885 
110.190430 
110.198975 
110.208740 
110.217896 
110.227051 
110.237732 
110.248413 
110.258789 
110.269470 
110.280457 
110.292053 
110.303345 
110.314026 
110.323181 
110.332947 
110.343018 
110.353699 
110.364990 
110.375977 
110.386658 
110.398254 
110.409546 
110.420227 
110.430908 
110.441589 
110.451965 
110.462646 
110.473022 
110.483093 
110.493469 
110.503540 
110.513306 
110.524597 
110.535889 
110.548096 
110.558777 
110.569153 
110.579529 
110.589905 
110.599670 
110.609741 
110.619812 
110.629272 
110.639954 
110.649719 
110.660095 
110.670471 
110.681152 
110.691528 
110.701904 
110.712891 
110.723572 
110.733643 
110.742493 
110.751038 
110.761108 
110.771179 
110.781250 
110.791626 
110.802307 
110.812378 
110.823059 
110.833435 
110.843811 
110.853577 
110.864563 
110.874329 
110.884705 
110.894470 
110.903931 
110.913696 
110.923767 
110.934143 
110.946045 
110.957031 
110.968018 
110.978394 
110.988464 
110.998535 
111.008301 
111.018372 
111.028748 
111.038818 
111.048279 
111.058350 
111.068726 
111.079102 
111.089478 
111.100159 
111.110229 
111.120911 
111.131897 
111.141357 
111.150208 
111.159058 
111.169128 
111.179504 
111.189575 
111.199951 
111.210632 
111.220703 
111.231689 
111.241760 
111.252136 
111.262207 
111.272583 
111.282654 
111.292419 
111.302490 
111.312561 
111.322021 
111.332397 
111.343079 
111.354370 
111.365662 
111.376648 
111.386719 
111.396790 
111.406860 
111.417236 
111.426392 
111.436157 
111.446838 
111.456299 
111.466980 
111.477051 
111.488037 
111.498108 
111.508484 
111.518860 
111.529846 
111.540222 
111.549683 
111.558533 
111.567383 
111.576843 
111.587219 
111.596985 
111.607666 
111.618042 
111.628418 
111.639099 
111.649475 
111.659546 
111.670227 
111.680298 
111.690063 
111.700134 
111.709595 
111.719666 
111.729431 
111.738892 
111.749268 
111.761169 
111.772766 
111.783142 
111.793518 
111.803894 
111.813660 
111.823425 
111.833801 
111.842957 
111.853638 
111.863403 
111.873169 
111.883545 
111.893616 
111.903992 
111.914368 
111.925049 
111.935730 
111.946106 
111.956177 
111.965027 
111.973877 
111.983337 
111.993713 
112.003784 
112.013855 
112.024841 
112.034912 
112.045593 
112.055969 
112.066345 
112.075806 
112.086792 
112.096558 
112.106628 
112.117004 
112.126770 
112.136536 
112.146301 
112.156982 
112.168274 
112.179871 
112.190247 
112.200928 
112.210693 
112.220764 
112.230530 
112.240601 
112.250366 
112.260742 
112.271423 
112.281189 
112.291565 
112.301331 
112.312317 
112.322388 
112.332764 
112.343750 
112.353821 
112.363892 
112.373352 
112.381897 
112.391357 
112.401733 
112.412109 
112.422485 
112.433167 
112.443237 
112.453613 
112.463989 
112.474670 
112.484436 
112.494202 
112.504272 
112.514954 
112.524719 
112.534485 
112.543945 
112.553406 
112.564087 
112.575989 
112.587280 
112.597961 
112.608643 
112.618408 
112.628784 
112.638550 
112.648010 
112.657776 
112.668152 
112.677612 
112.687988 
112.697449 
112.708740 
112.719116 
112.729492 
112.739868 
112.750854 
112.761230 
112.770691 
112.779846 
112.788391 
112.797852 
112.807617 
112.818604 
112.828369 
112.839050 
112.849731 
112.860107 
112.870178 
112.880249 
112.890625 
112.900696 
112.911072 
112.921143 
112.930603 
112.940369 
112.950134 
112.960205 
112.970886 
112.982178 
112.993774 
113.004150 
113.014526 
113.024292 
113.034058 
113.043518 
113.053284 
113.062744 
113.071899 
113.081665 
113.089905 
113.098755 
113.107605 
113.115845 
113.123779 
113.131409 
113.139038 
113.146362 
113.152771 
113.157349 
113.161621 
113.166504 
113.170776 
113.175964 
113.179626 
113.182983 
113.186340 
113.189392 
113.191528 
113.193054 
113.194275 
113.194580 
113.194580 
113.194275 
113.193665 
113.191833 
113.190002 
113.187561 
113.185120 
113.183594 
113.181152 
113.177490 
113.172607 
113.167114 
113.161316 
113.154907 
113.147888 
113.140564 
113.132629 
113.125000 
113.116760 
113.108826 
113.099670 
113.090820 
113.081970 
113.073120 
113.063354 
113.053589 
113.043213 
113.031006 
113.019409 
113.008118 
112.996826 
112.986145 
112.975464 
112.964478 
112.953186 
112.942200 
112.931213 
112.919617 
112.907715 
112.895813 
112.884521 
112.872314 
112.860413 
112.848816 
112.836609 
112.824402 
112.813110 
112.802734 
112.792664 
112.781982 
112.770691 
112.759094 
112.747192 
112.735901 
112.723999 
112.712402 
112.701721 
112.690125 
112.678833 
112.667542 
112.656860 
112.645569 
112.635193 
112.624512 
112.614441 
112.603455 
112.592773 
112.579651 
112.568054 
112.556458 
112.545776 
112.535095 
112.524719 
112.514648 
112.504272 
112.493896 
112.483521 
112.473145 
112.462769 
112.452087 
112.442017 
112.431335 
112.420349 
112.409668 
112.398987 
112.387695 
112.378235 
112.368774 
112.359924 
112.349548 
112.339478 
112.329407 
112.318420 
112.308044 
112.297058 
112.286987 
112.276306 
112.265320 
112.255249 
112.244263 
112.234192 
112.223816 
112.214050 
112.203979 
112.193909 
112.183533 
112.173157 
112.160950 
112.149658 
112.138672 
112.127686 
112.117615 
112.107239 
112.096558 
112.086487 
112.076416 
112.065735 
112.055359 
112.045593 
112.034302 
112.024231 
112.013550 
112.002563 
111.991577 
111.980591 
111.969604 
111.959839 
111.949768 
111.941223 
111.931152 
111.920471 
111.910095 
111.899414 
111.888428 
111.877747 
111.867065 
111.856079 
111.845703 
111.834717 
111.824646 
111.814270 
111.803894 
111.792908 
111.783142 
111.772766 
111.762390 
111.752319 
111.740723 
111.728821 
111.717834 
111.707458 
111.696472 
111.686707 
111.676941 
111.666565 
111.656494 
111.646729 
111.636047 
111.625671 
111.615295 
111.604919 
111.594849 
111.583557 
111.573181 
111.562500 
111.551514 
111.541748 
111.532898 
111.523438 
111.513672 
111.503601 
111.493225 
111.482849 
111.472168 
111.461487 
111.450500 
111.440125 
111.430054 
111.419067 
111.409302 
111.399536 
111.389465 
111.379089 
111.369629 
111.359558 
111.350098 
111.339111 
111.327515 
111.315918 
111.304932 
111.294250 
111.284485 
111.274109 
111.264343 
111.254272 
111.244202 
111.234131 
111.224060 
111.213989 
111.203613 
111.193237 
111.182861 
111.172180 
111.161804 
111.150513 
111.139832 
111.129761 
111.120911 
111.111755 
111.102295 
111.092224 
111.081848 
111.071472 
111.060486 
111.049805 
111.039429 
111.028442 
111.017761 
111.007385 
110.996704 
110.986938 
110.976868 
110.966492 
110.956116 
110.946350 
110.936584 
110.925598 
110.914001 
110.902100 
110.890808 
110.880432 
110.870056 
110.859680 
110.849609 
110.839539 
110.829468 
110.818787 
110.808716 
110.798645 
110.788269 
110.777893 
110.767212 
110.756226 
110.745239 
110.734558 
110.723877 
110.714111 
110.704041 
110.695190 
110.685730 
110.675049 
110.664978 
110.654297 
110.643616 
110.633240 
110.622559 
110.611877 
110.600891 
110.590820 
110.580444 
110.570068 
110.559998 
110.550232 
110.539551 
110.529785 
110.520020 
110.509338 
110.497437 
110.486450 
110.475159 
110.464478 
110.454407 
110.444336 
110.434570 
110.424194 
110.415039 
110.404663 
110.393982 
110.383606 
110.373840 
110.363159 
110.353088 
110.342407 
110.331726 
110.321045 
110.310669 
110.300598 
110.291138 
110.282288 
110.273132 
110.262756 
110.252686 
110.242615 
110.231934 
110.221863 
110.211792 
110.202637 
110.193176 
110.184326 
110.176086 
110.168457 
110.160828 
110.153809 
110.147705 
110.141907 
110.136414 
110.131531 
110.125427 
110.119934 
110.115967 
110.112915 
110.110474 
110.108032 
110.107117 
110.106506 
110.105896 
110.106201 
110.106506 
110.107422 
110.108948 
110.110474 
110.112305 
110.114441 
110.117188 
110.120544 
110.124207 
110.129700 
110.136414 
110.143738 
110.150757 
110.158081 
110.165405 
110.173340 
110.180969 
110.189819 
110.198364 
110.207520 
110.216980 
110.226746 
110.236816 
110.247192 
110.257874 
110.268250 
110.279541 
110.290833 
110.301819 
110.312500 
110.322571 
110.332031 
110.341797 
110.352478 
110.364075 
110.374451 
110.385742 
110.397034 
110.408020 
110.418701 
110.429993 
110.440369 
110.451355 
110.461731 
110.471802 
110.481873 
110.491943 
110.502319 
110.512390 
110.522766 
110.534363 
110.545959 
110.557556 
110.567932 
110.578003 
110.588074 
110.598450 
110.608215 
110.617981 
110.628357 
110.638123 
110.648499 
110.658264 
110.668945 
110.679321 
110.689697 
110.700073 
110.711060 
110.722046 
110.731812 
110.740967 
110.749512 
110.758972 
110.769348 
110.780029 
110.789490 
110.800171 
110.810852 
110.821228 
110.831299 
110.842285 
110.852051 
110.862427 
110.873108 
110.883484 
110.892944 
110.902710 
110.912476 
110.922241 
110.932312 
110.944214 
110.955811 
110.966492 
110.976868 
110.986938 
110.997009 
111.006775 
111.017151 
111.026917 
111.037292 
111.047058 
111.056824 
111.067200 
111.077576 
111.087646 
111.098633 
111.109009 
111.119385 
111.130066 
111.140137 
111.148682 
111.157837 
111.167297 
111.177673 
111.188049 
111.198120 
111.208801 
111.219482 
111.229858 
111.239929 
111.250610 
111.260986 
111.271362 
111.281128 
111.291199 
111.300964 
111.311035 
111.320801 
111.331177 
111.341248 
111.352844 
111.364136 
111.375427 
111.385498 
111.395569 
111.405945 
111.416016 
111.425781 
111.435547 
111.445313 
111.455383 
111.465454 
111.475830 
111.486206 
111.496582 
111.506653 
111.517334 
111.528320 
111.539001 
111.548767 
111.557312 
111.566162 
111.576233 
111.586304 
111.596069 
111.606445 
111.616821 
111.627502 
111.637878 
111.648560 
111.658936 
111.669006 
111.679382 
111.689148 
111.699219 
111.709595 
111.718750 
111.728516 
111.738586 
111.749268 
111.760254 
111.771851 
111.782532 
111.792908 
111.803284 
111.813660 
111.823425 
111.832886 
111.842346 
111.852722 
111.862488 
111.872864 
111.882935 
111.893311 
111.903381 
111.914368 
111.924438 
111.934814 
111.945496 
111.955261 
111.964417 
111.973572 
111.982727 
111.992493 
112.002869 
112.013245 
112.023621 
112.034302 
112.044983 
112.055359 
112.065125 
112.075195 
112.085266 
112.095642 
112.105713 
112.116089 
112.125549 
112.135315 
112.145081 
112.155457 
112.166748 
112.178650 
112.189331 
112.200012 
112.209167 
112.219543 
112.229614 
112.239380 
112.249451 
112.259521 
112.269287 
112.279968 
112.290039 
112.300415 
112.310791 
112.321472 
112.331543 
112.341919 
112.352600 
112.362671 
112.371521 
112.380371 
112.389832 
112.399597 
112.409973 
112.420654 
112.431335 
112.441711 
112.452087 
112.462769 
112.472534 
112.483215 
112.493286 
112.503052 
112.513123 
112.523193 
112.532959 
112.543030 
112.552490 
112.562561 
112.574463 
112.586060 
112.596436 
112.607117 
112.617493 
112.627258 
112.637634 
112.647095 
112.657166 
112.667236 
112.677307 
112.686768 
112.696838 
112.707520 
112.717285 
112.727966 
112.738342 
112.749023 
112.760010 
112.769775 
112.778625 
112.787476 
112.796631 
112.806702 
112.816467 
112.827454 
112.837524 
112.848206 
112.858582 
112.868652 
112.879028 
112.889099 
112.899475 
112.908936 
112.919312 
112.929077 
112.938843 
112.948608 
112.958679 
112.969360 
112.980347 
112.991943 
113.002319 
113.012695 
113.022766 
113.032532 
113.042297 
113.051453 
113.061523 
113.070679 
113.079834 
113.088684 
113.097839 
113.106689 
113.115234 
113.122559 
113.130493 
113.138428 
113.146057 
113.151550 
113.156433 
113.161011 
113.164978 
113.169861 
113.174744 
113.178406 
113.182373 
113.186035 
113.188477 
113.190918 
113.192444 
113.193665 
113.194275 
113.194580 
113.194275 
113.193054 
113.191833 
113.190002 
113.187866 
113.185120 
113.183899 
113.181458 
113.177490 
113.173218 
113.167419 
113.161621 
113.155212 
113.148804 
113.141174 
113.133545 
113.125610 
113.118286 
113.109741 
113.100891 
113.092346 
113.083191 
113.074341 
113.064575 
113.055115 
113.044434 
113.032837 
113.021240 
113.009033 
112.998047 
112.987671 
112.976379 
112.965088 
112.954407 
112.943115 
112.931824 
112.920837 
112.908936 
112.897339 
112.885437 
112.873535 
112.861633 
112.849426 
112.837524 
112.825623 
112.814331 
112.804260 
112.793884 
112.782898 
112.771606 
112.760315 
112.749023 
112.736816 
112.725220 
112.713928 
112.702637 
112.691040 
112.680054 
112.669067 
112.658081 
112.647095 
112.636414 
112.626343 
112.615662 
112.605286 
112.594299 
112.581177 
112.569580 
112.557983 
112.546692 
112.536621 
112.526245 
112.515869 
112.505188 
112.495728 
112.484741 
112.474670 
112.464294 
112.453308 
112.442932 
112.432556 
112.421570 
112.410889 
112.399902 
112.389526 
112.379150 
112.369995 
112.360840 
112.351074 
112.340698 
112.330627 
112.319946 
112.308960 
112.298279 
112.287903 
112.277527 
112.266235 
112.256165 
112.245789 
112.235413 
112.225037 
112.215271 
112.204895 
112.195129 
112.185059 
112.174683 
112.162476 
112.150574 
112.139587 
112.129211 
112.118835 
112.108154 
112.097778 
112.087708 
112.077332 
112.067566 
112.056580 
112.045898 
112.036133 
112.025452 
112.014465 
112.004089 
111.992798 
111.981812 
111.971436 
111.961060 
111.951294 
111.941528 
111.931763 
111.921387 
111.911011 
111.900635 
111.889648 
111.879272 
111.868591 
111.857605 
111.847229 
111.836243 
111.825562 
111.815491 
111.804810 
111.794434 
111.784668 
111.774902 
111.764526 
111.753845 
111.742249 
111.730347 
111.719360 
111.708984 
111.698303 
111.688232 
111.678162 
111.668091 
111.657715 
111.647644 
111.637268 
111.626892 
111.616821 
111.606140 
111.596069 
111.584778 
111.575012 
111.563721 
111.552734 
111.543274 
111.533508 
111.524658 
111.515198 
111.505432 
111.495056 
111.483765 
111.473389 
111.462708 
111.452637 
111.441956 
111.431580 
111.420898 
111.410522 
111.400757 
111.390686 
111.380310 
111.370850 
111.361084 
111.351013 
111.341248 
111.328430 
111.317444 
111.306763 
111.295776 
111.285706 
111.275635 
111.265564 
111.255493 
111.245422 
111.235657 
111.225586 
111.214905 
111.204834 
111.194763 
111.184082 
111.173401 
111.162720 
111.152039 
111.141357 
111.131287 
111.122437 
111.112976 
111.102905 
111.093445 
111.082764 
111.072388 
111.062012 
111.051025 
111.040039 
111.029968 
111.019592 
111.008606 
110.998535 
110.987854 
110.977783 
110.967407 
110.957947 
110.947876 
110.937500 
110.927429 
110.915527 
110.903625 
110.892334 
110.881958 
110.871582 
110.861206 
110.850830 
110.840454 
110.830688 
110.820618 
110.809937 
110.799866 
110.789490 
110.778809 
110.767822 
110.757751 
110.747070 
110.736389 
110.725403 
110.715027 
110.705872 
110.696411 
110.686646 
110.676270 
110.665894 
110.655823 
110.644836 
110.634155 
110.623474 
110.613403 
110.602722 
110.592346 
110.581665 
110.571594 
110.561523 
110.551147 
110.540771 
110.531311 
110.521240 
110.510559 
110.499573 
110.487366 
110.476379 
110.466309 
110.456238 
110.445557 
110.436096 
110.425720 
110.415649 
110.405884 
110.395508 
110.385437 
110.374756 
110.364685 
110.354614 
110.344238 
110.333252 
110.322876 
110.312195 
110.301819 
110.292969 
110.283813 
110.274353 
110.264282 
110.254211 
110.243835 
110.233154 
110.223083 
110.213623 
110.203857 
110.194397 
110.185242 
110.177002 
110.169067 
110.161438 
110.154724 
110.148010 
110.142822 
110.137329 
110.132446 
110.126343 
110.121155 
110.116272 
110.113220 
110.110779 
110.108337 
110.106812 
110.106201 
110.104980 
110.104065 
110.103760 
110.103760 
110.103455 
110.103149 
110.102539 
110.102234 
110.101624 
110.101624 
110.101624 
110.101929 
110.103455 
110.104370 
110.105286 
110.105591 
110.105591 
110.105591 
110.105591 
110.105286 
110.105591 
110.105896 
110.105286 
110.105591 
110.106506 
110.106201 
110.106506 
110.107117 
110.107727 
110.108337 
110.109253 
110.109558 
110.107727 
110.106812 
110.106201 
110.106506 
110.106812 
110.107117 
110.107422 
110.107727 
110.108337 
110.108337 
110.108643 
110.108337 
110.108643 
110.108337 
110.108643 
110.108337 
110.107727 
110.107727 
110.107117 
110.107117 
110.108948 
110.110168 
110.110779 
110.110474 
110.110474 
110.110474 
110.110168 
110.109863 
110.109863 
110.109558 
110.109558 
110.109558 
110.109863 
110.109558 
110.109863 
110.110168 
110.110779 
110.110779 
110.111084 
110.110779 
110.109558 
110.108337 
110.108337 
110.107727 
110.108032 
110.108337 
110.108032 
110.108337 
110.108643 
110.109253 
110.108643 
110.109253 
110.109253 
110.108337 
110.108643 
110.108337 
110.108337 
110.107422 
110.107422 
