Blum, K. P., D’Incamps, B. L., Zytnicki, D., & Ting, L. H. (2017).
Force encoding in muscle spindles during stretch of
passive muscle. PLoS computational biology, 13(9), 
e1005767. <https://journals.plos.org/ploscompbiol/article?
id=10.1371/journal.pcbi.1005767>

cat medial gastrocnemius muscle lengths over t  (in 0.0005 s increments)
110.110474 
110.110779 
110.111389 
110.111694 
110.111694 
110.111389 
110.109863 
110.108643 
110.108643 
110.108337 
110.108643 
110.108643 
110.109253 
110.109558 
110.109558 
110.110474 
110.110168 
110.109863 
110.109558 
110.109558 
110.109558 
110.108643 
110.108948 
110.108032 
110.107727 
110.108643 
110.110474 
110.111389 
110.111694 
110.111694 
110.111389 
110.110779 
110.110779 
110.110474 
110.110168 
110.109863 
110.110474 
110.110474 
110.110779 
110.110168 
110.110779 
110.111084 
110.110779 
110.111694 
110.111694 
110.111084 
110.109863 
110.108948 
110.108337 
110.108337 
110.108948 
110.109253 
110.109253 
110.109558 
110.109863 
110.109253 
110.109253 
110.110168 
110.109558 
110.109558 
110.109558 
110.108643 
110.108948 
110.108337 
110.108032 
110.108948 
110.110168 
110.111389 
110.111694 
110.111389 
110.111084 
110.111084 
110.110474 
110.110779 
110.109863 
110.110779 
110.110168 
110.109863 
110.110474 
110.110474 
110.110474 
110.110779 
110.111694 
110.111694 
110.111694 
110.110779 
110.109863 
110.108948 
110.108337 
110.108643 
110.108948 
110.108948 
110.109253 
110.109558 
110.110168 
110.109558 
110.109558 
110.109863 
110.109558 
110.109558 
110.109253 
110.108643 
110.108643 
110.108643 
110.108337 
110.108948 
110.110168 
110.110779 
110.111389 
110.111389 
110.111084 
110.110779 
110.110779 
110.111084 
110.110168 
110.110779 
110.111084 
110.111389 
110.111389 
110.112000 
110.112305 
110.113220 
110.114441 
110.115356 
110.115967 
110.115967 
110.115662 
110.115051 
110.115662 
110.116272 
110.117493 
110.119019 
110.120544 
110.121765 
110.123596 
110.125122 
110.126343 
110.127869 
110.129395 
110.130920 
110.132751 
110.133972 
110.135803 
110.137329 
110.138855 
110.141602 
110.145264 
110.148315 
110.151367 
110.153809 
110.155640 
110.157776 
110.159912 
110.161743 
110.164185 
110.166321 
110.169067 
110.172424 
110.175171 
110.177917 
110.181274 
110.184021 
110.187988 
110.191345 
110.194702 
110.197754 
110.199585 
110.201416 
110.204773 
110.208130 
110.212097 
110.215759 
110.220032 
110.224304 
110.228271 
110.232544 
110.237122 
110.241089 
110.245056 
110.249023 
110.253601 
110.257874 
110.262146 
110.265808 
110.270081 
110.275574 
110.281677 
110.288391 
110.293579 
110.298157 
110.303650 
110.308838 
110.314026 
110.319214 
110.324707 
110.330505 
110.335999 
110.342407 
110.348511 
110.355225 
110.361328 
110.368042 
110.374756 
110.382080 
110.389099 
110.395203 
110.400696 
110.406494 
110.413513 
110.420532 
110.427856 
110.435181 
110.442810 
110.451050 
110.458374 
110.465698 
110.473022 
110.480042 
110.487366 
110.494690 
110.501709 
110.508423 
110.514832 
110.521851 
110.528564 
110.536194 
110.544739 
110.553284 
110.560913 
110.568237 
110.575562 
110.582275 
110.588989 
110.595703 
110.602417 
110.610046 
110.617065 
110.624084 
110.631714 
110.639038 
110.646362 
110.654297 
110.662537 
110.670471 
110.678101 
110.685730 
110.692444 
110.699158 
110.706787 
110.715332 
110.723877 
110.732117 
110.740967 
110.750122 
110.758972 
110.768127 
110.777283 
110.786133 
110.795288 
110.804443 
110.813599 
110.822449 
110.831299 
110.841064 
110.850220 
110.860596 
110.871887 
110.882874 
110.893555 
110.902710 
110.913391 
110.922852 
110.932922 
110.943298 
110.952454 
110.962830 
110.972900 
110.983276 
110.993652 
111.003723 
111.014709 
111.025391 
111.036072 
111.046753 
111.057434 
111.066895 
111.076050 
111.085510 
111.095276 
111.105347 
111.116028 
111.126709 
111.137085 
111.147766 
111.158752 
111.169434 
111.179810 
111.190186 
111.200867 
111.210938 
111.220703 
111.230774 
111.240845 
111.250610 
111.260681 
111.272278 
111.283569 
111.294556 
111.305542 
111.315918 
111.325989 
111.336365 
111.346130 
111.356201 
111.365967 
111.376343 
111.386414 
111.396790 
111.407166 
111.417542 
111.427612 
111.438293 
111.448975 
111.459656 
111.469727 
111.479187 
111.488647 
111.497498 
111.507263 
111.517639 
111.527710 
111.538086 
111.548462 
111.559143 
111.569519 
111.580200 
111.590576 
111.600647 
111.610718 
111.621094 
111.631165 
111.640625 
111.651001 
111.660461 
111.670837 
111.681519 
111.693420 
111.704407 
111.715393 
111.725464 
111.735840 
111.745605 
111.755676 
111.765747 
111.775513 
111.785583 
111.795959 
111.806641 
111.817017 
111.827393 
111.838074 
111.848450 
111.858826 
111.869812 
111.880188 
111.889954 
111.898804 
111.907959 
111.918030 
111.927795 
111.938477 
111.949158 
111.959839 
111.971130 
111.981506 
111.991272 
112.001953 
112.012634 
112.023010 
112.033081 
112.043152 
112.052917 
112.062988 
112.072754 
112.082825 
112.094421 
112.105408 
112.117310 
112.127991 
112.138367 
112.148438 
112.158813 
112.168884 
112.178955 
112.188416 
112.198486 
112.208862 
112.218933 
112.229614 
112.239380 
112.250061 
112.260742 
112.271729 
112.282715 
112.293091 
112.302856 
112.311401 
112.320251 
112.330017 
112.340393 
112.350464 
112.360840 
112.371826 
112.382202 
112.392273 
112.403259 
112.413025 
112.423096 
112.433472 
112.443848 
112.453918 
112.463379 
112.473145 
112.483521 
112.493286 
112.503967 
112.515564 
112.526550 
112.537231 
112.547607 
112.557373 
112.567139 
112.576904 
112.587280 
112.597351 
112.606812 
112.617493 
112.627563 
112.637634 
112.648010 
112.658386 
112.669067 
112.679749 
112.690125 
112.700500 
112.709656 
112.718811 
112.727966 
112.737427 
112.747803 
112.757874 
112.768250 
112.778931 
112.789307 
112.799683 
112.810059 
112.820129 
112.830505 
112.840576 
112.850647 
112.861023 
112.870789 
112.880249 
112.889709 
112.900085 
112.911377 
112.922668 
112.933960 
112.944641 
112.955017 
112.965088 
112.974854 
112.984619 
112.994995 
113.004456 
113.014832 
113.024902 
113.035278 
113.045654 
113.056335 
113.066406 
113.077393 
113.087769 
113.098450 
113.108826 
113.118286 
113.127441 
113.136292 
113.145752 
113.156128 
113.166504 
113.176575 
113.187561 
113.197632 
113.208008 
113.218689 
113.228760 
113.238831 
113.249207 
113.258972 
113.268738 
113.278809 
113.288574 
113.298645 
113.309021 
113.319397 
113.331299 
113.342285 
113.352661 
113.362732 
113.373413 
113.383179 
113.392334 
113.402405 
113.412170 
113.421936 
113.431702 
113.441162 
113.451538 
113.460999 
113.471069 
113.481140 
113.490906 
113.500366 
113.510742 
113.519287 
113.528137 
113.535767 
113.544922 
113.553772 
113.562927 
113.572693 
113.581543 
113.591003 
113.600159 
113.609009 
113.617554 
113.626099 
113.634949 
113.643188 
113.651428 
113.659973 
113.667603 
113.675537 
113.684082 
113.692932 
113.702393 
113.711548 
113.720093 
113.728027 
113.735352 
113.742676 
113.750000 
113.757324 
113.764954 
113.772278 
113.779907 
113.787231 
113.794861 
113.802185 
113.808899 
113.816528 
113.824463 
113.831482 
113.838501 
113.845520 
113.850708 
113.856201 
113.862000 
113.868713 
113.875427 
113.882446 
113.889465 
113.895874 
113.902588 
113.909302 
113.915405 
113.921509 
113.927612 
113.933411 
113.939209 
113.945007 
113.950195 
113.955994 
113.961487 
113.967896 
113.974915 
113.981323 
113.987122 
113.992920 
113.998108 
114.003601 
114.007568 
114.012451 
114.017639 
114.022522 
114.027100 
114.032288 
114.037170 
114.041748 
114.046936 
114.051514 
114.056396 
114.060974 
114.065857 
114.068909 
114.072571 
114.075317 
114.078979 
114.082947 
114.087524 
114.091797 
114.096069 
114.100342 
114.104614 
114.108276 
114.112244 
114.115906 
114.119568 
114.122925 
114.125671 
114.129333 
114.131775 
114.134521 
114.137573 
114.141235 
114.146423 
114.150696 
114.154053 
114.156799 
114.158936 
114.161682 
114.164734 
114.166260 
114.169006 
114.171143 
114.173584 
114.176025 
114.178772 
114.180908 
114.183044 
114.185791 
114.188232 
114.190979 
114.192810 
114.194031 
114.194946 
114.194946 
114.196472 
114.197998 
114.200134 
114.201355 
114.203186 
114.204712 
114.206543 
114.207458 
114.208374 
114.209595 
114.210510 
114.211426 
114.212036 
114.212341 
114.213257 
114.213257 
114.213867 
114.214478 
114.216614 
114.218445 
114.219360 
114.219666 
114.219971 
114.219666 
114.219360 
114.219971 
114.219055 
114.219360 
114.219971 
114.219666 
114.219971 
114.220276 
114.220276 
114.220581 
114.220886 
114.221497 
114.221497 
114.220886 
114.219360 
114.218140 
114.217834 
114.217834 
114.217834 
114.217834 
114.218140 
114.218140 
114.218445 
114.218445 
114.217529 
114.218140 
114.217834 
114.217224 
114.217224 
114.216614 
114.216309 
114.215393 
114.215088 
114.215698 
114.216614 
114.217224 
114.217834 
114.217529 
114.217529 
114.217224 
114.216309 
114.216003 
114.215698 
114.215393 
114.215698 
114.215088 
114.215088 
114.215698 
114.215698 
114.215393 
114.215698 
114.216309 
114.216309 
114.215698 
114.214172 
114.213257 
114.212952 
114.212646 
114.212952 
114.212646 
114.213257 
114.213562 
114.213562 
114.213562 
114.213257 
114.213562 
114.213867 
114.213562 
114.213257 
114.213257 
114.212341 
114.212341 
114.212036 
114.212646 
114.213562 
114.215088 
114.215088 
114.215393 
114.214783 
114.214783 
114.214478 
114.214478 
114.214172 
114.213867 
114.213867 
114.214478 
114.213867 
114.213867 
114.214172 
114.214478 
114.214783 
114.215088 
114.215698 
114.214783 
114.212952 
114.212341 
114.211731 
114.211731 
114.212341 
114.212036 
114.212341 
114.212341 
114.212646 
114.212341 
114.212646 
114.212646 
114.212341 
114.212341 
114.212036 
114.211426 
114.211426 
114.210815 
114.210510 
114.211426 
114.212646 
114.213562 
114.213867 
114.213257 
114.213257 
114.213257 
114.212646 
114.212341 
114.212036 
114.211731 
114.211731 
114.212036 
114.212036 
114.212341 
114.211731 
114.212036 
114.212646 
114.212646 
114.213257 
114.212646 
114.211426 
114.209900 
114.209595 
114.209595 
114.209595 
114.210510 
114.209900 
114.210510 
114.211121 
114.210510 
114.210815 
114.210815 
114.210205 
114.210205 
114.210510 
114.210205 
114.209900 
114.209900 
114.208679 
114.209595 
114.211426 
114.212341 
114.212952 
114.212341 
114.212341 
114.212036 
114.211731 
114.211731 
114.211426 
114.211426 
114.211731 
114.211426 
114.212036 
114.211731 
114.212036 
114.212341 
114.212646 
114.213562 
114.213257 
114.212952 
114.211426 
114.210205 
114.210205 
114.210510 
114.210205 
114.210815 
114.211121 
114.211121 
114.211426 
114.211731 
114.211121 
114.211731 
114.211731 
114.211426 
114.211426 
114.211121 
114.210205 
114.210205 
114.209900 
114.210510 
114.212036 
114.212952 
114.213562 
114.213257 
114.212952 
114.212646 
114.212341 
114.212646 
114.212036 
114.212036 
114.212341 
114.212036 
114.212036 
114.212036 
114.212341 
114.212341 
114.212952 
114.213562 
114.213867 
114.212341 
114.212036 
114.210205 
114.209900 
114.209900 
114.210205 
114.210205 
114.210815 
114.210815 
114.211121 
114.210510 
114.210815 
114.210815 
114.210815 
114.210815 
114.210510 
114.210205 
114.209595 
114.208679 
114.208984 
114.209290 
114.210815 
114.211731 
114.211731 
114.211731 
114.211426 
114.211426 
114.211121 
114.210510 
114.210510 
114.210510 
114.210815 
114.210815 
114.210510 
114.211121 
114.211121 
114.210815 
114.211426 
114.211731 
114.212036 
114.211121 
114.209595 
114.209290 
114.208679 
114.207764 
114.208374 
114.208679 
114.209290 
114.209595 
114.209900 
114.209595 
114.209900 
114.209900 
114.209900 
114.209900 
114.208984 
114.209290 
114.208984 
114.208679 
114.208374 
114.208984 
114.210205 
114.211426 
114.211426 
114.211731 
114.211426 
114.211121 
114.211426 
114.210510 
114.210815 
114.210815 
114.211121 
114.210815 
114.210815 
114.210815 
114.211121 
114.211426 
114.212036 
114.212646 
114.212646 
114.211731 
114.210510 
114.209290 
114.209290 
114.209290 
114.209595 
114.209290 
114.209900 
114.210205 
114.209900 
114.210205 
114.209595 
114.210205 
114.210205 
114.210205 
114.209900 
114.209900 
114.209290 
114.208679 
114.208984 
114.208984 
114.210815 
114.212036 
114.212036 
114.212036 
114.212036 
114.211731 
114.211121 
114.211121 
114.211121 
114.210815 
114.211121 
114.210815 
114.211121 
114.210815 
114.210815 
114.211121 
114.211426 
114.211731 
114.212341 
114.211731 
114.210205 
114.208679 
114.208679 
114.208984 
114.208679 
114.208984 
114.209595 
114.209595 
114.209595 
114.209900 
114.209290 
114.209900 
114.209595 
114.209290 
114.209290 
114.208984 
114.208679 
114.208069 
114.207764 
114.208374 
114.209595 
114.210815 
114.211121 
114.211121 
114.210815 
114.210815 
114.210510 
114.210205 
114.209900 
114.209900 
114.209900 
114.210205 
114.210205 
114.209900 
114.210510 
114.210815 
114.210815 
114.211731 
114.211731 
114.210510 
114.209900 
114.208984 
114.207764 
114.208679 
114.208679 
114.208984 
114.208679 
114.208984 
114.208984 
114.209900 
114.209900 
114.209900 
114.209290 
114.209595 
114.209290 
114.209290 
114.208679 
114.208069 
114.208374 
114.208984 
114.209900 
114.211121 
114.211426 
114.211426 
114.211426 
114.211121 
114.210815 
114.210815 
114.210815 
114.210815 
114.210510 
114.210510 
114.210815 
114.210815 
114.210815 
114.211121 
114.211426 
114.212341 
114.212036 
114.211426 
114.210205 
114.209290 
114.209290 
114.208679 
114.208984 
114.208984 
114.209595 
114.209900 
114.210205 
114.209900 
114.209595 
114.210205 
114.209900 
114.209595 
114.209595 
114.209290 
114.208984 
114.208374 
114.208069 
114.208679 
114.209900 
114.211121 
114.211426 
114.211731 
114.211426 
114.211121 
114.210510 
114.210510 
114.210205 
114.210205 
114.209900 
114.210510 
114.209900 
114.210205 
114.209900 
114.210510 
114.211121 
114.211426 
114.211731 
114.210815 
114.209595 
114.208679 
114.208374 
114.208374 
114.207764 
114.208984 
114.208984 
114.208984 
114.208984 
114.208984 
114.209290 
114.209290 
114.208984 
114.208679 
114.208679 
114.208679 
114.207764 
114.207458 
114.207764 
114.208374 
114.209900 
114.210510 
114.210815 
114.211121 
114.210510 
114.210205 
114.210205 
114.210205 
114.209290 
114.209900 
114.210205 
114.209595 
114.210205 
114.210205 
114.210510 
114.210510 
114.211121 
114.211426 
114.211121 
114.210815 
114.209900 
114.208374 
114.208069 
114.208679 
114.208679 
114.208679 
114.208984 
114.209290 
114.209290 
114.209290 
114.209290 
114.209290 
114.209595 
114.209595 
114.209290 
114.208984 
114.208374 
114.208069 
114.207764 
114.208679 
114.209900 
114.210815 
114.211121 
114.211426 
114.211121 
114.210510 
114.210205 
114.210510 
114.209900 
114.210205 
114.209900 
114.210205 
114.210510 
114.209900 
114.210815 
114.210815 
114.211121 
114.212036 
114.212036 
114.211121 
114.209595 
114.208679 
114.208374 
114.208069 
114.208679 
114.208679 
114.208679 
114.209290 
114.209595 
114.208984 
114.208984 
114.209290 
114.209290 
114.208984 
114.208984 
114.208679 
114.208069 
114.208374 
114.207764 
114.208374 
114.209900 
114.210510 
114.211121 
114.210815 
114.210205 
114.210205 
114.209900 
114.209595 
114.209595 
114.209900 
114.209900 
114.209595 
114.209900 
114.209900 
114.210205 
114.210205 
114.210510 
114.211121 
114.210815 
114.210510 
114.209290 
114.208374 
114.207764 
114.208069 
114.208069 
114.208374 
114.208374 
114.208679 
114.208679 
114.208984 
114.208679 
114.208984 
114.209290 
114.209290 
114.208679 
114.208679 
114.207764 
114.207764 
114.207458 
114.208069 
114.209290 
114.210815 
114.210815 
114.210815 
114.210815 
114.210510 
114.210205 
114.209595 
114.209900 
114.209900 
114.209900 
114.209900 
114.210205 
114.210205 
114.209900 
114.209900 
114.211121 
114.211121 
114.211121 
114.210510 
114.209595 
114.208069 
114.208069 
114.208374 
114.208679 
114.208679 
114.209290 
114.208984 
114.209290 
114.209595 
114.209290 
114.209595 
114.209290 
114.208984 
114.208984 
114.208679 
114.208679 
114.208069 
114.207764 
114.208069 
114.209900 
114.210205 
114.211121 
114.211121 
114.210510 
114.210510 
114.210205 
114.209900 
114.209595 
114.209900 
114.209900 
114.210205 
114.209595 
114.209900 
114.210205 
114.210510 
114.210815 
114.211426 
114.211426 
114.210815 
114.209290 
114.208679 
114.207764 
114.207764 
114.208374 
114.208679 
114.208679 
114.209290 
114.208679 
114.208984 
114.208984 
114.208984 
114.209290 
114.208679 
114.208679 
114.208679 
114.207764 
114.207153 
114.207458 
114.208069 
114.209595 
114.210510 
114.210815 
114.210510 
114.210205 
114.210510 
114.210205 
114.209595 
114.209900 
114.209900 
114.209595 
114.208984 
114.209900 
114.209900 
114.209900 
114.210510 
114.210205 
114.210815 
114.211426 
114.211121 
114.208984 
114.208069 
114.207764 
114.208069 
114.208374 
114.208374 
114.208984 
114.208984 
114.208984 
114.208984 
114.209290 
114.208984 
114.208984 
114.208984 
114.208984 
114.207764 
114.208069 
114.207764 
114.207458 
114.208069 
114.209595 
114.211121 
114.210815 
114.211121 
114.210815 
114.210510 
114.209900 
114.209900 
114.209900 
114.209900 
114.209900 
114.210510 
114.209900 
114.209900 
114.210205 
114.210510 
114.210815 
114.211121 
114.211426 
114.210510 
114.208984 
114.208069 
114.208069 
114.208374 
114.208374 
114.208984 
114.208374 
114.208984 
114.209290 
114.209290 
114.208984 
114.209595 
114.208984 
114.208984 
114.208679 
114.208374 
114.207764 
114.207764 
114.207764 
114.208069 
114.209595 
114.210205 
114.210510 
114.210815 
114.210205 
114.210205 
114.209900 
114.209595 
114.209290 
114.209290 
114.209595 
114.209290 
114.208984 
114.209900 
114.209595 
114.210205 
114.210510 
114.211121 
114.211426 
114.210510 
114.208984 
114.207764 
114.207764 
114.208069 
114.208069 
114.208374 
114.208374 
114.208374 
114.208679 
114.208679 
114.208984 
114.208679 
114.208679 
114.208679 
114.208679 
114.208374 
114.207458 
114.207458 
114.207153 
114.208069 
114.209290 
114.210205 
114.210815 
114.210205 
114.210205 
114.210205 
114.209595 
114.209290 
114.209595 
114.209595 
114.209290 
114.209290 
114.209595 
114.209595 
114.209900 
114.210205 
114.210815 
114.210815 
114.211121 
114.210815 
114.209290 
114.207764 
114.207764 
114.208069 
114.207764 
114.208069 
114.208679 
114.208984 
114.209290 
114.209595 
114.208984 
114.208984 
114.208984 
114.208679 
114.208984 
114.208069 
114.208069 
114.207458 
114.207458 
114.208374 
114.209595 
114.210205 
114.210510 
114.210815 
114.210205 
114.210510 
114.210205 
114.209900 
114.209290 
114.209595 
114.209595 
114.209595 
114.209595 
114.209900 
114.209900 
114.210205 
114.210510 
114.210510 
114.211426 
114.210205 
114.208984 
114.208374 
114.208069 
114.207764 
114.208069 
114.208374 
114.208374 
114.208679 
114.208984 
114.208984 
114.208374 
114.209290 
114.208679 
114.208679 
114.208374 
114.208374 
114.207764 
114.207153 
114.207458 
114.207764 
114.209595 
114.210205 
114.210510 
114.210510 
114.209900 
114.209900 
114.209595 
114.209595 
114.209595 
114.209595 
114.209290 
114.209595 
114.209595 
114.209900 
114.209290 
114.209900 
114.210510 
114.210815 
114.211426 
114.210510 
114.208984 
114.207764 
114.207764 
114.207458 
114.208069 
114.208069 
114.208679 
114.208679 
114.208679 
114.208984 
114.208984 
114.208679 
114.208984 
114.208679 
114.208679 
114.208374 
114.207764 
114.207458 
114.207153 
114.208069 
114.208984 
114.210510 
114.210205 
114.210510 
114.210205 
114.209900 
114.209900 
114.209900 
114.209595 
114.209290 
114.209290 
114.209290 
114.209900 
114.209900 
114.209900 
114.210205 
114.210205 
114.211121 
114.211121 
114.210510 
114.209290 
114.208069 
114.208069 
114.208069 
114.208069 
114.208374 
114.208679 
114.208984 
114.208984 
114.208984 
114.208984 
114.208984 
114.208679 
114.208679 
114.208679 
114.208374 
114.207764 
114.207153 
114.207764 
114.208374 
114.209595 
114.209900 
114.210815 
114.210510 
114.210205 
114.210510 
114.210205 
114.209900 
114.209290 
114.209290 
114.209595 
114.209595 
114.209595 
114.209900 
114.209900 
114.209900 
114.210205 
114.210815 
114.211121 
114.209900 
114.208984 
114.207458 
114.207153 
114.207764 
114.208069 
114.208069 
114.208374 
114.208679 
114.208374 
114.208374 
114.208984 
114.208984 
114.208069 
114.208374 
114.208374 
114.208069 
114.207458 
114.207153 
114.206848 
114.207764 
114.208984 
114.209900 
114.210510 
114.210510 
114.210205 
114.209900 
114.209900 
114.209290 
114.209595 
114.209290 
114.208984 
114.209595 
114.209595 
114.208984 
114.209290 
114.209900 
114.210510 
114.210815 
114.211121 
114.210205 
114.208679 
114.207764 
114.208069 
114.207458 
114.207458 
114.208069 
114.208679 
114.208374 
114.208679 
114.208984 
114.209290 
114.208374 
114.208984 
114.208984 
114.208679 
114.208374 
114.207764 
114.207458 
114.206848 
114.208069 
114.209290 
114.210510 
114.210510 
114.210815 
114.210205 
114.210205 
114.209595 
114.209595 
114.209290 
114.209595 
114.209595 
114.209290 
114.209290 
114.208984 
114.209595 
114.209900 
114.210205 
114.210815 
114.211121 
114.210510 
114.208984 
114.207764 
114.207458 
114.207458 
114.208069 
114.208374 
114.208374 
114.208679 
114.208984 
114.208984 
114.208984 
114.208374 
114.208679 
114.208679 
114.208069 
114.208374 
114.207458 
114.207153 
114.207153 
114.208069 
114.209290 
114.210510 
114.210510 
114.210510 
114.209900 
114.209595 
114.209290 
114.208984 
114.208984 
114.209290 
114.208984 
114.209290 
114.208984 
114.209595 
114.209290 
114.209900 
114.210205 
114.210815 
114.211121 
114.209900 
114.208984 
114.207764 
114.207153 
114.207764 
114.207458 
114.207764 
114.208374 
114.208374 
114.208679 
114.208679 
114.208374 
114.208374 
114.208679 
114.208374 
114.208374 
114.207764 
114.207458 
114.207458 
114.206848 
114.208069 
114.208984 
114.210205 
114.210510 
114.209900 
114.210205 
114.209900 
114.209900 
114.209290 
114.208984 
114.209290 
114.208984 
114.209595 
114.209290 
114.209290 
114.209595 
114.209595 
114.210205 
114.210510 
114.211121 
114.209900 
114.208374 
114.208069 
114.207764 
114.207153 
114.207764 
114.208069 
114.208679 
114.208069 
114.208679 
114.208984 
114.208984 
114.208374 
114.208679 
114.208374 
114.208374 
114.208069 
114.207458 
114.207153 
114.207153 
114.208069 
114.209290 
114.210510 
114.210205 
114.210815 
114.210205 
114.209595 
114.209900 
114.209290 
114.208679 
114.208984 
114.209290 
114.208984 
114.209290 
114.209290 
114.209290 
114.209900 
114.210205 
114.210815 
114.210815 
114.210205 
114.208984 
114.208069 
114.207764 
114.207458 
114.208069 
114.208069 
114.208374 
114.208374 
114.208984 
114.208374 
114.208679 
114.208374 
114.208374 
114.208374 
114.208374 
114.207764 
114.207458 
114.207153 
114.207458 
114.207458 
114.208984 
114.210205 
114.210815 
114.209900 
114.210205 
114.210205 
114.209900 
114.209290 
114.208679 
114.209290 
114.208984 
114.209290 
114.209290 
114.209290 
114.209290 
114.209595 
114.210205 
114.210815 
114.210510 
114.209900 
114.208374 
114.207764 
114.207458 
114.207458 
114.207153 
114.207458 
114.208069 
114.208374 
114.208374 
114.208374 
114.208679 
114.208984 
114.208679 
114.208374 
114.208374 
114.207764 
114.207153 
114.206848 
114.206848 
114.207458 
114.208679 
114.210205 
114.210815 
114.210205 
114.210205 
114.209900 
114.209290 
114.209595 
114.209900 
114.209290 
114.209290 
114.209595 
114.209900 
114.209290 
114.209595 
114.210205 
114.210205 
114.211121 
114.210815 
114.209900 
114.208679 
114.208069 
114.207458 
114.207458 
114.207764 
114.208069 
114.208374 
114.208679 
114.208679 
114.208679 
114.208984 
114.208679 
114.208679 
114.208679 
114.208069 
114.208069 
114.207764 
114.207458 
114.206848 
114.207764 
114.209290 
114.209900 
114.210205 
114.210205 
114.209900 
114.209900 
114.209900 
114.209290 
114.209290 
114.208984 
114.208984 
114.209900 
114.209290 
114.209290 
114.209595 
114.209900 
114.210205 
114.210510 
114.211121 
114.210205 
114.208374 
114.207764 
114.207458 
114.207458 
114.207764 
114.207764 
114.208069 
114.208069 
114.208374 
114.208679 
114.208679 
114.208679 
114.208984 
114.208069 
114.207764 
114.207458 
114.207458 
114.206848 
114.207153 
114.207764 
114.208679 
114.209900 
114.210205 
114.209900 
114.209595 
114.209900 
114.209290 
114.209290 
114.208984 
114.208984 
114.209290 
114.209290 
114.209290 
114.208984 
114.209290 
114.209900 
114.210205 
114.210510 
114.210510 
114.209900 
114.208984 
114.207458 
114.207458 
114.207458 
114.207458 
114.207764 
114.208374 
114.208069 
114.208069 
114.208374 
114.208374 
114.208374 
114.208679 
114.208069 
114.207764 
114.208069 
114.207458 
114.207458 
114.207153 
114.207764 
114.209290 
114.210510 
114.210205 
114.210510 
114.210205 
114.210205 
114.209290 
114.209290 
114.209290 
114.208679 
114.208984 
114.209595 
114.208984 
114.209595 
114.209900 
114.209900 
114.210205 
114.210815 
114.210815 
114.210205 
114.208679 
114.207458 
114.207458 
114.207764 
114.208069 
114.208374 
114.208374 
114.208374 
114.208679 
114.208984 
114.208679 
114.208679 
114.208679 
114.208069 
114.208374 
114.207764 
114.207153 
114.206543 
114.206848 
114.207764 
114.208984 
114.209595 
114.210510 
114.210205 
114.210205 
114.209900 
114.209595 
114.208984 
114.209290 
114.208984 
114.209290 
114.208679 
114.209290 
114.208984 
114.209595 
114.209595 
114.210205 
114.210205 
114.210815 
114.209595 
114.208374 
114.207458 
114.207153 
114.207764 
114.207764 
114.207764 
114.207764 
114.208374 
114.208374 
114.208374 
114.208374 
114.208374 
114.208069 
114.208679 
114.208374 
114.207764 
114.207458 
114.207458 
114.206848 
114.207458 
114.208984 
114.209595 
114.209900 
114.210205 
114.210205 
114.209290 
114.209595 
114.208984 
114.208984 
114.208984 
114.208679 
114.208984 
114.209290 
114.209595 
114.209290 
114.209900 
114.209900 
114.210815 
114.210815 
114.210205 
114.208374 
114.207764 
114.207764 
114.207458 
114.207764 
114.207458 
114.208374 
114.208374 
114.208374 
114.208374 
114.208374 
114.208679 
114.208679 
114.208374 
114.208374 
114.208374 
114.207153 
114.206848 
114.206848 
114.207153 
114.208984 
114.210205 
114.210205 
114.210205 
114.209900 
114.209900 
114.209290 
114.208984 
114.208984 
114.209290 
114.209290 
114.209290 
114.209290 
114.209595 
114.209290 
114.209900 
114.210510 
114.210815 
114.210510 
114.209900 
114.208984 
114.207153 
114.207153 
114.207458 
114.207458 
114.208069 
114.207764 
114.208374 
114.208679 
114.208374 
114.208679 
114.208374 
114.208374 
114.208069 
114.208374 
114.208069 
114.207458 
114.207458 
114.207153 
114.207764 
114.209290 
114.209900 
114.210205 
114.210510 
114.210205 
114.210510 
114.209595 
114.208984 
114.208984 
114.208984 
114.209290 
114.209290 
114.209290 
114.209900 
114.209595 
114.209595 
114.210510 
114.210510 
114.210510 
114.210205 
114.208679 
114.207458 
114.207153 
114.207764 
114.207458 
114.208069 
114.208069 
114.208679 
114.208679 
114.208374 
114.208679 
114.208374 
114.208374 
114.208679 
114.208374 
114.207764 
114.207764 
114.207458 
114.207153 
114.207458 
114.208984 
114.210205 
114.210205 
114.209900 
114.210205 
114.209900 
114.209290 
114.209290 
114.209595 
114.208984 
114.209290 
114.208984 
114.209290 
114.209290 
114.209595 
114.209900 
114.209900 
114.210510 
114.211121 
114.209900 
114.208679 
114.207458 
114.207458 
114.207153 
114.207764 
114.208069 
114.208374 
114.208374 
114.208069 
114.208679 
114.208374 
114.208374 
114.208679 
114.208069 
114.208374 
114.208069 
114.208069 
114.206848 
114.207153 
114.207458 
114.208374 
114.209900 
114.210510 
114.210205 
114.209595 
114.209900 
114.209595 
114.208984 
114.208984 
114.208679 
114.208984 
114.208984 
114.209290 
114.209290 
114.209595 
114.210205 
114.209900 
114.210815 
114.210510 
114.209900 
114.208679 
114.207458 
114.207153 
114.207764 
114.207764 
114.207764 
114.207764 
114.208069 
114.208679 
114.208679 
114.208679 
114.208679 
114.208069 
114.208069 
114.208374 
114.207764 
114.207153 
114.207153 
114.207153 
114.207458 
114.208679 
114.209900 
114.210510 
114.209900 
114.209900 
114.209900 
114.209595 
114.208984 
114.208984 
114.208984 
114.208984 
114.209290 
114.208984 
114.208679 
114.209595 
114.209595 
114.210510 
114.210815 
114.210815 
114.209900 
114.208679 
114.207458 
114.207153 
114.207458 
114.207764 
114.208374 
114.208679 
114.208374 
114.208374 
114.208374 
114.208374 
114.208374 
114.208374 
114.208679 
114.208069 
114.207764 
114.207764 
114.207153 
114.207153 
114.207458 
114.208679 
114.209900 
114.210510 
114.209900 
114.209900 
114.209595 
114.209595 
114.209290 
114.208679 
114.208984 
114.208984 
114.209290 
114.209290 
114.209595 
114.209290 
114.209595 
114.209900 
114.210815 
114.210205 
114.209595 
114.208374 
114.207764 
114.207153 
114.207153 
114.207458 
114.207764 
114.208069 
114.208374 
114.208374 
114.208679 
114.208679 
114.208984 
114.208374 
114.208679 
114.208374 
114.207764 
114.207458 
114.206543 
114.206848 
114.207764 
114.208984 
114.209900 
114.210205 
114.209900 
114.209900 
114.209595 
114.209290 
114.208984 
114.209290 
114.209290 
114.208679 
114.209290 
114.208984 
114.208984 
114.209290 
114.209900 
114.209900 
114.210510 
114.210815 
114.209900 
114.208679 
114.207458 
114.207458 
114.207458 
114.207153 
114.208069 
114.208069 
114.208374 
114.208679 
114.208679 
114.208374 
114.208374 
114.208679 
114.208679 
114.208374 
114.207764 
114.207764 
114.207153 
114.206543 
114.207458 
114.209290 
114.210205 
114.210205 
114.210205 
114.209900 
114.209900 
114.209595 
114.209290 
114.208679 
114.209290 
114.208984 
114.208679 
114.208984 
114.208984 
114.209595 
114.209595 
114.210205 
114.210205 
114.210510 
114.209900 
114.208984 
114.207764 
114.207458 
114.207764 
114.207764 
114.207764 
114.208069 
114.208374 
114.208679 
114.208679 
114.208374 
114.208374 
114.208679 
114.208374 
114.207764 
114.208374 
114.207458 
114.206848 
114.207458 
114.207764 
114.208679 
114.209900 
114.210205 
114.209900 
114.209900 
114.209595 
114.209595 
114.208984 
114.208984 
114.208679 
114.208984 
114.208679 
114.209595 
114.209290 
114.209290 
114.209290 
114.210205 
114.211121 
114.210510 
114.209595 
114.208374 
114.207764 
114.207153 
114.207458 
114.207764 
114.207764 
114.208069 
114.208374 
114.208069 
114.208374 
114.208679 
114.207764 
114.208679 
114.208374 
114.208069 
114.208069 
114.207153 
114.206848 
114.206848 
114.207764 
114.208984 
114.209595 
114.210205 
114.209900 
114.209595 
114.209595 
114.209290 
114.208984 
114.208374 
114.208679 
114.208984 
114.209595 
114.209595 
114.209290 
114.209595 
114.209595 
114.209900 
114.210510 
114.210815 
114.209290 
114.208374 
114.207153 
114.207153 
114.207458 
114.207764 
114.207458 
114.208069 
114.208374 
114.208374 
114.208374 
114.208374 
114.208679 
114.208374 
114.208374 
114.208069 
114.207764 
114.207458 
114.207458 
114.207153 
114.208069 
114.209290 
114.209595 
114.210205 
114.210205 
114.209900 
114.209595 
114.208984 
114.209290 
114.209290 
114.208984 
114.209290 
114.208984 
114.208679 
114.208679 
114.208984 
114.209900 
114.210205 
114.210815 
114.210510 
114.209595 
114.208679 
114.207764 
114.207458 
114.207458 
114.207458 
114.207764 
114.208069 
114.208679 
114.208374 
114.208679 
114.208374 
114.208679 
114.208374 
114.208374 
114.208374 
114.208069 
114.207458 
114.207458 
114.207458 
114.207764 
114.209290 
114.210510 
114.210510 
114.210205 
114.210205 
114.209595 
114.209290 
114.209290 
114.208984 
114.208679 
114.208984 
114.208984 
114.208679 
114.209290 
114.209290 
114.209595 
114.210205 
114.210205 
114.210510 
114.209900 
114.208374 
114.207458 
114.207153 
114.207458 
114.207458 
114.207764 
114.207764 
114.208374 
114.208374 
114.208679 
114.208374 
114.208984 
114.208374 
114.208069 
114.208374 
114.207764 
114.207153 
114.207153 
114.206848 
114.207764 
114.209290 
114.210205 
114.210510 
114.209900 
114.210510 
114.209595 
114.209290 
114.208984 
114.208984 
114.209290 
114.209290 
114.209290 
114.209290 
114.208984 
114.209290 
114.209595 
114.210205 
114.210510 
114.210815 
114.209900 
114.208679 
114.207153 
114.207458 
114.207764 
114.207458 
114.208069 
114.208374 
114.208374 
114.208374 
114.208069 
114.208679 
114.208374 
114.208984 
114.208374 
114.208374 
114.207764 
114.207458 
114.206848 
114.207153 
114.207764 
114.208984 
114.210205 
114.210510 
114.209900 
114.209595 
114.209595 
114.209290 
114.208679 
114.208374 
114.208374 
114.208069 
114.207764 
114.208069 
114.207764 
114.207458 
114.207458 
114.207458 
114.207458 
114.206848 
114.205933 
114.204102 
114.201965 
114.201355 
114.200134 
114.199829 
114.199219 
114.199219 
114.197388 
114.197388 
114.196167 
114.194946 
114.193726 
114.192200 
114.190674 
114.189148 
114.187012 
114.185181 
114.183044 
114.181213 
114.180298 
114.179993 
114.179077 
114.176941 
114.175720 
114.172974 
114.170227 
114.167786 
114.165344 
114.162598 
114.160156 
114.157715 
114.155273 
114.152832 
114.149780 
114.147034 
114.144287 
114.141846 
114.139404 
114.136658 
114.132080 
114.127502 
114.123535 
114.120178 
114.116516 
114.113464 
114.110107 
114.106140 
114.102783 
114.100037 
114.096069 
114.091492 
114.088135 
114.083862 
114.079285 
114.075317 
114.070435 
114.065857 
114.061584 
114.056396 
114.052734 
114.049072 
114.045410 
114.040833 
114.036255 
114.031067 
114.025879 
114.020081 
114.014893 
114.009399 
114.004211 
113.999023 
113.993225 
113.987732 
113.982239 
113.977051 
113.971252 
113.965759 
113.960876 
113.954773 
113.948059 
113.941040 
113.933105 
113.927307 
113.921204 
113.915100 
113.908386 
113.902893 
113.896179 
113.890076 
113.883667 
113.876648 
113.870544 
113.863525 
113.856506 
113.849487 
113.841858 
113.834229 
113.826294 
113.818970 
113.812561 
113.806763 
113.800049 
113.793030 
113.785400 
113.777161 
113.769836 
113.761292 
113.753052 
113.745117 
113.736572 
113.728943 
113.720703 
113.712463 
113.703918 
113.696289 
113.688354 
113.679810 
113.671265 
113.663330 
113.653259 
113.643188 
113.633728 
113.623657 
113.614807 
113.606262 
113.597107 
113.588257 
113.579102 
113.570557 
113.561096 
113.552246 
113.542175 
113.533020 
113.523254 
113.512573 
113.502808 
113.492432 
113.482361 
113.471985 
113.463135 
113.454285 
113.444519 
113.434753 
113.424683 
113.414001 
113.403625 
113.392639 
113.381958 
113.370972 
113.360596 
113.350220 
113.339844 
113.329773 
113.319092 
113.309021 
113.298645 
113.289185 
113.278809 
113.268433 
113.257141 
113.245239 
113.233337 
113.222656 
113.211975 
113.201904 
113.191833 
113.181458 
113.171387 
113.161011 
113.150940 
113.140564 
113.130493 
113.119507 
113.109131 
113.098755 
113.087463 
113.077087 
113.066101 
113.055420 
113.045959 
113.036804 
113.027649 
113.017273 
113.007202 
112.996826 
112.986145 
112.974548 
112.964172 
112.954102 
112.943115 
112.932739 
112.922363 
112.912292 
112.901611 
112.891235 
112.881165 
112.871399 
112.861328 
112.851257 
112.839966 
112.828064 
112.816772 
112.805786 
112.795715 
112.785339 
112.774963 
112.765198 
112.755127 
112.745056 
112.734375 
112.723999 
112.713623 
112.703247 
112.692566 
112.682190 
112.671509 
112.660828 
112.649841 
112.639771 
112.630005 
112.621155 
112.612000 
112.601318 
112.590942 
112.580261 
112.569885 
112.558899 
112.547913 
112.537537 
112.527161 
112.516785 
112.506409 
112.495728 
112.485657 
112.475586 
112.465210 
112.455139 
112.445068 
112.435303 
112.423706 
112.411804 
112.400208 
112.389832 
112.379150 
112.368469 
112.358093 
112.348328 
112.337952 
112.328186 
112.317810 
112.308044 
112.297058 
112.286987 
112.276001 
112.265320 
112.254639 
112.243958 
112.233582 
112.222595 
112.213135 
112.204285 
112.194824 
112.185059 
112.174377 
112.163696 
112.153625 
112.142639 
112.132263 
112.121277 
112.110596 
112.099915 
112.090149 
112.079468 
112.069702 
112.059326 
112.048950 
112.039185 
112.029114 
112.019043 
112.007751 
111.996155 
111.984863 
111.973877 
111.963806 
111.953125 
111.943665 
111.933289 
111.923218 
111.912842 
111.902771 
111.892395 
111.882324 
111.871948 
111.861267 
111.850891 
111.840210 
111.829529 
111.818848 
111.808167 
111.798401 
111.788940 
111.780090 
111.770020 
111.759644 
111.749268 
111.738892 
111.727905 
111.717224 
111.706543 
111.696167 
111.686096 
111.675720 
111.665344 
111.655273 
111.644592 
111.634521 
111.624451 
111.614380 
111.604309 
111.593323 
111.581421 
111.569824 
111.559448 
111.549072 
111.539001 
111.528931 
111.518555 
111.508789 
111.498718 
111.488342 
111.478271 
111.467896 
111.457520 
111.447144 
111.436768 
111.426086 
111.415100 
111.404419 
111.394043 
111.384583 
111.376038 
111.366272 
111.356812 
111.346741 
111.335754 
111.325073 
111.314392 
111.304016 
111.293030 
111.282654 
111.272583 
111.262512 
111.251831 
111.241760 
111.231384 
111.221313 
111.211853 
111.201782 
111.191711 
111.180725 
111.168823 
111.157532 
111.146851 
111.136780 
111.126404 
111.116333 
111.106567 
111.096191 
111.086426 
111.076050 
111.066284 
111.056213 
111.045532 
111.035156 
111.024475 
111.014099 
111.003113 
110.992432 
110.982056 
110.972595 
110.963440 
110.953979 
110.944519 
110.933838 
110.924072 
110.913696 
110.903625 
110.892334 
110.882568 
110.872192 
110.862122 
110.852051 
110.842285 
110.832520 
110.823059 
110.813599 
110.804749 
110.795593 
110.786438 
110.776062 
110.765381 
110.755005 
110.745239 
110.736389 
110.727844 
110.718689 
110.710449 
110.701294 
110.693054 
110.684509 
110.676270 
110.667725 
110.658875 
110.650635 
110.642395 
110.633545 
110.625000 
110.616150 
110.608215 
110.600891 
110.594788 
110.587463 
110.580444 
110.572510 
110.564575 
110.557251 
110.549011 
110.540771 
110.533447 
110.525818 
110.518494 
110.511475 
110.504150 
110.497131 
110.490112 
110.484009 
110.477600 
110.471191 
110.464783 
110.456543 
110.448608 
110.441589 
110.434570 
110.428162 
110.422058 
110.415344 
110.409241 
110.403442 
110.398254 
110.392151 
110.385437 
110.379944 
110.374756 
110.368347 
110.362244 
110.356140 
110.350342 
110.344543 
110.338745 
110.334473 
110.330505 
110.325928 
110.321350 
110.316162 
110.310974 
110.305786 
110.300293 
110.295105 
110.289917 
110.285339 
110.280762 
110.275574 
110.270996 
110.266418 
110.262146 
110.258484 
110.254822 
110.250549 
110.246582 
110.241699 
110.235901 
110.231018 
110.226746 
110.222778 
110.219116 
110.215759 
110.211792 
110.209045 
110.205383 
110.202026 
110.198669 
110.196228 
110.192566 
110.188904 
110.185547 
110.182495 
110.178833 
110.175171 
110.172424 
110.170288 
110.169067 
110.167236 
110.165100 
110.162354 
110.159302 
110.157166 
110.154419 
110.151367 
110.148621 
110.146790 
110.144348 
110.142212 
110.140076 
110.138245 
110.137024 
110.135193 
110.133972 
110.132751 
110.131226 
110.129089 
110.125732 
110.122986 
110.121460 
110.119934 
110.119324 
110.118103 
110.117188 
110.115662 
110.115662 
110.114441 
110.113525 
110.112915 
110.112000 
110.111389 
110.110474 
110.109863 
110.108948 
110.108032 
110.107727 
110.107727 
110.108643 
110.109558 
110.109558 
110.109558 
110.108948 
110.108643 
110.108643 
110.108032 
110.108032 
110.108032 
110.108032 
110.108032 
110.108032 
110.108337 
110.108337 
110.108337 
110.108948 
110.109253 
110.109558 
110.108337 
110.107422 
110.106201 
110.105896 
110.106506 
110.106506 
110.106812 
110.107117 
110.107727 
110.107727 
110.107422 
110.108032 
110.107727 
110.107727 
110.107727 
110.107422 
110.107727 
110.107117 
110.106812 
110.106812 
110.108337 
110.108948 
110.109863 
110.110779 
110.110474 
110.110474 
110.110168 
110.110168 
110.109558 
110.109253 
110.109863 
110.109253 
110.109558 
110.109863 
110.109863 
110.109863 
110.110474 
110.110474 
110.111389 
110.111084 
110.110474 
110.108948 
110.108032 
110.107727 
110.108032 
110.108337 
110.108643 
110.108643 
110.108948 
110.108948 
110.109253 
110.109253 
110.108948 
110.108948 
110.108948 
110.108948 
110.108032 
110.108032 
110.107727 
110.108032 
110.108337 
110.109863 
110.110474 
110.110779 
110.110779 
110.111084 
110.110779 
110.110168 
110.109863 
110.109863 
110.109863 
110.109863 
110.109558 
110.109863 
110.109863 
110.110474 
