Blum, K. P., D’Incamps, B. L., Zytnicki, D., & Ting, L. H. (2017).
Force encoding in muscle spindles during stretch of
passive muscle. PLoS computational biology, 13(9), 
e1005767. <https://journals.plos.org/ploscompbiol/article?
id=10.1371/journal.pcbi.1005767>

cat medial gastrocnemius muscle lengths over t  (in 0.0005 s increments)
110.105896 
110.104980 
110.104675 
110.104370 
110.104675 
110.104370 
110.105286 
110.105286 
110.105286 
110.105591 
110.105286 
110.104980 
110.105286 
110.105591 
110.105286 
110.105591 
110.105286 
110.104370 
110.104370 
110.104370 
110.104980 
110.106201 
110.106812 
110.106506 
110.107117 
110.106812 
110.106506 
110.106506 
110.106506 
110.105896 
110.106201 
110.106506 
110.105896 
110.106506 
110.106201 
110.106201 
110.105896 
110.106506 
110.106812 
110.106812 
110.106201 
110.105286 
110.104370 
110.104370 
110.104980 
110.104980 
110.105286 
110.105591 
110.104980 
110.106201 
110.105896 
110.105286 
110.105591 
110.105591 
110.105896 
110.104980 
110.105286 
110.104675 
110.104370 
110.104370 
110.104980 
110.105896 
110.106812 
110.106812 
110.107117 
110.106506 
110.106506 
110.105896 
110.105896 
110.105591 
110.106201 
110.105896 
110.105896 
110.105896 
110.106201 
110.106201 
110.106506 
110.106201 
110.106506 
110.106506 
110.105896 
110.104980 
110.104370 
110.104065 
110.104980 
110.105286 
110.105286 
110.105286 
110.105591 
110.105896 
110.105286 
110.105286 
110.105286 
110.105591 
110.105286 
110.105286 
110.104980 
110.104980 
110.104675 
110.104370 
110.105286 
110.106201 
110.106506 
110.106506 
110.107117 
110.107117 
110.108643 
110.110474 
110.112915 
110.115967 
110.119629 
110.124512 
110.129700 
110.135193 
110.141602 
110.148315 
110.154419 
110.162048 
110.169678 
110.177002 
110.183716 
110.191040 
110.198669 
110.207214 
110.216370 
110.225525 
110.234680 
110.244751 
110.254822 
110.264587 
110.274658 
110.285034 
110.295105 
110.305176 
110.315857 
110.326843 
110.337219 
110.348511 
110.358887 
110.370178 
110.382690 
110.395813 
110.407715 
110.419617 
110.431824 
110.442810 
110.453796 
110.465088 
110.475464 
110.486450 
110.496826 
110.508118 
110.518494 
110.529785 
110.539856 
110.550842 
110.561829 
110.572510 
110.582886 
110.592957 
110.602722 
110.611877 
110.621033 
110.631409 
110.641479 
110.652161 
110.662231 
110.672302 
110.683289 
110.693665 
110.703430 
110.713806 
110.724182 
110.733948 
110.744019 
110.753784 
110.763855 
110.773315 
110.783386 
110.793152 
110.803833 
110.815125 
110.826111 
110.836487 
110.846863 
110.856934 
110.866699 
110.876770 
110.886536 
110.896301 
110.906982 
110.917053 
110.926819 
110.937195 
110.947571 
110.957336 
110.968018 
110.978394 
110.988464 
110.998840 
111.007690 
111.017761 
111.027222 
111.036987 
111.047668 
111.057739 
111.068420 
111.078796 
111.088867 
111.099548 
111.109619 
111.119690 
111.129456 
111.139832 
111.149902 
111.159668 
111.169434 
111.179199 
111.190186 
111.199951 
111.210327 
111.221619 
111.232605 
111.243286 
111.253662 
111.263428 
111.273193 
111.283264 
111.292725 
111.302795 
111.313171 
111.323547 
111.334229 
111.344299 
111.354980 
111.365051 
111.375732 
111.385803 
111.396179 
111.406250 
111.415710 
111.425476 
111.434631 
111.445007 
111.455383 
111.465759 
111.476135 
111.486816 
111.497803 
111.508179 
111.518555 
111.528320 
111.539001 
111.549072 
111.559143 
111.569214 
111.579285 
111.589050 
111.599426 
111.609497 
111.620483 
111.631775 
111.642761 
111.653748 
111.664429 
111.674194 
111.683960 
111.694031 
111.703796 
111.713562 
111.723938 
111.734314 
111.744385 
111.754761 
111.765137 
111.775818 
111.785889 
111.796265 
111.806946 
111.817932 
111.826782 
111.835938 
111.846008 
111.856079 
111.866455 
111.876526 
111.887512 
111.897888 
111.907959 
111.918335 
111.928711 
111.938782 
111.949158 
111.959534 
111.968994 
111.979370 
111.989441 
111.999207 
112.009277 
112.019348 
112.030029 
112.041321 
112.052307 
112.062378 
112.072754 
112.083130 
112.092590 
112.102661 
112.112427 
112.122498 
112.132568 
112.143250 
112.153015 
112.163086 
112.173767 
112.183533 
112.193604 
112.204285 
112.215271 
112.224731 
112.234192 
112.243652 
112.252502 
112.262878 
112.273560 
112.283630 
112.294312 
112.304688 
112.315063 
112.324829 
112.335510 
112.345276 
112.355347 
112.365723 
112.375488 
112.385559 
112.395630 
112.405090 
112.415161 
112.425232 
112.436218 
112.447205 
112.458191 
112.468262 
112.478333 
112.488403 
112.498169 
112.507935 
112.518005 
112.527771 
112.537537 
112.548218 
112.558289 
112.568665 
112.579041 
112.589111 
112.599182 
112.609863 
112.620239 
112.630310 
112.640076 
112.648621 
112.658081 
112.668152 
112.679138 
112.688904 
112.699280 
112.710266 
112.720337 
112.730713 
112.741089 
112.751160 
112.761230 
112.771606 
112.781677 
112.791748 
112.801514 
112.811279 
112.821045 
112.831116 
112.842102 
112.853088 
112.864075 
112.874756 
112.884521 
112.894897 
112.904663 
112.914734 
112.924500 
112.934875 
112.944946 
112.955017 
112.965393 
112.975159 
112.985535 
112.995605 
113.005981 
113.016357 
113.027039 
113.036804 
113.045959 
113.056030 
113.065491 
113.075562 
113.085327 
113.095398 
113.104248 
113.113403 
113.121033 
113.128967 
113.135681 
113.142090 
113.148804 
113.153992 
113.158875 
113.164063 
113.168335 
113.171692 
113.175659 
113.179626 
113.183289 
113.187561 
113.190918 
113.194275 
113.196106 
113.198547 
113.199768 
113.201294 
113.202515 
113.203430 
113.204956 
113.206177 
113.207397 
113.207703 
113.208618 
113.209534 
113.210144 
113.211060 
113.211365 
113.211365 
113.210754 
113.209839 
113.209229 
113.208923 
113.208923 
113.208923 
113.209534 
113.209229 
113.208923 
113.209229 
113.208618 
113.208008 
113.207703 
113.207092 
113.206482 
113.205872 
113.204956 
113.204041 
113.203125 
113.202515 
113.202515 
113.203125 
113.203125 
113.202820 
113.202515 
113.201294 
113.200684 
113.199463 
113.198853 
113.197937 
113.197327 
113.197327 
113.196106 
113.196106 
113.195801 
113.195190 
113.194885 
113.194885 
113.194580 
113.194275 
113.193054 
113.191833 
113.190918 
113.190613 
113.190308 
113.190002 
113.190002 
113.190308 
113.190308 
113.190613 
113.190308 
113.190308 
113.189697 
113.189697 
113.189392 
113.189392 
113.188782 
113.187866 
113.187866 
113.187866 
113.188782 
113.189697 
113.190308 
113.190002 
113.190308 
113.190308 
113.190002 
113.189392 
113.189697 
113.189392 
113.189392 
113.190002 
113.190002 
113.190308 
113.190918 
113.190918 
113.191223 
113.191528 
113.192139 
113.191833 
113.191528 
113.190613 
113.190002 
113.190308 
113.190613 
113.191223 
113.191833 
113.192139 
113.192444 
113.192444 
113.192749 
113.192444 
113.192749 
113.193054 
113.193054 
113.193359 
113.192749 
113.192749 
113.192749 
113.193054 
113.193665 
113.194885 
113.195496 
113.195496 
113.196106 
113.195801 
113.195496 
113.195190 
113.194885 
113.194885 
113.195190 
113.194885 
113.194885 
113.195190 
113.194885 
113.195496 
113.195190 
113.195190 
113.195801 
113.195190 
113.194580 
113.193665 
113.193054 
113.193054 
113.192444 
113.192444 
113.193054 
113.193054 
113.193054 
113.193054 
113.193054 
113.192749 
113.192444 
113.192444 
113.191833 
113.191528 
113.191223 
113.190308 
113.189697 
113.190002 
113.190308 
113.191223 
113.191833 
113.190918 
113.191528 
113.191223 
113.190308 
113.190002 
113.189697 
113.189392 
113.189392 
113.189087 
113.189087 
113.188477 
113.188782 
113.188477 
113.188477 
113.188782 
113.189087 
113.188171 
113.187561 
113.186951 
113.185730 
113.185730 
113.186035 
113.186035 
113.186340 
113.186340 
113.186035 
113.186951 
113.186340 
113.186340 
113.186340 
113.186340 
113.186340 
113.186035 
113.186340 
113.185425 
113.186035 
113.185425 
113.186646 
113.187561 
113.188171 
113.188171 
113.188171 
113.188171 
113.187866 
113.187561 
113.188171 
113.187561 
113.187866 
113.187866 
113.188171 
113.188171 
113.188477 
113.188782 
113.189087 
113.189697 
113.189697 
113.190002 
113.188782 
113.188477 
113.187866 
113.188171 
113.188477 
113.189087 
113.189392 
113.189392 
113.190002 
113.190613 
113.190918 
113.190002 
113.190918 
113.190613 
113.190308 
113.190918 
113.190308 
113.189697 
113.190002 
113.190613 
113.190918 
113.192139 
113.193054 
113.193359 
113.193054 
113.193054 
113.192749 
113.192749 
113.192444 
113.192139 
113.192139 
113.192749 
113.192444 
113.192749 
113.192749 
113.192749 
113.193054 
113.193359 
113.193359 
113.193054 
113.192749 
113.191223 
113.190613 
113.190918 
113.190308 
113.190918 
113.190918 
113.191223 
113.191223 
113.191528 
113.191223 
113.190918 
113.191223 
113.190613 
113.190613 
113.190308 
113.189697 
113.188782 
113.189087 
113.188782 
113.189392 
113.190613 
113.190613 
113.190613 
113.190918 
113.190002 
113.189392 
113.189697 
113.189087 
113.188782 
113.188782 
113.188782 
113.188782 
113.188477 
113.188477 
113.188477 
113.188477 
113.188477 
113.188477 
113.188782 
113.187866 
113.186340 
113.185730 
113.186035 
113.185730 
113.186035 
113.186035 
113.186340 
113.186646 
113.186646 
113.186646 
113.186646 
113.186340 
113.186646 
113.186035 
113.186035 
113.185730 
113.185730 
113.185425 
113.185425 
113.186340 
113.187256 
113.187866 
113.187561 
113.188171 
113.188171 
113.187256 
113.187561 
113.187866 
113.187256 
113.187561 
113.187561 
113.187561 
113.187866 
113.187561 
113.188171 
113.188171 
113.189087 
113.188782 
113.189087 
113.188171 
113.187256 
113.187256 
113.186951 
113.187256 
113.187561 
113.187866 
113.188171 
113.188477 
113.188782 
113.189087 
113.189087 
113.189392 
113.189392 
113.189392 
113.189087 
113.188782 
113.188782 
113.188477 
113.188782 
113.189392 
113.190918 
113.191528 
113.191528 
113.191528 
113.191223 
113.191223 
113.191223 
113.190918 
113.190918 
113.190613 
113.190918 
113.190918 
113.191223 
113.191223 
113.190918 
113.191528 
113.191833 
113.192139 
113.191833 
113.190918 
113.189697 
113.189087 
113.189087 
113.190002 
113.189697 
113.190002 
113.190308 
113.190002 
113.190002 
113.190002 
113.190002 
113.190613 
113.190002 
113.190002 
113.189392 
113.189087 
113.188477 
113.188171 
113.188782 
113.189392 
113.190308 
113.190308 
113.190613 
113.190613 
113.190002 
113.189697 
113.189392 
113.189087 
113.189087 
113.189087 
113.188782 
113.188782 
113.188782 
113.189087 
113.189392 
113.188782 
113.189087 
113.189392 
113.189087 
113.188171 
113.186646 
113.185730 
113.186340 
113.186951 
113.186646 
113.186646 
113.186951 
113.187256 
113.187256 
113.187256 
113.186951 
113.186951 
113.186951 
113.186951 
113.186646 
113.186646 
113.186035 
113.185730 
113.186340 
113.186951 
113.187561 
113.188477 
113.188171 
113.188171 
113.188171 
113.187866 
113.187866 
113.187561 
113.187561 
113.187561 
113.187561 
113.187866 
113.187561 
113.188171 
113.188171 
113.188477 
113.188782 
113.189087 
113.189087 
113.187561 
113.186951 
113.186340 
113.186951 
113.187561 
113.187561 
113.187561 
113.188171 
113.188171 
113.188171 
113.188171 
113.188477 
113.188782 
113.188782 
113.188477 
113.188477 
113.188171 
113.188171 
113.187561 
113.188171 
113.188782 
113.189697 
113.190308 
113.190613 
113.190918 
113.190613 
113.190308 
113.190002 
113.190002 
113.189697 
113.190308 
113.190308 
113.190308 
113.190002 
113.190308 
113.190002 
113.190613 
113.190613 
113.190613 
113.190918 
113.189697 
113.189392 
113.188477 
113.188477 
113.189087 
113.188782 
113.189087 
113.189392 
113.189697 
113.189392 
113.189392 
113.189392 
113.189087 
113.189697 
113.189697 
113.189392 
113.188782 
113.188477 
113.187561 
113.188477 
113.188782 
113.189392 
113.190002 
113.190002 
113.190308 
113.189697 
113.189697 
113.189087 
113.188782 
113.188782 
113.188782 
113.188477 
113.188477 
113.189087 
113.188477 
113.188782 
113.188782 
113.189087 
113.189087 
113.189087 
113.187866 
113.186951 
113.186646 
113.186340 
113.186951 
113.186646 
113.186646 
113.187256 
113.187256 
113.187256 
113.186646 
113.187256 
113.187256 
113.186951 
113.187256 
113.186646 
113.186340 
113.186340 
113.185425 
113.186340 
113.187256 
113.188171 
113.188171 
113.188477 
113.188477 
113.188171 
113.187866 
113.187866 
113.187561 
113.187866 
113.187866 
113.187866 
113.187561 
113.187866 
113.187866 
113.188171 
113.188477 
113.188477 
113.188782 
113.189087 
113.187866 
113.187561 
113.186646 
113.186951 
113.186951 
113.187256 
113.187866 
113.187866 
113.188477 
113.188171 
113.188171 
113.188477 
113.188477 
113.188171 
113.188477 
113.188171 
113.187866 
113.187561 
113.187561 
113.187561 
113.188171 
113.189697 
113.190002 
113.190308 
113.190613 
113.190308 
113.189697 
113.189697 
113.189697 
113.189392 
113.189697 
113.189697 
113.189392 
113.190002 
113.189392 
113.190308 
113.189697 
113.190002 
113.190613 
113.190613 
113.190002 
113.188477 
113.188477 
113.188477 
113.188477 
113.188782 
113.189087 
113.189087 
113.189087 
113.189087 
113.189087 
113.188782 
113.189087 
113.189087 
113.188477 
113.188782 
113.188171 
113.187866 
113.187561 
113.187866 
113.189087 
113.189392 
113.190002 
113.189697 
113.190002 
113.189697 
113.189392 
113.189392 
113.188477 
113.188477 
113.188782 
113.188477 
113.188477 
113.188477 
113.188782 
113.188171 
113.188782 
113.188782 
113.189087 
113.188782 
113.187561 
113.186951 
113.186646 
113.186340 
113.186646 
113.186646 
113.186951 
113.186951 
113.187256 
113.187256 
113.187256 
113.187256 
113.187256 
113.186951 
113.186951 
113.186951 
113.186340 
113.186340 
113.185730 
113.186340 
113.187256 
113.188171 
113.188477 
113.188477 
113.188171 
113.187866 
113.187866 
113.187866 
113.187866 
113.187866 
113.187866 
113.187866 
113.187866 
113.187866 
113.187866 
113.188171 
113.188171 
113.189087 
113.188782 
113.188477 
113.187866 
113.186951 
113.186340 
113.186951 
113.186951 
113.187561 
113.187561 
113.187561 
113.188171 
113.188171 
113.187866 
113.188477 
113.187866 
113.188477 
113.188171 
113.187866 
113.187561 
113.187561 
113.187561 
113.187256 
113.188782 
113.189392 
113.190002 
113.190002 
113.190002 
113.190002 
113.189697 
113.189392 
113.189392 
113.189392 
113.189087 
113.189087 
113.189697 
113.189392 
113.189087 
113.189697 
113.190002 
113.190002 
113.190308 
113.190002 
113.189087 
113.188171 
113.187561 
113.187866 
113.188477 
113.188477 
113.188477 
113.188477 
113.188782 
113.188477 
113.188782 
113.188782 
113.188477 
113.188477 
113.188477 
113.188477 
113.187866 
113.187561 
113.186951 
113.187561 
113.187866 
113.189392 
113.189392 
113.189697 
113.189697 
113.189392 
113.189392 
113.188782 
113.188477 
113.188782 
113.188782 
113.188171 
113.188171 
113.188171 
113.188477 
113.188477 
113.188782 
113.189087 
113.189087 
113.188782 
113.188171 
113.186951 
113.186035 
113.186035 
113.186646 
113.186340 
113.186646 
113.186951 
113.187256 
113.187256 
113.187256 
113.186951 
113.186951 
113.187256 
113.186951 
113.186951 
113.186340 
113.186035 
113.186035 
113.186035 
113.186951 
113.188171 
113.188782 
113.189087 
113.188782 
113.188782 
113.188171 
113.187561 
113.188171 
113.187561 
113.187866 
113.187866 
113.188171 
113.187866 
113.188171 
113.188171 
113.188477 
113.188782 
113.189087 
113.188782 
113.187866 
113.186646 
113.186646 
113.186951 
113.187256 
113.187561 
113.187866 
113.187561 
113.187866 
113.188171 
113.188171 
113.188171 
113.188171 
113.187866 
113.187866 
113.188171 
113.187561 
113.186951 
113.187256 
113.187561 
113.188171 
113.189392 
113.190002 
113.190308 
113.190002 
113.189697 
113.189392 
113.188782 
113.189392 
113.188782 
113.188782 
113.188782 
113.189087 
113.189087 
113.189087 
113.189392 
113.189697 
113.190002 
113.189697 
113.189697 
113.188477 
113.187866 
113.187561 
113.187561 
113.187866 
113.187866 
113.188171 
113.188171 
113.188477 
113.188477 
113.188477 
113.188171 
113.187866 
113.188171 
113.187866 
113.187866 
113.187561 
113.187256 
113.187561 
113.187256 
113.188171 
113.189087 
113.189392 
113.189697 
113.189392 
113.189087 
113.188477 
113.188477 
113.188171 
113.188171 
113.187866 
113.188477 
113.188171 
113.188477 
113.188477 
113.188477 
113.188477 
113.188477 
113.188782 
113.188477 
113.187866 
113.186646 
113.186340 
113.186646 
113.186646 
113.186951 
113.186951 
113.187561 
113.187561 
113.187256 
113.187866 
113.187256 
113.187256 
113.187256 
113.187256 
113.186951 
113.186646 
113.186340 
113.185730 
113.186646 
113.187256 
113.187866 
113.188477 
113.188782 
113.188477 
113.188782 
113.188477 
113.187866 
113.188171 
113.187866 
113.187866 
113.188171 
113.188477 
113.188171 
113.188171 
113.188782 
113.188171 
113.189087 
113.189392 
113.188782 
113.188171 
113.187256 
113.186951 
113.186646 
113.187561 
113.187561 
113.187561 
113.188171 
113.187866 
113.187866 
113.188171 
113.188171 
113.188171 
113.188171 
113.187866 
113.187866 
113.187866 
113.187256 
113.186951 
113.187561 
113.188477 
113.189087 
113.190002 
113.189697 
113.189697 
113.189697 
113.189392 
113.189087 
113.189087 
113.188782 
113.188477 
113.189087 
113.189087 
113.188782 
113.189392 
113.189087 
113.189087 
113.189697 
113.189697 
113.189392 
113.188171 
113.187866 
113.187256 
113.187561 
113.187561 
113.187866 
113.187866 
113.187866 
113.188171 
113.188171 
113.188477 
113.188171 
113.188477 
113.187866 
113.187866 
113.187866 
113.187561 
113.186646 
113.186340 
113.186951 
113.187866 
113.189087 
113.189087 
113.189392 
113.189087 
113.189087 
113.188477 
113.188477 
113.188171 
113.188171 
113.188171 
113.188477 
113.187866 
113.188477 
113.188477 
113.188477 
113.188171 
113.188782 
113.189087 
113.188477 
113.187561 
113.186646 
113.186646 
113.186646 
113.186340 
113.186340 
113.187256 
113.187866 
113.187866 
113.187561 
113.187256 
113.187866 
113.187866 
113.187561 
113.186951 
113.187561 
113.187256 
113.186646 
113.186340 
113.186646 
113.187561 
113.188171 
113.188782 
113.189087 
113.188782 
113.188477 
113.188171 
113.188171 
113.187866 
113.187866 
113.188171 
113.187866 
113.188171 
113.188171 
113.188477 
113.188477 
113.188782 
113.188782 
113.189392 
113.188782 
113.187866 
113.186951 
113.187256 
113.187256 
113.187256 
113.187866 
113.187561 
113.187561 
113.187866 
113.188171 
113.188171 
113.187866 
113.188171 
113.187866 
113.187866 
113.187866 
113.187561 
113.186951 
113.186646 
113.187561 
113.188477 
113.189392 
113.189392 
113.189392 
113.189697 
113.189392 
113.189392 
113.188782 
113.188782 
113.188171 
113.188782 
113.188782 
113.188782 
113.188782 
113.188782 
113.189087 
113.189087 
113.189697 
113.189392 
113.189392 
113.188171 
113.187256 
113.187256 
113.186951 
113.187256 
113.187561 
113.187256 
113.187866 
113.187866 
113.188171 
113.188171 
113.188171 
113.187866 
113.187866 
113.188171 
113.187561 
113.186951 
113.186951 
113.186951 
113.187256 
113.187866 
113.188782 
113.188782 
113.189087 
113.189087 
113.189087 
113.188477 
113.188477 
113.187866 
113.187866 
113.188171 
113.188171 
113.188477 
113.188171 
113.188171 
113.188782 
113.188782 
113.188782 
113.189087 
113.188782 
113.187561 
113.187256 
113.186646 
113.186646 
113.186646 
113.186951 
113.187256 
113.187256 
113.187256 
113.187561 
113.187256 
113.187256 
113.187561 
113.187256 
113.187561 
113.187256 
113.186951 
113.186646 
113.186340 
113.186646 
113.187256 
113.188171 
113.188782 
113.189087 
113.188782 
113.188782 
113.188477 
113.188171 
113.188477 
113.187866 
113.188171 
113.188171 
113.188477 
113.188477 
113.188782 
113.188477 
113.189087 
113.188782 
113.189392 
113.189087 
113.187561 
113.186951 
113.186646 
113.186951 
113.186951 
113.187866 
113.188171 
113.188171 
113.188171 
113.188171 
113.187561 
113.187866 
113.188171 
113.187866 
113.187561 
113.187561 
113.186951 
113.186951 
113.186646 
113.186646 
113.188477 
113.188782 
113.189392 
113.189392 
113.189392 
113.189087 
113.188477 
113.188782 
113.188477 
113.188171 
113.188477 
113.188477 
113.188782 
113.188782 
113.188477 
113.188477 
113.189392 
113.188782 
113.189087 
113.188782 
113.188171 
113.186646 
113.186951 
113.186951 
113.187256 
113.187561 
113.187561 
113.187561 
113.187561 
113.188171 
113.188171 
113.188171 
113.187866 
113.187866 
113.187866 
113.187561 
113.186951 
113.186646 
113.186646 
113.186951 
113.187866 
113.188477 
113.188782 
113.189392 
113.189087 
113.189087 
113.188171 
113.188171 
113.188477 
113.188171 
113.188477 
113.188171 
113.188171 
113.188477 
113.188477 
113.188477 
113.188782 
113.188477 
113.189087 
113.188782 
113.187866 
113.186646 
113.186646 
113.186951 
113.186646 
113.186951 
113.187866 
113.187256 
113.187561 
113.187866 
113.187561 
113.187866 
113.187561 
113.187561 
113.186951 
113.187561 
113.186646 
113.186340 
113.186340 
113.186340 
113.187866 
113.188782 
113.188782 
113.188782 
113.188782 
113.188782 
113.188477 
113.188477 
113.188171 
113.187866 
113.188477 
113.188171 
113.187866 
113.188477 
113.188782 
113.188477 
113.188782 
113.189087 
113.189087 
113.189087 
113.187866 
113.186951 
113.186646 
113.186951 
113.186646 
113.187561 
113.187866 
113.187866 
113.188171 
113.188171 
113.188171 
113.187866 
113.188171 
113.187256 
113.187866 
113.187256 
113.186951 
113.186951 
113.186340 
113.187256 
113.187866 
113.188782 
113.188782 
113.188782 
113.189087 
113.188782 
113.188477 
113.188477 
113.188171 
113.188171 
113.188171 
113.188477 
113.188171 
113.188477 
113.188477 
113.188477 
113.188477 
113.189392 
113.189392 
113.189087 
113.187866 
113.186951 
113.186646 
113.186951 
113.187256 
113.187561 
113.187561 
113.187561 
113.187866 
113.187866 
113.187866 
113.187561 
113.187561 
113.187866 
113.187256 
113.187561 
113.186340 
113.186340 
113.186951 
113.186951 
113.187866 
113.188782 
113.188782 
113.189087 
113.188782 
113.188477 
113.188171 
113.188171 
113.187561 
113.187866 
113.187866 
113.188171 
113.187866 
113.187561 
113.188171 
113.188171 
113.188477 
113.188782 
113.188782 
113.188477 
113.187866 
113.186951 
113.186340 
113.186646 
113.186646 
113.186951 
113.187256 
113.187561 
113.187561 
113.187561 
113.187561 
113.187561 
113.187866 
113.187561 
113.187256 
113.187256 
113.186646 
113.186951 
113.186646 
113.186646 
113.187561 
113.188477 
113.188782 
113.188782 
113.189087 
113.188477 
113.188171 
113.188171 
113.187866 
113.187561 
113.187866 
113.188171 
113.188477 
113.188171 
113.188477 
113.188477 
113.188477 
113.189087 
113.188782 
113.189087 
113.187561 
113.186646 
113.186951 
113.186951 
113.187256 
113.187256 
113.187561 
113.187561 
113.187866 
113.187866 
113.188171 
113.187866 
113.188171 
113.187561 
113.187866 
113.187256 
113.186951 
113.186951 
113.186646 
113.187256 
113.188171 
113.189087 
113.189087 
113.189392 
113.189087 
113.189087 
113.188782 
113.188477 
113.188171 
113.188171 
113.188477 
113.187866 
113.188477 
113.188782 
113.188477 
113.188477 
113.188782 
113.189087 
113.189392 
113.189087 
113.187256 
113.186951 
113.186951 
113.186951 
113.187256 
113.187256 
113.187561 
113.187561 
113.187866 
113.187866 
113.187866 
113.187866 
113.188171 
113.187561 
113.187561 
113.187561 
113.186951 
113.186035 
113.186340 
113.186646 
113.188171 
113.188782 
113.188782 
113.188782 
113.188782 
113.188477 
113.188782 
113.188171 
113.187866 
113.188171 
113.188477 
113.188171 
113.188171 
113.188477 
113.188171 
113.188477 
113.188477 
113.188782 
113.189087 
113.188477 
113.187561 
113.186646 
113.186646 
113.186951 
113.186951 
113.186951 
113.187256 
113.187561 
113.187561 
113.187561 
113.187561 
113.187866 
113.187561 
113.187561 
113.187256 
113.187256 
113.186951 
113.186646 
113.186646 
113.186951 
113.187866 
113.188477 
113.188782 
113.188782 
113.189087 
113.188782 
113.188171 
113.188171 
113.187866 
113.188171 
113.187866 
113.187866 
113.188171 
113.188477 
113.188477 
113.188477 
113.189087 
113.189087 
113.189087 
113.189087 
113.187866 
113.186951 
113.186951 
113.186951 
113.187256 
113.187561 
113.187256 
113.187866 
113.187866 
113.187866 
113.187256 
113.187866 
113.187866 
113.187866 
113.187866 
113.187256 
113.187256 
113.186340 
113.186646 
113.186951 
113.188171 
113.188782 
113.188782 
113.189392 
113.189087 
113.188477 
113.188477 
113.188171 
113.188171 
113.188171 
113.188171 
113.188477 
113.188171 
113.188171 
113.188171 
113.188477 
113.188477 
113.188782 
113.188782 
113.188782 
113.187866 
113.186646 
113.186340 
113.186646 
113.187256 
113.186951 
113.187256 
113.187561 
113.187561 
113.187866 
113.187866 
113.187561 
113.187561 
113.187256 
113.187561 
113.187561 
113.186951 
113.186340 
113.186646 
113.186951 
113.187866 
113.188782 
113.188782 
113.189392 
113.188782 
113.188477 
113.188171 
113.188171 
113.188171 
113.187866 
113.188171 
113.188171 
113.187866 
113.187866 
113.188171 
113.188171 
113.188171 
113.188782 
113.189087 
113.188477 
113.187866 
113.186340 
113.186340 
113.186646 
113.186951 
113.187256 
113.186951 
113.187866 
113.187561 
113.187866 
113.187866 
113.186951 
113.187866 
113.187866 
113.187256 
113.187256 
113.186951 
113.186951 
113.186340 
113.186951 
113.187561 
113.188477 
113.189087 
113.189087 
113.188782 
113.189087 
113.188171 
113.188477 
113.188477 
113.188171 
113.188171 
113.187866 
113.187866 
113.187866 
113.188477 
113.188477 
113.188782 
113.188782 
113.189087 
113.188171 
113.187561 
113.186646 
113.186646 
113.186646 
113.186951 
113.186951 
113.187561 
113.187561 
113.187561 
113.188171 
113.187866 
113.187256 
113.187866 
113.187866 
113.187256 
113.187561 
113.186646 
113.186646 
113.187256 
113.186951 
113.188171 
113.188477 
113.189087 
113.189087 
113.189087 
113.188782 
113.188171 
113.188171 
113.187866 
113.187866 
113.188171 
113.187866 
113.188171 
113.188171 
113.188477 
113.188477 
113.188477 
113.188782 
113.188782 
113.188782 
113.187561 
113.186951 
113.186035 
113.186951 
113.186646 
113.187256 
113.187561 
113.186951 
113.187561 
113.187561 
113.187256 
113.187866 
113.187561 
113.187256 
113.187256 
113.187256 
113.186951 
113.186646 
113.186340 
113.186951 
113.187866 
113.188782 
113.189087 
113.189087 
113.188782 
113.188171 
113.188171 
113.188171 
113.188477 
113.188171 
113.187866 
113.188171 
113.187866 
113.188171 
113.188171 
113.188477 
113.188782 
113.188782 
113.188477 
113.188782 
113.187561 
113.186951 
113.186646 
113.186646 
113.187256 
113.187256 
113.187561 
113.187561 
113.187561 
113.187866 
113.187561 
113.187866 
113.187866 
113.187561 
113.187561 
113.187256 
113.186951 
113.186646 
113.186646 
113.187256 
113.188171 
113.189087 
113.189087 
113.189697 
113.188782 
113.188782 
113.188171 
113.188477 
113.187866 
113.188171 
113.188171 
113.187866 
113.187866 
113.188477 
113.188477 
113.188171 
113.188782 
113.189087 
113.188477 
113.188477 
113.187256 
113.186646 
113.186340 
113.187256 
113.186340 
113.187561 
113.187561 
113.187256 
113.188171 
113.187561 
113.187866 
113.187561 
113.187561 
113.187866 
113.187561 
113.187561 
113.186340 
113.186951 
113.186646 
113.186646 
113.188171 
113.188477 
113.189087 
113.189087 
113.189087 
113.188782 
113.188171 
113.187866 
113.188171 
113.188477 
113.188477 
113.188171 
113.188171 
113.188477 
113.188171 
113.188171 
113.188782 
113.188782 
113.189087 
113.188782 
113.187256 
113.186340 
113.186646 
113.186951 
113.186951 
113.187561 
113.186951 
113.187561 
113.187866 
113.187561 
113.187561 
113.187561 
113.187866 
113.187561 
113.187561 
113.186951 
113.186646 
113.186340 
113.186646 
113.186951 
113.188171 
113.188782 
113.188782 
113.188782 
113.189087 
113.188477 
113.188477 
113.188171 
113.187866 
113.188171 
113.188171 
113.188171 
113.188477 
113.187866 
113.187866 
113.188477 
113.188782 
113.188782 
113.188782 
113.188782 
113.187256 
113.186646 
113.186646 
113.186646 
113.186951 
113.186951 
113.186951 
113.187256 
113.188171 
113.187561 
113.187561 
113.187866 
113.187561 
113.187256 
113.187256 
113.187561 
113.186646 
113.186035 
113.186646 
113.186951 
113.188171 
113.188782 
113.189087 
113.189087 
113.188782 
113.188171 
113.188477 
113.187866 
113.187866 
113.188171 
113.188171 
113.188171 
113.188171 
113.187866 
113.188477 
113.188477 
113.188477 
113.189087 
113.188782 
113.188171 
113.187256 
113.186340 
113.186646 
113.186646 
113.186951 
113.186951 
113.187256 
113.187561 
113.187256 
113.187561 
113.187561 
113.187866 
113.187561 
113.187561 
113.187561 
113.186951 
113.186646 
113.186340 
113.186951 
113.187256 
113.187866 
113.188782 
113.188782 
113.188782 
113.189087 
113.188171 
113.188477 
113.188171 
113.188171 
113.188171 
113.188171 
113.187866 
113.188171 
113.188171 
113.188171 
113.188477 
113.188782 
113.188782 
113.188782 
113.188782 
113.187561 
113.186646 
113.186951 
113.186951 
113.186951 
113.187256 
113.187256 
113.187256 
113.187561 
113.187866 
113.187561 
113.187866 
113.187866 
113.187256 
113.187256 
113.187256 
113.186951 
113.186646 
113.186646 
113.186951 
113.188171 
113.188477 
113.188782 
113.189087 
113.188782 
113.188477 
113.188477 
113.188477 
113.188171 
113.188171 
113.188171 
113.187866 
113.187866 
113.188477 
113.188171 
113.188477 
113.188782 
113.189087 
113.189087 
113.188171 
113.187561 
113.186951 
113.186646 
113.186340 
113.186646 
113.186035 
113.185730 
113.183899 
113.182068 
113.178711 
113.175659 
113.171997 
113.167725 
113.163452 
113.158569 
113.153076 
113.147583 
113.141785 
113.135376 
113.129578 
113.124084 
113.117981 
113.110352 
113.103638 
113.096008 
113.087158 
113.079224 
113.070068 
113.060913 
113.052368 
113.043518 
113.034058 
113.024292 
113.015442 
113.005676 
112.995911 
112.985840 
112.976074 
112.966003 
112.955627 
112.943726 
112.932739 
112.921753 
112.911377 
112.900696 
112.889709 
112.879028 
112.868652 
112.858276 
112.846985 
112.835693 
112.825012 
112.813721 
112.802429 
112.791748 
112.779846 
112.768555 
112.756958 
112.745667 
112.734985 
112.724915 
112.714844 
112.703857 
112.692566 
112.681274 
112.670288 
112.658691 
112.647095 
112.636108 
112.625122 
112.613831 
112.602844 
112.591858 
112.580566 
112.570190 
112.559204 
112.548523 
112.537842 
112.527161 
112.515259 
112.503967 
112.492371 
112.481079 
112.470703 
112.460327 
112.449341 
112.438965 
112.428894 
112.417603 
112.407532 
112.396545 
112.386169 
112.374878 
112.364502 
112.353821 
112.343140 
112.332153 
112.321472 
112.310791 
112.300720 
112.291565 
112.281494 
112.271423 
112.261353 
112.250366 
112.239685 
112.229309 
112.218628 
112.207947 
112.197571 
112.187195 
112.176514 
112.166748 
112.156067 
112.145691 
112.135925 
112.125854 
112.115479 
112.104797 
112.093811 
112.082520 
112.071838 
112.060852 
112.050781 
112.041016 
112.030640 
112.020874 
112.010498 
112.000427 
111.990356 
111.979980 
111.969604 
111.959229 
111.948242 
111.937866 
111.927185 
111.916504 
111.906128 
111.895447 
111.885681 
111.876526 
111.866760 
111.856384 
111.846924 
111.835938 
111.824951 
111.814575 
111.803894 
111.792908 
111.782227 
111.771851 
111.761169 
111.750793 
111.741028 
111.730347 
111.720276 
111.709595 
111.699524 
111.688843 
111.677856 
111.666565 
111.655273 
111.644287 
111.633301 
111.623840 
111.613770 
111.603088 
111.593018 
111.582947 
111.572571 
111.561584 
111.551514 
111.541138 
111.530151 
111.519775 
111.508789 
111.497498 
111.486206 
111.475830 
111.466064 
111.456604 
111.446838 
111.436462 
111.426392 
111.415710 
111.405029 
111.394043 
111.383362 
111.372986 
111.362305 
111.351929 
111.341553 
111.330872 
111.320801 
111.310120 
111.299744 
111.289673 
111.278992 
111.269226 
111.257629 
111.246338 
111.235046 
111.224365 
111.214294 
111.203918 
111.193848 
111.183167 
111.173401 
111.163025 
111.152954 
111.142578 
111.131897 
111.121521 
111.111145 
111.100464 
111.089783 
111.079102 
111.068420 
111.058044 
111.048279 
111.039124 
111.029358 
111.018982 
111.008301 
110.998230 
110.987244 
110.977173 
110.966187 
110.955505 
110.945435 
110.934753 
110.924377 
110.914001 
110.903625 
110.893555 
110.882874 
110.873108 
110.863037 
110.852356 
110.841675 
110.829773 
110.819092 
110.808411 
110.798035 
110.788269 
110.777893 
110.767517 
110.757446 
110.747681 
110.737000 
110.726624 
110.716248 
110.705872 
110.694885 
110.684509 
110.673523 
110.663452 
110.652161 
110.642090 
110.632324 
110.622864 
110.613403 
110.603333 
110.593872 
110.582581 
110.572205 
110.561829 
110.550537 
110.539551 
110.529480 
110.519409 
110.508728 
110.498657 
110.488281 
110.477905 
110.468140 
110.458374 
110.447998 
110.437927 
110.426636 
110.415344 
110.404358 
110.393982 
110.383301 
110.373230 
110.362854 
110.352783 
110.342712 
110.332947 
110.322876 
110.312195 
110.302429 
110.292053 
110.281372 
110.270996 
110.260620 
110.249634 
110.239563 
110.228882 
110.219421 
110.209961 
110.200195 
110.190125 
110.180359 
110.170288 
110.160522 
110.151367 
110.143127 
110.135193 
110.128784 
110.123596 
110.118713 
110.115051 
110.111389 
110.108337 
110.105591 
110.104065 
110.102539 
110.101013 
110.099792 
110.097046 
110.096436 
110.095520 
110.094910 
110.094604 
110.094604 
110.094910 
110.095215 
110.095825 
110.095825 
110.095825 
110.095825 
110.095825 
110.095825 
110.096436 
110.095825 
110.095825 
110.095825 
110.095825 
110.096741 
110.098572 
110.099792 
110.100098 
110.101013 
110.101013 
110.101013 
110.100403 
110.101318 
110.101013 
110.100708 
110.101013 
110.101318 
110.101929 
110.102539 
110.102539 
110.102844 
110.102539 
110.103149 
110.103760 
110.103455 
110.101624 
110.101624 
110.101929 
110.101929 
110.101929 
110.102844 
110.102844 
110.103149 
110.103455 
110.103760 
110.103760 
110.104370 
110.104065 
110.103760 
110.103760 
110.103455 
110.103455 
110.103149 
110.103149 
110.103760 
110.104980 
110.105286 
110.105286 
110.105896 
110.105896 
110.105591 
110.105591 
110.105286 
110.104980 
110.104675 
110.105286 
110.105591 
110.104980 
110.105591 
110.105286 
110.105591 
110.106201 
110.105896 
110.105896 
110.105591 
110.104065 
