Blum, K. P., D’Incamps, B. L., Zytnicki, D., & Ting, L. H. (2017).
Force encoding in muscle spindles during stretch of
passive muscle. PLoS computational biology, 13(9), 
e1005767. <https://journals.plos.org/ploscompbiol/article?
id=10.1371/journal.pcbi.1005767>

cat medial gastrocnemius muscle lengths over t  (in 0.0005 s increments)
110.110168 
110.109863 
110.110168 
110.109863 
110.109863 
110.109253 
110.109253 
110.108948 
110.108643 
110.108643 
110.109863 
110.111084 
110.111389 
110.111389 
110.111084 
110.110779 
110.110474 
110.110474 
110.109863 
110.109863 
110.109558 
110.109253 
110.109558 
110.109558 
110.109558 
110.109863 
110.110474 
110.110779 
110.110779 
110.110779 
110.109558 
110.108643 
110.108032 
110.108643 
110.108643 
110.108948 
110.109253 
110.109253 
110.109558 
110.110168 
110.109863 
110.110168 
110.109558 
110.109863 
110.109863 
110.109863 
110.109558 
110.108948 
110.108948 
110.108948 
110.109863 
110.110779 
110.111694 
110.111389 
110.111084 
110.110779 
110.110474 
110.109863 
110.109558 
110.109863 
110.109863 
110.109863 
110.109863 
110.109863 
110.110168 
110.110168 
110.110474 
110.110779 
110.111084 
110.110779 
110.109863 
110.108948 
110.108337 
110.108337 
110.108643 
110.109253 
110.108948 
110.109558 
110.109863 
110.109863 
110.109863 
110.109863 
110.110168 
110.110474 
110.109863 
110.109558 
110.108948 
110.108948 
110.108337 
110.108948 
110.110168 
110.111084 
110.111694 
110.111084 
110.111084 
110.110779 
110.110168 
110.109863 
110.109253 
110.109863 
110.109863 
110.109253 
110.109863 
110.109558 
110.109863 
110.110474 
110.110779 
110.111084 
110.111694 
110.110779 
110.109558 
110.108948 
110.108643 
110.108643 
110.109558 
110.109558 
110.109863 
110.110474 
110.111389 
110.111389 
110.112000 
110.112610 
110.112915 
110.113525 
110.114136 
110.113831 
110.114441 
110.114746 
110.115051 
110.116577 
110.118713 
110.120850 
110.122375 
110.123596 
110.124512 
110.125427 
110.126648 
110.126953 
110.128784 
110.130310 
110.131836 
110.133362 
110.135193 
110.137329 
110.139160 
110.141602 
110.144043 
110.146179 
110.149231 
110.150757 
110.152283 
110.153503 
110.155334 
110.158081 
110.160828 
110.163574 
110.166931 
110.169983 
110.173340 
110.176392 
110.179443 
110.182190 
110.185547 
110.188599 
110.191650 
110.194702 
110.197754 
110.200806 
110.204163 
110.207825 
110.212708 
110.217590 
110.221863 
110.225525 
110.229492 
110.232849 
110.236816 
110.240479 
110.244141 
110.248108 
110.252380 
110.256958 
110.260925 
110.266113 
110.270386 
110.275269 
110.280762 
110.285645 
110.290527 
110.295715 
110.299377 
110.303345 
110.308533 
110.313721 
110.318909 
110.324707 
110.330811 
110.336609 
110.343018 
110.349121 
110.355530 
110.361938 
110.368042 
110.374146 
110.380554 
110.387268 
110.393372 
110.400085 
110.406494 
110.413818 
110.422058 
110.430603 
110.437927 
110.445251 
110.452881 
110.460205 
110.467529 
110.474854 
110.482178 
110.489807 
110.497742 
110.505371 
110.513000 
110.520935 
110.528870 
110.536804 
110.545044 
110.553284 
110.560913 
110.568848 
110.574951 
110.581360 
110.588684 
110.595703 
110.603943 
110.611877 
110.619812 
110.627747 
110.635681 
110.643616 
110.651855 
110.659790 
110.667725 
110.675354 
110.683594 
110.691528 
110.699158 
110.707397 
110.715332 
110.723877 
110.733643 
110.743103 
110.752563 
110.761414 
110.769653 
110.778503 
110.786743 
110.795593 
110.804443 
110.813293 
110.822754 
110.831909 
110.841064 
110.850830 
110.860291 
110.871277 
110.881348 
110.891418 
110.901489 
110.910950 
110.920105 
110.928955 
110.938416 
110.949097 
110.959473 
110.969849 
110.980225 
110.990906 
111.001587 
111.012268 
111.022949 
111.033325 
111.043396 
111.053772 
111.063843 
111.073914 
111.083679 
111.093445 
111.103210 
111.113892 
111.125488 
111.136475 
111.147461 
111.157837 
111.167908 
111.178589 
111.188354 
111.198425 
111.208191 
111.218567 
111.228638 
111.238708 
111.249390 
111.259766 
111.269531 
111.280212 
111.290894 
111.301270 
111.312256 
111.322021 
111.331482 
111.340637 
111.350708 
111.360779 
111.370850 
111.381836 
111.392212 
111.402588 
111.412964 
111.423645 
111.434326 
111.445007 
111.454773 
111.464844 
111.474609 
111.484985 
111.494751 
111.504517 
111.514282 
111.524963 
111.536560 
111.547546 
111.558838 
111.568604 
111.579285 
111.589050 
111.598816 
111.608887 
111.618652 
111.628723 
111.638794 
111.649475 
111.659546 
111.669922 
111.680603 
111.690979 
111.701355 
111.712341 
111.722717 
111.732788 
111.741638 
111.750793 
111.760559 
111.771240 
111.781006 
111.791382 
111.802673 
111.813354 
111.823425 
111.833801 
111.843872 
111.854248 
111.864624 
111.874695 
111.884460 
111.894531 
111.903687 
111.913757 
111.923523 
111.933594 
111.945190 
111.956482 
111.967468 
111.977539 
111.987305 
111.997070 
112.007141 
112.016602 
112.026672 
112.036743 
112.046814 
112.056580 
112.066650 
112.077332 
112.087402 
112.097778 
112.108154 
112.119446 
112.129822 
112.139587 
112.148743 
112.157593 
112.167358 
112.177429 
112.187805 
112.198181 
112.208557 
112.218628 
112.229309 
112.240295 
112.250366 
112.260437 
112.271118 
112.280884 
112.290649 
112.300720 
112.310791 
112.320251 
112.329712 
112.339783 
112.351074 
112.362366 
112.373047 
112.382813 
112.391968 
112.401733 
112.411194 
112.420349 
112.430420 
112.439880 
112.449341 
112.458801 
112.468567 
112.478027 
112.487488 
112.497559 
112.507019 
112.517090 
112.526245 
112.534485 
112.543030 
112.550964 
112.559509 
112.568054 
112.577209 
112.586365 
112.595520 
112.604675 
112.614136 
112.622070 
112.630310 
112.639465 
112.647400 
112.655334 
112.663879 
112.671204 
112.679138 
112.686462 
112.694397 
112.702026 
112.711182 
112.720032 
112.727966 
112.735596 
112.742920 
112.750549 
112.757568 
112.764282 
112.770996 
112.778320 
112.785645 
112.792053 
112.799072 
112.806396 
112.813416 
112.820435 
112.827454 
112.834778 
112.841492 
112.847900 
112.852783 
112.858887 
112.864380 
112.870789 
112.877502 
112.883911 
112.890320 
112.897034 
112.903748 
112.909241 
112.915344 
112.921448 
112.926941 
112.932739 
112.938538 
112.943115 
112.948914 
112.953796 
112.958984 
112.963867 
112.970276 
112.977295 
112.981873 
112.987366 
112.992249 
112.997131 
113.001404 
113.005676 
113.010254 
113.014526 
113.019104 
113.023987 
113.028259 
113.032532 
113.037720 
113.041992 
113.046570 
113.051453 
113.056335 
113.059692 
113.062744 
113.065796 
113.069153 
113.073425 
113.077087 
113.081055 
113.084717 
113.088989 
113.092957 
113.096619 
113.099670 
113.103333 
113.106384 
113.109436 
113.112488 
113.115234 
113.117371 
113.120117 
113.123169 
113.125305 
113.129578 
113.133545 
113.136597 
113.139343 
113.142090 
113.143311 
113.145142 
113.147583 
113.149414 
113.151550 
113.153076 
113.155518 
113.157043 
113.159180 
113.161316 
113.163452 
113.165283 
113.167725 
113.169250 
113.170471 
113.171082 
113.171387 
113.171997 
113.173828 
113.175354 
113.175964 
113.177490 
113.179321 
113.180237 
113.181458 
113.182373 
113.182678 
113.183594 
113.184509 
113.184814 
113.184814 
113.185120 
113.185120 
113.184814 
113.185730 
113.186951 
113.188477 
113.189087 
113.188782 
113.188782 
113.188477 
113.188782 
113.188171 
113.187866 
113.187866 
113.187561 
113.187561 
113.187561 
113.187866 
113.187561 
113.187866 
113.188477 
113.188782 
113.188782 
113.188171 
113.187561 
113.186035 
113.185730 
113.185730 
113.185120 
113.186035 
113.186035 
113.186035 
113.186340 
113.186340 
113.186340 
113.186340 
113.186035 
113.185730 
113.185425 
113.184814 
113.184814 
113.184509 
113.183594 
113.183899 
113.184814 
113.186340 
113.186340 
113.186035 
113.186035 
113.185730 
113.185120 
113.184814 
113.184509 
113.183899 
113.184204 
113.183289 
113.183899 
113.183594 
113.183594 
113.184204 
113.184814 
113.184509 
113.184814 
113.185120 
113.183289 
113.182678 
113.182373 
113.182068 
113.182678 
113.182678 
113.182983 
113.183594 
113.183899 
113.183899 
113.183899 
113.183594 
113.183899 
113.183594 
113.183899 
113.182983 
113.182983 
113.182373 
113.182678 
113.182373 
113.183594 
113.184204 
113.184814 
113.184509 
113.184509 
113.184204 
113.183594 
113.183899 
113.183289 
113.183289 
113.182983 
113.183289 
113.183289 
113.182983 
113.183289 
113.183899 
113.183899 
113.184204 
113.184814 
113.184204 
113.182983 
113.182068 
113.181458 
113.181458 
113.181458 
113.182068 
113.182373 
113.182373 
113.182983 
113.182983 
113.182678 
113.182373 
113.182678 
113.182373 
113.182373 
113.182068 
113.181763 
113.181152 
113.180542 
113.180847 
113.182373 
113.182983 
113.183289 
113.182678 
113.182983 
113.182678 
113.182373 
113.182068 
113.182068 
113.181458 
113.181152 
113.181458 
113.180847 
113.181152 
113.181458 
113.181458 
113.182068 
113.182373 
113.182678 
113.182678 
113.181458 
113.180237 
113.179932 
113.180237 
113.180237 
113.180237 
113.180847 
113.181763 
113.181458 
113.181458 
113.181458 
113.181763 
113.181458 
113.181763 
113.181458 
113.180847 
113.180847 
113.180237 
113.179932 
113.180542 
113.182068 
113.182983 
113.182983 
113.183289 
113.182678 
113.182373 
113.182373 
113.182068 
113.181763 
113.182068 
113.181763 
113.181763 
113.181458 
113.182373 
113.182373 
113.182373 
113.182678 
113.182983 
113.183289 
113.183289 
113.182373 
113.181152 
113.180847 
113.181152 
113.180847 
113.181458 
113.181763 
113.182068 
113.182373 
113.182373 
113.182678 
113.182983 
113.182678 
113.182678 
113.182678 
113.182068 
113.182373 
113.181458 
113.181152 
113.181458 
113.182983 
113.183594 
113.183899 
113.183594 
113.183289 
113.183289 
113.183289 
113.182373 
113.182373 
113.182373 
113.182373 
113.182068 
113.182068 
113.181763 
113.182373 
113.182678 
113.182678 
113.183289 
113.183594 
113.182983 
113.181763 
113.180542 
113.180542 
113.180237 
113.180847 
113.181152 
113.180847 
113.181458 
113.181763 
113.181763 
113.181458 
113.181458 
113.181458 
113.181152 
113.181152 
113.180847 
113.180542 
113.180237 
113.179626 
113.179626 
113.181152 
113.182678 
113.182373 
113.182373 
113.182373 
113.182068 
113.181763 
113.181458 
113.180847 
113.180542 
113.180847 
113.180847 
113.180542 
113.181152 
113.180847 
113.181152 
113.181458 
113.182373 
113.182373 
113.182068 
113.180847 
113.179932 
113.179626 
113.179626 
113.179932 
113.180237 
113.180542 
113.181152 
113.181152 
113.181458 
113.181458 
113.181763 
113.181763 
113.181152 
113.181458 
113.180847 
113.180847 
113.180542 
113.179932 
113.180542 
113.181458 
113.182983 
113.182678 
113.182678 
113.182678 
113.182068 
113.182068 
113.181458 
113.181152 
113.181152 
113.181458 
113.181458 
113.181152 
113.181152 
113.181763 
113.182068 
113.182373 
113.182678 
113.182983 
113.182373 
113.181458 
113.180542 
113.180237 
113.180237 
113.180542 
113.180847 
113.181458 
113.181458 
113.181763 
113.181458 
113.181763 
113.181763 
113.181763 
113.181458 
113.181458 
113.181763 
113.180542 
113.180542 
113.180237 
113.180237 
113.181763 
113.182678 
113.183289 
113.182678 
113.182678 
113.182068 
113.181458 
113.181152 
113.181152 
113.181152 
113.181152 
113.181152 
113.181458 
113.180847 
113.181152 
113.181152 
113.181458 
113.182373 
113.182068 
113.181763 
113.180847 
113.179626 
113.179321 
113.179626 
113.179626 
113.179626 
113.179932 
113.180542 
113.180847 
113.181152 
113.181152 
113.181152 
113.180542 
113.180542 
113.181152 
113.180237 
113.180237 
113.179932 
113.179321 
113.179932 
113.180542 
113.181763 
113.182373 
113.182373 
113.182068 
113.181458 
113.181152 
113.181152 
113.181152 
113.180542 
113.180237 
113.180847 
113.180847 
113.180847 
113.180847 
113.181152 
113.181763 
113.182373 
113.182373 
113.181763 
113.181152 
113.180237 
113.179626 
113.179932 
113.179932 
113.180542 
113.180847 
113.181152 
113.181152 
113.181152 
113.181152 
113.181458 
113.181763 
113.181458 
113.180847 
113.180847 
113.180847 
113.180237 
113.180237 
113.180542 
113.181763 
113.182373 
113.182983 
113.182983 
113.182983 
113.182373 
113.182068 
113.181458 
113.181458 
113.181458 
113.181152 
113.180847 
113.181458 
113.181458 
113.181763 
113.182068 
113.182068 
113.182678 
113.182373 
113.182373 
113.181152 
113.179932 
113.179932 
113.179626 
113.180237 
113.180542 
113.180847 
113.181152 
113.181458 
113.181458 
113.181152 
113.181458 
113.181458 
113.181458 
113.181458 
113.181458 
113.180542 
113.180237 
113.179932 
113.180237 
113.181152 
113.182068 
113.182678 
113.182068 
113.181763 
113.181763 
113.181152 
113.180847 
113.180847 
113.180847 
113.180542 
113.180542 
113.180237 
113.180542 
113.180847 
113.181458 
113.181458 
113.181763 
113.182068 
113.181458 
113.180237 
113.179932 
113.179321 
113.179016 
113.179932 
113.179626 
113.179932 
113.180237 
113.180542 
113.181152 
113.180847 
113.180542 
113.180847 
113.181152 
113.181152 
113.180542 
113.180237 
113.179321 
113.179932 
113.179626 
113.181152 
113.182068 
113.182373 
113.182373 
113.182068 
113.181763 
113.181458 
113.181152 
113.180542 
113.180847 
113.180847 
113.181152 
113.180847 
113.181152 
113.180847 
113.181458 
113.181152 
113.182068 
113.182373 
113.182373 
113.181152 
113.179932 
113.179626 
113.179626 
113.180237 
113.180542 
113.180847 
113.181152 
113.181152 
113.181458 
113.181152 
113.181458 
113.181763 
113.181763 
113.181152 
113.181152 
113.180542 
113.180237 
113.179932 
113.180237 
113.181763 
113.182068 
113.182678 
113.182373 
113.182373 
113.181763 
113.181763 
113.181152 
113.180542 
113.180847 
113.180847 
113.180542 
113.180847 
113.180847 
113.181152 
113.181152 
113.181458 
113.182068 
113.182068 
113.181763 
113.180542 
113.179932 
113.179016 
113.179932 
113.179626 
113.179932 
113.180237 
113.180542 
113.180542 
113.181152 
113.181152 
113.181152 
113.181152 
113.180847 
113.180847 
113.180847 
113.180542 
113.179626 
113.179321 
113.179626 
113.181152 
113.181763 
113.182068 
113.181763 
113.181458 
113.181458 
113.181152 
113.180847 
113.180542 
113.180237 
113.180542 
113.180237 
113.180542 
113.180237 
113.180847 
113.180847 
113.181152 
113.181152 
113.181763 
113.181458 
113.179932 
113.179626 
113.179321 
113.179321 
113.179626 
113.179932 
113.179932 
113.179932 
113.180847 
113.180847 
113.180847 
113.180847 
113.181152 
113.181152 
113.180847 
113.180542 
113.179932 
113.180237 
113.179932 
113.179626 
113.181152 
113.182373 
113.182678 
113.182373 
113.181763 
113.181763 
113.181458 
113.180847 
113.180847 
113.180542 
113.180542 
113.180847 
113.181152 
113.180847 
113.180847 
113.181458 
113.181763 
113.182068 
113.182068 
113.182373 
113.180847 
113.179932 
113.179321 
113.179321 
113.179932 
113.180542 
113.180237 
113.180847 
113.181152 
113.181152 
113.181152 
113.180847 
113.181152 
113.180847 
113.180847 
113.180847 
113.180237 
113.179932 
113.179626 
113.179932 
113.181152 
113.182068 
113.182373 
113.181763 
113.181763 
113.181458 
113.181458 
113.181152 
113.181152 
113.180542 
113.180542 
113.180542 
113.180542 
113.180542 
113.180847 
113.181152 
113.181152 
113.181763 
113.182373 
113.181458 
113.180542 
113.179932 
113.179321 
113.179626 
113.179932 
113.179932 
113.180237 
113.180847 
113.180847 
113.181152 
113.180542 
113.180847 
113.181152 
113.180542 
113.180542 
113.179932 
113.179932 
113.179626 
113.179321 
113.179626 
113.180847 
113.182068 
113.181763 
113.181763 
113.181763 
113.181152 
113.181152 
113.180847 
113.180542 
113.180542 
113.180542 
113.180237 
113.180542 
113.180542 
113.180847 
113.180847 
113.181152 
113.181458 
113.182068 
113.181458 
113.180542 
113.179321 
113.179321 
113.179626 
113.179932 
113.179932 
113.180237 
113.180237 
113.180847 
113.181152 
113.180542 
113.180847 
113.181152 
113.181152 
113.181152 
113.180847 
113.180542 
113.180237 
113.179932 
113.179932 
113.181152 
113.182373 
113.182983 
113.182373 
113.182068 
113.182068 
113.181152 
113.181152 
113.180847 
113.180847 
113.180237 
113.180847 
113.180542 
113.180847 
113.180542 
113.180847 
113.181458 
113.181763 
113.182068 
113.182068 
113.180542 
113.179626 
113.179321 
113.179626 
113.179932 
113.180237 
113.180542 
113.180542 
113.180847 
113.180847 
113.181152 
113.180847 
113.181152 
113.180847 
113.180847 
113.180542 
113.180542 
113.179932 
113.179626 
113.179932 
113.181458 
113.182068 
113.182068 
113.181763 
113.182068 
113.181763 
113.181152 
113.181152 
113.181152 
113.180237 
113.180237 
113.180237 
113.180542 
113.180847 
113.180542 
113.181152 
113.181152 
113.181763 
113.181763 
113.181458 
113.180542 
113.179626 
113.179321 
113.179016 
113.179321 
113.179321 
113.179626 
113.179932 
113.180542 
113.180542 
113.180542 
113.180542 
113.180847 
113.180542 
113.180542 
113.180237 
113.179932 
113.179932 
113.179016 
113.179321 
113.180847 
113.181763 
113.182068 
113.182068 
113.181763 
113.181763 
113.180847 
113.180847 
113.180542 
113.180542 
113.180542 
113.180542 
113.180237 
113.180542 
113.180542 
113.181152 
113.181152 
113.181763 
113.181763 
113.181763 
113.180542 
113.179626 
113.179016 
113.179321 
113.179626 
113.179932 
113.180237 
113.180847 
113.180847 
113.181152 
113.180847 
113.180847 
113.181152 
113.180847 
113.180847 
113.180237 
113.180237 
113.179932 
113.179321 
113.179932 
113.181152 
113.182068 
113.182678 
113.182373 
113.182068 
113.181458 
113.181458 
113.180847 
113.180847 
113.180847 
113.180847 
113.180237 
113.180542 
113.180542 
113.180542 
113.180847 
113.181458 
113.181763 
113.181763 
113.182068 
113.180542 
113.179321 
113.179321 
113.179321 
113.179626 
113.180237 
113.180237 
113.180542 
113.180847 
113.180847 
113.180542 
113.180847 
113.180847 
113.180542 
113.180542 
113.180237 
113.179932 
113.179626 
113.179321 
113.179932 
113.180847 
113.182068 
113.182068 
113.182068 
113.181763 
113.182068 
113.180847 
113.180847 
113.180542 
113.180542 
113.180542 
113.180237 
113.180847 
113.180237 
113.180542 
113.180847 
113.181458 
113.181458 
113.182068 
113.181458 
113.179932 
113.179321 
113.179016 
113.179321 
113.179321 
113.179932 
113.180542 
113.180542 
113.180847 
113.180847 
113.181152 
113.181152 
113.181152 
113.180847 
113.180542 
113.180237 
113.180237 
113.179626 
113.179626 
113.179626 
113.180847 
113.181763 
113.181763 
113.182068 
113.181763 
113.181763 
113.180847 
113.180542 
113.180542 
113.180847 
113.180847 
113.180847 
113.180847 
113.180237 
113.180847 
113.181152 
113.181458 
113.181763 
113.182373 
113.181458 
113.180237 
113.179321 
113.179016 
113.179016 
113.179626 
113.179932 
113.180237 
113.179932 
113.180847 
113.180542 
113.180542 
113.180542 
113.180847 
113.180847 
113.180847 
113.179932 
113.179932 
113.179626 
113.179321 
113.179626 
113.181152 
113.182373 
113.181763 
113.181763 
113.182068 
113.181458 
113.180847 
113.180847 
113.180847 
113.180237 
113.180237 
113.180542 
113.180237 
113.180542 
113.180237 
113.180847 
113.181152 
113.181458 
113.182068 
113.181458 
113.180847 
113.179016 
113.179321 
113.179016 
113.179626 
113.179626 
113.179626 
113.180542 
113.180847 
113.180847 
113.180847 
113.180847 
113.180542 
113.180542 
113.180237 
113.179932 
113.179626 
113.179321 
113.179016 
113.179932 
113.181152 
113.182068 
113.181763 
113.181763 
113.182068 
113.180847 
113.180847 
113.180847 
113.180542 
113.180237 
113.179932 
113.180542 
113.180542 
113.180542 
113.180542 
113.180542 
113.181763 
113.181763 
113.181763 
113.181763 
113.180542 
113.179321 
113.179321 
113.179626 
113.179016 
113.179321 
113.180237 
113.180237 
113.180542 
113.181152 
113.181152 
113.180847 
113.180847 
113.180847 
113.180847 
113.180542 
113.179932 
113.179626 
113.179321 
113.179626 
113.181152 
113.181763 
113.182068 
113.182068 
113.181763 
113.181763 
113.181152 
113.180847 
113.180237 
113.180542 
113.180237 
113.180542 
113.180542 
113.180847 
113.180542 
113.181152 
113.181458 
113.181763 
113.181763 
113.181458 
113.180237 
113.179321 
113.179321 
113.179626 
113.179626 
113.179932 
113.180237 
113.180542 
113.180542 
113.180542 
113.180847 
113.180847 
113.181152 
113.181152 
113.180847 
113.179932 
113.179932 
113.179016 
113.179321 
113.179932 
113.180542 
113.182068 
113.182373 
113.181763 
113.181458 
113.181763 
113.181152 
113.180542 
113.180237 
113.180237 
113.179932 
113.179932 
113.180237 
113.180237 
113.180847 
113.180847 
113.181458 
113.181763 
113.181763 
113.181152 
113.179932 
113.179321 
113.179016 
113.179321 
113.179626 
113.179626 
113.180237 
113.180542 
113.180542 
113.180542 
113.180542 
113.180237 
113.180847 
113.180542 
113.180847 
113.180237 
113.179932 
113.179932 
113.179321 
113.179932 
113.180847 
113.182678 
113.182068 
113.181763 
113.182068 
113.181458 
113.180847 
113.181152 
113.180237 
113.180237 
113.180847 
113.180542 
113.180237 
113.180542 
113.180847 
113.180847 
113.181152 
113.181763 
113.181763 
113.181763 
113.180237 
113.179321 
113.179016 
113.179321 
113.179932 
113.179626 
113.179932 
113.180542 
113.180542 
113.180847 
113.180542 
113.180847 
113.181152 
113.180847 
113.180542 
113.179932 
113.179932 
113.179321 
113.179321 
113.179932 
113.180542 
113.181763 
113.181763 
113.181763 
113.181458 
113.181458 
113.180847 
113.180847 
113.180237 
113.180542 
113.180237 
113.180237 
113.180542 
113.180847 
113.180847 
113.180847 
113.181152 
113.181763 
113.182068 
113.181458 
113.180237 
113.179016 
113.179016 
113.179016 
113.179626 
113.179932 
113.179626 
113.179932 
113.180237 
113.180237 
113.180542 
113.180542 
113.180847 
113.180542 
113.180237 
113.180542 
113.179932 
113.179626 
113.179321 
113.179626 
113.181152 
113.182068 
113.182373 
113.181763 
113.181458 
113.181458 
113.181152 
113.180542 
113.180847 
113.180237 
113.179932 
113.180237 
113.180542 
113.180542 
113.180847 
113.180847 
113.181152 
113.181458 
113.182068 
113.181152 
113.180542 
113.179321 
113.179321 
113.179321 
113.179321 
113.179932 
113.180237 
113.180237 
113.180847 
113.181152 
113.180542 
113.180847 
113.181152 
113.180847 
113.180237 
113.180542 
113.179626 
113.179626 
113.179321 
113.179932 
113.181152 
113.182373 
113.182068 
113.182068 
113.181763 
113.181152 
113.181152 
113.180847 
113.180542 
113.180237 
113.180237 
113.180542 
113.180237 
113.180542 
113.180542 
113.180847 
113.180847 
113.182068 
113.181763 
113.181458 
113.180237 
113.179932 
113.179016 
113.179321 
113.179321 
113.179626 
113.180237 
113.180237 
113.180542 
113.180542 
113.180847 
113.180542 
113.180542 
113.180542 
113.180237 
113.180542 
113.179626 
113.179321 
113.179016 
113.179626 
113.180847 
113.181763 
113.181763 
113.181763 
113.181458 
113.181152 
113.180847 
113.180237 
113.179932 
113.180237 
113.179932 
113.179932 
113.180237 
113.180237 
113.180237 
113.180847 
113.181458 
113.181458 
113.181763 
113.181152 
113.179932 
113.179016 
113.179321 
113.179016 
113.179321 
113.179932 
113.179932 
113.180542 
113.180847 
113.180542 
113.180542 
113.181152 
113.181152 
113.180542 
113.180542 
113.180542 
113.179626 
113.179016 
113.179321 
113.179626 
113.181152 
113.182068 
113.182068 
113.181763 
113.181763 
113.181458 
113.180847 
113.180542 
113.180542 
113.180237 
113.180237 
113.180237 
113.180542 
113.180542 
113.180542 
113.181152 
113.181152 
113.181763 
113.181763 
113.181458 
113.179932 
113.179321 
113.179321 
113.179321 
113.179932 
113.179932 
113.179932 
113.180542 
113.180542 
113.180847 
113.180847 
113.180542 
113.180847 
113.180847 
113.180542 
113.179932 
113.179626 
113.179626 
113.179626 
113.179932 
113.181152 
113.182068 
113.182373 
113.181763 
113.181763 
113.181152 
113.180542 
113.180542 
113.180542 
113.180237 
113.180237 
113.180237 
113.180542 
113.180237 
113.180237 
113.180542 
113.181152 
113.181763 
113.182068 
113.181458 
113.180237 
113.179016 
113.179016 
113.179626 
113.179626 
113.179626 
113.179932 
113.180542 
113.180542 
113.180542 
113.180847 
113.180847 
113.180237 
113.180542 
113.180847 
113.180237 
113.179626 
113.179321 
113.179016 
113.179626 
113.180847 
113.181763 
113.181458 
113.181458 
113.181458 
113.181458 
113.180847 
113.180847 
113.180237 
113.180542 
113.180237 
113.180237 
113.180237 
113.180542 
113.180847 
113.180847 
113.181152 
113.181763 
113.181763 
113.180847 
113.180237 
113.179321 
113.178711 
113.179016 
113.179321 
113.179626 
113.179626 
113.180542 
113.179932 
113.180542 
113.180542 
113.180847 
113.180542 
113.180542 
113.180542 
113.180237 
113.179932 
113.179321 
113.179016 
113.179016 
113.181458 
113.182373 
113.181763 
113.181763 
113.181458 
113.181152 
113.181152 
113.180542 
113.180542 
113.180237 
113.180237 
113.180542 
113.180237 
113.180237 
113.180542 
113.180847 
113.181458 
113.181458 
113.181458 
113.181458 
113.180542 
113.179626 
113.179321 
113.179626 
113.179932 
113.179932 
113.180237 
113.180237 
113.180847 
113.180847 
113.180847 
113.180847 
113.180542 
113.180847 
113.180237 
113.180237 
113.179932 
113.179321 
113.179321 
113.179626 
113.181152 
113.181458 
113.181763 
113.182068 
113.181763 
113.181152 
113.180847 
113.180847 
113.180237 
113.180237 
113.180237 
113.179932 
113.179932 
113.180542 
113.180237 
113.180847 
113.181458 
113.182068 
113.181458 
113.181458 
113.180237 
113.178711 
113.179016 
113.179321 
113.179016 
113.179626 
113.180237 
113.180542 
113.180542 
113.180542 
113.180542 
113.180542 
113.180542 
113.180847 
113.180542 
113.180237 
113.179932 
113.179321 
113.179321 
113.179626 
113.181152 
113.181458 
113.182068 
113.181763 
113.181458 
113.181152 
113.181152 
113.180847 
113.180542 
113.180237 
113.180237 
113.179932 
113.180237 
113.180237 
113.180237 
113.180237 
113.181458 
113.181763 
113.181763 
113.181152 
113.179932 
113.179016 
113.179016 
113.179321 
113.179321 
113.179626 
113.179932 
113.180542 
113.180237 
113.180847 
113.181152 
113.180542 
113.180847 
113.181152 
113.180237 
113.180542 
113.179626 
113.179016 
113.179016 
113.179932 
113.180847 
113.182068 
113.182068 
113.181763 
113.181458 
113.181458 
113.181152 
113.180847 
113.180542 
113.180542 
113.180237 
113.180237 
113.180542 
113.180542 
113.180542 
113.181458 
113.181458 
113.181763 
113.181763 
113.181763 
113.180237 
113.179016 
113.179016 
113.179321 
113.179321 
113.179932 
113.180237 
113.180237 
113.180542 
113.180847 
113.180847 
113.180847 
113.180847 
113.180542 
113.180542 
113.180542 
113.179932 
113.179321 
113.179321 
113.179626 
113.181458 
113.181763 
113.182373 
113.181763 
113.181763 
113.181152 
113.181152 
113.180542 
113.180237 
113.180237 
113.179932 
113.180237 
113.180542 
113.180237 
113.180237 
113.180542 
113.181152 
113.181763 
113.181458 
113.181152 
113.179932 
113.178711 
113.178711 
113.179016 
113.179321 
113.179932 
113.179932 
113.179932 
113.180542 
113.180542 
113.180542 
113.180542 
113.180542 
113.180542 
113.180542 
113.180237 
113.179626 
113.179016 
113.179016 
113.179932 
113.180847 
113.181458 
113.182373 
113.182068 
113.181458 
113.181152 
113.180847 
113.180542 
113.180542 
113.180542 
113.180237 
113.180237 
113.180237 
113.180542 
113.180542 
113.181152 
113.181152 
113.181458 
113.181763 
113.181458 
113.180237 
113.179016 
113.179016 
113.179321 
113.179626 
113.179626 
113.179932 
113.179932 
113.180542 
113.180542 
113.180542 
113.180847 
113.180847 
113.180542 
113.180542 
113.180542 
113.179626 
113.179321 
113.179321 
113.179932 
113.181152 
113.181763 
113.182373 
113.182068 
113.181763 
113.181458 
113.180847 
113.180237 
113.180847 
113.180847 
113.180237 
113.180237 
113.180237 
113.180542 
113.180237 
113.181152 
113.181152 
113.181763 
113.182068 
113.181458 
113.179932 
113.179321 
113.179321 
113.179626 
113.179626 
113.179626 
113.180237 
113.180847 
113.180847 
113.180542 
113.180542 
113.180847 
113.180847 
113.180542 
113.179932 
113.180237 
113.179932 
113.179626 
113.179016 
113.179932 
113.180847 
113.181763 
113.182068 
113.181763 
113.181458 
113.181152 
113.180847 
113.180847 
113.180542 
113.179932 
113.180542 
113.180237 
113.179932 
113.180542 
113.180542 
113.180847 
113.181152 
113.181458 
113.181763 
113.181458 
113.179932 
113.179016 
113.179016 
113.179016 
113.179321 
113.179321 
113.179932 
113.180237 
113.180542 
113.180847 
113.180542 
113.180542 
113.180847 
113.180847 
113.180237 
113.180237 
113.179932 
113.179321 
113.179321 
113.179626 
113.180847 
113.181763 
113.182068 
113.181763 
113.181763 
113.181458 
113.180847 
113.180542 
113.179932 
113.180542 
113.180542 
113.180237 
113.180542 
113.180237 
113.180847 
113.180847 
113.181458 
113.181458 
113.182068 
113.180847 
113.179932 
113.179016 
113.179016 
113.179016 
113.179626 
113.179932 
113.180237 
113.180237 
113.180847 
113.180542 
113.180542 
113.181152 
113.180847 
113.180542 
113.180847 
113.180237 
113.179626 
113.179321 
113.179016 
113.179626 
113.180847 
113.182068 
113.182373 
113.181458 
113.181458 
113.181458 
113.180847 
113.180237 
113.180542 
113.179932 
113.180542 
113.180237 
113.180542 
113.180542 
113.180542 
113.180542 
113.181458 
113.181458 
113.181763 
113.181152 
113.180237 
113.179321 
113.179321 
113.179321 
113.179626 
113.179626 
113.180542 
113.180542 
113.180542 
113.180847 
113.180542 
113.181152 
113.180847 
113.180542 
113.180237 
113.180237 
113.179932 
113.179626 
113.179321 
113.179626 
113.181152 
113.182068 
113.182068 
113.182068 
113.182068 
113.181152 
113.180847 
113.180847 
113.180237 
113.180237 
113.180542 
113.180237 
113.180237 
113.180542 
113.180847 
113.181152 
113.181458 
113.181458 
113.182373 
113.180847 
113.179932 
113.179626 
113.179321 
113.179321 
113.179626 
113.179932 
113.179932 
113.180542 
113.180542 
113.180542 
113.180847 
113.180847 
113.180542 
113.180847 
113.180847 
113.180237 
113.179932 
113.179016 
113.179321 
113.180237 
113.181152 
113.182068 
113.182068 
113.181763 
113.181458 
113.180847 
113.180847 
113.180542 
113.180237 
113.180542 
113.180237 
113.180542 
113.180542 
113.180542 
113.180542 
113.180847 
113.181152 
113.181458 
113.181763 
113.181458 
113.180237 
113.179321 
113.179016 
113.179321 
113.179626 
113.179626 
113.180237 
113.180847 
113.180847 
113.180847 
113.180542 
113.180847 
113.180847 
113.180847 
113.180237 
113.180237 
113.179626 
113.179626 
113.179321 
113.179626 
113.181152 
113.182068 
113.181763 
113.182068 
113.182068 
113.181458 
113.180847 
113.180542 
113.180237 
113.180237 
113.179932 
113.180237 
113.179932 
113.180237 
113.180542 
113.180847 
113.181152 
113.181763 
113.181763 
113.181458 
113.179932 
113.179321 
113.179321 
113.179016 
113.179626 
113.179932 
113.180237 
113.180542 
113.180542 
113.180847 
113.180847 
113.180542 
113.180542 
113.180542 
113.180237 
113.179932 
113.179626 
113.179016 
113.179321 
113.179932 
113.181458 
113.181763 
113.182373 
113.182068 
113.181763 
113.181458 
113.181152 
113.180847 
113.180542 
113.180542 
113.180542 
113.179932 
113.180237 
113.180542 
113.180542 
113.181152 
113.181763 
113.181763 
113.182068 
113.181458 
113.179932 
113.179016 
113.179321 
113.179016 
113.179321 
113.179626 
113.179932 
113.180542 
113.180847 
113.180542 
113.180237 
113.180237 
113.180847 
113.180847 
113.180542 
113.180237 
113.179626 
113.179626 
113.179321 
113.179932 
113.181152 
113.181763 
113.182068 
113.181152 
113.181458 
113.180542 
113.179932 
113.179626 
113.179016 
113.179016 
113.178101 
113.178101 
113.177490 
113.177185 
113.176880 
113.176880 
113.176270 
113.176270 
113.175659 
113.174133 
113.172302 
113.170471 
113.169250 
113.168640 
113.167725 
113.166809 
113.165588 
113.164978 
113.164063 
113.162842 
113.161316 
113.159485 
113.158264 
113.156433 
113.154297 
113.152466 
113.149719 
113.147278 
113.145752 
113.144226 
113.143005 
113.141479 
113.139648 
113.137512 
113.134460 
113.131714 
113.128662 
113.125305 
113.122559 
113.119507 
113.116760 
113.114014 
113.110962 
113.107910 
113.104553 
113.102417 
113.098755 
113.096008 
113.092651 
113.088684 
113.084106 
113.079224 
113.075562 
113.071594 
113.067627 
113.064270 
113.060303 
113.056641 
113.052979 
113.048096 
113.044128 
113.039856 
113.035278 
113.030396 
113.025513 
113.020630 
113.015442 
113.010254 
113.005371 
113.000488 
112.997131 
112.992554 
112.987366 
112.982178 
112.976990 
112.970886 
112.964783 
112.958679 
112.953186 
112.946777 
112.940979 
112.935486 
112.929688 
112.923584 
112.918091 
112.912292 
112.905884 
112.900391 
112.893982 
112.887268 
112.879944 
112.872314 
112.865601 
112.858582 
112.852783 
112.845764 
112.839661 
112.832947 
112.827148 
112.819519 
112.812805 
112.805786 
112.798462 
112.790833 
112.783508 
112.775879 
112.767944 
112.760010 
112.752380 
112.744751 
112.738342 
112.731628 
112.723389 
112.715454 
112.707214 
112.698975 
112.690430 
112.682190 
112.673950 
112.664795 
112.656860 
112.648315 
112.640076 
112.631531 
112.623596 
112.614746 
112.606812 
112.598572 
112.589722 
112.579956 
112.569580 
112.559509 
112.550049 
112.540894 
112.532043 
112.523193 
112.514038 
112.504578 
112.495728 
112.486267 
112.476807 
112.467346 
112.456970 
112.446899 
112.437134 
112.426147 
112.415466 
112.405396 
112.394714 
112.384949 
112.376404 
112.366943 
112.356567 
112.346191 
112.335815 
112.325134 
112.314148 
112.303162 
112.292480 
112.281799 
112.271118 
112.260437 
112.250061 
112.239990 
112.229614 
112.219543 
112.209167 
112.199707 
112.188721 
112.177734 
112.166138 
112.154846 
112.143860 
112.133789 
112.123718 
112.113342 
112.102966 
112.093201 
112.082520 
112.072754 
112.062378 
112.051697 
112.041016 
112.030945 
112.019958 
112.009277 
111.998291 
111.987305 
111.976929 
111.966858 
111.957397 
111.947632 
111.937256 
111.927185 
111.915588 
111.905518 
111.894836 
111.883545 
111.872559 
111.862183 
111.851196 
111.840820 
111.830444 
111.820068 
111.809692 
111.799316 
111.789246 
111.779175 
111.769104 
111.757813 
111.746216 
111.734924 
111.724243 
111.713867 
111.703491 
111.693420 
111.683044 
111.673279 
111.663513 
111.652832 
111.642456 
111.632385 
111.622009 
111.611633 
111.601257 
111.590576 
111.579895 
111.569519 
111.558533 
111.548767 
111.539917 
111.530457 
111.520386 
111.510010 
111.499634 
111.488647 
111.477966 
111.467285 
111.456604 
111.446228 
111.435547 
111.425476 
111.415405 
111.405334 
111.395264 
111.385498 
111.375122 
111.365662 
111.355286 
111.344604 
111.333618 
111.321411 
111.311340 
111.301270 
111.291504 
111.281128 
111.271362 
111.261292 
111.251526 
111.241455 
111.231079 
111.221008 
111.210632 
111.200562 
111.190186 
111.179199 
111.168823 
111.157837 
111.147156 
111.137695 
111.128845 
111.119385 
111.109619 
111.098633 
111.088562 
111.077881 
111.067200 
111.056519 
111.045837 
111.035156 
111.025085 
111.014099 
111.004639 
110.993958 
110.984192 
110.973816 
110.964050 
110.954285 
110.944214 
110.933228 
110.921936 
110.910645 
110.900574 
110.890503 
110.880432 
110.870667 
110.861206 
110.851135 
110.841980 
110.832214 
110.822449 
110.812988 
110.803528 
110.794067 
110.784302 
110.774841 
110.765076 
110.755310 
110.746155 
110.737915 
110.729675 
110.721741 
110.712891 
110.704041 
110.694580 
110.686035 
110.676880 
110.667725 
110.659180 
110.650940 
110.642090 
110.633545 
110.625305 
110.617676 
110.609741 
110.602417 
110.594788 
110.586853 
110.579224 
110.571289 
110.562134 
110.553589 
110.545654 
110.538330 
110.531616 
110.524292 
110.517273 
110.510559 
110.503845 
110.496521 
110.489807 
110.483093 
110.476379 
110.469055 
110.462341 
110.455627 
110.448303 
110.441589 
110.434570 
110.429077 
110.424194 
110.418091 
110.412292 
110.405884 
110.399475 
110.393372 
110.386963 
110.380554 
110.374451 
110.368347 
110.362549 
110.356750 
110.351563 
110.346069 
110.340576 
110.335693 
110.330811 
110.325928 
110.320740 
110.315552 
110.308228 
110.302734 
110.297852 
110.292664 
110.288086 
110.283813 
110.279236 
110.275269 
110.270691 
110.266418 
110.262146 
110.258179 
110.253906 
110.249023 
110.244751 
110.240479 
110.235596 
110.231323 
110.227051 
110.223694 
110.220947 
110.217896 
110.214539 
110.210876 
110.207520 
110.203857 
110.199890 
110.195923 
110.192261 
110.188904 
110.185852 
110.182495 
110.179443 
110.176392 
110.173645 
110.171204 
110.168762 
110.166321 
110.164795 
110.161133 
110.157471 
110.154114 
110.151367 
110.149536 
110.147400 
110.145264 
110.143127 
110.142212 
110.140076 
110.137939 
110.136414 
110.134583 
110.133057 
110.130920 
110.129395 
110.127258 
110.125122 
110.123596 
110.122070 
110.121460 
110.120850 
110.120850 
110.120239 
110.118103 
110.118103 
110.116577 
110.114746 
110.113831 
110.112610 
110.111694 
110.110779 
110.110474 
110.109863 
110.109253 
110.109253 
110.108948 
110.109253 
110.109863 
110.109253 
110.108643 
110.107422 
110.106506 
110.105896 
110.106201 
110.106506 
110.106506 
110.106812 
110.107422 
110.107727 
110.107422 
110.107422 
110.108032 
110.108032 
110.107727 
110.107422 
110.106812 
110.107117 
110.106506 
110.106506 
110.107422 
110.108643 
110.109253 
110.109558 
110.109558 
110.109253 
110.109253 
110.108643 
110.108337 
110.108337 
110.108032 
110.108337 
110.108337 
110.108337 
110.108643 
110.108948 
110.109558 
110.109253 
110.110168 
110.109863 
110.109558 
110.108643 
110.107117 
110.107422 
110.107422 
110.108032 
110.108032 
110.108948 
110.109253 
110.109253 
110.109863 
110.109253 
110.109253 
110.109253 
110.109558 
110.109253 
110.108948 
110.108337 
110.108032 
110.108032 
110.109253 
110.110168 
110.110474 
110.111389 
110.111084 
110.110474 
110.110474 
110.110168 
110.109863 
110.109558 
110.109558 
110.109253 
110.108948 
110.109253 
110.109558 
110.109253 
110.109863 
110.110168 
110.110474 
110.110779 
110.110474 
110.108337 
110.108032 
110.108032 
110.107727 
110.108032 
110.108643 
110.108948 
110.109253 
110.109558 
110.108948 
110.109558 
