Blum, K. P., D’Incamps, B. L., Zytnicki, D., & Ting, L. H. (2017).
Force encoding in muscle spindles during stretch of
passive muscle. PLoS computational biology, 13(9), 
e1005767. <https://journals.plos.org/ploscompbiol/article?
id=10.1371/journal.pcbi.1005767>

cat medial gastrocnemius muscle lengths over t  (in 0.0005 s increments)
110.108948 
110.108643 
110.109253 
110.109558 
110.109863 
110.109558 
110.109863 
110.109863 
110.109558 
110.109558 
110.109253 
110.109558 
110.108948 
110.108337 
110.108337 
110.108337 
110.109558 
110.110779 
110.111694 
110.111389 
110.111389 
110.111084 
110.110474 
110.110474 
110.110168 
110.110474 
110.110474 
110.110168 
110.110474 
110.110474 
110.110779 
110.110474 
110.111084 
110.111694 
110.112000 
110.111694 
110.111084 
110.109253 
110.108643 
110.108948 
110.108948 
110.109253 
110.109253 
110.109253 
110.109558 
110.110168 
110.109863 
110.109863 
110.109863 
110.109253 
110.109558 
110.109558 
110.109253 
110.108337 
110.108337 
110.108032 
110.109253 
110.110779 
110.111389 
110.111389 
110.111389 
110.111084 
110.111084 
110.110474 
110.110474 
110.110474 
110.110474 
110.110168 
110.110168 
110.110779 
110.110779 
110.110779 
110.111389 
110.111694 
110.112000 
110.111694 
110.110779 
110.109253 
110.108337 
110.108643 
110.108643 
110.108643 
110.109558 
110.109558 
110.109863 
110.109863 
110.109863 
110.109558 
110.109558 
110.109863 
110.109863 
110.109253 
110.108948 
110.108643 
110.108032 
110.108032 
110.108948 
110.110474 
110.111389 
110.111389 
110.111084 
110.110779 
110.110779 
110.110779 
110.110168 
110.110168 
110.110168 
110.110474 
110.110474 
110.110779 
110.110474 
110.110779 
110.111389 
110.111694 
110.112305 
110.112610 
110.110779 
110.110168 
110.109253 
110.109863 
110.110474 
110.111389 
110.112305 
110.112915 
110.113831 
110.114441 
110.115662 
110.115967 
110.116882 
110.117798 
110.118408 
110.119324 
110.120239 
110.121155 
110.121460 
110.122986 
110.126038 
110.128784 
110.130920 
110.133667 
110.134277 
110.136108 
110.137939 
110.139771 
110.141296 
110.142822 
110.145264 
110.146790 
110.149231 
110.151672 
110.153809 
110.156555 
110.159607 
110.162659 
110.165710 
110.167847 
110.169373 
110.170898 
110.172729 
110.175476 
110.178223 
110.181580 
110.184631 
110.188599 
110.192261 
110.195313 
110.199280 
110.202637 
110.205994 
110.209351 
110.212708 
110.216064 
110.219116 
110.223083 
110.226440 
110.230713 
110.235901 
110.241699 
110.246582 
110.250854 
110.255127 
110.259399 
110.263367 
110.267639 
110.271912 
110.276489 
110.281372 
110.286255 
110.291443 
110.296631 
110.301819 
110.307007 
110.313110 
110.319214 
110.324707 
110.330811 
110.335388 
110.339966 
110.345459 
110.350952 
110.357666 
110.364380 
110.371094 
110.378723 
110.385437 
110.393677 
110.400085 
110.407715 
110.414734 
110.421448 
110.428467 
110.435486 
110.442505 
110.449524 
110.456238 
110.463257 
110.471497 
110.480042 
110.488281 
110.495605 
110.502625 
110.510254 
110.516663 
110.523682 
110.530701 
110.537109 
110.543823 
110.551453 
110.558167 
110.565186 
110.572815 
110.580139 
110.587769 
110.595093 
110.602417 
110.609436 
110.615845 
110.621643 
110.627747 
110.635071 
110.642700 
110.650330 
110.657959 
110.665894 
110.673828 
110.682068 
110.690308 
110.697937 
110.706787 
110.714417 
110.722656 
110.731201 
110.738831 
110.747070 
110.755005 
110.764465 
110.773926 
110.784607 
110.794678 
110.804138 
110.813599 
110.822144 
110.831604 
110.840759 
110.850220 
110.859985 
110.869751 
110.879211 
110.889282 
110.899353 
110.909424 
110.919800 
110.929871 
110.940857 
110.951538 
110.961304 
110.970459 
110.979614 
110.989380 
110.999451 
111.009521 
111.020508 
111.031189 
111.041565 
111.052551 
111.063232 
111.073914 
111.084290 
111.094666 
111.104431 
111.115112 
111.125488 
111.135559 
111.145325 
111.155396 
111.165771 
111.177673 
111.188965 
111.200562 
111.211548 
111.221619 
111.231384 
111.241760 
111.251526 
111.261597 
111.271667 
111.281738 
111.292114 
111.302490 
111.313171 
111.323242 
111.333618 
111.344299 
111.354675 
111.365051 
111.375122 
111.383972 
111.391907 
111.401062 
111.410828 
111.420288 
111.430359 
111.440125 
111.449890 
111.459656 
111.469116 
111.478882 
111.488037 
111.497498 
111.506348 
111.515503 
111.524353 
111.532898 
111.541443 
111.549683 
111.558228 
111.567688 
111.578064 
111.587524 
111.596069 
111.604919 
111.613159 
111.621094 
111.629028 
111.636658 
111.645203 
111.653137 
111.661377 
111.668701 
111.676941 
111.685181 
111.692505 
111.701050 
111.708984 
111.716919 
111.724243 
111.730652 
111.736755 
111.742859 
111.750183 
111.757507 
111.764526 
111.772156 
111.779480 
111.786499 
111.793823 
111.800842 
111.808167 
111.814270 
111.820679 
111.827698 
111.833496 
111.839600 
111.845398 
111.851501 
111.857605 
111.865234 
111.872864 
111.879578 
111.885986 
111.891785 
111.897583 
111.902771 
111.908875 
111.913757 
111.919250 
111.924744 
111.929932 
111.935730 
111.940918 
111.946411 
111.951904 
111.957703 
111.963501 
111.969299 
111.973572 
111.977539 
111.980591 
111.984558 
111.989136 
111.994324 
111.998596 
112.003479 
112.008362 
112.012939 
112.017517 
112.022095 
112.026062 
112.029724 
112.034302 
112.037659 
112.041626 
112.045288 
112.048645 
112.052002 
112.055359 
112.060242 
112.064819 
112.069397 
112.073059 
112.076111 
112.079468 
112.082214 
112.084656 
112.087708 
112.090454 
112.093201 
112.095947 
112.098694 
112.101440 
112.104492 
112.107544 
112.110291 
112.113647 
112.116089 
112.118835 
112.119446 
112.120667 
112.121582 
112.123718 
112.126160 
112.128296 
112.130432 
112.132568 
112.134399 
112.136536 
112.138367 
112.139893 
112.141113 
112.142334 
112.144165 
112.144775 
112.145691 
112.146912 
112.147827 
112.148743 
112.150574 
112.153320 
112.154541 
112.156067 
112.156067 
112.156982 
112.157898 
112.157898 
112.158203 
112.158813 
112.158813 
112.159424 
112.159729 
112.160034 
112.160339 
112.160950 
112.161560 
112.162170 
112.162781 
112.162781 
112.161560 
112.160339 
112.159729 
112.159119 
112.159729 
112.159729 
112.160034 
112.160339 
112.160645 
112.160645 
112.160645 
112.160339 
112.160339 
112.160339 
112.160339 
112.159729 
112.159119 
112.158508 
112.158508 
112.158203 
112.159729 
112.160645 
112.161560 
112.161255 
112.160950 
112.160950 
112.160645 
112.160339 
112.159729 
112.159729 
112.159729 
112.159729 
112.159729 
112.159729 
112.159424 
112.159729 
112.160034 
112.160339 
112.160645 
112.160339 
112.159119 
112.157898 
112.156677 
112.156067 
112.156677 
112.157288 
112.156982 
112.156982 
112.157898 
112.157593 
112.157288 
112.156982 
112.157593 
112.157593 
112.156982 
112.156982 
112.156372 
112.155762 
112.155457 
112.155457 
112.156372 
112.157593 
112.158508 
112.158813 
112.158203 
112.158203 
112.157898 
112.157288 
112.156982 
112.156982 
112.157288 
112.156677 
112.157288 
112.156982 
112.157288 
112.157288 
112.157593 
112.157898 
112.158203 
112.158203 
112.157288 
112.155762 
112.154846 
112.154846 
112.155151 
112.155151 
112.155151 
112.155762 
112.155151 
112.155762 
112.155762 
112.155457 
112.155457 
112.155151 
112.155457 
112.155457 
112.154846 
112.154236 
112.153625 
112.153931 
112.154846 
112.156372 
112.156982 
112.157288 
112.156982 
112.156982 
112.156372 
112.156067 
112.155762 
112.156067 
112.156372 
112.155762 
112.156372 
112.156067 
112.155762 
112.156372 
112.156677 
112.157593 
112.157898 
112.157593 
112.156067 
112.154846 
112.153931 
112.154236 
112.154541 
112.154541 
112.154541 
112.154846 
112.155151 
112.155151 
112.155457 
112.155151 
112.155457 
112.155457 
112.155151 
112.155151 
112.154541 
112.154236 
112.153931 
112.153625 
112.155151 
112.156677 
112.156982 
112.157593 
112.157898 
112.156982 
112.156982 
112.156677 
112.156372 
112.156372 
112.156677 
112.156372 
112.156372 
112.156677 
112.156677 
112.156677 
112.156982 
112.158203 
112.158203 
112.157898 
112.157288 
112.156067 
112.155151 
112.154846 
112.155151 
112.155151 
112.155457 
112.155762 
112.156067 
112.156067 
112.156372 
112.156067 
112.156372 
112.155762 
112.155762 
112.155762 
112.155151 
112.154846 
112.154541 
112.154846 
112.155457 
112.156982 
112.157593 
112.157593 
112.157593 
112.157288 
112.156982 
112.156372 
112.156677 
112.156372 
112.156372 
112.156372 
112.156372 
112.156372 
112.156677 
112.156372 
112.156982 
112.157593 
112.157593 
112.157898 
112.156372 
112.155151 
112.154236 
112.154236 
112.154236 
112.154541 
112.154541 
112.154846 
112.154846 
112.155457 
112.155151 
112.155151 
112.155151 
112.154846 
112.155151 
112.154541 
112.154846 
112.153931 
112.153015 
112.153320 
112.154541 
112.155457 
112.156677 
112.156982 
112.156067 
112.156372 
112.156372 
112.155762 
112.155457 
112.155762 
112.155762 
112.155762 
112.155762 
112.155457 
112.155762 
112.156372 
112.156677 
112.156677 
112.156982 
112.156982 
112.155457 
112.154236 
112.153931 
112.153931 
112.153931 
112.154236 
112.154541 
112.154846 
112.155151 
112.155151 
112.154846 
112.155151 
112.155151 
112.154846 
112.155151 
112.154846 
112.154541 
112.153931 
112.153931 
112.153625 
112.154846 
112.156067 
112.157288 
112.156982 
112.156982 
112.156677 
112.156677 
112.156677 
112.156372 
112.156067 
112.155762 
112.156067 
112.156067 
112.156067 
112.156067 
112.156677 
112.156982 
112.156982 
112.157593 
112.157593 
112.156677 
112.154846 
112.154541 
112.153931 
112.154236 
112.154846 
112.154846 
112.154846 
112.155457 
112.155457 
112.155457 
112.155151 
112.155457 
112.155151 
112.154846 
112.154846 
112.154236 
112.154236 
112.153931 
112.153625 
112.154846 
112.155762 
112.156677 
112.156982 
112.156982 
112.156067 
112.156067 
112.155762 
112.155762 
112.155457 
112.155762 
112.155762 
112.155457 
112.155457 
112.155762 
112.156067 
112.156067 
112.156677 
112.156982 
112.156677 
112.155762 
112.153931 
112.153931 
112.153625 
112.153625 
112.153931 
112.153931 
112.154236 
112.154236 
112.154541 
112.154846 
112.154541 
112.154846 
112.154541 
112.154541 
112.154236 
112.153625 
112.153625 
112.153320 
112.153320 
112.153625 
112.155762 
112.156677 
112.156372 
112.156067 
112.156677 
112.155762 
112.155457 
112.155457 
112.155457 
112.155457 
112.155762 
112.155457 
112.155762 
112.155151 
112.156067 
112.156372 
112.156677 
112.157593 
112.157288 
112.156067 
112.154846 
112.153931 
112.153931 
112.153931 
112.154236 
112.154541 
112.154846 
112.155151 
112.155457 
112.154846 
112.155457 
112.155151 
112.155151 
112.154846 
112.154541 
112.154541 
112.153931 
112.153320 
112.153625 
112.154541 
112.156067 
112.156677 
112.156677 
112.156677 
112.156677 
112.156372 
112.155762 
112.155762 
112.156067 
112.156067 
112.155762 
112.155762 
112.155762 
112.155762 
112.156372 
112.156372 
112.156677 
112.156982 
112.157593 
112.156372 
112.154541 
112.153931 
112.153931 
112.153931 
112.153931 
112.154541 
112.154236 
112.154541 
112.154846 
112.155151 
112.154846 
112.154541 
112.154846 
112.154846 
112.154541 
112.154236 
112.153625 
112.153320 
112.153015 
112.154236 
112.155762 
112.156067 
112.156677 
112.156067 
112.156067 
112.155762 
112.155457 
112.155457 
112.155151 
112.155457 
112.154846 
112.155151 
112.155762 
112.155151 
112.155457 
112.156067 
112.156067 
112.156372 
112.156677 
112.155762 
112.153931 
112.153320 
112.153320 
112.153625 
112.153625 
112.153931 
112.154236 
112.154236 
112.154236 
112.154541 
112.154846 
112.154541 
112.154541 
112.154541 
112.154236 
112.154236 
112.153015 
112.153015 
112.152710 
112.153931 
112.155151 
112.156067 
112.156677 
112.156067 
112.156067 
112.155457 
112.155762 
112.155457 
112.154846 
112.155457 
112.155151 
112.155151 
112.155762 
112.155762 
112.155762 
112.156067 
112.156677 
112.156677 
112.156677 
112.155457 
112.154236 
112.153320 
112.153625 
112.153931 
112.153625 
112.153931 
112.154541 
112.154236 
112.154541 
112.154846 
112.154541 
112.154541 
112.154541 
112.154541 
112.154236 
112.153931 
112.153625 
112.152710 
112.153320 
112.154541 
112.155762 
112.156372 
112.156677 
112.156067 
112.155762 
112.155762 
112.155457 
112.155457 
112.154846 
112.155151 
112.155151 
112.155151 
112.154846 
112.155151 
112.155762 
112.155762 
112.156372 
112.156677 
112.156677 
112.155762 
112.154236 
112.153320 
112.153015 
112.153625 
112.153320 
112.153625 
112.154236 
112.154236 
112.154236 
112.153931 
112.154236 
112.154236 
112.154236 
112.154236 
112.153931 
112.153320 
112.153015 
112.152710 
112.153015 
112.153931 
112.155457 
112.156067 
112.156067 
112.156067 
112.155457 
112.154846 
112.155457 
112.154846 
112.155151 
112.155151 
112.154846 
112.154846 
112.154846 
112.155151 
112.155151 
112.155762 
112.156372 
112.156372 
112.156677 
112.155457 
112.153931 
112.153320 
112.152710 
112.153320 
112.153320 
112.153931 
112.153931 
112.154846 
112.154236 
112.154236 
112.154846 
112.154541 
112.153931 
112.154236 
112.153931 
112.153320 
112.153015 
112.152710 
112.152710 
112.153625 
112.155457 
112.156372 
112.156067 
112.156067 
112.156067 
112.155457 
112.155151 
112.155457 
112.155151 
112.154846 
112.155151 
112.155151 
112.155151 
112.154846 
112.155457 
112.155762 
112.156067 
112.156372 
112.156677 
112.155151 
112.153931 
112.153320 
112.153320 
112.153320 
112.153320 
112.153625 
112.153931 
112.154541 
112.154541 
112.154236 
112.154236 
112.154541 
112.154541 
112.154236 
112.154236 
112.153625 
112.153320 
112.152710 
112.153015 
112.153931 
112.155762 
112.156067 
112.155762 
112.155762 
112.155762 
112.155762 
112.155457 
112.154846 
112.154846 
112.155151 
112.154846 
112.154541 
112.154846 
112.155457 
112.155457 
112.155762 
112.155457 
112.156372 
112.156067 
112.154846 
112.153625 
112.153015 
112.153015 
112.152710 
112.153015 
112.153320 
112.153625 
112.154236 
112.154236 
112.153625 
112.153931 
112.153931 
112.154236 
112.153931 
112.153625 
112.153625 
112.153015 
112.152405 
112.152710 
112.153625 
112.155151 
112.156067 
112.156372 
112.156067 
112.155762 
112.155457 
112.155457 
112.154846 
112.154846 
112.154541 
112.154846 
112.154846 
112.154846 
112.154846 
112.155151 
112.155457 
112.156067 
112.156372 
112.156372 
112.155151 
112.153931 
112.153015 
112.153015 
112.152710 
112.153320 
112.153625 
112.153931 
112.154236 
112.154541 
112.154236 
112.154236 
112.154236 
112.154236 
112.153931 
112.153931 
112.153625 
112.153015 
112.153015 
112.152710 
112.153931 
112.154541 
112.155457 
112.156067 
112.155762 
112.155457 
112.155457 
112.155151 
112.154846 
112.154846 
112.154846 
112.154846 
112.155151 
112.155151 
112.155151 
112.155457 
112.155457 
112.155762 
112.156677 
112.156372 
112.155151 
112.154236 
112.153015 
112.152710 
112.152710 
112.153320 
112.153320 
112.153931 
112.154236 
112.153625 
112.154236 
112.153931 
112.154236 
112.153625 
112.153625 
112.153931 
112.153320 
112.152710 
112.152710 
112.153015 
112.153931 
112.154846 
112.155457 
112.155762 
112.155457 
112.155457 
112.155457 
112.155151 
112.154846 
112.154541 
112.155151 
112.154541 
112.154236 
112.154846 
112.154541 
112.155151 
112.155457 
112.156067 
112.156372 
112.156372 
112.155151 
112.153931 
112.152710 
112.152710 
112.152710 
112.153015 
112.153320 
112.153625 
112.153625 
112.154236 
112.154236 
112.153931 
112.153931 
112.153931 
112.153625 
112.153625 
112.153320 
112.152710 
112.152710 
112.152405 
112.153625 
112.154846 
112.155762 
112.155762 
112.155762 
112.155762 
112.155151 
112.155151 
112.154846 
112.154541 
112.154846 
112.154846 
112.154541 
112.154846 
112.155151 
112.154846 
112.155762 
112.155762 
112.156372 
112.156067 
112.155151 
112.153625 
112.152710 
112.152710 
112.152710 
112.153625 
112.153625 
112.153625 
112.153931 
112.153931 
112.154236 
112.153931 
112.153931 
112.153931 
112.153931 
112.153625 
112.153015 
112.153015 
112.152710 
112.152405 
112.153625 
112.154541 
112.155762 
112.155762 
112.155762 
112.155457 
112.155151 
112.154846 
112.154846 
112.154236 
112.154846 
112.154541 
112.154541 
112.154846 
112.155151 
112.155151 
112.155151 
112.155762 
112.156067 
112.156067 
112.155457 
112.153625 
112.152710 
112.152405 
112.152710 
112.153015 
112.153015 
112.153320 
112.153625 
112.153625 
112.153625 
112.153625 
112.153931 
112.153625 
112.153931 
112.153625 
112.153015 
112.153015 
112.152405 
112.152405 
112.153625 
112.155151 
112.155151 
112.155457 
112.155457 
112.155151 
112.155151 
112.154846 
112.154846 
112.154236 
112.154541 
112.154846 
112.154541 
112.154846 
112.154846 
112.154846 
112.155762 
112.155762 
112.156372 
112.156067 
112.155151 
112.153625 
112.152710 
112.152710 
112.152710 
112.153320 
112.153625 
112.153625 
112.153931 
112.153931 
112.153931 
112.154236 
112.153931 
112.153625 
112.153625 
112.153625 
112.153320 
112.152710 
112.152405 
112.152405 
112.153320 
112.155151 
112.155762 
112.155457 
112.155457 
112.155457 
112.155151 
112.155457 
112.155151 
112.154846 
112.154846 
112.155151 
112.154541 
112.154846 
112.154541 
112.154846 
112.155151 
112.155457 
112.156372 
112.156067 
112.155151 
112.153320 
112.152710 
112.152710 
112.152710 
112.152710 
112.153320 
112.153320 
112.153625 
112.153625 
112.153931 
112.153931 
112.153931 
112.153625 
112.153931 
112.152710 
112.153320 
112.153015 
112.152100 
112.152405 
112.153320 
112.154846 
112.155457 
112.155151 
112.154846 
112.155151 
112.154846 
112.154846 
112.154541 
112.154541 
112.154541 
112.154541 
112.154236 
112.154541 
112.154846 
112.154846 
112.155457 
112.155762 
112.156372 
112.156067 
112.154846 
112.153320 
112.152405 
112.152710 
112.152710 
112.152710 
112.153015 
112.153320 
112.153320 
112.153931 
112.153931 
112.154236 
112.153625 
112.153320 
112.153320 
112.153320 
112.152710 
112.153015 
112.152405 
112.152405 
112.153320 
112.154236 
112.155151 
112.155457 
112.155457 
112.154846 
112.154846 
112.154846 
112.154541 
112.154236 
112.154541 
112.154236 
112.154236 
112.154541 
112.154846 
112.154846 
112.155151 
112.155457 
112.156067 
112.156067 
112.154846 
112.153625 
112.152710 
112.152710 
112.152710 
112.153320 
112.153320 
112.153320 
112.153625 
112.153625 
112.153931 
112.154236 
112.153625 
112.153320 
112.153625 
112.153320 
112.152710 
112.152405 
112.152100 
112.152405 
112.153320 
112.154541 
112.155762 
112.155762 
112.155457 
112.154846 
112.154846 
112.154236 
112.153931 
112.154236 
112.154541 
112.154541 
112.154236 
112.154846 
112.154541 
112.154541 
112.155151 
112.155457 
112.155762 
112.156067 
112.154846 
112.153015 
112.152405 
112.153015 
112.152405 
112.153015 
112.153015 
112.153320 
112.153320 
112.153625 
112.153931 
112.153625 
112.153931 
112.153625 
112.153320 
112.153015 
112.152710 
112.152405 
112.152100 
112.152100 
112.152710 
112.154236 
112.155457 
112.155151 
112.155151 
112.154846 
112.154541 
112.154846 
112.154236 
112.154236 
112.154236 
112.154236 
112.153931 
112.154236 
112.154541 
112.154846 
112.154846 
112.155762 
112.155762 
112.155457 
112.154541 
112.153320 
112.152405 
112.152710 
112.152100 
112.152710 
112.153015 
112.153015 
112.153625 
112.153931 
112.153625 
112.153320 
112.153625 
112.153320 
112.153320 
112.153015 
112.153015 
112.152710 
112.152405 
112.151794 
112.153625 
112.154541 
112.154846 
112.155151 
112.155151 
112.154541 
112.154846 
112.154541 
112.154541 
112.154236 
112.153931 
112.154541 
112.154541 
112.153931 
112.154541 
112.154846 
112.155151 
112.155762 
112.156067 
112.155762 
112.154541 
112.153625 
112.152100 
112.152710 
112.152710 
112.152710 
112.153015 
112.153320 
112.153625 
112.153931 
112.153320 
112.153931 
112.153625 
112.153015 
112.153625 
112.153320 
112.152710 
112.152100 
112.152100 
112.151794 
112.153320 
112.154541 
112.155151 
112.155151 
112.154846 
112.154846 
112.155151 
112.154541 
112.154236 
112.153931 
112.154236 
112.153931 
112.154236 
112.154236 
112.154541 
112.154541 
112.154846 
112.154846 
112.155762 
112.155762 
112.154236 
112.153015 
112.152710 
112.152405 
112.152405 
112.152710 
112.153015 
112.153015 
112.153320 
112.153625 
112.153015 
112.153320 
112.153625 
112.153320 
112.153320 
112.153015 
112.152710 
112.152405 
112.152100 
112.151794 
112.153015 
112.154236 
112.155457 
112.155151 
112.154846 
112.155151 
112.154541 
112.153931 
112.154236 
112.153931 
112.154236 
112.154236 
112.154541 
112.154236 
112.154236 
112.154846 
112.154846 
112.155151 
112.155762 
112.155762 
112.154541 
112.153015 
112.152405 
112.152100 
112.152405 
112.152710 
112.153015 
112.153015 
112.153320 
112.153625 
112.153320 
112.153320 
112.153625 
112.153320 
112.153015 
112.153015 
112.153015 
112.152405 
112.151794 
112.152100 
112.153015 
112.154236 
112.155151 
112.155457 
112.155151 
112.155151 
112.154846 
112.154846 
112.154236 
112.153931 
112.154236 
112.154236 
112.154236 
112.154236 
112.154236 
112.154846 
112.155151 
112.155457 
112.155762 
112.155762 
112.154541 
112.153320 
112.152405 
112.152100 
112.152710 
112.152710 
112.153015 
112.153625 
112.153320 
112.153320 
112.153320 
112.153320 
112.153320 
112.153320 
112.153320 
112.152710 
112.153015 
112.152100 
112.151489 
112.151794 
112.153015 
112.154541 
112.155151 
112.155151 
112.155151 
112.154846 
112.154236 
112.154236 
112.153931 
112.154236 
112.153931 
112.153931 
112.153931 
112.154236 
112.154236 
112.154236 
112.154846 
112.155457 
112.155457 
112.155762 
112.154236 
112.153015 
112.152100 
112.152100 
112.152405 
112.152405 
112.152710 
112.153015 
112.153320 
112.153625 
112.153625 
112.153320 
112.153015 
112.153015 
112.153625 
112.153015 
112.152405 
112.152100 
112.152100 
112.151489 
112.152405 
112.154236 
112.154846 
112.155151 
112.154846 
112.154541 
112.154541 
112.154236 
112.154236 
112.153931 
112.153931 
112.153931 
112.154236 
112.153931 
112.153931 
112.154541 
112.154846 
112.155151 
112.155457 
112.155151 
112.154236 
112.153320 
112.152405 
112.152100 
112.152100 
112.152710 
112.153015 
112.153320 
112.153931 
112.153625 
112.153931 
112.153320 
112.153625 
112.153320 
112.153320 
112.153015 
112.152710 
112.151794 
112.151794 
112.151489 
112.153320 
112.154541 
112.155151 
112.155151 
112.154846 
112.154846 
112.154541 
112.153931 
112.154541 
112.153931 
112.154236 
112.153931 
112.154236 
112.153931 
112.154541 
112.154846 
112.154846 
112.155151 
112.155457 
112.155457 
112.153931 
112.152710 
112.152405 
112.152100 
112.152405 
112.152710 
112.153015 
112.153015 
112.153320 
112.153625 
112.153320 
112.153015 
112.153625 
112.153320 
112.153320 
112.153015 
112.153015 
112.152100 
112.151794 
112.152405 
112.153015 
112.154236 
112.155151 
112.155151 
112.154846 
112.154846 
112.154541 
112.154541 
112.153931 
112.153931 
112.153625 
112.153931 
112.153931 
112.153931 
112.153931 
112.154541 
112.154846 
112.155457 
112.155457 
112.155151 
112.154236 
112.153320 
112.152405 
112.152100 
112.152405 
112.152710 
112.153015 
112.153320 
112.153320 
112.153015 
112.153015 
112.153320 
112.153015 
112.153320 
112.153320 
112.152710 
112.152405 
112.152405 
112.151489 
112.151184 
112.152710 
112.154541 
112.155151 
112.154541 
112.154846 
112.154846 
112.154236 
112.153931 
112.153931 
112.153931 
112.153625 
112.154236 
112.154236 
112.154236 
112.154236 
112.154541 
112.154846 
112.155151 
112.155762 
112.155457 
112.154236 
112.153015 
112.152100 
112.151794 
112.152100 
112.152710 
112.152710 
112.152710 
112.153320 
112.153625 
112.153015 
112.153320 
112.153320 
112.153320 
112.153015 
112.153320 
112.152710 
112.151794 
112.152100 
112.152100 
112.152710 
112.154541 
112.154846 
112.155151 
112.154846 
112.154541 
112.154541 
112.154236 
112.154236 
112.153931 
112.153931 
112.153625 
112.153931 
112.153931 
112.154236 
112.154236 
112.154846 
112.155151 
112.155151 
112.155762 
112.154236 
112.153015 
112.152405 
112.152405 
112.151794 
112.152405 
112.153015 
112.153015 
112.153320 
112.153931 
112.153320 
112.153320 
112.153320 
112.153320 
112.153015 
112.152710 
112.152710 
112.152100 
112.152100 
112.151489 
112.153015 
112.154236 
112.154846 
112.154846 
112.155151 
112.154541 
112.154236 
112.154236 
112.153931 
112.153931 
112.153931 
112.153931 
112.153931 
112.153931 
112.154236 
112.154541 
112.154846 
112.155457 
112.155762 
112.155457 
112.154236 
112.153320 
112.152100 
112.152100 
112.152405 
112.152100 
112.152405 
112.152710 
112.153320 
112.153625 
112.153320 
112.153625 
112.153320 
112.153625 
112.153015 
112.153015 
112.152710 
112.152100 
112.151794 
112.151794 
112.153015 
112.154236 
112.155151 
112.154846 
112.154846 
112.154846 
112.154846 
112.153931 
112.154236 
112.153931 
112.153931 
112.153931 
112.153931 
112.154236 
112.153931 
112.154236 
112.154541 
112.155457 
112.155151 
112.155457 
112.153931 
112.153015 
112.152100 
112.151794 
112.152405 
112.153015 
112.152710 
112.153015 
112.153015 
112.153015 
112.153320 
112.153015 
112.153015 
112.153320 
112.153320 
112.152710 
112.152710 
112.152100 
112.151489 
112.151794 
112.153015 
112.154236 
112.154846 
112.155151 
112.154846 
112.154846 
112.154541 
112.153931 
112.154236 
112.154236 
112.153931 
112.153625 
112.154236 
112.154236 
112.154236 
112.154541 
112.154846 
112.155151 
112.155457 
112.155762 
112.154236 
112.153015 
112.152405 
112.152405 
112.152100 
112.152710 
112.153320 
112.153015 
112.153320 
112.153320 
112.153320 
112.153320 
112.153320 
112.153320 
112.152710 
112.153015 
112.152710 
112.152100 
112.151489 
112.151794 
112.153320 
112.154236 
112.154541 
112.155151 
112.154846 
112.154846 
112.154541 
112.154541 
112.153931 
112.154236 
112.153625 
112.153625 
112.154236 
112.153931 
112.153931 
112.154236 
112.154846 
112.155457 
112.155151 
112.155457 
112.154236 
112.153015 
112.152100 
112.152100 
112.152100 
112.152100 
112.152710 
112.153015 
112.153015 
112.153320 
112.153320 
112.153320 
112.153320 
112.153320 
112.153015 
112.152710 
112.152710 
112.152100 
112.151794 
112.151489 
112.152405 
112.154541 
112.154541 
112.155151 
112.154846 
112.154541 
112.154236 
112.154236 
112.154236 
112.154236 
112.153931 
112.154236 
112.154236 
112.153931 
112.154236 
112.154541 
112.154846 
112.155457 
112.155762 
112.155457 
112.154846 
112.153015 
112.152100 
112.152100 
112.152405 
112.152405 
112.152710 
112.153320 
112.153015 
112.153320 
112.153320 
112.153320 
112.153015 
112.153320 
112.153015 
112.152710 
112.152100 
112.151794 
112.151794 
112.151794 
112.152710 
112.153931 
112.154846 
112.155151 
112.154846 
112.154846 
112.154846 
112.154236 
112.154846 
112.153931 
112.154236 
112.153931 
112.154236 
112.153931 
112.154236 
112.154236 
112.154541 
112.155151 
112.155457 
112.155151 
112.154541 
112.153015 
112.152100 
112.152100 
112.152405 
112.152710 
112.152710 
112.153015 
112.153320 
112.153320 
112.153625 
112.153320 
112.153320 
112.153015 
112.153015 
112.153015 
112.152405 
112.152100 
112.151489 
112.151794 
112.153320 
112.154236 
112.155151 
112.155151 
112.154846 
112.154846 
112.154541 
112.154541 
112.154236 
112.154236 
112.153931 
112.153625 
112.153931 
112.153625 
112.154236 
112.154541 
112.154846 
112.155151 
112.155762 
112.155151 
112.154236 
112.153015 
112.151794 
112.152405 
112.152405 
112.152405 
112.152710 
112.153015 
112.153015 
112.153625 
112.153015 
112.152710 
112.153625 
112.153015 
112.153320 
112.152710 
112.152405 
112.152405 
112.151489 
112.151794 
112.152710 
112.153931 
112.154846 
112.154541 
112.154846 
112.155151 
112.154236 
112.154236 
112.153931 
112.153931 
112.153931 
112.153931 
112.153625 
112.153931 
112.154236 
112.154541 
112.154541 
112.155151 
112.155457 
112.155457 
112.154236 
112.152405 
112.151794 
112.152100 
112.152100 
112.152710 
112.152710 
112.152710 
112.153320 
112.153320 
112.153320 
112.153320 
112.153320 
112.153320 
112.152405 
112.152710 
112.152405 
112.152100 
112.151794 
112.151794 
112.152405 
112.153625 
112.154846 
112.154846 
112.154541 
112.154541 
112.154236 
112.154236 
112.154236 
112.153931 
112.153931 
112.153931 
112.153931 
112.154236 
112.153931 
112.154541 
112.154541 
112.155457 
112.155457 
112.155457 
112.154541 
112.153015 
112.152405 
112.152405 
112.152100 
112.152405 
112.152710 
112.153015 
112.153320 
112.153625 
112.153320 
112.153320 
112.153320 
112.153015 
112.153320 
112.153015 
112.152710 
112.152100 
112.151489 
112.151794 
112.152405 
112.154541 
112.155151 
112.155457 
112.154846 
112.154846 
112.154236 
112.154236 
112.154236 
112.154541 
112.153625 
112.153931 
112.153931 
112.153625 
112.154236 
112.154236 
112.154846 
112.154846 
112.155457 
112.155457 
112.154236 
112.153015 
112.152100 
112.152100 
112.152405 
112.152405 
112.152405 
112.153015 
112.153320 
112.153625 
112.153320 
112.153015 
112.153015 
112.153320 
112.153015 
112.152710 
112.152100 
112.152100 
112.151489 
112.151794 
112.152710 
112.153931 
112.154846 
112.154846 
112.155151 
112.154541 
112.154236 
112.153931 
112.153625 
112.153625 
112.153931 
112.154236 
112.153625 
112.153931 
112.153931 
112.153931 
112.154541 
112.155151 
112.155151 
112.154846 
112.153931 
112.152710 
112.152100 
112.151794 
112.152100 
112.151794 
112.152405 
112.152405 
112.152710 
112.153320 
112.153320 
112.153015 
112.153015 
112.153320 
112.153015 
112.153015 
112.152710 
112.151794 
112.151794 
112.151794 
112.152710 
112.153931 
112.155151 
112.154846 
112.154541 
112.154541 
112.154541 
112.154236 
112.153931 
112.153931 
112.153625 
112.153931 
112.153625 
112.153931 
112.154236 
112.154236 
112.154541 
112.154846 
112.155457 
112.155457 
112.154236 
112.153015 
112.152100 
112.151794 
112.152100 
112.152405 
112.152710 
112.153320 
112.153625 
112.153015 
112.153625 
112.153015 
112.153625 
112.153015 
112.152710 
112.153015 
112.152710 
112.151794 
112.151794 
112.151489 
112.152710 
112.154236 
112.154846 
112.154846 
112.154846 
112.154541 
112.154236 
112.153931 
112.153931 
112.153931 
112.153931 
112.153931 
112.153931 
112.153931 
112.153931 
112.153931 
112.154541 
112.154541 
112.155151 
112.154846 
112.153625 
112.152100 
112.150879 
112.149963 
112.149658 
112.149658 
112.149658 
112.149353 
112.148743 
112.148743 
112.148132 
112.147522 
112.146606 
112.145386 
112.144470 
112.142944 
112.141418 
112.139587 
112.138367 
112.136841 
112.136536 
112.136536 
112.136536 
112.134705 
112.132568 
112.131348 
112.128906 
112.126770 
112.124634 
112.122498 
112.120361 
112.118530 
112.116089 
112.113953 
112.111511 
112.109680 
112.107239 
112.105713 
112.102661 
112.100220 
112.096863 
112.092285 
112.088928 
112.085571 
112.082520 
112.079773 
112.077026 
112.073669 
112.070923 
112.067871 
112.064209 
112.060852 
112.057495 
112.053833 
112.049866 
112.045593 
112.041016 
112.037048 
112.032471 
112.028198 
112.025146 
112.022095 
112.019043 
112.014465 
112.010193 
112.005310 
112.000427 
111.995239 
111.990356 
111.985168 
111.980286 
111.975403 
111.969910 
111.964722 
111.959534 
111.954346 
111.949768 
111.944275 
111.939087 
111.933899 
111.927185 
111.920166 
111.913757 
111.907959 
111.901855 
111.896057 
111.890869 
111.885071 
111.878967 
111.873169 
111.866760 
111.860657 
111.854553 
111.848145 
111.841125 
111.834717 
111.828003 
111.820679 
111.813965 
111.807251 
111.801147 
111.795044 
111.789246 
111.782532 
111.775818 
111.767883 
111.760864 
111.753235 
111.745605 
111.737976 
111.730652 
111.723328 
111.715088 
111.707764 
111.700134 
111.692810 
111.685181 
111.677551 
111.670532 
111.662292 
111.653137 
111.643372 
111.634521 
111.625671 
111.617432 
111.609192 
111.601563 
111.593018 
111.584473 
111.576233 
111.567993 
111.559143 
111.550293 
111.541443 
111.531677 
111.522827 
111.513672 
111.503601 
111.494141 
111.484680 
111.476135 
111.468201 
111.459351 
111.450195 
111.440735 
111.430359 
111.420593 
111.410522 
111.400757 
111.390381 
111.380310 
111.369934 
111.359863 
111.350098 
111.340332 
111.329651 
111.319885 
111.310120 
111.300354 
111.289978 
111.278687 
111.266785 
111.255798 
111.245117 
111.235046 
111.224365 
111.214905 
111.204834 
111.194763 
111.184387 
111.174011 
111.163940 
111.153870 
111.143188 
111.132813 
111.122131 
111.111755 
111.101074 
111.090088 
111.079712 
111.070251 
111.061707 
111.051941 
111.041870 
111.031799 
111.021118 
111.010437 
111.000061 
110.989380 
110.978699 
110.968323 
110.958252 
110.947266 
110.937195 
110.927429 
110.917358 
110.907288 
110.897522 
110.887756 
110.878296 
110.866699 
110.855408 
110.844421 
110.834045 
110.824890 
110.815125 
110.805359 
110.796509 
110.787354 
110.777893 
110.768738 
110.759583 
110.750122 
110.740967 
110.731812 
110.722656 
110.712891 
110.704041 
110.694580 
110.685425 
110.678101 
110.670776 
110.663452 
110.654907 
110.646362 
110.638123 
110.629272 
110.621033 
110.612488 
110.604248 
110.596008 
110.588379 
110.580139 
110.572510 
110.565186 
110.557556 
110.550537 
110.542908 
110.535889 
110.528870 
110.520325 
110.511780 
110.504456 
110.496826 
110.489502 
110.482483 
110.476074 
110.469360 
110.462952 
110.456543 
110.450439 
110.444031 
110.437317 
110.430603 
110.424500 
110.417786 
110.411377 
110.404358 
110.397949 
110.392151 
110.386963 
110.382385 
110.376892 
110.371399 
110.365601 
110.360107 
110.354309 
110.348206 
110.342712 
110.336609 
110.331116 
110.325623 
110.320740 
110.315247 
110.310364 
110.305481 
110.300903 
110.296326 
110.292053 
110.287170 
110.281677 
110.275269 
110.269775 
110.265503 
110.260620 
110.256348 
110.252380 
110.248413 
110.244446 
110.240784 
110.236816 
110.232544 
110.229187 
110.224915 
110.220947 
110.216675 
110.213013 
110.208740 
110.204773 
110.201416 
110.198975 
110.196838 
110.194397 
110.191650 
110.187988 
110.184937 
110.181885 
110.178528 
110.175476 
110.172119 
110.169067 
110.166016 
110.163574 
110.160828 
110.158081 
110.155945 
110.154419 
110.152283 
110.150757 
110.148315 
110.145264 
110.141602 
110.138855 
110.136414 
110.135193 
110.132751 
110.131226 
110.130310 
110.128784 
110.127563 
110.126038 
110.124512 
110.123291 
110.122070 
110.120544 
110.119019 
110.117493 
110.115967 
110.115051 
110.113525 
110.114441 
110.114441 
110.114441 
110.113525 
110.112915 
110.112305 
110.112000 
110.111389 
110.110168 
110.109558 
110.109558 
110.108948 
110.108643 
110.108643 
110.108643 
110.108032 
110.108643 
110.108948 
110.108948 
110.109558 
110.108337 
110.107117 
110.106201 
110.105591 
110.105896 
110.106812 
110.106201 
110.106506 
110.107117 
110.107422 
110.107117 
110.107117 
110.107422 
110.107117 
110.107422 
110.106812 
110.106812 
110.106201 
110.106201 
110.106201 
110.107117 
110.108948 
110.109253 
110.109863 
110.110168 
110.110168 
110.109558 
110.109253 
110.109253 
110.108948 
110.108948 
110.109558 
110.109253 
110.109253 
110.109863 
110.109558 
110.110168 
110.110474 
110.110474 
110.111084 
110.109863 
110.108643 
110.107727 
110.107422 
110.107422 
110.108032 
110.108337 
110.108948 
110.108948 
110.108948 
110.108643 
110.108643 
110.108643 
110.109253 
110.108643 
110.108948 
110.108337 
110.108032 
110.107422 
110.107727 
110.108948 
110.109863 
110.110779 
110.110779 
110.110779 
110.110779 
110.110474 
110.110168 
110.109863 
110.110168 
110.110168 
110.109863 
110.110168 
110.110168 
110.109863 
110.110168 
110.110474 
110.111084 
110.111694 
110.111389 
110.110168 
110.108948 
110.108032 
110.108337 
110.108337 
