Blum, K. P., D’Incamps, B. L., Zytnicki, D., & Ting, L. H. (2017).
Force encoding in muscle spindles during stretch of
passive muscle. PLoS computational biology, 13(9), 
e1005767. <https://journals.plos.org/ploscompbiol/article?
id=10.1371/journal.pcbi.1005767>

cat medial gastrocnemius muscle lengths over t  (in 0.0005 s increments)
110.109863 
110.109863 
110.109863 
110.109558 
110.108948 
110.108948 
110.108948 
110.109253 
110.111084 
110.111694 
110.112305 
110.112000 
110.112000 
110.111389 
110.111084 
110.111084 
110.111084 
110.110779 
110.111084 
110.111389 
110.111084 
110.111084 
110.111389 
110.111389 
110.111694 
110.112000 
110.112000 
110.111389 
110.110168 
110.109253 
110.109253 
110.108948 
110.109558 
110.109558 
110.109863 
110.110168 
110.110474 
110.109863 
110.110168 
110.110168 
110.110168 
110.110168 
110.110168 
110.109863 
110.108948 
110.108643 
110.108643 
110.109558 
110.111084 
110.111694 
110.112305 
110.112000 
110.111694 
110.111694 
110.111084 
110.111389 
110.110779 
110.110779 
110.110779 
110.110779 
110.110779 
110.110779 
110.111084 
110.111389 
110.112000 
110.112305 
110.112610 
110.111694 
110.110474 
110.109253 
110.108948 
110.109253 
110.109558 
110.109863 
110.109558 
110.110474 
110.110474 
110.110474 
110.110474 
110.110168 
110.110168 
110.110168 
110.109863 
110.109558 
110.108948 
110.108948 
110.108337 
110.109558 
110.110779 
110.111389 
110.112000 
110.111694 
110.111694 
110.111084 
110.111389 
110.110779 
110.111084 
110.111389 
110.110779 
110.110474 
110.111084 
110.111389 
110.111389 
110.111389 
110.112000 
110.112305 
110.112305 
110.111694 
110.110474 
110.109558 
110.109558 
110.110168 
110.110779 
110.112000 
110.113831 
110.115356 
110.117188 
110.119324 
110.121765 
110.124817 
110.127563 
110.130920 
110.134583 
110.139160 
110.143433 
110.148315 
110.153503 
110.160522 
110.168152 
110.176086 
110.183411 
110.191040 
110.198669 
110.206299 
110.214539 
110.222473 
110.230713 
110.240173 
110.249329 
110.258179 
110.267639 
110.277405 
110.287476 
110.297546 
110.308533 
110.318909 
110.329590 
110.339050 
110.347900 
110.357361 
110.367737 
110.377808 
110.388489 
110.399170 
110.410461 
110.421448 
110.433044 
110.444031 
110.455322 
110.466919 
110.478821 
110.490417 
110.502625 
110.514526 
110.526123 
110.538330 
110.551453 
110.565186 
110.579529 
110.594177 
110.607300 
110.620117 
110.633545 
110.646667 
110.659180 
110.670776 
110.682678 
110.694275 
110.705566 
110.716248 
110.726624 
110.737000 
110.746765 
110.757141 
110.766602 
110.776062 
110.785522 
110.794067 
110.801086 
110.809326 
110.817871 
110.826721 
110.835571 
110.844727 
110.854187 
110.863647 
110.873718 
110.883484 
110.892639 
110.902100 
110.912170 
110.921326 
110.930786 
110.940857 
110.950012 
110.959167 
110.968933 
110.979614 
110.990906 
111.002197 
111.013184 
111.023560 
111.033630 
111.043701 
111.053772 
111.063538 
111.073914 
111.083679 
111.094055 
111.104431 
111.114502 
111.124573 
111.135559 
111.146240 
111.156616 
111.167297 
111.178589 
111.188049 
111.197205 
111.206665 
111.216431 
111.226807 
111.237183 
111.247559 
111.258545 
111.268616 
111.278687 
111.289063 
111.299438 
111.309814 
111.319580 
111.329956 
111.340027 
111.349182 
111.358948 
111.368713 
111.378479 
111.388855 
111.400146 
111.411133 
111.420898 
111.430969 
111.441040 
111.450500 
111.460266 
111.470032 
111.479187 
111.489563 
111.499634 
111.509094 
111.519470 
111.529541 
111.539917 
111.549988 
111.560669 
111.571350 
111.581726 
111.590881 
111.599731 
111.608887 
111.618652 
111.628723 
111.638794 
111.649475 
111.660156 
111.670532 
111.681519 
111.691589 
111.702271 
111.712341 
111.722717 
111.733398 
111.743164 
111.752930 
111.763000 
111.772766 
111.782227 
111.793213 
111.805420 
111.816711 
111.827393 
111.838074 
111.848145 
111.857910 
111.868286 
111.878052 
111.887817 
111.897888 
111.908264 
111.917725 
111.928101 
111.938477 
111.948853 
111.959839 
111.970825 
111.981506 
111.991577 
112.001038 
112.010193 
112.019043 
112.028809 
112.038879 
112.049255 
112.059631 
112.070313 
112.080688 
112.091064 
112.102051 
112.112427 
112.122498 
112.132874 
112.143250 
112.153320 
112.163391 
112.173157 
112.183228 
112.192993 
112.203674 
112.215576 
112.227173 
112.237549 
112.247925 
112.258301 
112.268372 
112.278442 
112.288818 
112.298279 
112.308960 
112.319336 
112.329102 
112.339478 
112.349854 
112.360535 
112.370911 
112.381897 
112.392578 
112.402954 
112.413025 
112.421875 
112.431641 
112.441101 
112.451477 
112.461853 
112.472229 
112.482910 
112.493286 
112.503967 
112.514648 
112.525024 
112.535706 
112.545776 
112.556152 
112.566223 
112.576599 
112.586365 
112.595825 
112.605896 
112.617188 
112.628479 
112.640076 
112.651367 
112.661438 
112.671814 
112.681885 
112.691650 
112.701416 
112.712097 
112.721863 
112.731934 
112.742310 
112.752991 
112.763062 
112.773743 
112.784424 
112.794495 
112.805481 
112.816162 
112.825928 
112.834778 
112.843628 
112.853699 
112.863770 
112.874146 
112.884216 
112.895203 
112.905884 
112.917175 
112.926941 
112.937317 
112.947388 
112.958069 
112.967834 
112.978516 
112.987976 
112.997437 
113.007507 
113.017273 
113.028259 
113.039551 
113.050842 
113.061523 
113.071289 
113.079834 
113.089294 
113.097534 
113.106079 
113.113708 
113.121948 
113.129578 
113.136597 
113.143311 
113.149719 
113.156738 
113.162842 
113.168640 
113.174438 
113.178711 
113.182983 
113.185120 
113.187561 
113.190002 
113.192749 
113.195801 
113.197632 
113.199463 
113.201294 
113.202515 
113.204041 
113.204651 
113.205261 
113.205566 
113.205261 
113.205261 
113.204956 
113.204651 
113.204041 
113.203430 
113.204346 
113.204956 
113.206482 
113.206482 
113.206482 
113.205872 
113.204956 
113.204346 
113.204346 
113.203125 
113.202820 
113.202515 
113.201904 
113.201599 
113.201599 
113.200989 
113.200989 
113.200989 
113.200684 
113.200989 
113.200073 
113.197937 
113.197021 
113.196106 
113.196106 
113.195801 
113.195496 
113.195801 
113.195496 
113.196411 
113.196106 
113.196106 
113.195801 
113.195801 
113.195190 
113.194885 
113.194580 
113.193970 
113.193359 
113.193359 
113.193970 
113.194580 
113.196106 
113.196106 
113.195801 
113.196106 
113.195801 
113.195496 
113.195190 
113.195190 
113.195190 
113.194885 
113.194885 
113.194580 
113.195190 
113.195190 
113.195496 
113.195801 
113.196106 
113.196716 
113.195801 
113.194275 
113.193359 
113.193054 
113.192749 
113.192749 
113.192749 
113.193665 
113.193665 
113.193665 
113.194275 
113.193665 
113.194275 
113.193665 
113.193665 
113.193359 
113.193359 
113.192749 
113.192139 
113.192139 
113.192749 
113.193970 
113.194885 
113.195496 
113.195190 
113.195496 
113.194885 
113.194580 
113.194580 
113.193970 
113.194275 
113.193970 
113.193970 
113.193665 
113.194275 
113.194275 
113.194275 
113.194580 
113.194885 
113.195801 
113.194885 
113.193665 
113.192139 
113.191833 
113.191528 
113.191833 
113.191833 
113.192139 
113.192749 
113.192749 
113.192444 
113.192444 
113.192444 
113.192444 
113.192139 
113.192444 
113.191833 
113.191528 
113.191528 
113.190918 
113.190918 
113.192749 
113.193970 
113.194275 
113.194275 
113.194275 
113.193970 
113.193970 
113.193359 
113.193359 
113.193359 
113.193359 
113.193359 
113.193665 
113.193359 
113.193665 
113.193970 
113.194885 
113.194885 
113.195190 
113.194580 
113.193359 
113.192139 
113.192139 
113.192139 
113.191833 
113.192444 
113.192749 
113.193054 
113.193359 
113.193054 
113.193359 
113.193054 
113.193054 
113.192749 
113.193054 
113.192749 
113.192444 
113.192139 
113.191528 
113.192444 
113.193970 
113.194885 
113.194885 
113.195190 
113.195496 
113.195190 
113.194885 
113.194275 
113.194275 
113.194275 
113.194275 
113.194580 
113.194275 
113.194885 
113.194580 
113.195190 
113.195801 
113.195801 
113.195801 
113.195496 
113.194275 
113.192749 
113.192749 
113.192444 
113.192444 
113.192749 
113.193359 
113.193359 
113.193665 
113.193665 
113.193665 
113.193359 
113.193665 
113.193359 
113.193359 
113.193054 
113.193054 
113.191833 
113.191833 
113.192444 
113.193665 
113.194580 
113.195496 
113.195190 
113.194885 
113.194885 
113.194580 
113.193970 
113.193970 
113.193665 
113.193665 
113.193970 
113.193665 
113.193665 
113.193970 
113.194275 
113.194580 
113.194885 
113.195496 
113.194885 
113.193359 
113.192139 
113.192139 
113.191833 
113.191833 
113.192139 
113.192139 
113.192749 
113.192749 
113.193054 
113.192749 
113.192749 
113.192749 
113.192749 
113.192444 
113.192139 
113.191833 
113.191223 
113.191528 
113.191528 
113.193054 
113.194275 
113.195190 
113.194580 
113.194580 
113.194275 
113.194275 
113.193359 
113.193970 
113.193665 
113.193665 
113.193665 
113.193665 
113.193665 
113.194275 
113.194275 
113.194885 
113.195190 
113.195496 
113.195190 
113.193665 
113.192444 
113.192139 
113.192139 
113.192444 
113.192749 
113.193054 
113.192749 
113.193359 
113.193359 
113.193665 
113.193359 
113.193359 
113.193054 
113.193359 
113.192749 
113.192444 
113.192139 
113.191528 
113.192444 
113.193665 
113.194885 
113.194885 
113.195190 
113.195190 
113.195190 
113.194580 
113.194275 
113.193665 
113.194275 
113.193970 
113.194275 
113.194275 
113.194275 
113.194580 
113.194885 
113.194580 
113.195496 
113.195801 
113.194885 
113.193970 
113.192444 
113.192139 
113.191833 
113.191833 
113.192139 
113.192444 
113.193054 
113.192749 
113.193054 
113.193054 
113.193054 
113.192749 
113.192749 
113.192749 
113.192139 
113.191833 
113.191528 
113.191528 
113.191528 
113.193054 
113.194275 
113.194580 
113.194885 
113.194580 
113.193970 
113.193665 
113.193359 
113.193359 
113.193359 
113.193359 
113.193054 
113.193359 
113.193359 
113.193665 
113.193665 
113.194275 
113.194580 
113.194885 
113.194885 
113.193665 
113.191833 
113.191528 
113.191528 
113.191528 
113.192139 
113.192444 
113.192749 
113.192749 
113.192749 
113.193054 
113.192749 
113.192749 
113.192749 
113.192444 
113.192139 
113.191833 
113.191833 
113.190918 
113.191528 
113.193054 
113.193970 
113.194580 
113.194580 
113.194580 
113.193970 
113.193970 
113.193665 
113.193665 
113.193665 
113.193359 
113.193359 
113.193665 
113.193665 
113.193665 
113.193970 
113.194885 
113.194885 
113.194885 
113.194885 
113.193359 
113.192444 
113.191528 
113.191833 
113.191833 
113.192139 
113.193054 
113.192749 
113.192749 
113.193054 
113.193054 
113.193054 
113.192749 
113.192749 
113.192749 
113.192139 
113.191833 
113.191223 
113.191223 
113.191833 
113.193054 
113.194275 
113.194885 
113.194580 
113.194275 
113.194275 
113.194275 
113.193359 
113.193359 
113.193359 
113.193359 
113.193054 
113.193359 
113.193665 
113.193665 
113.193970 
113.194275 
113.194275 
113.194885 
113.194275 
113.193359 
113.191833 
113.191528 
113.191223 
113.191528 
113.191833 
113.191833 
113.192139 
113.192444 
113.192444 
113.192749 
113.192444 
113.192444 
113.191833 
113.191833 
113.191528 
113.191223 
113.191223 
113.190613 
113.191223 
113.192749 
113.193665 
113.194275 
113.194275 
113.193970 
113.193665 
113.193359 
113.193665 
113.193054 
113.193054 
113.193054 
113.192749 
113.192444 
113.193359 
113.193359 
113.193665 
113.193970 
113.194580 
113.194885 
113.194275 
113.193054 
113.191833 
113.191528 
113.191528 
113.191833 
113.191833 
113.191833 
113.192139 
113.192444 
113.192139 
113.192139 
113.192444 
113.192444 
113.192444 
113.192444 
113.192139 
113.191528 
113.190918 
113.190918 
113.191223 
113.192749 
113.193665 
113.194275 
113.193970 
113.194275 
113.193665 
113.193359 
113.193359 
113.192749 
113.193054 
113.193054 
113.193054 
113.193054 
113.193359 
113.193359 
113.193970 
113.194275 
113.194885 
113.194885 
113.193970 
113.193359 
113.191833 
113.190918 
113.191223 
113.191223 
113.191528 
113.191833 
113.192139 
113.192139 
113.192749 
113.192139 
113.192139 
113.192444 
113.192444 
113.192139 
113.191833 
113.191528 
113.191223 
113.190613 
113.191223 
113.192139 
113.193665 
113.194275 
113.193970 
113.193970 
113.193359 
113.193665 
113.193054 
113.192749 
113.193054 
113.192749 
113.192444 
113.193359 
113.193054 
113.192749 
113.193359 
113.193970 
113.194275 
113.194275 
113.194275 
113.193054 
113.191528 
113.191223 
113.190918 
113.191223 
113.191528 
113.191833 
113.192139 
113.192139 
113.192139 
113.192139 
113.192444 
113.192139 
113.192139 
113.191833 
113.191223 
113.191223 
113.190918 
113.190002 
113.191223 
113.192139 
113.193665 
113.193970 
113.194275 
113.193359 
113.193970 
113.193359 
113.192749 
113.193054 
113.192749 
113.192749 
113.192749 
113.192749 
113.193359 
113.193054 
113.193359 
113.193970 
113.193970 
113.194580 
113.193665 
113.192444 
113.191833 
113.191223 
113.190918 
113.191223 
113.191223 
113.191528 
113.191833 
113.192444 
113.191833 
113.192139 
113.192139 
113.192139 
113.191833 
113.192139 
113.191528 
113.191223 
113.190918 
113.190613 
113.190613 
113.192139 
113.193359 
113.193359 
113.194275 
113.194275 
113.193665 
113.193359 
113.192749 
113.192749 
113.192749 
113.192749 
113.193054 
113.192749 
113.193359 
113.193054 
113.193359 
113.193665 
113.193970 
113.193970 
113.194275 
113.192444 
113.191528 
113.190918 
113.191223 
113.191528 
113.191223 
113.191223 
113.191833 
113.192139 
113.192139 
113.192139 
113.192139 
113.191833 
113.191833 
113.191528 
113.191833 
113.190918 
113.190918 
113.190002 
113.190613 
113.192139 
113.193359 
113.193665 
113.193665 
113.193665 
113.193054 
113.193054 
113.193054 
113.192749 
113.192749 
113.192749 
113.192444 
113.192139 
113.192749 
113.192749 
113.192749 
113.193665 
113.193970 
113.193970 
113.193665 
113.192749 
113.191528 
113.190918 
113.190918 
113.190918 
113.191223 
113.191528 
113.191528 
113.191833 
113.192139 
113.192444 
113.191833 
113.191528 
113.191833 
113.191528 
113.191528 
113.190918 
113.190613 
113.190613 
113.190613 
113.192139 
113.193359 
113.193970 
113.193665 
113.193665 
113.193665 
113.193359 
113.192749 
113.193054 
113.192444 
113.192749 
113.192749 
113.192749 
113.192749 
113.193054 
113.193054 
113.193665 
113.193970 
113.194580 
113.194275 
113.192444 
113.191528 
113.191223 
113.191223 
113.191223 
113.191528 
113.191833 
113.192139 
113.192139 
113.192749 
113.192139 
113.192444 
113.191833 
113.191833 
113.191528 
113.191223 
113.191528 
113.190918 
113.190613 
113.190918 
113.191833 
113.193359 
113.193665 
113.193665 
113.193970 
113.193970 
113.193665 
113.193054 
113.192444 
113.193054 
113.192749 
113.192444 
113.192749 
113.192749 
113.192749 
113.193054 
113.193359 
113.193665 
113.193970 
113.193970 
113.192749 
113.191528 
113.190613 
113.190918 
113.190918 
113.190918 
113.191528 
113.191223 
113.191833 
113.192139 
113.192139 
113.192444 
113.191833 
113.191833 
113.191528 
113.191528 
113.191223 
113.190002 
113.190308 
113.190613 
113.191528 
113.192749 
113.193665 
113.193665 
113.193359 
113.193054 
113.193054 
113.192749 
113.192444 
113.192749 
113.192444 
113.192749 
113.192444 
113.192749 
113.193054 
113.193054 
113.193359 
113.193970 
113.193970 
113.193970 
113.192444 
113.191223 
113.190613 
113.190613 
113.190613 
113.191223 
113.191223 
113.191223 
113.192139 
113.192139 
113.192139 
113.192139 
113.191833 
113.191223 
113.191528 
113.191223 
113.190918 
113.190308 
113.190308 
113.190613 
113.191833 
113.192749 
113.193359 
113.193359 
113.193665 
113.193665 
113.192749 
113.193054 
113.192444 
113.192749 
113.192444 
113.192444 
113.192749 
113.192444 
113.192749 
113.192749 
113.193665 
113.193665 
113.194275 
113.193665 
113.192749 
113.191223 
113.190918 
113.190918 
113.191223 
113.190918 
113.191223 
113.191528 
113.191833 
113.191833 
113.191833 
113.191833 
113.191833 
113.191528 
113.191833 
113.191223 
113.190918 
113.190613 
113.190002 
113.190613 
113.191528 
113.193054 
113.193665 
113.193359 
113.193054 
113.193359 
113.193054 
113.192749 
113.192749 
113.192444 
113.192444 
113.192749 
113.192444 
113.192444 
113.193054 
113.193054 
113.193359 
113.193665 
113.193970 
113.193054 
113.191833 
113.191223 
113.190308 
113.190613 
113.190613 
113.190918 
113.191223 
113.191528 
113.191528 
113.191833 
113.191833 
113.191833 
113.191833 
113.191528 
113.191223 
113.190918 
113.190918 
113.190613 
113.189697 
113.190308 
113.191528 
113.192749 
113.193665 
113.193359 
113.193054 
113.193054 
113.192749 
113.193054 
113.192139 
113.192139 
113.192444 
113.191833 
113.192139 
113.192139 
113.192139 
113.192749 
113.193665 
113.193665 
113.193665 
113.193665 
113.192444 
113.190918 
113.190918 
113.190613 
113.190918 
113.191223 
113.191223 
113.191528 
113.191223 
113.191833 
113.191528 
113.191833 
113.191528 
113.191528 
113.190918 
113.190918 
113.191223 
113.190002 
113.190308 
113.190918 
113.191833 
113.193054 
113.193359 
113.193665 
113.193359 
113.192749 
113.193054 
113.193054 
113.192444 
113.192444 
113.192444 
113.191833 
113.192444 
113.192749 
113.192139 
113.192749 
113.193359 
113.193665 
113.193970 
113.193665 
113.192139 
113.191223 
113.190918 
113.190613 
113.190613 
113.190613 
113.191223 
113.191223 
113.191528 
113.191833 
113.191528 
113.191528 
113.191833 
113.191528 
113.191223 
113.191223 
113.190613 
113.190308 
113.189697 
113.190308 
113.191528 
113.193054 
113.193359 
113.193054 
113.193359 
113.193054 
113.192749 
113.192749 
113.192444 
113.192444 
113.192139 
113.192444 
113.192444 
113.192139 
113.192749 
113.192749 
113.193054 
113.193665 
113.193970 
113.193665 
113.191833 
113.190918 
113.190613 
113.190613 
113.190308 
113.190918 
113.190918 
113.191223 
113.191223 
113.191833 
113.191223 
113.191833 
113.191528 
113.190918 
113.191528 
113.190613 
113.190918 
113.190308 
113.189697 
113.190613 
113.190918 
113.192749 
113.193054 
113.193054 
113.193054 
113.193054 
113.192749 
113.192139 
113.192444 
113.192444 
113.192444 
113.192444 
113.192444 
113.192444 
113.192444 
113.193054 
113.192749 
113.193665 
113.193665 
113.193665 
113.192139 
113.190918 
113.190918 
113.190308 
113.190918 
113.191223 
113.190918 
113.191223 
113.191528 
113.191833 
113.191223 
113.191528 
113.191833 
113.191528 
113.191223 
113.191223 
113.190613 
113.190308 
113.190002 
113.190308 
113.191528 
113.192749 
113.193665 
113.193665 
113.193054 
113.193054 
113.192749 
113.192444 
113.192444 
113.192444 
113.192444 
113.191833 
113.191833 
113.192139 
113.192749 
113.193054 
113.193054 
113.193054 
113.193359 
113.193665 
113.191833 
113.191223 
113.190308 
113.190613 
113.190308 
113.191223 
113.191223 
113.191223 
113.191528 
113.191528 
113.191833 
113.191528 
113.191223 
113.191223 
113.191223 
113.191223 
113.190613 
113.190308 
113.190002 
113.190002 
113.191528 
113.192444 
113.193359 
113.193054 
113.193359 
113.193054 
113.192444 
113.192139 
113.192139 
113.192139 
113.192139 
113.192139 
113.191833 
113.192139 
113.192444 
113.192749 
113.192749 
113.193054 
113.193359 
113.193359 
113.192139 
113.190613 
113.190002 
113.190002 
113.190308 
113.190613 
113.190613 
113.191528 
113.191528 
113.191833 
113.191833 
113.191528 
113.191833 
113.191528 
113.191223 
113.191223 
113.190613 
113.190308 
113.190002 
113.190002 
113.191223 
113.192749 
113.192749 
113.193359 
113.193054 
113.192749 
113.192444 
113.192139 
113.192139 
113.192139 
113.192139 
113.192444 
113.192139 
113.192444 
113.192444 
113.192444 
113.192749 
113.193665 
113.193665 
113.193359 
113.192444 
113.190918 
113.190308 
113.190308 
113.190613 
113.190613 
113.191528 
113.191528 
113.191528 
113.191833 
113.191528 
113.190918 
113.191833 
113.191833 
113.191833 
113.191223 
113.190613 
113.190308 
113.190002 
113.190308 
113.191528 
113.193054 
113.193359 
113.193359 
113.193054 
113.193054 
113.192749 
113.192139 
113.192444 
113.192139 
113.192139 
113.192139 
113.192139 
113.192139 
113.192139 
113.192749 
113.193359 
113.193665 
113.193970 
113.193359 
113.192139 
113.190918 
113.190613 
113.190613 
113.190918 
113.190613 
113.191223 
113.191223 
113.191528 
113.191528 
113.191223 
113.191528 
113.191223 
113.191528 
113.191223 
113.190918 
113.190613 
113.190308 
113.189697 
113.190308 
113.191528 
113.192444 
113.193054 
113.193359 
113.192749 
113.192444 
113.192749 
113.192444 
113.192139 
113.192444 
113.192444 
113.192139 
113.192444 
113.192749 
113.192139 
113.192749 
113.193054 
113.193359 
113.193970 
113.193359 
113.192139 
113.191223 
113.190308 
113.190308 
113.190613 
113.190918 
113.190918 
113.191223 
113.191833 
113.191528 
113.191528 
113.191528 
113.191528 
113.191528 
113.190918 
113.190918 
113.190613 
113.190002 
113.189697 
113.190002 
113.191528 
113.192749 
113.193359 
113.193665 
113.192444 
113.193054 
113.192749 
113.192139 
113.192139 
113.192139 
113.192139 
113.191833 
113.192139 
113.191833 
113.192444 
113.192749 
113.193054 
113.193054 
113.193665 
113.193665 
113.192444 
113.190918 
113.190002 
113.190308 
113.190613 
113.190613 
113.190918 
113.191223 
113.191223 
113.191528 
113.191528 
113.191223 
113.191528 
113.191528 
113.191223 
113.191223 
113.191223 
113.190308 
113.190002 
113.190002 
113.191528 
113.192444 
113.193665 
113.193359 
113.193054 
113.193359 
113.192749 
113.192444 
113.192139 
113.191833 
113.192139 
113.192444 
113.192139 
113.192444 
113.192444 
113.193054 
113.193054 
113.193665 
113.193359 
113.193359 
113.192444 
113.190918 
113.190613 
113.190002 
113.190918 
113.190613 
113.190918 
113.191223 
113.191223 
113.191528 
113.191528 
113.191223 
113.191223 
113.191223 
113.191528 
113.190918 
113.190918 
113.190308 
113.190002 
113.190002 
113.191223 
113.192444 
113.193665 
113.193359 
113.193359 
113.192749 
113.192749 
113.192139 
113.192444 
113.191833 
113.192139 
113.192139 
113.192139 
113.191833 
113.191833 
113.192749 
113.192444 
113.193359 
113.193665 
113.193359 
113.192444 
113.190918 
113.190308 
113.190308 
113.190613 
113.190613 
113.190918 
113.191223 
113.191528 
113.191223 
113.191833 
113.191528 
113.191223 
113.191528 
113.191223 
113.190918 
113.190918 
113.190308 
113.189697 
113.190002 
113.191223 
113.192444 
113.193359 
113.193359 
113.193054 
113.192749 
113.192444 
113.192749 
113.191833 
113.191833 
113.192444 
113.192139 
113.192749 
113.192444 
113.192444 
113.192749 
113.193054 
113.193665 
113.193359 
113.193665 
113.192139 
113.190918 
113.190308 
113.190002 
113.190613 
113.190613 
113.190918 
113.190918 
113.191528 
113.191223 
113.191223 
113.191223 
113.191528 
113.191528 
113.191223 
113.190613 
113.190308 
113.190613 
113.189697 
113.189697 
113.191223 
113.192444 
113.192749 
113.193054 
113.193359 
113.193054 
113.192749 
113.193054 
113.192444 
113.192139 
113.192139 
113.192139 
113.192139 
113.192139 
113.192139 
113.192444 
113.193054 
113.193665 
113.193665 
113.193665 
113.192139 
113.191223 
113.190308 
113.190613 
113.190613 
113.190613 
113.190918 
113.190918 
113.191223 
113.191223 
113.191833 
113.191528 
113.191528 
113.191528 
113.191223 
113.190918 
113.190613 
113.190308 
113.189697 
113.190002 
113.191223 
113.192444 
113.193054 
113.193359 
113.193054 
113.192749 
113.192444 
113.192444 
113.192749 
113.192139 
113.192444 
113.191833 
113.192139 
113.192444 
113.192139 
113.192749 
113.193054 
113.193359 
113.193359 
113.193054 
113.192139 
113.190918 
113.190002 
113.190613 
113.190308 
113.190613 
113.190613 
113.191223 
113.191223 
113.191528 
113.192139 
113.191528 
113.191223 
113.191528 
113.191223 
113.190918 
113.190613 
113.190002 
113.189697 
113.190002 
113.191223 
113.192444 
113.193054 
113.193054 
113.193054 
113.193054 
113.192749 
113.192139 
113.192139 
113.192444 
113.191833 
113.191833 
113.192139 
113.192139 
113.192444 
113.192444 
113.192444 
113.193359 
113.193665 
113.193665 
113.192139 
113.190918 
113.190308 
113.190308 
113.190308 
113.190613 
113.190918 
113.190918 
113.191223 
113.191223 
113.191528 
113.191223 
113.191528 
113.191528 
113.191223 
113.190308 
113.190613 
113.190002 
113.189697 
113.190002 
113.190918 
113.192444 
113.193359 
113.193054 
113.193054 
113.193054 
113.193054 
113.192444 
113.191833 
113.192444 
113.192139 
113.192139 
113.192444 
113.192139 
113.192139 
113.192444 
113.192749 
113.193665 
113.193665 
113.193665 
113.192139 
113.190918 
113.190613 
113.190308 
113.190308 
113.190918 
113.190918 
113.191223 
113.191223 
113.191528 
113.191223 
113.191528 
113.191528 
113.190918 
113.190918 
113.190918 
113.190308 
113.189697 
113.189697 
113.190002 
113.190918 
113.192139 
113.193359 
113.193665 
113.192444 
113.193054 
113.192749 
113.192444 
113.192444 
113.192444 
113.192139 
113.191833 
113.192139 
113.192444 
113.192444 
113.192139 
113.192749 
113.193359 
113.193359 
113.193359 
113.192139 
113.191223 
113.190308 
113.190002 
113.190308 
113.190918 
113.191223 
113.191223 
113.191528 
113.191528 
113.191223 
113.191528 
113.191528 
113.191528 
113.190918 
113.190918 
113.190308 
113.190002 
113.189697 
113.190002 
113.190918 
113.192444 
113.193054 
113.193359 
113.193054 
113.193054 
113.192444 
113.192139 
113.192139 
113.192139 
113.192139 
113.192139 
113.191833 
113.192139 
113.192444 
113.192749 
113.192749 
113.193359 
113.193665 
113.193665 
113.192139 
113.191223 
113.190308 
113.190002 
113.189697 
113.190613 
113.190918 
113.191223 
113.191528 
113.191528 
113.190918 
113.191528 
113.191528 
113.191528 
113.190918 
113.191223 
113.190613 
113.190308 
113.189697 
113.190002 
113.191223 
113.192749 
113.193359 
113.193665 
113.193359 
113.193054 
113.192749 
113.192444 
113.192444 
113.192444 
113.192139 
113.192139 
113.192139 
113.192444 
113.192749 
113.192444 
113.193054 
113.193054 
113.193359 
113.193665 
113.192139 
113.191223 
113.190308 
113.190308 
113.190613 
113.190613 
113.190918 
113.191223 
113.191223 
113.191528 
113.191223 
113.191223 
113.191528 
113.191223 
113.191223 
113.190918 
113.190613 
113.189697 
113.189697 
113.190308 
113.190918 
113.192139 
113.193054 
113.193665 
113.193054 
113.192749 
113.193054 
113.192444 
113.192139 
113.192139 
113.192139 
113.191528 
113.192444 
113.192444 
113.192444 
113.192444 
113.193054 
113.193359 
113.193359 
113.193665 
113.192444 
113.191223 
113.190308 
113.190002 
113.190002 
113.190308 
113.190918 
113.190613 
113.191223 
113.191528 
113.191223 
113.191528 
113.191528 
113.191223 
113.191528 
113.191223 
113.190613 
113.190308 
113.189392 
113.189697 
113.190918 
113.192444 
113.192749 
113.193359 
113.192749 
113.192749 
113.192444 
113.192444 
113.192444 
113.192139 
113.192444 
113.192139 
113.192749 
113.192444 
113.192139 
113.192139 
113.192749 
113.193359 
113.193970 
113.193359 
113.192749 
113.191223 
113.190308 
113.190613 
113.190308 
113.190613 
113.191223 
113.191223 
113.191223 
113.191223 
113.191223 
113.190918 
113.191223 
113.190918 
113.190918 
113.190613 
113.190613 
113.190002 
113.189697 
113.189697 
113.191223 
113.192444 
113.193054 
113.193359 
113.192749 
113.193054 
113.192749 
113.192749 
113.192444 
113.192139 
113.192139 
113.192139 
113.192139 
113.192139 
113.191833 
113.192139 
113.192444 
113.193359 
113.193665 
113.193665 
113.192444 
113.191223 
113.190613 
113.190002 
113.190918 
113.190308 
113.191223 
113.191223 
113.191223 
113.191528 
113.191528 
113.191223 
113.190918 
113.191223 
113.191528 
113.191223 
113.190613 
113.190002 
113.190002 
113.190002 
113.190918 
113.192139 
113.193054 
113.193054 
113.192749 
113.192749 
113.192444 
113.192444 
113.192139 
113.191833 
113.192139 
113.192139 
113.192139 
113.192139 
113.192444 
113.193054 
113.192749 
113.192749 
113.193359 
113.193359 
113.192139 
113.191528 
113.190308 
113.190002 
113.190308 
113.190613 
113.190613 
113.191223 
113.191528 
113.191223 
113.191528 
113.191528 
113.191528 
113.191223 
113.191223 
113.191223 
113.190613 
113.190308 
113.189697 
113.189697 
113.190918 
113.192444 
113.193054 
113.193359 
113.193054 
113.192749 
113.192444 
113.192444 
113.192139 
113.191833 
113.192139 
113.192139 
113.192139 
113.192444 
113.192139 
113.192139 
113.192749 
113.193054 
113.193665 
113.193665 
113.192139 
113.191223 
113.190308 
113.190308 
113.190308 
113.190613 
113.190613 
113.191223 
113.191528 
113.191223 
113.191223 
113.191528 
113.191833 
113.190918 
113.191223 
113.190918 
113.190613 
113.190308 
113.190002 
113.190308 
113.191223 
113.192749 
113.193054 
113.193359 
113.193054 
113.193054 
113.192444 
113.192444 
113.192749 
113.191833 
113.192139 
113.192444 
113.192139 
113.191833 
113.192444 
113.192444 
113.192749 
113.193359 
113.193359 
113.193359 
113.192444 
113.191223 
113.190308 
113.190308 
113.190308 
113.190918 
113.190918 
113.191528 
113.191223 
113.190918 
113.191223 
113.191833 
113.191223 
113.191223 
113.190918 
113.190918 
113.190308 
113.190308 
113.190002 
113.190002 
113.190918 
113.192444 
113.192749 
113.193054 
113.193054 
113.192749 
113.192749 
113.192749 
113.192139 
113.191833 
113.191833 
113.192139 
113.192139 
113.192139 
113.191833 
113.192749 
113.192444 
113.193665 
113.193665 
113.193359 
113.192444 
113.191833 
113.190308 
113.190002 
113.190308 
113.190308 
113.190918 
113.191528 
113.191223 
113.191833 
113.191833 
113.191223 
113.191223 
113.191528 
113.190918 
113.190918 
113.190613 
113.190002 
113.189697 
113.189697 
113.190613 
113.192139 
113.193054 
113.193054 
113.193054 
113.192444 
113.192749 
113.192139 
113.191833 
113.191833 
113.192139 
113.191833 
113.192139 
113.192139 
113.192139 
113.192139 
113.192749 
113.193359 
113.193970 
113.193970 
113.192444 
113.191223 
113.190613 
113.190613 
113.190613 
113.190613 
113.190308 
113.190613 
113.190613 
113.190308 
113.190308 
113.189392 
113.187866 
113.187256 
113.184814 
113.182983 
113.180542 
113.177185 
113.173523 
113.170776 
113.168335 
113.165283 
113.161926 
113.157043 
113.151855 
113.145752 
113.139648 
113.132324 
113.125000 
113.117676 
113.109436 
113.101196 
113.092957 
113.083801 
113.074341 
113.065186 
113.055725 
113.045044 
113.034973 
113.024292 
113.012085 
112.999268 
112.987061 
112.975159 
112.963562 
112.951965 
112.940369 
112.928772 
112.917480 
112.906799 
112.894592 
112.883911 
112.873230 
112.862549 
112.851563 
112.840881 
112.830200 
112.819214 
112.808533 
112.798462 
112.789307 
112.780151 
112.770996 
112.760925 
112.750854 
112.740784 
112.729797 
112.719727 
112.709045 
112.698364 
112.687988 
112.677917 
112.667847 
112.657776 
112.647400 
112.637024 
112.627258 
112.617188 
112.607422 
112.597656 
112.586365 
112.574158 
112.563171 
112.552490 
112.542419 
112.532349 
112.522278 
112.512207 
112.502441 
112.492371 
112.482300 
112.472229 
112.462463 
112.452087 
112.441406 
112.431641 
112.420654 
112.410278 
112.398987 
112.388916 
112.379150 
112.370300 
112.361450 
112.351379 
112.341309 
112.330627 
112.320251 
112.309875 
112.298889 
112.288818 
112.277832 
112.267456 
112.257385 
112.247009 
112.236938 
112.226563 
112.217102 
112.207336 
112.197266 
112.186890 
112.175903 
112.164307 
112.153320 
112.142944 
112.132568 
112.122498 
112.112122 
112.102356 
112.092285 
112.082214 
112.072144 
112.062073 
112.052307 
112.041626 
112.031250 
112.020874 
112.010498 
111.999512 
111.988525 
111.978149 
111.968994 
111.959839 
111.950073 
111.940002 
111.929626 
111.918640 
111.908875 
111.897888 
111.886902 
111.876831 
111.865845 
111.855164 
111.844788 
111.834412 
111.824036 
111.813965 
111.804199 
111.793823 
111.784058 
111.773682 
111.762695 
111.750793 
111.740112 
111.729736 
111.719055 
111.708984 
111.698914 
111.688843 
111.679077 
111.669006 
111.658630 
111.648560 
111.638489 
111.628418 
111.617737 
111.607361 
111.596680 
111.586304 
111.575317 
111.565247 
111.555786 
111.546936 
111.537781 
111.527405 
111.517334 
111.507263 
111.496582 
111.485901 
111.474915 
111.464539 
111.454468 
111.444092 
111.433716 
111.423340 
111.413269 
111.403198 
111.393127 
111.383057 
111.373291 
111.363525 
111.352234 
111.340332 
111.329041 
111.318359 
111.308289 
111.298523 
111.288147 
111.278076 
111.268616 
111.258545 
111.248169 
111.237488 
111.227417 
111.217346 
111.207275 
111.197205 
111.186218 
111.175537 
111.164551 
111.154175 
111.145325 
111.136780 
111.127319 
111.116943 
111.106873 
111.096802 
111.086426 
111.075439 
111.065369 
111.054993 
111.044312 
111.034546 
111.023865 
111.013489 
111.003113 
110.993042 
110.983276 
110.973511 
110.963440 
110.953674 
110.942078 
110.930176 
110.919189 
110.908813 
110.897827 
110.888062 
110.877686 
110.867920 
110.857239 
110.847168 
110.836792 
110.827026 
110.816040 
110.805969 
110.795898 
110.784912 
110.774536 
110.763550 
110.753174 
110.742493 
110.733643 
110.724487 
110.715332 
110.704956 
110.694580 
110.683899 
110.673523 
110.663452 
110.652771 
110.641785 
110.631409 
110.621338 
110.610352 
110.600281 
110.590210 
110.580444 
110.570068 
110.559998 
110.550842 
110.540161 
110.528870 
110.517578 
110.506287 
110.495911 
110.485535 
110.475464 
110.465088 
110.455627 
110.445557 
110.435181 
110.425110 
110.415344 
110.404968 
110.394592 
110.384216 
110.373535 
110.363159 
110.352783 
110.341797 
110.331116 
110.321960 
110.313110 
110.303955 
110.294189 
110.283508 
110.273438 
110.263672 
110.252991 
110.243225 
110.232544 
110.223083 
110.213928 
110.205078 
110.196533 
110.188904 
110.180969 
110.173950 
110.167847 
110.161133 
110.155334 
110.148926 
110.142212 
110.136108 
110.131226 
110.127563 
110.123596 
110.120850 
110.118103 
110.115967 
110.113831 
110.112305 
110.110779 
110.109558 
110.108643 
110.108337 
110.107422 
110.106506 
110.106201 
110.105591 
110.105591 
110.106201 
110.107727 
110.108948 
110.109253 
110.108948 
110.108643 
110.108643 
110.108643 
110.108032 
110.108032 
110.108032 
110.108032 
110.108337 
110.108643 
110.108643 
110.108643 
110.109558 
110.110168 
110.110168 
110.110779 
110.109863 
110.108643 
110.107727 
110.107422 
110.108032 
110.108032 
110.108337 
110.108643 
110.108948 
110.109253 
110.109558 
110.109253 
110.109558 
110.109558 
110.109558 
110.109558 
110.108948 
110.108337 
110.108337 
110.107727 
110.108948 
110.110168 
110.111084 
110.111694 
110.112000 
110.111389 
110.111084 
110.111389 
110.110779 
110.111084 
110.110779 
110.110779 
110.110474 
110.110779 
110.111084 
110.111084 
110.111694 
110.112000 
110.112305 
110.112000 
110.111084 
110.109558 
110.108948 
110.108948 
110.108948 
110.108948 
110.109558 
110.109863 
110.109863 
110.109863 
110.109863 
110.109558 
110.110168 
110.109863 
110.109863 
110.109253 
110.108948 
110.108948 
110.108337 
110.108337 
110.109253 
110.111084 
110.111694 
110.111389 
110.111694 
110.111389 
