Blum, K. P., D’Incamps, B. L., Zytnicki, D., & Ting, L. H. (2017).
Force encoding in muscle spindles during stretch of
passive muscle. PLoS computational biology, 13(9), 
e1005767. <https://journals.plos.org/ploscompbiol/article?
id=10.1371/journal.pcbi.1005767>

cat medial gastrocnemius muscle lengths over t  (in 0.0005 s increments)
110.108643 
110.108032 
110.108643 
110.108643 
110.109253 
110.109253 
110.109558 
110.110168 
110.110168 
110.109863 
110.110168 
110.110168 
110.109863 
110.109863 
110.109863 
110.109253 
110.108643 
110.108643 
110.108643 
110.110474 
110.111084 
110.111389 
110.111084 
110.110779 
110.110779 
110.110779 
110.110168 
110.109558 
110.109863 
110.109863 
110.110168 
110.109558 
110.109863 
110.109863 
110.110474 
110.109863 
110.111084 
110.111084 
110.110474 
110.109863 
110.108948 
110.108337 
110.108337 
110.108643 
110.108948 
110.108948 
110.109863 
110.110474 
110.110474 
110.109863 
110.110168 
110.109863 
110.110168 
110.109863 
110.109863 
110.109558 
110.108948 
110.108643 
110.108337 
110.109863 
110.111389 
110.111084 
110.111694 
110.111389 
110.110474 
110.110474 
110.110474 
110.109863 
110.109863 
110.109558 
110.109863 
110.109558 
110.109863 
110.109558 
110.110168 
110.110474 
110.111084 
110.111084 
110.111389 
110.109863 
110.108643 
110.108948 
110.108643 
110.108643 
110.109253 
110.109558 
110.109863 
110.109863 
110.110168 
110.109863 
110.109863 
110.110168 
110.110168 
110.109863 
110.109558 
110.109863 
110.108643 
110.108643 
110.108948 
110.110168 
110.111389 
110.111389 
110.111389 
110.111084 
110.111084 
110.110779 
110.110168 
110.109558 
110.109863 
110.110168 
110.110168 
110.110474 
110.110168 
110.110168 
110.110779 
110.111694 
110.112610 
110.113220 
110.113525 
110.113525 
110.112915 
110.113220 
110.114136 
110.115356 
110.117188 
110.119019 
110.120544 
110.122681 
110.124207 
110.126343 
110.128479 
110.131226 
110.132751 
110.135193 
110.137329 
110.139465 
110.141907 
110.144348 
110.147705 
110.151978 
110.156250 
110.160522 
110.163879 
110.166931 
110.170898 
110.174561 
110.178223 
110.181885 
110.185852 
110.190735 
110.195007 
110.199890 
110.205383 
110.210571 
110.215759 
110.221863 
110.227356 
110.233459 
110.239258 
110.243835 
110.249023 
110.254517 
110.260620 
110.267334 
110.274353 
110.281372 
110.288391 
110.296326 
110.303650 
110.310669 
110.318909 
110.326233 
110.334167 
110.342407 
110.349731 
110.357971 
110.366516 
110.375366 
110.384521 
110.395508 
110.406799 
110.417175 
110.427856 
110.438538 
110.448608 
110.459595 
110.470581 
110.481873 
110.493164 
110.504761 
110.516052 
110.528259 
110.539856 
110.552063 
110.563965 
110.575867 
110.588379 
110.600281 
110.611572 
110.621948 
110.632629 
110.643616 
110.655212 
110.667114 
110.679016 
110.690918 
110.703125 
110.715637 
110.727539 
110.740051 
110.751953 
110.763855 
110.776367 
110.788269 
110.800781 
110.813293 
110.824890 
110.837708 
110.851440 
110.866089 
110.880127 
110.894775 
110.908508 
110.921936 
110.935669 
110.949402 
110.963440 
110.977173 
110.991821 
111.006165 
111.020813 
111.036072 
111.051025 
111.065674 
111.081238 
111.096802 
111.112061 
111.127625 
111.142883 
111.156921 
111.170959 
111.186218 
111.201477 
111.217346 
111.233215 
111.248779 
111.264343 
111.280823 
111.296082 
111.311646 
111.327209 
111.342773 
111.358032 
111.373291 
111.388550 
111.403503 
111.418152 
111.433411 
111.448975 
111.465759 
111.482544 
111.498718 
111.514282 
111.530151 
111.545410 
111.560059 
111.575928 
111.591187 
111.606140 
111.622009 
111.637573 
111.653137 
111.668701 
111.684265 
111.700134 
111.716309 
111.732178 
111.747437 
111.762695 
111.777344 
111.791382 
111.806641 
111.822510 
111.838074 
111.853027 
111.868591 
111.884460 
111.900024 
111.915588 
111.930847 
111.946106 
111.961365 
111.976318 
111.991577 
112.006531 
112.021179 
112.035828 
112.050476 
112.065735 
112.082214 
112.098389 
112.114258 
112.129211 
112.143555 
112.158813 
112.173157 
112.188110 
112.203064 
112.217407 
112.232361 
112.247009 
112.262573 
112.277527 
112.292175 
112.307129 
112.321777 
112.337036 
112.351685 
112.366028 
112.378540 
112.391663 
112.405090 
112.418823 
112.433167 
112.447510 
112.461243 
112.475281 
112.489014 
112.502747 
112.515869 
112.528992 
112.541809 
112.554321 
112.567444 
112.579956 
112.592163 
112.603760 
112.615662 
112.628174 
112.641602 
112.654419 
112.666931 
112.678833 
112.690125 
112.701111 
112.712402 
112.723083 
112.733765 
112.745056 
112.755432 
112.766418 
112.776489 
112.787170 
112.798157 
112.808228 
112.818909 
112.828979 
112.839050 
112.848816 
112.857361 
112.865601 
112.874146 
112.883911 
112.892761 
112.902527 
112.911682 
112.920837 
112.929382 
112.938232 
112.946472 
112.954712 
112.962952 
112.970276 
112.978210 
112.985229 
112.992249 
112.999573 
113.005981 
113.013611 
113.021545 
113.029480 
113.036194 
113.043213 
113.049316 
113.055725 
113.061523 
113.067322 
113.072815 
113.078613 
113.083801 
113.089905 
113.094788 
113.100281 
113.105469 
113.110657 
113.116150 
113.120728 
113.126526 
113.130493 
113.133545 
113.136597 
113.140564 
113.144836 
113.148804 
113.152466 
113.156433 
113.160400 
113.163757 
113.167419 
113.170776 
113.173828 
113.176270 
113.179016 
113.181458 
113.183594 
113.185730 
113.187256 
113.189392 
113.191528 
113.194275 
113.197021 
113.199158 
113.200684 
113.202209 
113.203125 
113.203430 
113.204346 
113.204956 
113.204956 
113.206177 
113.206482 
113.206787 
113.207397 
113.208313 
113.208313 
113.209229 
113.209839 
113.210144 
113.210449 
113.209229 
113.208008 
113.207397 
113.207397 
113.207397 
113.207703 
113.208618 
113.208313 
113.208923 
113.208618 
113.208313 
113.208008 
113.208313 
113.208008 
113.207397 
113.207092 
113.206177 
113.205566 
113.205261 
113.205261 
113.206482 
113.207092 
113.207092 
113.207092 
113.206482 
113.206177 
113.205566 
113.204956 
113.204346 
113.204346 
113.203735 
113.203735 
113.203430 
113.203735 
113.203430 
113.203735 
113.203735 
113.203735 
113.204651 
113.204041 
113.202515 
113.201294 
113.200684 
113.200684 
113.200684 
113.200989 
113.201294 
113.201599 
113.202209 
113.202209 
113.202209 
113.202209 
113.201904 
113.201599 
113.201904 
113.201294 
113.200989 
113.200684 
113.200684 
113.200378 
113.201599 
113.202515 
113.202820 
113.202820 
113.203125 
113.202209 
113.201904 
113.201904 
113.201294 
113.201599 
113.201599 
113.201294 
113.201294 
113.201294 
113.201599 
113.201904 
113.201904 
113.202209 
113.202515 
113.202515 
113.201599 
113.199768 
113.199768 
113.199768 
113.199768 
113.199768 
113.200378 
113.200684 
113.200684 
113.201294 
113.200684 
113.200989 
113.200989 
113.200684 
113.200684 
113.200073 
113.199768 
113.199158 
113.198853 
113.199158 
113.199768 
113.201294 
113.201294 
113.201294 
113.200989 
113.200684 
113.200073 
113.200073 
113.199768 
113.199158 
113.198853 
113.199158 
113.198547 
113.198853 
113.199158 
113.199158 
113.199768 
113.200378 
113.200378 
113.199768 
113.198853 
113.197632 
113.196716 
113.197021 
113.197327 
113.197632 
113.197937 
113.198547 
113.198547 
113.198547 
113.198547 
113.198547 
113.198547 
113.198242 
113.198242 
113.198242 
113.197937 
113.197632 
113.197021 
113.197327 
113.198853 
113.200073 
113.200073 
113.200378 
113.199768 
113.199768 
113.199158 
113.199463 
113.199158 
113.198853 
113.198547 
113.198853 
113.198853 
113.199158 
113.198853 
113.199158 
113.199768 
113.200073 
113.200684 
113.200073 
113.199158 
113.198242 
113.197937 
113.197937 
113.198242 
113.198547 
113.199158 
113.199463 
113.199463 
113.199768 
113.199768 
113.200378 
113.200073 
113.200073 
113.200073 
113.200073 
113.199768 
113.198853 
113.198853 
113.199158 
113.200684 
113.201294 
113.201599 
113.201904 
113.201294 
113.201599 
113.201294 
113.200378 
113.200378 
113.200378 
113.200073 
113.200684 
113.200378 
113.200073 
113.200073 
113.200684 
113.200989 
113.201294 
113.201294 
113.200989 
113.199768 
113.198853 
113.198547 
113.198853 
113.198547 
113.199158 
113.199158 
113.199158 
113.199463 
113.199768 
113.199768 
113.200073 
113.199768 
113.199463 
113.198853 
113.198853 
113.198547 
113.197937 
113.197632 
113.197937 
113.199158 
113.199768 
113.200684 
113.200073 
113.199768 
113.199768 
113.199463 
113.198547 
113.198547 
113.198242 
113.198242 
113.197937 
113.198547 
113.198242 
113.198242 
113.198242 
113.198853 
113.199158 
113.199463 
113.199463 
113.198242 
113.197021 
113.196716 
113.196411 
113.196716 
113.197327 
113.197327 
113.197632 
113.197632 
113.197937 
113.198242 
113.198242 
113.198242 
113.197632 
113.198242 
113.197632 
113.197327 
113.196716 
113.197021 
113.197021 
113.198242 
113.199463 
113.199463 
113.199463 
113.199768 
113.199463 
113.198547 
113.198853 
113.198547 
113.198853 
113.197937 
113.198242 
113.198242 
113.198853 
113.199158 
113.198853 
113.199158 
113.199768 
113.200378 
113.199768 
113.198853 
113.197632 
113.197327 
113.197632 
113.197937 
113.197937 
113.198547 
113.198547 
113.198853 
113.198547 
113.199158 
113.199158 
113.199158 
113.199158 
113.198853 
113.198853 
113.198242 
113.198242 
113.197632 
113.197937 
113.198853 
113.200073 
113.200684 
113.200684 
113.200073 
113.199768 
113.199768 
113.199463 
113.199158 
113.198547 
113.198853 
113.198853 
113.198547 
113.198853 
113.199158 
113.199158 
113.199463 
113.199768 
113.200073 
113.199768 
113.198547 
113.197632 
113.196716 
113.196716 
113.197632 
113.197632 
113.197632 
113.197937 
113.198242 
113.198547 
113.198547 
113.198242 
113.198547 
113.198242 
113.197937 
113.197632 
113.197327 
113.197327 
113.196411 
113.197021 
113.198242 
113.198853 
113.198853 
113.199158 
113.199158 
113.198853 
113.198242 
113.198547 
113.197937 
113.197632 
113.197937 
113.197632 
113.197632 
113.197937 
113.198242 
113.197937 
113.198853 
113.199158 
113.198853 
113.199158 
113.198242 
113.197327 
113.196411 
113.196411 
113.196716 
113.197021 
113.197632 
113.197632 
113.197632 
113.198242 
113.198547 
113.198547 
113.198242 
113.198547 
113.198242 
113.197937 
113.197937 
113.197021 
113.197021 
113.197632 
113.198853 
113.199768 
113.200378 
113.200073 
113.199768 
113.199463 
113.199463 
113.198547 
113.198853 
113.198547 
113.198853 
113.198547 
113.197937 
113.198853 
113.198547 
113.199158 
113.199463 
113.199463 
113.200073 
113.199768 
113.198853 
113.197327 
113.197327 
113.197327 
113.197327 
113.198242 
113.198242 
113.198853 
113.199158 
113.199158 
113.198853 
113.199158 
113.199158 
113.198853 
113.198853 
113.198242 
113.198242 
113.197327 
113.197632 
113.197937 
113.199158 
113.199768 
113.200073 
113.200073 
113.199463 
113.199158 
113.198853 
113.198547 
113.198853 
113.198853 
113.198242 
113.198242 
113.198547 
113.198242 
113.198547 
113.198547 
113.198853 
113.199158 
113.199463 
113.199463 
113.197937 
113.197021 
113.196716 
113.196411 
113.196716 
113.197327 
113.197327 
113.197327 
113.197937 
113.198242 
113.197632 
113.197937 
113.198242 
113.197632 
113.197937 
113.197632 
113.197021 
113.197021 
113.196716 
113.196716 
113.197937 
113.199463 
113.198853 
113.199158 
113.199463 
113.198853 
113.198853 
113.198242 
113.197937 
113.197632 
113.197937 
113.197937 
113.197937 
113.197937 
113.198242 
113.198242 
113.198853 
113.199463 
113.199768 
113.199158 
113.197632 
113.196716 
113.196716 
113.196411 
113.197327 
113.197327 
113.197937 
113.198242 
113.198242 
113.197937 
113.198547 
113.198547 
113.198547 
113.198242 
113.198242 
113.197937 
113.197632 
113.197632 
113.197021 
113.197632 
113.198853 
113.199463 
113.200073 
113.200073 
113.199463 
113.199158 
113.199158 
113.198853 
113.198547 
113.198547 
113.198853 
113.198242 
113.198547 
113.198853 
113.198547 
113.198853 
113.198853 
113.199768 
113.199768 
113.199463 
113.198547 
113.197632 
113.197021 
113.197327 
113.197632 
113.197327 
113.197632 
113.198547 
113.198547 
113.198547 
113.198242 
113.198242 
113.198242 
113.198547 
113.198242 
113.197937 
113.197327 
113.197327 
113.197021 
113.197327 
113.198242 
113.199158 
113.199463 
113.199463 
113.199158 
113.198853 
113.198853 
113.198242 
113.197937 
113.198242 
113.197937 
113.197937 
113.197937 
113.197937 
113.197937 
113.198242 
113.198853 
113.198853 
113.199158 
113.198853 
113.197632 
113.196106 
113.196106 
113.196716 
113.196411 
113.196716 
113.197327 
113.197632 
113.197632 
113.197937 
113.198242 
113.197632 
113.198242 
113.197937 
113.197632 
113.197021 
113.197327 
113.196716 
113.196716 
113.196716 
113.198242 
113.199158 
113.199158 
113.199463 
113.198242 
113.199158 
113.198547 
113.198547 
113.198242 
113.197937 
113.197937 
113.198242 
113.197937 
113.198242 
113.197937 
113.198547 
113.198853 
113.199158 
113.199463 
113.199463 
113.198242 
113.197021 
113.197327 
113.196716 
113.197632 
113.197632 
113.197632 
113.197937 
113.197937 
113.198242 
113.198547 
113.198242 
113.198853 
113.198242 
113.198242 
113.198242 
113.197327 
113.196716 
113.197021 
113.197021 
113.198242 
113.199768 
113.200073 
113.199463 
113.199463 
113.198853 
113.198853 
113.198242 
113.198242 
113.198242 
113.197632 
113.197937 
113.198242 
113.198547 
113.198547 
113.198547 
113.198853 
113.199158 
113.199158 
113.198853 
113.198242 
113.197021 
113.196411 
113.196716 
113.196716 
113.197021 
113.197327 
113.197632 
113.197937 
113.197937 
113.198242 
113.198242 
113.198242 
113.197937 
113.198242 
113.197632 
113.197327 
113.197021 
113.196411 
113.196716 
113.197937 
113.199158 
113.199158 
113.198853 
113.199158 
113.198547 
113.198547 
113.198242 
113.197632 
113.197632 
113.197327 
113.197327 
113.197632 
113.197937 
113.197937 
113.198242 
113.198547 
113.198853 
113.198853 
113.198853 
113.197632 
113.196716 
113.196106 
113.196411 
113.196716 
113.196716 
113.197632 
113.197937 
113.197632 
113.197937 
113.197937 
113.198242 
113.197937 
113.197937 
113.197632 
113.197937 
113.197327 
113.197021 
113.196411 
113.197021 
113.198242 
113.198853 
113.199463 
113.199463 
113.199158 
113.199158 
113.198853 
113.198547 
113.197937 
113.198242 
113.198242 
113.198242 
113.198242 
113.198547 
113.198547 
113.198853 
113.198853 
113.199158 
113.199463 
113.199158 
113.198242 
113.196716 
113.196411 
113.196716 
113.197632 
113.197327 
113.197937 
113.197937 
113.198547 
113.198242 
113.198547 
113.198547 
113.198547 
113.198242 
113.197937 
113.198242 
113.197632 
113.197021 
113.196716 
113.197327 
113.198242 
113.199768 
113.199463 
113.199768 
113.198853 
113.199158 
113.198853 
113.198547 
113.198547 
113.198242 
113.197937 
113.197937 
113.198242 
113.197632 
113.198242 
113.198547 
113.198853 
113.198853 
113.199158 
113.199463 
113.197937 
113.196716 
113.196716 
113.196411 
113.197021 
113.197327 
113.197632 
113.197327 
113.197632 
113.197937 
113.198242 
113.198242 
113.197937 
113.197937 
113.197937 
113.197632 
113.197021 
113.197021 
113.196106 
113.196411 
113.197632 
113.198853 
113.199158 
113.198853 
113.198853 
113.198853 
113.198242 
113.198242 
113.197937 
113.197632 
113.197632 
113.197632 
113.197327 
113.198242 
113.197937 
113.198242 
113.198547 
113.199158 
113.198853 
113.198853 
113.197937 
113.196716 
113.196411 
113.196411 
113.196716 
113.197021 
113.197327 
113.197937 
113.197632 
113.197937 
113.198242 
113.198547 
113.198242 
113.197937 
113.197937 
113.197327 
113.197632 
113.196716 
113.196716 
113.197021 
113.197937 
113.199463 
113.199463 
113.199768 
113.199158 
113.198853 
113.199158 
113.198547 
113.198547 
113.198242 
113.198242 
113.198242 
113.197937 
113.197937 
113.198242 
113.198242 
113.198547 
113.198853 
113.199158 
113.199158 
113.197632 
113.197021 
113.196716 
113.197021 
113.197327 
113.197632 
113.197937 
113.197937 
113.198242 
113.197937 
113.198242 
113.198242 
113.198242 
113.197937 
113.197937 
113.197632 
113.197327 
113.196716 
113.196716 
113.196716 
113.197937 
113.198853 
113.199768 
113.199463 
113.198853 
113.198853 
113.198547 
113.198242 
113.197937 
113.197632 
113.197327 
113.197937 
113.197632 
113.197937 
113.198242 
113.197937 
113.198547 
113.198547 
113.199158 
113.199158 
113.197327 
113.196716 
113.196411 
113.196106 
113.196716 
113.197021 
113.197327 
113.197632 
113.198242 
113.197632 
113.197632 
113.197937 
113.198242 
113.198242 
113.197632 
113.197327 
113.196716 
113.197327 
113.196411 
113.196411 
113.197937 
113.198853 
113.199463 
113.199463 
113.199158 
113.198547 
113.198547 
113.198242 
113.197937 
113.197632 
113.197937 
113.198242 
113.197937 
113.197937 
113.197632 
113.197937 
113.198853 
113.199158 
113.199158 
113.198853 
113.197632 
113.196716 
113.196411 
113.196716 
113.197327 
113.197021 
113.197937 
113.197937 
113.197937 
113.198242 
113.198242 
113.197937 
113.198242 
113.198242 
113.197632 
113.197937 
113.197327 
113.196716 
113.197021 
113.197021 
113.197937 
113.199158 
113.199463 
113.199158 
113.198853 
113.198853 
113.198242 
113.197937 
113.197937 
113.197937 
113.197937 
113.197937 
113.197937 
113.197632 
113.198242 
113.198242 
113.198242 
113.199158 
113.199158 
113.198853 
113.197937 
113.197021 
113.196411 
113.196716 
113.197327 
113.197327 
113.197632 
113.197937 
113.197937 
113.197937 
113.197937 
113.197937 
113.197632 
113.198242 
113.197937 
113.197327 
113.197021 
113.196411 
113.196411 
113.197021 
113.197937 
113.198853 
113.199158 
113.198853 
113.199158 
113.198242 
113.198242 
113.197937 
113.197937 
113.197632 
113.197937 
113.197632 
113.197327 
113.197632 
113.197937 
113.198242 
113.198242 
113.199158 
113.198853 
113.198547 
113.197632 
113.196411 
113.196411 
113.196716 
113.196106 
113.197021 
113.197327 
113.197632 
113.197937 
113.197937 
113.197937 
113.198242 
113.197937 
113.197937 
113.197632 
113.197632 
113.197021 
113.196716 
113.196411 
113.196716 
113.198242 
113.198853 
113.198853 
113.198853 
113.198853 
113.198547 
113.198547 
113.198242 
113.197937 
113.197937 
113.197937 
113.197937 
113.197937 
113.197937 
113.197937 
113.198547 
113.198547 
113.199158 
113.199158 
113.198853 
113.197937 
113.196716 
113.196411 
113.196106 
113.196716 
113.197021 
113.197021 
113.197632 
113.198242 
113.197632 
113.197632 
113.198242 
113.197937 
113.197632 
113.197937 
113.197327 
113.197327 
113.196716 
113.196411 
113.196716 
113.198242 
113.198853 
113.198853 
113.199158 
113.198853 
113.198853 
113.198242 
113.198547 
113.198242 
113.197937 
113.197937 
113.197632 
113.197632 
113.197632 
113.198242 
113.197937 
113.198853 
113.199158 
113.198853 
113.198853 
113.197327 
113.196411 
113.196411 
113.196716 
113.197021 
113.196716 
113.197327 
113.197632 
113.197327 
113.197937 
113.197632 
113.197632 
113.198547 
113.197937 
113.197632 
113.197327 
113.197021 
113.196716 
113.196411 
113.197021 
113.197937 
113.199158 
113.199158 
113.199158 
113.198853 
113.198547 
113.198242 
113.197937 
113.197937 
113.197327 
113.197632 
113.197327 
113.197937 
113.197632 
113.197632 
113.198547 
113.198547 
113.198853 
113.199158 
113.198853 
113.197632 
113.196411 
113.196106 
113.196411 
113.197021 
113.197327 
113.197021 
113.197632 
113.197937 
113.197632 
113.197937 
113.198242 
113.197937 
113.197937 
113.197937 
113.197327 
113.197021 
113.197021 
113.196411 
113.196716 
113.198242 
113.198853 
113.199463 
113.199158 
113.199158 
113.198547 
113.198547 
113.197937 
113.197937 
113.197632 
113.197632 
113.197937 
113.198242 
113.197632 
113.197937 
113.197937 
113.198547 
113.199158 
113.199463 
113.198547 
113.197632 
113.197021 
113.196106 
113.196411 
113.196716 
113.197327 
113.197021 
113.197632 
113.197937 
113.198242 
113.198242 
113.197937 
113.198242 
113.198242 
113.198242 
113.197327 
113.197327 
113.196411 
113.196411 
113.196716 
113.198242 
113.198853 
113.199158 
113.199158 
113.198853 
113.198853 
113.198242 
113.198242 
113.197632 
113.197327 
113.197937 
113.197632 
113.197937 
113.197937 
113.197937 
113.198242 
113.198547 
113.198853 
113.199158 
113.198853 
113.197632 
113.196411 
113.196411 
113.196716 
113.196716 
113.196411 
113.197327 
113.197937 
113.197632 
113.198242 
113.197937 
113.198242 
113.198242 
113.197632 
113.197937 
113.197327 
113.197327 
113.197021 
113.196411 
113.196716 
113.198547 
113.199158 
113.199158 
113.199463 
113.199158 
113.198853 
113.198853 
113.197937 
113.197937 
113.197937 
113.197632 
113.197632 
113.197937 
113.197937 
113.197937 
113.197937 
113.198547 
113.198853 
113.199158 
113.198853 
113.197632 
113.196411 
113.196411 
113.197021 
113.196716 
113.197021 
113.197327 
113.197327 
113.197937 
113.198242 
113.198242 
113.197937 
113.197937 
113.198242 
113.197937 
113.197632 
113.197632 
113.197021 
113.196716 
113.196716 
113.197937 
113.199158 
113.199158 
113.198853 
113.199158 
113.198853 
113.197937 
113.197937 
113.197632 
113.197937 
113.197632 
113.197632 
113.197632 
113.197632 
113.197937 
113.197937 
113.198242 
113.199158 
113.198853 
113.198547 
113.197632 
113.196411 
113.196106 
113.196411 
113.196716 
113.197327 
113.197327 
113.198242 
113.197937 
113.197632 
113.198242 
113.198242 
113.197632 
113.198242 
113.197632 
113.197632 
113.197021 
113.196716 
113.196411 
113.196716 
113.197632 
113.198853 
113.199463 
113.199463 
113.199158 
113.198547 
113.198547 
113.198242 
113.197632 
113.197937 
113.197632 
113.197632 
113.197632 
113.197632 
113.197632 
113.198242 
113.198547 
113.198853 
113.199158 
113.198853 
113.197327 
113.196411 
113.196411 
113.196106 
113.196411 
113.197021 
113.197021 
113.197937 
113.197937 
113.197937 
113.197937 
113.197937 
113.197937 
113.197632 
113.197937 
113.197327 
113.197327 
113.196716 
113.196716 
113.197021 
113.198242 
113.199158 
113.199463 
113.199158 
113.198547 
113.198853 
113.198242 
113.197937 
113.197937 
113.197937 
113.197632 
113.197632 
113.197632 
113.197327 
113.197632 
113.198242 
113.198547 
113.198547 
113.199158 
113.198853 
113.197632 
113.196411 
113.196411 
113.196716 
113.196716 
113.197021 
113.197632 
113.197327 
113.197937 
113.198242 
113.197937 
113.197632 
113.198547 
113.197937 
113.197937 
113.197327 
113.197021 
113.196411 
113.196411 
113.196716 
113.197632 
113.198853 
113.199463 
113.198853 
113.198853 
113.198547 
113.198547 
113.197937 
113.197632 
113.197937 
113.197632 
113.198242 
113.197327 
113.197632 
113.197632 
113.197632 
113.198242 
113.199158 
113.199158 
113.198547 
113.197632 
113.196716 
113.196106 
113.196106 
113.196716 
113.196411 
113.197021 
113.197632 
113.197937 
113.197937 
113.197937 
113.197937 
113.197937 
113.197937 
113.197632 
113.197632 
113.197021 
113.196716 
113.196411 
113.197021 
113.197632 
113.198853 
113.199158 
113.199158 
113.199158 
113.198547 
113.198242 
113.197937 
113.197937 
113.197632 
113.197937 
113.197632 
113.197632 
113.197632 
113.197632 
113.198242 
113.198242 
113.198853 
113.198853 
113.198242 
113.197632 
113.196716 
113.196106 
113.196716 
113.196716 
113.196716 
113.197327 
113.197632 
113.197632 
113.197937 
113.198242 
113.198242 
113.198242 
113.198242 
113.197632 
113.197632 
113.197327 
113.196411 
113.196716 
113.196716 
113.197937 
113.199158 
113.199158 
113.199463 
113.199158 
113.198853 
113.198242 
113.198242 
113.197632 
113.197937 
113.197632 
113.197937 
113.197632 
113.197632 
113.197937 
113.198242 
113.198547 
113.198853 
113.199463 
113.198853 
113.197327 
113.196411 
113.196411 
113.196411 
113.196716 
113.196716 
113.197021 
113.197327 
113.197937 
113.197937 
113.197937 
113.197937 
113.197632 
113.197632 
113.197632 
113.197327 
113.197021 
113.196411 
113.196106 
113.196411 
113.197937 
113.199158 
113.199463 
113.198547 
113.198853 
113.198547 
113.198242 
113.197937 
113.197327 
113.197327 
113.197937 
113.197937 
113.197327 
113.197937 
113.197327 
113.197937 
113.198547 
113.198853 
113.198853 
113.198242 
113.197632 
113.196716 
113.196106 
113.196411 
113.196411 
113.197021 
113.197327 
113.197327 
113.197937 
113.198242 
113.197937 
113.198242 
113.197937 
113.197937 
113.197632 
113.197632 
113.197021 
113.196716 
113.196716 
113.196716 
113.197937 
113.199158 
113.199768 
113.198853 
113.198853 
113.198242 
113.198242 
113.197632 
113.197937 
113.197632 
113.197632 
113.197327 
113.197632 
113.197632 
113.197632 
113.198242 
113.198547 
113.198547 
113.198853 
113.198853 
113.197632 
113.196716 
113.196716 
113.196411 
113.197021 
113.197327 
113.197632 
113.197632 
113.197632 
113.197937 
113.197632 
113.198242 
113.198242 
113.197937 
113.197632 
113.197632 
113.197327 
113.196411 
113.196716 
113.197327 
113.198242 
113.199158 
113.199463 
113.199158 
113.199158 
113.198853 
113.198547 
113.197937 
113.197632 
113.197937 
113.197937 
113.197632 
113.197632 
113.197632 
113.198242 
113.197937 
113.198547 
113.198853 
113.198853 
113.198853 
113.197327 
113.196106 
113.196411 
113.196411 
113.196716 
113.197327 
113.197021 
113.197021 
113.197937 
113.197327 
113.197937 
113.198242 
113.197632 
113.197632 
113.197937 
113.197327 
113.196716 
113.196716 
113.196411 
113.196716 
113.197937 
113.198853 
113.199463 
113.199158 
113.198853 
113.198547 
113.198242 
113.198242 
113.197632 
113.197632 
113.197632 
113.197632 
113.197632 
113.197937 
113.197632 
113.198242 
113.198853 
113.198853 
113.198853 
113.198547 
113.197632 
113.196106 
113.196106 
113.196411 
113.196716 
113.197021 
113.196716 
113.197632 
113.197632 
113.197632 
113.197632 
113.197937 
113.197937 
113.197632 
113.197327 
113.197632 
113.197021 
113.196716 
113.196411 
113.196716 
113.197937 
113.199158 
113.199463 
113.199158 
113.198853 
113.198853 
113.198853 
113.197937 
113.197632 
113.197937 
113.197632 
113.197632 
113.198242 
113.197632 
113.197632 
113.198547 
113.198547 
113.198853 
113.199463 
113.198547 
113.197632 
113.196411 
113.196411 
113.196411 
113.196411 
113.197021 
113.197632 
113.197327 
113.197632 
113.197937 
113.198242 
113.198242 
113.197937 
113.197632 
113.197937 
113.197632 
113.196716 
113.196716 
113.196411 
113.196411 
113.198547 
113.199768 
113.199463 
113.199158 
113.199158 
113.198853 
113.198547 
113.198547 
113.197632 
113.197632 
113.197937 
113.197937 
113.197632 
113.197937 
113.197937 
113.197937 
113.198547 
113.198853 
113.199158 
113.198853 
113.197327 
113.196411 
113.196106 
113.196106 
113.197021 
113.196716 
113.197021 
113.197327 
113.197632 
113.197632 
113.198242 
113.197937 
113.197937 
113.197632 
113.197327 
113.197632 
113.197327 
113.197021 
113.196411 
113.196716 
113.197937 
113.199158 
113.198853 
113.198853 
113.198853 
113.198853 
113.198242 
113.197632 
113.197937 
113.197632 
113.197632 
113.197327 
113.197632 
113.197632 
113.197632 
113.198242 
113.198547 
113.198853 
113.198853 
113.198853 
113.197327 
113.196411 
113.195801 
113.196106 
113.196716 
113.197021 
113.197021 
113.197327 
113.197632 
113.197632 
113.197937 
113.197937 
113.197937 
113.197632 
113.197327 
113.197632 
113.197327 
113.197021 
113.196411 
113.197021 
113.197937 
113.198853 
113.199158 
113.199158 
113.198547 
113.198547 
113.198242 
113.197937 
113.197937 
113.197937 
113.197632 
113.197632 
113.197937 
113.197632 
113.197937 
113.198242 
113.198547 
113.199158 
113.199158 
113.198853 
113.197937 
113.196716 
113.196411 
113.196716 
113.196716 
113.197021 
113.197327 
113.198242 
113.197937 
113.197937 
113.197937 
113.198242 
113.197937 
113.197327 
113.197632 
113.197327 
113.197021 
113.196716 
113.196411 
113.196411 
113.197937 
113.198853 
113.199158 
113.198853 
113.199158 
113.198547 
113.197937 
113.197937 
113.197632 
113.198242 
113.197937 
113.197632 
113.197632 
113.197937 
113.198242 
113.197937 
113.198547 
113.199158 
113.199158 
113.198547 
113.197327 
113.196716 
113.196106 
113.196411 
113.197021 
113.196716 
113.197327 
113.197327 
113.197632 
113.197632 
113.197632 
113.197937 
113.197937 
113.197937 
113.197632 
113.197632 
113.197021 
113.196411 
113.196411 
113.197021 
113.197937 
113.199158 
113.199158 
113.198853 
113.198853 
113.198547 
113.198853 
113.197937 
113.197632 
113.197937 
113.197632 
113.197937 
113.197632 
113.197632 
113.197937 
113.198242 
113.198547 
113.198853 
113.198547 
113.198547 
113.197327 
113.196411 
113.196106 
113.196716 
113.196411 
113.197021 
113.197021 
113.197632 
113.198242 
113.197937 
113.198242 
113.197937 
113.197937 
113.197937 
113.197937 
113.197632 
113.197327 
113.196106 
113.197021 
113.196716 
113.197937 
113.198853 
113.199158 
113.199158 
113.198853 
113.198547 
113.198547 
113.197632 
113.197632 
113.198242 
113.197632 
113.197327 
113.197937 
113.197632 
113.197632 
113.198242 
113.198547 
113.199158 
113.199463 
113.198547 
113.197632 
113.196716 
113.196411 
113.196716 
113.196716 
113.197021 
113.197327 
113.197632 
113.197937 
113.197632 
113.197937 
113.197632 
113.197327 
113.197937 
113.197632 
113.197327 
113.196716 
113.196716 
113.196716 
113.196716 
113.197632 
113.199158 
113.199463 
113.199463 
113.199158 
113.198547 
113.198547 
113.197937 
113.197632 
113.197937 
113.197632 
113.197327 
113.197632 
113.197937 
113.197937 
113.197937 
113.198547 
113.198853 
113.199158 
113.198547 
113.197632 
113.196106 
113.195801 
113.196411 
113.197021 
113.197021 
113.197021 
113.197327 
113.197937 
113.197632 
113.197632 
113.197937 
113.197937 
113.197937 
113.197632 
113.197327 
113.197021 
113.196411 
113.196106 
113.197021 
113.197937 
113.198853 
113.198853 
113.199158 
113.198547 
113.198547 
113.198547 
113.197632 
113.197327 
113.197632 
113.197632 
113.197327 
113.197327 
113.197327 
113.197021 
113.197327 
113.197632 
113.197327 
113.197021 
113.196106 
113.194885 
113.192749 
113.191833 
113.191223 
113.190308 
113.190308 
113.189087 
113.188171 
113.186951 
113.186035 
113.184204 
113.182373 
113.180847 
113.178406 
113.175964 
113.173828 
113.171387 
113.168030 
113.165283 
113.162842 
113.161316 
113.159485 
113.156738 
113.153381 
113.149719 
113.146362 
113.142090 
113.138123 
113.133545 
113.129272 
113.125000 
113.120728 
113.115845 
113.111572 
113.106995 
113.102112 
113.097534 
113.092651 
113.087158 
113.081055 
113.074341 
113.066711 
113.060608 
113.054504 
113.048096 
113.041687 
113.034973 
113.028564 
113.021545 
113.014832 
113.007507 
112.999878 
112.992249 
112.984009 
112.976074 
112.967529 
112.958984 
112.949524 
112.940674 
112.932434 
112.924805 
112.916565 
112.907715 
112.898254 
112.888184 
112.878113 
112.868042 
112.857971 
112.847595 
112.836914 
112.826233 
112.816162 
112.805481 
112.794800 
112.784119 
112.773438 
112.762756 
112.752075 
112.740479 
112.728577 
112.715759 
112.702942 
112.691040 
112.679138 
112.667542 
112.655029 
112.643127 
112.630615 
112.618408 
112.605896 
112.593079 
112.579651 
112.566528 
112.553101 
112.539673 
112.525635 
112.511597 
112.497253 
112.482605 
112.469482 
112.456665 
112.442627 
112.428894 
112.413940 
112.398682 
112.384338 
112.368774 
112.353516 
112.337952 
112.322388 
112.307129 
112.291565 
112.276306 
112.260742 
112.244873 
112.229614 
112.214661 
112.199402 
112.184143 
112.167358 
112.150574 
112.133789 
112.117920 
112.101440 
112.085571 
112.070007 
112.054749 
112.038879 
112.023315 
112.007446 
111.991882 
111.975403 
111.959839 
111.943054 
111.926880 
111.910400 
111.893311 
111.876526 
111.860352 
111.844482 
111.829834 
111.814575 
111.798401 
111.782227 
111.766357 
111.750183 
111.734314 
111.718140 
111.702271 
111.686401 
111.670837 
111.655884 
111.640015 
111.624451 
111.609497 
111.594238 
111.579590 
111.564331 
111.549377 
111.532898 
111.516113 
111.499634 
111.483459 
111.468506 
111.452942 
111.437683 
111.422424 
111.407471 
111.392212 
111.377258 
111.361694 
111.345825 
111.330566 
111.315002 
111.299438 
111.283264 
111.267395 
111.251831 
111.235352 
111.220703 
111.205750 
111.192322 
111.176758 
111.161804 
111.145935 
111.130066 
111.114807 
111.098938 
111.083679 
111.068420 
111.053162 
111.038208 
111.022949 
111.007690 
110.992737 
110.978088 
110.963745 
110.949402 
110.935059 
110.920105 
110.904541 
110.888977 
110.874023 
110.859985 
110.845642 
110.831909 
110.818481 
110.805664 
110.791931 
110.778809 
110.765381 
110.752869 
110.739746 
110.726929 
110.713196 
110.700989 
110.687866 
110.675049 
110.662231 
110.650940 
110.640259 
110.628967 
110.617981 
110.606384 
110.594788 
110.583496 
110.571899 
110.560303 
110.549316 
110.538330 
110.527344 
110.516968 
110.506592 
110.496521 
110.486755 
110.477600 
110.468140 
110.458984 
110.449829 
110.440369 
110.429688 
110.419922 
110.410156 
110.401917 
110.393372 
110.384521 
110.376282 
110.368652 
110.361023 
110.353394 
110.345459 
110.337830 
110.330505 
110.322571 
110.315247 
110.307922 
110.299988 
110.292358 
110.285645 
110.279236 
110.273438 
110.268250 
110.262756 
110.256653 
110.249939 
110.243835 
110.237427 
110.231018 
110.224915 
110.219727 
110.213928 
110.208740 
110.203857 
110.198975 
110.194397 
110.190125 
110.185852 
110.181885 
110.178223 
110.173340 
110.168457 
110.163574 
110.159607 
110.155945 
110.152893 
110.149536 
110.146790 
110.144043 
110.141296 
110.139160 
110.136414 
110.133667 
110.131226 
110.128479 
110.126648 
110.123901 
110.121155 
110.119324 
110.116882 
110.115662 
110.115662 
110.115356 
110.114441 
110.113220 
110.112000 
110.110779 
110.109863 
110.108643 
110.108032 
110.107422 
110.106812 
110.105896 
110.105896 
110.106201 
110.106201 
110.105896 
110.106812 
110.107117 
110.107117 
110.107117 
110.105591 
110.104675 
110.104675 
110.104980 
110.104980 
110.105591 
110.105896 
110.106506 
110.106506 
110.107117 
110.107117 
110.106812 
110.107422 
110.106812 
110.106506 
110.106812 
110.106506 
110.106506 
110.105896 
110.106812 
110.108032 
110.108643 
110.108948 
110.109253 
110.109558 
110.109253 
110.108643 
110.108643 
110.108337 
110.108337 
110.108337 
110.108032 
110.108032 
110.108643 
110.108643 
110.108948 
110.109253 
110.109863 
110.109863 
110.109558 
110.108643 
110.108032 
110.107727 
110.107727 
110.107727 
110.108337 
110.108948 
110.108643 
110.109558 
110.109558 
110.109253 
110.109253 
110.109863 
110.109253 
110.108948 
110.109253 
110.108643 
110.108032 
110.108032 
110.108643 
110.109863 
110.110779 
110.110779 
110.111084 
110.110779 
110.110474 
110.110168 
110.109863 
110.109558 
110.109558 
110.109253 
110.109253 
110.109558 
110.108948 
110.109558 
110.109863 
110.109863 
110.110474 
110.110779 
110.110474 
110.109253 
110.108337 
