Blum, K. P., D’Incamps, B. L., Zytnicki, D., & Ting, L. H. (2017).
Force encoding in muscle spindles during stretch of
passive muscle. PLoS computational biology, 13(9), 
e1005767. <https://journals.plos.org/ploscompbiol/article?
id=10.1371/journal.pcbi.1005767>

cat medial gastrocnemius muscle lengths over t  (in 0.0005 s increments)
110.107422 
110.107117 
110.107422 
110.107117 
110.106812 
110.106812 
110.107117 
110.107422 
110.106812 
110.106506 
110.107117 
110.107117 
110.107422 
110.107422 
110.107422 
110.107422 
110.106506 
110.106506 
110.105286 
110.105286 
110.105896 
110.106201 
110.106812 
110.106201 
110.105896 
110.107117 
110.106506 
110.106812 
110.106812 
110.106812 
110.106201 
110.106201 
110.105896 
110.105591 
110.105286 
110.105591 
110.106201 
110.106812 
110.107422 
110.107727 
110.107727 
110.107117 
110.107422 
110.106812 
110.106812 
110.106506 
110.107117 
110.106812 
110.107117 
110.107117 
110.107117 
110.107117 
110.106812 
110.107117 
110.107422 
110.107422 
110.106812 
110.105896 
110.105896 
110.105286 
110.105896 
110.105591 
110.106201 
110.106201 
110.106201 
110.106812 
110.106506 
110.106506 
110.106506 
110.106201 
110.106201 
110.106201 
110.105591 
110.105591 
110.104980 
110.105286 
110.106201 
110.107117 
110.107422 
110.107727 
110.107727 
110.107727 
110.108032 
110.107117 
110.107117 
110.106506 
110.107117 
110.107117 
110.106812 
110.107117 
110.107117 
110.107117 
110.107422 
110.107422 
110.107727 
110.107727 
110.106506 
110.105896 
110.104980 
110.104980 
110.105591 
110.106201 
110.105896 
110.106506 
110.107117 
110.107727 
110.108337 
110.110168 
110.112915 
110.115967 
110.119934 
110.125122 
110.129395 
110.134583 
110.140381 
110.146484 
110.153503 
110.161743 
110.169067 
110.177002 
110.185242 
110.192871 
110.200806 
110.209351 
110.217285 
110.226135 
110.235901 
110.245361 
110.255432 
110.264893 
110.275269 
110.285645 
110.296326 
110.307617 
110.318909 
110.330505 
110.341187 
110.352478 
110.364075 
110.375977 
110.388489 
110.401306 
110.413818 
110.426331 
110.438232 
110.449829 
110.461426 
110.473022 
110.484009 
110.494690 
110.505981 
110.516357 
110.526428 
110.536804 
110.546875 
110.557251 
110.567932 
110.579529 
110.589905 
110.600586 
110.610962 
110.620728 
110.630493 
110.640259 
110.649719 
110.659790 
110.669556 
110.679932 
110.689392 
110.699158 
110.709839 
110.720215 
110.729980 
110.740356 
110.750732 
110.760803 
110.769653 
110.778809 
110.788574 
110.798340 
110.808716 
110.819092 
110.828552 
110.839539 
110.849609 
110.859680 
110.870361 
110.880127 
110.890503 
110.900574 
110.910339 
110.920410 
110.930176 
110.940247 
110.949707 
110.960083 
110.971375 
110.982361 
110.993042 
111.003723 
111.014709 
111.024780 
111.034546 
111.044617 
111.054993 
111.064758 
111.075134 
111.085815 
111.095581 
111.106262 
111.116638 
111.127014 
111.137390 
111.148376 
111.158752 
111.169434 
111.178894 
111.188354 
111.197815 
111.208191 
111.218872 
111.228943 
111.239319 
111.250000 
111.260376 
111.270752 
111.281433 
111.291199 
111.301575 
111.311951 
111.321411 
111.332092 
111.341553 
111.351624 
111.361389 
111.371765 
111.383057 
111.394043 
111.405334 
111.415405 
111.425781 
111.435547 
111.446228 
111.455994 
111.465759 
111.476135 
111.486511 
111.496582 
111.506653 
111.517029 
111.527405 
111.537476 
111.548157 
111.558228 
111.568298 
111.578674 
111.588440 
111.597900 
111.607666 
111.617737 
111.627808 
111.638489 
111.648560 
111.659546 
111.669922 
111.680298 
111.690674 
111.700439 
111.710510 
111.720581 
111.730652 
111.741028 
111.750793 
111.760254 
111.770630 
111.780701 
111.791382 
111.802673 
111.813354 
111.824036 
111.834106 
111.844482 
111.854248 
111.864014 
111.873779 
111.883545 
111.893921 
111.904297 
111.914063 
111.924438 
111.935120 
111.945190 
111.955261 
111.965942 
111.976318 
111.986084 
111.995850 
112.005310 
112.014465 
112.024536 
112.035217 
112.045593 
112.055969 
112.066345 
112.076111 
112.086792 
112.096863 
112.106934 
112.117920 
112.127380 
112.137451 
112.147522 
112.157593 
112.167358 
112.176514 
112.187195 
112.197876 
112.209167 
112.219543 
112.229919 
112.240295 
112.250061 
112.260437 
112.270203 
112.280579 
112.290039 
112.300415 
112.311096 
112.320557 
112.330933 
112.341309 
112.351685 
112.362061 
112.372131 
112.381897 
112.392883 
112.401733 
112.411194 
112.421265 
112.431335 
112.442017 
112.451477 
112.461853 
112.472534 
112.482910 
112.493286 
112.503357 
112.513733 
112.524109 
112.533875 
112.543640 
112.554016 
112.563782 
112.573547 
112.583923 
112.593384 
112.604370 
112.615356 
112.626648 
112.636719 
112.646790 
112.657166 
112.667236 
112.677002 
112.687378 
112.696533 
112.706909 
112.717285 
112.727661 
112.737122 
112.748108 
112.758179 
112.768860 
112.778625 
112.789612 
112.799377 
112.808838 
112.818298 
112.827454 
112.837830 
112.847900 
112.857971 
112.868958 
112.878723 
112.889709 
112.900696 
112.910156 
112.920532 
112.930298 
112.940674 
112.951050 
112.960815 
112.970886 
112.980652 
112.990112 
113.000183 
113.011169 
113.022461 
113.032837 
113.043213 
113.053894 
113.063965 
113.074036 
113.083801 
113.093567 
113.102417 
113.111877 
113.120117 
113.128052 
113.135376 
113.141785 
113.148499 
113.154602 
113.160400 
113.165588 
113.170471 
113.173828 
113.177185 
113.180542 
113.183289 
113.186951 
113.189392 
113.192444 
113.194885 
113.197937 
113.199463 
113.200989 
113.202209 
113.203735 
113.204956 
113.205872 
113.206482 
113.207092 
113.207092 
113.207092 
113.208008 
113.208923 
113.210144 
113.210754 
113.211060 
113.211670 
113.211060 
113.210449 
113.210754 
113.209839 
113.209839 
113.209839 
113.208923 
113.208618 
113.208618 
113.207703 
113.207703 
113.207092 
113.206787 
113.206482 
113.205872 
113.204956 
113.203430 
113.201904 
113.201599 
113.200684 
113.200378 
113.200378 
113.200073 
113.199768 
113.199463 
113.198547 
113.198242 
113.197632 
113.197021 
113.196106 
113.195801 
113.195190 
113.194275 
113.193054 
113.193665 
113.193054 
113.193665 
113.194275 
113.193970 
113.193665 
113.193665 
113.192749 
113.192749 
113.191833 
113.191223 
113.191223 
113.190918 
113.190918 
113.190613 
113.190613 
113.190918 
113.190918 
113.190918 
113.191223 
113.191223 
113.190308 
113.188782 
113.188477 
113.188782 
113.189087 
113.188477 
113.188782 
113.189087 
113.189392 
113.189392 
113.189392 
113.189697 
113.189392 
113.189392 
113.189392 
113.189697 
113.189392 
113.189087 
113.188782 
113.189087 
113.190002 
113.191223 
113.191528 
113.191833 
113.192444 
113.192749 
113.192139 
113.192444 
113.191833 
113.191833 
113.192139 
113.192139 
113.192749 
113.192444 
113.192749 
113.193359 
113.192749 
113.193665 
113.193665 
113.193359 
113.193359 
113.192444 
113.192444 
113.192139 
113.192749 
113.193054 
113.193054 
113.193054 
113.193359 
113.193054 
113.193359 
113.193359 
113.193359 
113.193054 
113.193359 
113.193054 
113.192749 
113.192139 
113.191833 
113.191833 
113.192444 
113.193359 
113.193970 
113.193970 
113.193970 
113.193665 
113.193970 
113.193359 
113.193359 
113.192749 
113.192749 
113.192749 
113.192444 
113.192444 
113.192749 
113.192139 
113.192139 
113.192749 
113.192749 
113.192444 
113.191528 
113.190613 
113.189392 
113.189392 
113.189697 
113.189392 
113.189392 
113.189697 
113.189392 
113.189697 
113.189697 
113.189087 
113.189392 
113.188782 
113.188782 
113.188477 
113.187866 
113.188171 
113.187561 
113.186951 
113.187866 
113.189087 
113.188782 
113.189697 
113.189697 
113.189087 
113.189087 
113.189392 
113.188782 
113.188477 
113.188477 
113.188782 
113.188477 
113.188477 
113.188477 
113.188782 
113.188782 
113.189087 
113.189697 
113.189392 
113.188477 
113.188171 
113.187561 
113.187561 
113.188171 
113.187561 
113.188171 
113.188477 
113.189087 
113.189087 
113.189087 
113.189087 
113.189087 
113.189087 
113.189392 
113.188782 
113.188782 
113.188477 
113.188171 
113.188477 
113.189087 
113.190613 
113.191528 
113.191528 
113.192139 
113.191833 
113.192139 
113.191833 
113.191833 
113.191528 
113.191528 
113.191833 
113.191833 
113.191528 
113.192139 
113.192139 
113.191833 
113.193054 
113.192749 
113.192749 
113.192749 
113.191833 
113.191223 
113.191223 
113.191223 
113.191528 
113.191528 
113.191833 
113.191833 
113.191833 
113.192139 
113.191833 
113.191833 
113.192139 
113.191528 
113.191528 
113.191223 
113.190918 
113.190613 
113.190308 
113.191223 
113.192139 
113.192139 
113.191833 
113.192749 
113.192139 
113.191833 
113.191833 
113.191528 
113.191223 
113.191223 
113.191223 
113.190613 
113.190308 
113.190613 
113.190002 
113.190308 
113.190308 
113.190613 
113.190918 
113.190002 
113.188782 
113.188171 
113.187866 
113.187866 
113.187561 
113.188171 
113.188171 
113.188171 
113.188171 
113.188782 
113.187866 
113.187866 
113.187866 
113.187561 
113.187256 
113.186951 
113.187256 
113.186340 
113.186035 
113.186951 
113.187561 
113.187866 
113.188171 
113.188477 
113.188171 
113.187866 
113.187866 
113.187866 
113.187561 
113.187561 
113.187866 
113.187561 
113.187561 
113.187866 
113.188171 
113.188171 
113.188171 
113.188782 
113.188782 
113.187866 
113.187256 
113.186646 
113.186340 
113.186951 
113.187561 
113.187866 
113.188171 
113.187866 
113.188782 
113.188477 
113.188477 
113.188477 
113.188782 
113.188477 
113.188477 
113.188477 
113.188477 
113.188171 
113.188171 
113.188477 
113.189392 
113.190613 
113.190918 
113.190918 
113.190613 
113.190918 
113.190613 
113.190002 
113.190002 
113.190308 
113.190918 
113.190308 
113.190613 
113.190308 
113.190918 
113.190918 
113.191223 
113.191528 
113.191528 
113.191223 
113.190308 
113.190002 
113.189697 
113.190308 
113.190002 
113.190308 
113.190613 
113.190308 
113.190918 
113.190308 
113.190918 
113.190613 
113.190308 
113.190613 
113.190308 
113.190002 
113.189087 
113.188782 
113.189087 
113.189697 
113.190613 
113.190918 
113.190918 
113.191223 
113.190613 
113.190918 
113.190308 
113.190002 
113.189697 
113.189697 
113.189392 
113.189697 
113.189392 
113.189392 
113.189697 
113.189697 
113.190002 
113.189697 
113.190002 
113.189392 
113.188171 
113.187561 
113.187256 
113.187561 
113.187561 
113.187866 
113.187866 
113.187866 
113.188171 
113.188171 
113.187866 
113.187866 
113.188171 
113.187866 
113.187866 
113.187256 
113.186951 
113.186951 
113.186340 
113.187561 
113.188171 
113.188477 
113.189087 
113.189087 
113.188782 
113.188477 
113.188782 
113.188171 
113.188171 
113.188477 
113.188171 
113.188171 
113.188477 
113.188171 
113.188477 
113.188782 
113.189392 
113.189087 
113.189392 
113.188782 
113.188477 
113.187561 
113.187561 
113.188171 
113.188171 
113.188782 
113.188477 
113.189087 
113.188782 
113.189087 
113.189087 
113.189087 
113.189392 
113.189087 
113.189087 
113.188782 
113.188477 
113.188171 
113.188171 
113.188782 
113.190002 
113.190308 
113.190918 
113.191223 
113.190918 
113.191223 
113.190613 
113.190613 
113.190613 
113.190613 
113.190613 
113.190308 
113.190613 
113.190308 
113.190613 
113.190918 
113.190613 
113.190918 
113.191223 
113.190613 
113.189697 
113.188782 
113.188782 
113.189087 
113.189392 
113.189392 
113.189697 
113.189697 
113.189697 
113.189697 
113.189697 
113.189697 
113.189392 
113.189697 
113.189087 
113.188782 
113.188171 
113.187866 
113.188171 
113.188477 
113.189087 
113.190002 
113.190002 
113.190308 
113.189697 
113.189392 
113.189392 
113.188782 
113.189087 
113.189087 
113.189087 
113.188782 
113.188782 
113.188782 
113.189392 
113.188782 
113.189087 
113.189087 
113.189087 
113.188782 
113.187866 
113.186951 
113.186646 
113.186951 
113.186646 
113.187256 
113.187561 
113.187866 
113.187866 
113.187866 
113.187866 
113.187866 
113.188171 
113.187561 
113.187561 
113.187561 
113.186646 
113.186340 
113.186646 
113.186951 
113.188171 
113.188477 
113.188782 
113.188782 
113.189087 
113.188782 
113.188477 
113.188171 
113.188477 
113.188477 
113.188477 
113.188477 
113.188171 
113.188782 
113.189087 
113.188782 
113.189392 
113.189697 
113.190002 
113.189087 
113.188171 
113.187866 
113.187561 
113.188171 
113.188477 
113.188171 
113.188477 
113.189087 
113.189392 
113.189087 
113.189087 
113.189392 
113.189392 
113.189087 
113.188782 
113.188782 
113.187866 
113.187866 
113.188171 
113.189087 
113.190002 
113.190308 
113.190308 
113.190918 
113.190918 
113.190613 
113.190308 
113.190308 
113.190002 
113.190002 
113.190308 
113.190308 
113.190308 
113.190002 
113.190308 
113.190002 
113.190613 
113.190308 
113.190613 
113.190308 
113.189087 
113.188477 
113.188171 
113.188782 
113.188782 
113.188782 
113.189087 
113.189087 
113.189087 
113.189087 
113.189087 
113.189087 
113.188782 
113.189087 
113.188782 
113.188477 
113.187866 
113.187561 
113.186951 
113.187866 
113.188477 
113.189087 
113.189392 
113.189697 
113.189087 
113.189087 
113.188782 
113.188782 
113.188782 
113.188171 
113.189087 
113.189087 
113.188782 
113.188782 
113.188477 
113.188782 
113.189087 
113.189087 
113.189087 
113.188477 
113.187866 
113.187256 
113.186646 
113.187256 
113.186951 
113.187866 
113.187561 
113.187866 
113.187866 
113.187866 
113.187561 
113.187866 
113.187561 
113.187866 
113.187866 
113.187561 
113.187256 
113.186646 
113.186951 
113.187256 
113.187866 
113.188171 
113.189087 
113.189087 
113.189392 
113.189087 
113.188782 
113.188782 
113.188782 
113.188782 
113.188171 
113.188782 
113.188782 
113.189392 
113.189087 
113.189087 
113.189392 
113.190002 
113.190002 
113.189087 
113.188171 
113.187866 
113.187256 
113.187866 
113.187866 
113.187866 
113.188477 
113.188782 
113.189087 
113.189087 
113.188782 
113.189087 
113.189087 
113.188782 
113.188477 
113.188477 
113.188171 
113.187866 
113.187866 
113.188477 
113.189392 
113.190002 
113.190308 
113.190002 
113.190002 
113.190308 
113.189392 
113.189697 
113.189392 
113.189392 
113.189392 
113.189392 
113.189392 
113.189697 
113.189392 
113.190002 
113.190002 
113.190002 
113.190308 
113.189697 
113.188782 
113.187866 
113.187866 
113.188171 
113.188171 
113.188477 
113.188477 
113.188477 
113.188782 
113.188477 
113.188171 
113.188171 
113.188171 
113.188477 
113.188171 
113.187866 
113.187256 
113.186646 
113.187561 
113.187561 
113.188171 
113.189392 
113.189087 
113.189697 
113.189392 
113.189087 
113.188782 
113.188477 
113.188477 
113.188171 
113.188171 
113.188171 
113.188477 
113.188171 
113.187866 
113.189087 
113.188782 
113.188782 
113.189087 
113.188782 
113.187561 
113.187256 
113.186951 
113.187256 
113.186646 
113.187561 
113.187561 
113.187866 
113.188171 
113.187866 
113.188171 
113.187866 
113.188171 
113.187866 
113.187866 
113.187561 
113.187256 
113.186646 
113.186951 
113.187866 
113.188171 
113.188782 
113.189392 
113.189697 
113.189392 
113.189392 
113.189087 
113.189392 
113.189087 
113.189392 
113.188782 
113.188477 
113.189087 
113.189087 
113.189392 
113.189087 
113.189697 
113.190002 
113.190002 
113.189392 
113.188782 
113.187866 
113.188171 
113.188171 
113.188171 
113.188782 
113.188782 
113.188477 
113.188782 
113.189087 
113.188782 
113.188782 
113.189087 
113.188782 
113.188477 
113.188477 
113.187866 
113.187866 
113.188171 
113.188171 
113.189087 
113.189697 
113.189697 
113.190002 
113.190002 
113.190308 
113.189087 
113.189697 
113.189087 
113.189087 
113.189087 
113.189392 
113.189087 
113.189087 
113.189087 
113.189392 
113.189392 
113.189697 
113.190002 
113.189392 
113.188477 
113.187866 
113.187561 
113.187866 
113.187866 
113.188171 
113.188171 
113.188171 
113.188477 
113.188477 
113.188171 
113.188477 
113.188171 
113.187866 
113.188171 
113.187866 
113.186951 
113.187561 
113.186951 
113.187561 
113.188477 
113.188782 
113.189087 
113.189697 
113.189392 
113.189087 
113.188477 
113.189087 
113.188477 
113.188782 
113.188782 
113.188477 
113.188782 
113.188477 
113.188782 
113.188782 
113.188782 
113.189087 
113.189392 
113.188782 
113.188171 
113.186951 
113.186951 
113.187866 
113.187256 
113.188171 
113.187866 
113.187561 
113.188477 
113.188171 
113.188171 
113.188171 
113.187866 
113.188171 
113.187866 
113.187866 
113.187256 
113.186951 
113.186340 
113.187561 
113.188477 
113.189087 
113.189392 
113.189697 
113.189697 
113.189087 
113.189087 
113.189087 
113.188782 
113.188782 
113.188782 
113.188782 
113.188782 
113.189087 
113.189392 
113.188782 
113.189392 
113.189392 
113.189392 
113.189392 
113.188477 
113.187866 
113.187866 
113.187561 
113.188171 
113.188171 
113.188171 
113.188171 
113.189087 
113.188477 
113.188477 
113.188477 
113.188477 
113.188171 
113.188171 
113.188171 
113.187561 
113.187561 
113.187256 
113.187866 
113.188477 
113.189087 
113.189087 
113.189697 
113.189087 
113.189392 
113.189087 
113.188782 
113.189087 
113.188477 
113.188782 
113.188782 
113.188171 
113.189087 
113.189087 
113.189392 
113.189392 
113.189392 
113.189392 
113.189087 
113.187866 
113.187561 
113.187256 
113.187561 
113.187561 
113.187561 
113.188171 
113.187866 
113.188477 
113.188477 
113.188171 
113.188171 
113.188477 
113.187866 
113.187866 
113.187256 
113.187561 
113.187256 
113.186646 
113.187561 
113.188171 
113.189392 
113.189087 
113.189087 
113.189087 
113.189392 
113.189087 
113.188477 
113.188477 
113.188782 
113.188477 
113.188782 
113.188171 
113.188477 
113.188782 
113.189697 
113.188782 
113.189697 
113.189392 
113.188782 
113.187866 
113.186951 
113.187256 
113.187256 
113.187561 
113.187561 
113.188171 
113.187866 
113.188477 
113.188477 
113.188171 
113.188171 
113.188477 
113.188171 
113.187866 
113.188171 
113.187866 
113.187256 
113.187256 
113.188171 
113.188477 
113.189087 
113.189392 
113.189697 
113.189697 
113.189087 
113.189087 
113.188782 
113.189087 
113.189087 
113.189087 
113.189392 
113.188782 
113.189392 
113.189392 
113.188782 
113.189392 
113.189697 
113.190002 
113.189087 
113.188171 
113.187866 
113.187561 
113.187866 
113.188171 
113.188171 
113.188171 
113.188782 
113.188477 
113.188782 
113.188477 
113.188477 
113.188782 
113.188477 
113.188171 
113.188477 
113.187561 
113.187256 
113.187256 
113.187561 
113.189087 
113.189087 
113.189392 
113.189697 
113.189392 
113.189087 
113.189087 
113.188782 
113.188477 
113.188782 
113.188782 
113.188477 
113.188477 
113.188782 
113.188782 
113.188782 
113.189087 
113.189392 
113.189392 
113.188782 
113.187866 
113.187561 
113.186951 
113.187866 
113.187256 
113.187866 
113.188171 
113.187561 
113.188171 
113.188171 
113.187561 
113.187866 
113.188171 
113.187561 
113.187866 
113.187561 
113.187561 
113.186951 
113.186951 
113.187561 
113.187866 
113.188782 
113.189087 
113.189087 
113.189087 
113.189392 
113.188782 
113.188477 
113.188477 
113.188477 
113.188477 
113.188477 
113.188477 
113.188477 
113.188477 
113.188782 
113.188782 
113.189087 
113.189392 
113.189087 
113.188171 
113.187256 
113.187561 
113.187866 
113.187866 
113.188171 
113.187866 
113.188171 
113.188782 
113.188477 
113.188477 
113.188171 
113.188477 
113.188171 
113.188171 
113.188171 
113.187866 
113.186951 
113.187256 
113.187561 
113.188477 
113.189087 
113.189392 
113.189697 
113.189697 
113.189392 
113.189392 
113.189087 
113.188782 
113.189392 
113.188782 
113.188782 
113.189087 
113.189087 
113.188782 
113.189087 
113.189392 
113.189697 
113.190002 
113.189392 
113.188477 
113.187561 
113.187561 
113.187561 
113.187866 
113.188171 
113.188171 
113.188171 
113.188477 
113.188477 
113.188171 
113.188477 
113.188477 
113.187866 
113.187866 
113.187866 
113.187256 
113.186951 
113.187256 
113.187561 
113.188477 
113.189392 
113.189392 
113.189392 
113.189392 
113.189392 
113.189087 
113.188782 
113.188477 
113.188782 
113.188782 
113.188171 
113.188477 
113.188171 
113.188171 
113.188782 
113.189087 
113.189697 
113.189087 
113.188782 
113.187866 
113.187256 
113.187256 
113.187256 
113.187561 
113.187866 
113.187866 
113.187866 
113.187561 
113.188477 
113.187866 
113.187866 
113.187866 
113.188171 
113.187561 
113.187561 
113.187256 
113.186951 
113.187256 
113.187561 
113.188477 
113.188782 
113.189392 
113.189392 
113.189087 
113.189087 
113.189087 
113.188782 
113.188477 
113.188477 
113.188477 
113.188477 
113.188477 
113.188782 
113.188782 
113.188477 
113.188782 
113.189392 
113.189087 
113.189392 
113.188171 
113.187561 
113.187561 
113.187561 
113.187561 
113.188171 
113.187866 
113.188477 
113.188782 
113.188477 
113.188477 
113.188477 
113.188477 
113.188171 
113.188171 
113.188477 
113.187561 
113.187561 
113.187256 
113.187256 
113.188477 
113.188782 
113.189392 
113.189697 
113.189697 
113.189697 
113.189087 
113.189087 
113.188782 
113.188782 
113.189087 
113.188782 
113.188477 
113.188782 
113.188782 
113.188782 
113.189392 
113.189392 
113.189697 
113.188782 
113.187866 
113.187561 
113.187256 
113.187866 
113.187561 
113.187866 
113.188171 
113.187866 
113.188171 
113.188477 
113.188477 
113.188477 
113.188171 
113.188477 
113.188477 
113.187866 
113.187561 
113.187256 
113.186951 
113.187866 
113.188782 
113.189087 
113.189392 
113.189087 
113.189087 
113.189087 
113.188782 
113.188782 
113.188171 
113.188477 
113.188477 
113.188171 
113.188477 
113.188782 
113.188782 
113.188782 
113.189087 
113.189697 
113.189392 
113.189087 
113.187866 
113.187256 
113.187256 
113.187561 
113.187866 
113.187866 
113.187866 
113.188171 
113.188171 
113.188171 
113.188477 
113.188171 
113.188171 
113.188171 
113.187866 
113.187866 
113.187256 
113.186951 
113.186951 
113.187561 
113.188477 
113.189087 
113.189087 
113.189697 
113.189087 
113.189087 
113.189087 
113.188477 
113.188477 
113.188477 
113.188782 
113.188477 
113.188477 
113.188782 
113.188782 
113.188782 
113.189392 
113.189087 
113.189392 
113.189087 
113.188171 
113.187866 
113.187256 
113.187561 
113.187866 
113.187866 
113.188477 
113.188171 
113.188477 
113.188477 
113.188171 
113.187866 
113.188477 
113.188171 
113.188477 
113.187866 
113.187866 
113.187561 
113.187561 
113.187866 
113.188477 
113.189087 
113.189392 
113.189697 
113.189697 
113.189087 
113.188782 
113.188782 
113.188782 
113.189087 
113.188782 
113.188782 
113.188477 
113.188782 
113.188477 
113.188477 
113.189087 
113.189697 
113.189697 
113.189087 
113.188171 
113.187256 
113.187256 
113.187561 
113.187561 
113.188171 
113.188171 
113.187866 
113.188782 
113.188171 
113.187866 
113.188171 
113.188171 
113.188171 
113.187866 
113.187561 
113.187256 
113.186951 
113.186951 
113.187561 
113.188477 
113.189087 
113.189697 
113.189697 
113.189087 
113.189087 
113.189087 
113.188477 
113.188477 
113.188171 
113.188477 
113.188477 
113.188171 
113.188477 
113.188477 
113.188477 
113.189087 
113.189392 
113.189392 
113.189087 
113.188171 
113.187256 
113.187256 
113.187256 
113.187866 
113.187561 
113.188171 
113.187866 
113.188171 
113.188477 
113.188477 
113.188171 
113.188171 
113.188171 
113.188171 
113.187866 
113.187561 
113.186951 
113.186646 
113.187561 
113.188477 
113.188782 
113.189392 
113.189392 
113.189697 
113.189087 
113.189087 
113.188782 
113.188782 
113.188477 
113.188782 
113.188477 
113.189087 
113.188782 
113.188782 
113.188782 
113.189087 
113.189392 
113.189087 
113.189087 
113.188171 
113.187561 
113.186951 
113.187866 
113.187866 
113.187866 
113.187866 
113.188171 
113.188782 
113.188477 
113.188171 
113.188477 
113.187561 
113.188171 
113.187866 
113.187561 
113.187256 
113.187561 
113.186951 
113.187561 
113.188477 
113.189392 
113.189087 
113.189392 
113.189087 
113.189087 
113.189087 
113.188782 
113.188477 
113.188782 
113.188477 
113.188477 
113.188171 
113.188782 
113.188782 
113.188477 
113.188782 
113.189392 
113.188782 
113.188782 
113.188171 
113.187256 
113.186951 
113.186951 
113.187561 
113.187561 
113.187866 
113.187866 
113.188171 
113.187866 
113.188171 
113.187866 
113.188171 
113.188171 
113.187561 
113.187561 
113.187256 
113.187256 
113.187256 
113.187256 
113.188171 
113.188782 
113.189087 
113.189392 
113.189392 
113.189087 
113.188782 
113.188782 
113.188782 
113.188782 
113.188782 
113.188171 
113.188477 
113.189087 
113.188782 
113.188782 
113.189392 
113.188782 
113.189087 
113.189087 
113.188171 
113.187256 
113.186951 
113.187561 
113.187561 
113.187561 
113.188171 
113.188171 
113.188171 
113.188171 
113.188477 
113.188171 
113.188171 
113.188171 
113.188171 
113.187866 
113.187561 
113.187256 
113.186951 
113.187561 
113.188171 
113.188782 
113.188782 
113.189392 
113.189392 
113.189087 
113.188782 
113.189087 
113.188782 
113.188782 
113.189087 
113.188782 
113.188782 
113.188477 
113.188782 
113.189087 
113.188782 
113.189392 
113.190002 
113.188782 
113.187866 
113.187866 
113.187561 
113.187561 
113.187561 
113.188171 
113.187866 
113.188171 
113.188477 
113.188171 
113.188171 
113.188171 
113.188477 
113.188171 
113.187561 
113.187866 
113.187561 
113.187256 
113.187256 
113.187256 
113.188171 
113.188782 
113.189087 
113.189392 
113.189087 
113.189392 
113.189087 
113.188782 
113.188782 
113.188477 
113.188782 
113.188782 
113.188477 
113.188477 
113.189087 
113.188782 
113.189087 
113.189697 
113.189087 
113.188782 
113.188477 
113.187866 
113.186951 
113.187256 
113.187561 
113.187561 
113.188171 
113.187866 
113.188171 
113.188171 
113.188477 
113.188171 
113.187866 
113.188171 
113.187866 
113.187561 
113.187561 
113.186951 
113.187256 
113.187256 
113.188477 
113.189087 
113.189087 
113.189392 
113.189392 
113.189087 
113.188477 
113.188782 
113.188477 
113.188477 
113.188782 
113.188171 
113.188782 
113.188782 
113.189087 
113.188477 
113.188782 
113.189392 
113.189392 
113.189087 
113.188477 
113.187561 
113.187561 
113.187561 
113.187561 
113.187866 
113.188171 
113.188171 
113.188171 
113.188171 
113.188171 
113.188171 
113.187866 
113.187866 
113.187561 
113.187561 
113.187256 
113.186646 
113.187256 
113.187256 
113.188171 
113.188782 
113.189392 
113.189392 
113.189392 
113.188782 
113.188782 
113.188477 
113.188782 
113.188782 
113.188477 
113.188782 
113.188477 
113.188782 
113.188782 
113.189087 
113.189087 
113.189087 
113.189392 
113.188782 
113.188171 
113.186951 
113.187256 
113.187256 
113.187866 
113.187561 
113.187561 
113.188171 
113.188171 
113.188171 
113.188171 
113.188171 
113.188171 
113.188171 
113.188171 
113.187866 
113.187256 
113.186951 
113.187256 
113.187561 
113.188477 
113.189087 
113.189087 
113.189087 
113.189392 
113.189392 
113.188782 
113.188477 
113.188782 
113.188477 
113.188782 
113.188477 
113.188477 
113.188477 
113.188477 
113.189087 
113.189087 
113.189392 
113.189392 
113.188782 
113.187866 
113.187256 
113.186951 
113.187561 
113.187561 
113.187866 
113.188171 
113.188171 
113.188171 
113.187866 
113.188477 
113.188171 
113.187561 
113.187866 
113.187866 
113.187561 
113.187256 
113.186951 
113.186951 
113.187561 
113.188477 
113.188782 
113.189087 
113.189392 
113.189087 
113.189392 
113.189087 
113.188782 
113.188477 
113.188477 
113.188477 
113.188477 
113.188477 
113.188477 
113.188782 
113.188477 
113.188782 
113.189392 
113.189087 
113.188782 
113.188171 
113.187561 
113.187561 
113.187256 
113.187561 
113.187866 
113.187561 
113.188171 
113.188171 
113.188782 
113.188171 
113.188171 
113.188171 
113.188171 
113.188477 
113.187866 
113.187561 
113.187256 
113.187256 
113.187256 
113.188477 
113.189087 
113.189392 
113.189392 
113.189697 
113.189392 
113.189087 
113.188782 
113.189087 
113.188782 
113.188782 
113.188477 
113.189087 
113.188782 
113.188782 
113.189392 
113.188782 
113.189697 
113.189392 
113.189087 
113.188171 
113.187866 
113.186951 
113.187256 
113.187561 
113.188171 
113.187561 
113.188477 
113.188477 
113.188477 
113.188171 
113.188477 
113.188171 
113.187561 
113.187866 
113.187561 
113.187561 
113.187256 
113.186951 
113.187561 
113.188477 
113.189087 
113.189087 
113.189392 
113.189087 
113.189392 
113.188782 
113.188782 
113.188171 
113.188171 
113.188477 
113.188477 
113.188477 
113.188171 
113.189087 
113.189087 
113.188782 
113.189392 
113.189392 
113.188782 
113.187866 
113.187561 
113.187256 
113.187256 
113.187866 
113.187866 
113.187866 
113.187561 
113.188171 
113.188171 
113.188171 
113.188171 
113.188171 
113.188477 
113.187561 
113.187866 
113.187561 
113.187256 
113.187256 
113.186951 
113.188477 
113.188782 
113.189087 
113.189087 
113.189087 
113.189087 
113.188782 
113.188782 
113.189087 
113.188477 
113.188171 
113.188477 
113.188477 
113.188477 
113.188782 
113.188782 
113.188782 
113.189392 
113.189087 
113.188782 
113.188477 
113.186951 
113.187256 
113.186951 
113.187561 
113.187256 
113.187561 
113.187866 
113.188171 
113.188171 
113.188171 
113.187866 
113.188171 
113.187866 
113.187561 
113.187866 
113.187561 
113.187256 
113.186951 
113.186951 
113.188477 
113.188477 
113.189087 
113.189392 
113.189087 
113.188782 
113.188782 
113.188477 
113.188782 
113.188171 
113.188477 
113.188477 
113.188477 
113.188782 
113.188477 
113.189087 
113.188782 
113.189087 
113.189392 
113.189392 
113.188171 
113.187256 
113.187256 
113.187561 
113.187866 
113.187256 
113.187866 
113.188171 
113.188171 
113.188477 
113.187866 
113.187866 
113.188171 
113.187866 
113.188171 
113.187561 
113.187561 
113.187256 
113.186951 
113.186951 
113.188171 
113.188782 
113.189697 
113.189087 
113.189697 
113.189087 
113.189087 
113.188477 
113.187866 
113.186951 
113.185120 
113.182373 
113.179932 
113.176575 
113.172913 
113.168640 
113.164368 
113.159485 
113.154602 
113.148804 
113.141785 
113.134460 
113.127747 
113.120728 
113.114014 
113.106995 
113.099365 
113.091431 
113.083801 
113.074951 
113.066101 
113.057251 
113.047791 
113.038635 
113.028564 
113.019104 
113.008728 
112.998047 
112.988281 
112.978210 
112.968140 
112.958984 
112.948914 
112.938232 
112.927856 
112.916870 
112.905579 
112.893982 
112.882996 
112.871704 
112.860107 
112.849731 
112.838440 
112.827454 
112.816467 
112.805786 
112.794800 
112.783813 
112.772827 
112.761230 
112.749023 
112.736816 
112.725525 
112.714233 
112.703247 
112.692261 
112.681274 
112.670593 
112.659607 
112.648926 
112.637634 
112.626038 
112.615662 
112.604370 
112.593689 
112.582092 
112.570801 
112.559814 
112.548828 
112.538452 
112.528381 
112.518311 
112.507935 
112.497864 
112.486572 
112.476196 
112.465210 
112.454224 
112.443542 
112.432861 
112.421875 
112.411194 
112.400818 
112.390137 
112.379761 
112.369385 
112.359314 
112.348938 
112.339172 
112.327881 
112.317200 
112.305298 
112.294617 
112.284546 
112.274170 
112.263794 
112.253418 
112.243347 
112.233276 
112.223511 
112.212830 
112.202759 
112.192078 
112.182007 
112.171631 
112.160950 
112.150574 
112.139587 
112.129211 
112.118835 
112.109375 
112.100220 
112.090149 
112.079773 
112.070007 
112.059326 
112.048950 
112.038574 
112.027893 
112.017212 
112.006836 
111.996460 
111.986084 
111.975708 
111.965637 
111.955261 
111.945190 
111.934814 
111.924744 
111.914063 
111.902771 
111.891174 
111.880798 
111.870728 
111.859741 
111.850281 
111.839600 
111.829529 
111.820068 
111.809387 
111.798401 
111.788025 
111.777649 
111.766968 
111.756287 
111.745605 
111.734924 
111.723938 
111.713867 
111.703186 
111.694031 
111.684265 
111.674194 
111.664124 
111.653137 
111.642456 
111.631470 
111.620789 
111.610413 
111.599426 
111.589355 
111.578674 
111.567688 
111.557617 
111.546631 
111.536560 
111.525879 
111.515808 
111.505737 
111.494751 
111.483154 
111.471863 
111.461182 
111.450806 
111.440735 
111.430054 
111.419678 
111.409607 
111.399536 
111.389160 
111.378784 
111.368408 
111.358032 
111.347351 
111.336670 
111.325684 
111.315308 
111.304321 
111.294250 
111.283569 
111.274414 
111.264954 
111.254883 
111.244507 
111.234436 
111.223755 
111.213379 
111.202393 
111.192017 
111.181335 
111.170654 
111.160278 
111.149597 
111.139832 
111.129761 
111.119385 
111.108704 
111.098938 
111.088867 
111.077576 
111.066895 
111.055298 
111.044922 
111.034546 
111.024475 
111.014099 
111.003723 
110.993652 
110.983887 
110.973816 
110.963745 
110.953064 
110.942688 
110.932007 
110.921936 
110.910950 
110.900269 
110.889893 
110.879211 
110.869141 
110.859985 
110.849609 
110.840149 
110.829773 
110.819702 
110.809326 
110.798645 
110.787964 
110.777283 
110.766907 
110.756531 
110.746155 
110.736084 
110.725403 
110.715332 
110.704346 
110.693970 
110.684509 
110.674133 
110.663147 
110.652161 
110.640564 
110.630188 
110.619812 
110.609436 
110.599365 
110.589294 
110.579224 
110.568848 
110.558777 
110.548401 
110.538025 
110.527649 
110.517273 
110.506897 
110.496216 
110.485535 
110.474548 
110.463867 
110.454102 
110.444336 
110.435181 
110.425415 
110.415344 
110.404968 
110.394287 
110.383301 
110.372620 
110.362244 
110.351563 
110.341492 
110.331116 
110.320740 
110.310059 
110.299988 
110.289612 
110.279541 
110.270081 
110.259399 
110.249023 
110.237732 
110.226440 
110.216064 
110.205688 
110.195923 
110.185547 
110.175171 
110.166016 
110.156555 
110.147705 
110.140076 
110.132751 
110.126038 
110.120850 
110.115967 
110.112000 
110.108032 
110.105591 
110.103149 
110.101318 
110.100708 
110.099792 
110.100098 
110.099487 
110.099182 
110.098572 
110.097656 
110.097351 
110.097046 
110.097046 
110.097046 
110.097046 
110.097046 
110.097656 
110.097351 
110.097961 
110.098267 
110.098572 
110.099487 
110.098572 
110.098572 
110.097961 
110.097656 
110.098267 
110.098877 
110.098877 
110.099792 
110.100403 
110.101013 
110.101318 
110.101929 
110.101929 
110.102234 
110.102234 
110.102539 
110.102539 
110.102234 
110.102539 
110.102234 
110.103149 
110.103760 
110.104980 
110.105286 
110.105591 
110.106201 
110.105896 
110.106201 
110.105896 
110.104980 
110.106201 
110.105286 
110.105896 
110.105896 
110.106201 
110.105896 
110.105896 
110.105896 
110.106506 
110.106506 
110.106201 
110.105591 
110.104675 
110.104980 
110.104980 
110.104980 
110.105286 
110.105286 
110.105286 
110.105896 
110.105896 
110.105896 
110.105286 
110.105896 
110.105896 
110.105286 
110.105591 
110.104980 
110.104675 
110.104675 
110.104980 
110.106201 
110.107117 
110.106812 
110.107727 
