Blum, K. P., D’Incamps, B. L., Zytnicki, D., & Ting, L. H. (2017).
Force encoding in muscle spindles during stretch of
passive muscle. PLoS computational biology, 13(9), 
e1005767. <https://journals.plos.org/ploscompbiol/article?
id=10.1371/journal.pcbi.1005767>

cat medial gastrocnemius muscle lengths over t  (in 0.0005 s increments)
110.110168 
110.109253 
110.109253 
110.109558 
110.109558 
110.109863 
110.110474 
110.109863 
110.110779 
110.110168 
110.110779 
110.110474 
110.110168 
110.110168 
110.109863 
110.109558 
110.109253 
110.108948 
110.109253 
110.110168 
110.111694 
110.112305 
110.112305 
110.112000 
110.111694 
110.111694 
110.111084 
110.110779 
110.111084 
110.110779 
110.111084 
110.111389 
110.111389 
110.111389 
110.112000 
110.112000 
110.112610 
110.112915 
110.112000 
110.110779 
110.109253 
110.109253 
110.109253 
110.109558 
110.109863 
110.109863 
110.110168 
110.110168 
110.110474 
110.110474 
110.110474 
110.110168 
110.110474 
110.109558 
110.109863 
110.109253 
110.108643 
110.108643 
110.109253 
110.110474 
110.111084 
110.112305 
110.111694 
110.111389 
110.111389 
110.111084 
110.110779 
110.110779 
110.111084 
110.110779 
110.110779 
110.111084 
110.111084 
110.111694 
110.111694 
110.112000 
110.112305 
110.112610 
110.112000 
110.110779 
110.109558 
110.109558 
110.108948 
110.109558 
110.109558 
110.109863 
110.110168 
110.110168 
110.110474 
110.110168 
110.110168 
110.110474 
110.109863 
110.109558 
110.110168 
110.109558 
110.108643 
110.108643 
110.109558 
110.110474 
110.111694 
110.112305 
110.112000 
110.111694 
110.111694 
110.111389 
110.111084 
110.110779 
110.111084 
110.110779 
110.111084 
110.111389 
110.111084 
110.111694 
110.112000 
110.112610 
110.112915 
110.113525 
110.113525 
110.112610 
110.112305 
110.112000 
110.112610 
110.112915 
110.113831 
110.114441 
110.115967 
110.117493 
110.118103 
110.119324 
110.120850 
110.122070 
110.123291 
110.124207 
110.125122 
110.126343 
110.127563 
110.129089 
110.130920 
110.134583 
110.137634 
110.140076 
110.142212 
110.144043 
110.145569 
110.148010 
110.149536 
110.151672 
110.153809 
110.156250 
110.158081 
110.161133 
110.163574 
110.166321 
110.169373 
110.172729 
110.176086 
110.178833 
110.181580 
110.183411 
110.184937 
110.187073 
110.190735 
110.193787 
110.197144 
110.200806 
110.204773 
110.208740 
110.212097 
110.215759 
110.219727 
110.223389 
110.227051 
110.230713 
110.234680 
110.238647 
110.241699 
110.245667 
110.250549 
110.255432 
110.261230 
110.266724 
110.270996 
110.275574 
110.279846 
110.284119 
110.288696 
110.293274 
110.297852 
110.302734 
110.307312 
110.312805 
110.317688 
110.323181 
110.328979 
110.334473 
110.340576 
110.346375 
110.351257 
110.356140 
110.360413 
110.365601 
110.371704 
110.377808 
110.384216 
110.390320 
110.397339 
110.404053 
110.410767 
110.417175 
110.423889 
110.430298 
110.436401 
110.443420 
110.449524 
110.456238 
110.462952 
110.469666 
110.477295 
110.486450 
110.495605 
110.504150 
110.512085 
110.520020 
110.527954 
110.535889 
110.544128 
110.552979 
110.561523 
110.570068 
110.579224 
110.588074 
110.597839 
110.607300 
110.617065 
110.626526 
110.636902 
110.646362 
110.655518 
110.663757 
110.671692 
110.679932 
110.688782 
110.697632 
110.707092 
110.715942 
110.724792 
110.733643 
110.741882 
110.750122 
110.759277 
110.766907 
110.775452 
110.783386 
110.791321 
110.799255 
110.806885 
110.814819 
110.823975 
110.833130 
110.842590 
110.852356 
110.861206 
110.869446 
110.878296 
110.886536 
110.895081 
110.903931 
110.913086 
110.921631 
110.930786 
110.939941 
110.949402 
110.959167 
110.969238 
110.979004 
110.989380 
110.999756 
111.009216 
111.017761 
111.026917 
111.036682 
111.046143 
111.056519 
111.066895 
111.076965 
111.087646 
111.098328 
111.109009 
111.119385 
111.129761 
111.140137 
111.150208 
111.160278 
111.170654 
111.180725 
111.190796 
111.201172 
111.211243 
111.223145 
111.234741 
111.245728 
111.256409 
111.266479 
111.276855 
111.286621 
111.296692 
111.306763 
111.316528 
111.326599 
111.337585 
111.347656 
111.358032 
111.368408 
111.378784 
111.389465 
111.400452 
111.410828 
111.421204 
111.430054 
111.438904 
111.448364 
111.458740 
111.469116 
111.479187 
111.489563 
111.500854 
111.510925 
111.521606 
111.531982 
111.542358 
111.552429 
111.562195 
111.572876 
111.582336 
111.592407 
111.602478 
111.611938 
111.622620 
111.633911 
111.646118 
111.656799 
111.667480 
111.677246 
111.687012 
111.697693 
111.707153 
111.717224 
111.726685 
111.737366 
111.747131 
111.757507 
111.768188 
111.778564 
111.788940 
111.799622 
111.810608 
111.821289 
111.831360 
111.840515 
111.849060 
111.858521 
111.869202 
111.879272 
111.889648 
111.900330 
111.911316 
111.921387 
111.932068 
111.942749 
111.952820 
111.963501 
111.973572 
111.983948 
111.993713 
112.004089 
112.013855 
112.023621 
112.034302 
112.045593 
112.057495 
112.068481 
112.078857 
112.088928 
112.099304 
112.109680 
112.119751 
112.129822 
112.139893 
112.149963 
112.160645 
112.170715 
112.181396 
112.191467 
112.202454 
112.212830 
112.223816 
112.235107 
112.244873 
112.254028 
112.263184 
112.272949 
112.283020 
112.294006 
112.304077 
112.314758 
112.325439 
112.336426 
112.346497 
112.357178 
112.367249 
112.377930 
112.388000 
112.397766 
112.407837 
112.417297 
112.427063 
112.436829 
112.447205 
112.457886 
112.469177 
112.479248 
112.489014 
112.498779 
112.507629 
112.517090 
112.526245 
112.535095 
112.544250 
112.553406 
112.562561 
112.571411 
112.580566 
112.589722 
112.599182 
112.608032 
112.617188 
112.626648 
112.634583 
112.641907 
112.649231 
112.656860 
112.664490 
112.673035 
112.681274 
112.689514 
112.698059 
112.706604 
112.714233 
112.722473 
112.730103 
112.738037 
112.745361 
112.753296 
112.760315 
112.767029 
112.773743 
112.781372 
112.788086 
112.796631 
112.805176 
112.813110 
112.820435 
112.827148 
112.833252 
112.840271 
112.846680 
112.852478 
112.858887 
112.864990 
112.871399 
112.877808 
112.884216 
112.890625 
112.897339 
112.904053 
112.910767 
112.916565 
112.922058 
112.926941 
112.930908 
112.936096 
112.941895 
112.947388 
112.952881 
112.958984 
112.964478 
112.970276 
112.975464 
112.981262 
112.986450 
112.991028 
112.996826 
113.001099 
113.005981 
113.010254 
113.014832 
113.019409 
113.023987 
113.029480 
113.035278 
113.040771 
113.045349 
113.049316 
113.053589 
113.057861 
113.061218 
113.065491 
113.068848 
113.072815 
113.077087 
113.080139 
113.084106 
113.088074 
113.091736 
113.095703 
113.099670 
113.103333 
113.106995 
113.108521 
113.110657 
113.113098 
113.115845 
113.118896 
113.122253 
113.125610 
113.128662 
113.131714 
113.134155 
113.137512 
113.139648 
113.142395 
113.145142 
113.146973 
113.148804 
113.150940 
113.152466 
113.153687 
113.156433 
113.159790 
113.162842 
113.165283 
113.167419 
113.168945 
113.170471 
113.171997 
113.172913 
113.173828 
113.175354 
113.176270 
113.178101 
113.179016 
113.180237 
113.181152 
113.182678 
113.184204 
113.185120 
113.186646 
113.186951 
113.186646 
113.185425 
113.185425 
113.186035 
113.186035 
113.186951 
113.187561 
113.187866 
113.188782 
113.188782 
113.188782 
113.189392 
113.189392 
113.189697 
113.189087 
113.189392 
113.188477 
113.188171 
113.187561 
113.187866 
113.189087 
113.190002 
113.191223 
113.190918 
113.190613 
113.190613 
113.190002 
113.189392 
113.189087 
113.188782 
113.188782 
113.188477 
113.188477 
113.188782 
113.188171 
113.188782 
113.188782 
113.188782 
113.189087 
113.189087 
113.187561 
113.186340 
113.185730 
113.184814 
113.185120 
113.184509 
113.185120 
113.185730 
113.185730 
113.185730 
113.186035 
113.185730 
113.185730 
113.185425 
113.185425 
113.185120 
113.184814 
113.184204 
113.183899 
113.183899 
113.185425 
113.186951 
113.187561 
113.187256 
113.187256 
113.186951 
113.186340 
113.186035 
113.185730 
113.186035 
113.185730 
113.185730 
113.185425 
113.186340 
113.186035 
113.186340 
113.186340 
113.186951 
113.187256 
113.186951 
113.185730 
113.184204 
113.183899 
113.183289 
113.183899 
113.183594 
113.183899 
113.184204 
113.184814 
113.185120 
113.184814 
113.184509 
113.184509 
113.184509 
113.184814 
113.184509 
113.183899 
113.183289 
113.182983 
113.183289 
113.184509 
113.186035 
113.186340 
113.186035 
113.186035 
113.186035 
113.185425 
113.185425 
113.185120 
113.185120 
113.185425 
113.185120 
113.185120 
113.185120 
113.185425 
113.185120 
113.185730 
113.186646 
113.186035 
113.186340 
113.184814 
113.183594 
113.182983 
113.182678 
113.182373 
113.182983 
113.183289 
113.183594 
113.183594 
113.183594 
113.183899 
113.183899 
113.183594 
113.183594 
113.183289 
113.183289 
113.182678 
113.182373 
113.182373 
113.182068 
113.183899 
113.184814 
113.185425 
113.185730 
113.185120 
113.184814 
113.184204 
113.184814 
113.183899 
113.184204 
113.184204 
113.184204 
113.184204 
113.184509 
113.184509 
113.184509 
113.185120 
113.185730 
113.186035 
113.186035 
113.184814 
113.182983 
113.182373 
113.182068 
113.182373 
113.182678 
113.182678 
113.182983 
113.183289 
113.183289 
113.183289 
113.183594 
113.183594 
113.183594 
113.183289 
113.183289 
113.182678 
113.182373 
113.181763 
113.182068 
113.183289 
113.184509 
113.185120 
113.185425 
113.185425 
113.184814 
113.184814 
113.184509 
113.184204 
113.183899 
113.184204 
113.184204 
113.184509 
113.184509 
113.184509 
113.185120 
113.185425 
113.185425 
113.185425 
113.185730 
113.184204 
113.182983 
113.182678 
113.182678 
113.182373 
113.182678 
113.182678 
113.183289 
113.183289 
113.183594 
113.182983 
113.183594 
113.183594 
113.183289 
113.183289 
113.182678 
113.182678 
113.182373 
113.181763 
113.182068 
113.183289 
113.184204 
113.185120 
113.185120 
113.184509 
113.184509 
113.183899 
113.183899 
113.183899 
113.183594 
113.183899 
113.183899 
113.183594 
113.183899 
113.184204 
113.183899 
113.184509 
113.184814 
113.185425 
113.184814 
113.183594 
113.182068 
113.181763 
113.181458 
113.181152 
113.181763 
113.181763 
113.182068 
113.182678 
113.182373 
113.181763 
113.182068 
113.182068 
113.182373 
113.182373 
113.181763 
113.181763 
113.181152 
113.181152 
113.181152 
113.182373 
113.183594 
113.184204 
113.184204 
113.184204 
113.183594 
113.183594 
113.183594 
113.183289 
113.182983 
113.182678 
113.183289 
113.182678 
113.183289 
113.183289 
113.183594 
113.183899 
113.184204 
113.184814 
113.184509 
113.183289 
113.182373 
113.181458 
113.181152 
113.181458 
113.181458 
113.181763 
113.182068 
113.182678 
113.182068 
113.182373 
113.182983 
113.182373 
113.182373 
113.182678 
113.182068 
113.181458 
113.181458 
113.180847 
113.181458 
113.182678 
113.183899 
113.184204 
113.184509 
113.184204 
113.184204 
113.183899 
113.183289 
113.183594 
113.182983 
113.183289 
113.183289 
113.183289 
113.183594 
113.183594 
113.183594 
113.184204 
113.184814 
113.184509 
113.184509 
113.183594 
113.182068 
113.181458 
113.181458 
113.181458 
113.181458 
113.181763 
113.181763 
113.181763 
113.182373 
113.182678 
113.182678 
113.181763 
113.182068 
113.182068 
113.181763 
113.181458 
113.180847 
113.180237 
113.180542 
113.182068 
113.183289 
113.183899 
113.184204 
113.183899 
113.183594 
113.183289 
113.182983 
113.182678 
113.182678 
113.182678 
113.182373 
113.182373 
113.183289 
113.182983 
113.183289 
113.183289 
113.183594 
113.184204 
113.184204 
113.182983 
113.181763 
113.180847 
113.180542 
113.180237 
113.181152 
113.180847 
113.181458 
113.181458 
113.181763 
113.182068 
113.181152 
113.182068 
113.181458 
113.181152 
113.181152 
113.181152 
113.180237 
113.180237 
113.180237 
113.181763 
113.182983 
113.183594 
113.183594 
113.183594 
113.183594 
113.183289 
113.182983 
113.182373 
113.182373 
113.182373 
113.182678 
113.182678 
113.182678 
113.182983 
113.183289 
113.182983 
113.183899 
113.183899 
113.183899 
113.182983 
113.181763 
113.180847 
113.181152 
113.181152 
113.181458 
113.181152 
113.181763 
113.182068 
113.182068 
113.182068 
113.181763 
113.182373 
113.181763 
113.181763 
113.181152 
113.181458 
113.180847 
113.180542 
113.180847 
113.181763 
113.182983 
113.183899 
113.183594 
113.183289 
113.183594 
113.183289 
113.182678 
113.182983 
113.182373 
113.182373 
113.182678 
113.182678 
113.182373 
113.182678 
113.182678 
113.183594 
113.183594 
113.184204 
113.183899 
113.182678 
113.181152 
113.180847 
113.179932 
113.180542 
113.180847 
113.180847 
113.181152 
113.181152 
113.181458 
113.181763 
113.181152 
113.181458 
113.181152 
113.180847 
113.181152 
113.180542 
113.180542 
113.179626 
113.179932 
113.181458 
113.182373 
113.183289 
113.182983 
113.182983 
113.182678 
113.182678 
113.182068 
113.182068 
113.182068 
113.182068 
113.182068 
113.182373 
113.182373 
113.182373 
113.182678 
113.182678 
113.183289 
113.183594 
113.183289 
113.182373 
113.181152 
113.180237 
113.180237 
113.179932 
113.180542 
113.180542 
113.180847 
113.181763 
113.181152 
113.181152 
113.181152 
113.181763 
113.180847 
113.181152 
113.180847 
113.180237 
113.179626 
113.179932 
113.179932 
113.181152 
113.182678 
113.182678 
113.182983 
113.183289 
113.183289 
113.182983 
113.182678 
113.182068 
113.181763 
113.182068 
113.182068 
113.182068 
113.182068 
113.182373 
113.182678 
113.182983 
113.183289 
113.183289 
113.183594 
113.182373 
113.181152 
113.180542 
113.180542 
113.180237 
113.180847 
113.181152 
113.180847 
113.181458 
113.181458 
113.181763 
113.181458 
113.181152 
113.181152 
113.181152 
113.181152 
113.180542 
113.180237 
113.179932 
113.179932 
113.181152 
113.182373 
113.183594 
113.182983 
113.182983 
113.182678 
113.182373 
113.182373 
113.182068 
113.181763 
113.181763 
113.182373 
113.182068 
113.182068 
113.182068 
113.182068 
113.182983 
113.183289 
113.183594 
113.183289 
113.182678 
113.180847 
113.180237 
113.179932 
113.180237 
113.180237 
113.180542 
113.180847 
113.180542 
113.181152 
113.181152 
113.180847 
113.181152 
113.181458 
113.180847 
113.180542 
113.180542 
113.179626 
113.179626 
113.179626 
113.180847 
113.181763 
113.182678 
113.182678 
113.182983 
113.182373 
113.181763 
113.182068 
113.181763 
113.181152 
113.181458 
113.181458 
113.181458 
113.181763 
113.181763 
113.181763 
113.182068 
113.182983 
113.183289 
113.183594 
113.182373 
113.180847 
113.180237 
113.180237 
113.180237 
113.180237 
113.180542 
113.180847 
113.181152 
113.181152 
113.181152 
113.180847 
113.181152 
113.181152 
113.180847 
113.180847 
113.180542 
113.180237 
113.179626 
113.179932 
113.181152 
113.182373 
113.182983 
113.183594 
113.182678 
113.182678 
113.182678 
113.182068 
113.181763 
113.182373 
113.182068 
113.181763 
113.182068 
113.182068 
113.182068 
113.182068 
113.182678 
113.182678 
113.183289 
113.183594 
113.181763 
113.181152 
113.180237 
113.179321 
113.180237 
113.180237 
113.180542 
113.180847 
113.180847 
113.181458 
113.181152 
113.180847 
113.180847 
113.181152 
113.180847 
113.180542 
113.179932 
113.179626 
113.179321 
113.179321 
113.181152 
113.182068 
113.182983 
113.182983 
113.182678 
113.182068 
113.182373 
113.181763 
113.181763 
113.181458 
113.181152 
113.182068 
113.181458 
113.181763 
113.181458 
113.181763 
113.182678 
113.182678 
113.183289 
113.183594 
113.182068 
113.180847 
113.179932 
113.179626 
113.179626 
113.179932 
113.180237 
113.180542 
113.180847 
113.180847 
113.180847 
113.180847 
113.181458 
113.180847 
113.180237 
113.180847 
113.179626 
113.179626 
113.179016 
113.179321 
113.180237 
113.181458 
113.182678 
113.182678 
113.182678 
113.182373 
113.182373 
113.181763 
113.181458 
113.181763 
113.181763 
113.181763 
113.181763 
113.181152 
113.181763 
113.182068 
113.181763 
113.182678 
113.183289 
113.183289 
113.181763 
113.180542 
113.179626 
113.179626 
113.179932 
113.180237 
113.180237 
113.180237 
113.181152 
113.180847 
113.181152 
113.180542 
113.180847 
113.181152 
113.180542 
113.180847 
113.180237 
113.179626 
113.179321 
113.179626 
113.180542 
113.181763 
113.182678 
113.182983 
113.182983 
113.182373 
113.182373 
113.182068 
113.182068 
113.181458 
113.181458 
113.181763 
113.181763 
113.182068 
113.182068 
113.182068 
113.182373 
113.182983 
113.183289 
113.183594 
113.182068 
113.180542 
113.179626 
113.179626 
113.179321 
113.179932 
113.179932 
113.180542 
113.180542 
113.180847 
113.180847 
113.181152 
113.180847 
113.180847 
113.180847 
113.180542 
113.179932 
113.179932 
113.179321 
113.179321 
113.180237 
113.181763 
113.182373 
113.182678 
113.182373 
113.182373 
113.181763 
113.182068 
113.181458 
113.181152 
113.181152 
113.181458 
113.181458 
113.181152 
113.181458 
113.181763 
113.182373 
113.182373 
113.183289 
113.182678 
113.182068 
113.180542 
113.179932 
113.179626 
113.179626 
113.179626 
113.179932 
113.180542 
113.180847 
113.180237 
113.180847 
113.180542 
113.180542 
113.180847 
113.180847 
113.180542 
113.179932 
113.179321 
113.179016 
113.179321 
113.180237 
113.182068 
113.182678 
113.182678 
113.182678 
113.182068 
113.181763 
113.182068 
113.181763 
113.181458 
113.181458 
113.181458 
113.181152 
113.181763 
113.181763 
113.182068 
113.182068 
113.182983 
113.183289 
113.182983 
113.182373 
113.181152 
113.179626 
113.179626 
113.179626 
113.179321 
113.180237 
113.180237 
113.180542 
113.180847 
113.180542 
113.180847 
113.180847 
113.180542 
113.180847 
113.180542 
113.179932 
113.179626 
113.179626 
113.179016 
113.179932 
113.181763 
113.182373 
113.182678 
113.182678 
113.182983 
113.182373 
113.181763 
113.181763 
113.181458 
113.181458 
113.181763 
113.181458 
113.181458 
113.181763 
113.182068 
113.182068 
113.182678 
113.183289 
113.182983 
113.182068 
113.180542 
113.179932 
113.179321 
113.179626 
113.179932 
113.179626 
113.180237 
113.180542 
113.180542 
113.180542 
113.180542 
113.180542 
113.180542 
113.180542 
113.180237 
113.179932 
113.179626 
113.179016 
113.179321 
113.179932 
113.181458 
113.182373 
113.182068 
113.182678 
113.182068 
113.181763 
113.181458 
113.181152 
113.181152 
113.181458 
113.181458 
113.181458 
113.181458 
113.181458 
113.181458 
113.181763 
113.182678 
113.182983 
113.182678 
113.181763 
113.180847 
113.179626 
113.179321 
113.179321 
113.179626 
113.179932 
113.180237 
113.180847 
113.180237 
113.180542 
113.180542 
113.180847 
113.180847 
113.180847 
113.180237 
113.179626 
113.179932 
113.179321 
113.179016 
113.179932 
113.181763 
113.182373 
113.182678 
113.182373 
113.182373 
113.181763 
113.181763 
113.181458 
113.181152 
113.181152 
113.181458 
113.181458 
113.181763 
113.181458 
113.181763 
113.182068 
113.182678 
113.182983 
113.182983 
113.182068 
113.180847 
113.179626 
113.179626 
113.179321 
113.179932 
113.179932 
113.179932 
113.180542 
113.180542 
113.180542 
113.180542 
113.180542 
113.180237 
113.180237 
113.180237 
113.179626 
113.179626 
113.179321 
113.179016 
113.180237 
113.181458 
113.182373 
113.182373 
113.182373 
113.182068 
113.182068 
113.182068 
113.181152 
113.181152 
113.181152 
113.181152 
113.181152 
113.181458 
113.181458 
113.181458 
113.182068 
113.182373 
113.182983 
113.182983 
113.181763 
113.180542 
113.179321 
113.179626 
113.179321 
113.179626 
113.179932 
113.180237 
113.180542 
113.180237 
113.180542 
113.180847 
113.180847 
113.180542 
113.180542 
113.179932 
113.179626 
113.179321 
113.179016 
113.179016 
113.179626 
113.181458 
113.182068 
113.182373 
113.182678 
113.182373 
113.181763 
113.181458 
113.181152 
113.181152 
113.181152 
113.181458 
113.181458 
113.181763 
113.181763 
113.181458 
113.181763 
113.182068 
113.182983 
113.182373 
113.181763 
113.180542 
113.179016 
113.179016 
113.179626 
113.179626 
113.179626 
113.180237 
113.180237 
113.180847 
113.180542 
113.180542 
113.180847 
113.180542 
113.180237 
113.180237 
113.179932 
113.179321 
113.179626 
113.179016 
113.179932 
113.181152 
113.182068 
113.182373 
113.181763 
113.181763 
113.181763 
113.181458 
113.181458 
113.181152 
113.181152 
113.181458 
113.181458 
113.181458 
113.181763 
113.181458 
113.182068 
113.182068 
113.182983 
113.182678 
113.182068 
113.180542 
113.179321 
113.179321 
113.179932 
113.179626 
113.179932 
113.180237 
113.180542 
113.180237 
113.180237 
113.180542 
113.180847 
113.180542 
113.180237 
113.180542 
113.179626 
113.179626 
113.179016 
113.179321 
113.179932 
113.181458 
113.182068 
113.182373 
113.182373 
113.182068 
113.181763 
113.181458 
113.181152 
113.181152 
113.181152 
113.181458 
113.181152 
113.181152 
113.181458 
113.181458 
113.182068 
113.182678 
113.182983 
113.182678 
113.181763 
113.180542 
113.179321 
113.179321 
113.179626 
113.179932 
113.179932 
113.180237 
113.180542 
113.180542 
113.180542 
113.180847 
113.180237 
113.180237 
113.180237 
113.180237 
113.179626 
113.179626 
113.178711 
113.179016 
113.180237 
113.181458 
113.181763 
113.182678 
113.182068 
113.182068 
113.181763 
113.181763 
113.181152 
113.181152 
113.181763 
113.181458 
113.181152 
113.181458 
113.181458 
113.181763 
113.181763 
113.182373 
113.182678 
113.182678 
113.181763 
113.180542 
113.179321 
113.179626 
113.179016 
113.179626 
113.179932 
113.180237 
113.180237 
113.180542 
113.180237 
113.180237 
113.180542 
113.180237 
113.179932 
113.180237 
113.179932 
113.179321 
113.179016 
113.179016 
113.179932 
113.181152 
113.181763 
113.182373 
113.182678 
113.182068 
113.182068 
113.181458 
113.180847 
113.180847 
113.181458 
113.181458 
113.181458 
113.181458 
113.181763 
113.181152 
113.182068 
113.182373 
113.182678 
113.182373 
113.182068 
113.180542 
113.179321 
113.179321 
113.179626 
113.179626 
113.179626 
113.180237 
113.180542 
113.180542 
113.181152 
113.180542 
113.180542 
113.180542 
113.180847 
113.179932 
113.179932 
113.179626 
113.179016 
113.178711 
113.179932 
113.181152 
113.182068 
113.182068 
113.182373 
113.181458 
113.181458 
113.181458 
113.181458 
113.181152 
113.181458 
113.181152 
113.181152 
113.181458 
113.181458 
113.181458 
113.182068 
113.182678 
113.182983 
113.182678 
113.181763 
113.180237 
113.179626 
113.179321 
113.179626 
113.179321 
113.179932 
113.180237 
113.180542 
113.180237 
113.180542 
113.180542 
113.180237 
113.180237 
113.180542 
113.180237 
113.179932 
113.179626 
113.179321 
113.179016 
113.179626 
113.181152 
113.182068 
113.182678 
113.182373 
113.181763 
113.181763 
113.181763 
113.181152 
113.180847 
113.181152 
113.181152 
113.180847 
113.181458 
113.181763 
113.181152 
113.182068 
113.182373 
113.182678 
113.183289 
113.182068 
113.180542 
113.179321 
113.179626 
113.179321 
113.179321 
113.180237 
113.180237 
113.180237 
113.180542 
113.180542 
113.180542 
113.180847 
113.180542 
113.180237 
113.180237 
113.179932 
113.179321 
113.178711 
113.179016 
113.179626 
113.181152 
113.181458 
113.182068 
113.182068 
113.182068 
113.181763 
113.181458 
113.181152 
113.181152 
113.181152 
113.181152 
113.181458 
113.181763 
113.181458 
113.181458 
113.182373 
113.182068 
113.183289 
113.182983 
113.181763 
113.180542 
113.179626 
113.179321 
113.179321 
113.179626 
113.180237 
113.179932 
113.180237 
113.180237 
113.180847 
113.180542 
113.180542 
113.180237 
113.179932 
113.180237 
113.180237 
113.179626 
113.179016 
113.179016 
113.179932 
113.180847 
113.182373 
113.182373 
113.182373 
113.182068 
113.181458 
113.181458 
113.181152 
113.181152 
113.181152 
113.181152 
113.181458 
113.181152 
113.181458 
113.181458 
113.181763 
113.182068 
113.182678 
113.182678 
113.181763 
113.180847 
113.179932 
113.179321 
113.179321 
113.179626 
113.179932 
113.180237 
113.180542 
113.180542 
113.180542 
113.180847 
113.180542 
113.180237 
113.180237 
113.180237 
113.179932 
113.179932 
113.179016 
113.178711 
113.179932 
113.181152 
113.182068 
113.182678 
113.182373 
113.182068 
113.182068 
113.181763 
113.181458 
113.181152 
113.181152 
113.181458 
113.181152 
113.181458 
113.181152 
113.181458 
113.182068 
113.182373 
113.182983 
113.182983 
113.182068 
113.179932 
113.179626 
113.179626 
113.179626 
113.179626 
113.179626 
113.179932 
113.180237 
113.180542 
113.180237 
113.180847 
113.180542 
113.180542 
113.180237 
113.179932 
113.179626 
113.179626 
113.179016 
113.179016 
113.179626 
113.181152 
113.181458 
113.182373 
113.181763 
113.182068 
113.181152 
113.181458 
113.180847 
113.180847 
113.180847 
113.181458 
113.181152 
113.181458 
113.181458 
113.181458 
113.182068 
113.182373 
113.182373 
113.182983 
113.181763 
113.180847 
113.179626 
113.179626 
113.179016 
113.179932 
113.180237 
113.180237 
113.180237 
113.180847 
113.180847 
113.180542 
113.180542 
113.180542 
113.179932 
113.179932 
113.179626 
113.179321 
113.179321 
113.178711 
113.179321 
113.180847 
113.182068 
113.182373 
113.182373 
113.182068 
113.181763 
113.181763 
113.181152 
113.181152 
113.181152 
113.181152 
113.181152 
113.181152 
113.181152 
113.181458 
113.181763 
113.182068 
113.182983 
113.182678 
113.182068 
113.180542 
113.179932 
113.179626 
113.179321 
113.179626 
113.179932 
113.179626 
113.179932 
113.180542 
113.180847 
113.180542 
113.180542 
113.180542 
113.180237 
113.180237 
113.179626 
113.179626 
113.179321 
113.179016 
113.179932 
113.180847 
113.181763 
113.182373 
113.182373 
113.182373 
113.182068 
113.181763 
113.181152 
113.181458 
113.181152 
113.181152 
113.181152 
113.181152 
113.181152 
113.181458 
113.181763 
113.182068 
113.182678 
113.182678 
113.182068 
113.180542 
113.179626 
113.179016 
113.179321 
113.179626 
113.179626 
113.179932 
113.180237 
113.180542 
113.180542 
113.180847 
113.180237 
113.180237 
113.180542 
113.180237 
113.179932 
113.179626 
113.179016 
113.179016 
113.179321 
113.181458 
113.182068 
113.182068 
113.182068 
113.182068 
113.181763 
113.180847 
113.180847 
113.180847 
113.181152 
113.180847 
113.181458 
113.181152 
113.181152 
113.181458 
113.181458 
113.182068 
113.182373 
113.182678 
113.181763 
113.180542 
113.179626 
113.179321 
113.179016 
113.179626 
113.179626 
113.179626 
113.180237 
113.180847 
113.180542 
113.180542 
113.180542 
113.180542 
113.180542 
113.180237 
113.179626 
113.179626 
113.179321 
113.179016 
113.179626 
113.180847 
113.182068 
113.182373 
113.182068 
113.181763 
113.181763 
113.181763 
113.181152 
113.181152 
113.180847 
113.181152 
113.181152 
113.181152 
113.181458 
113.181152 
113.182068 
113.182373 
113.182678 
113.182678 
113.182068 
113.180542 
113.179321 
113.179016 
113.179321 
113.179321 
113.179626 
113.180237 
113.179932 
113.180847 
113.180542 
113.180542 
113.179932 
113.180237 
113.179932 
113.179932 
113.179626 
113.179321 
113.178711 
113.179016 
113.179321 
113.181152 
113.181763 
113.182373 
113.182068 
113.181763 
113.182068 
113.181458 
113.181458 
113.181152 
113.181152 
113.181152 
113.181152 
113.181458 
113.181152 
113.181763 
113.181458 
113.182373 
113.182678 
113.182983 
113.182068 
113.180847 
113.179321 
113.179321 
113.179626 
113.179626 
113.179932 
113.179932 
113.180237 
113.180542 
113.180542 
113.180542 
113.180847 
113.180237 
113.180542 
113.179932 
113.179932 
113.179321 
113.178711 
113.179016 
113.179626 
113.180847 
113.182068 
113.182678 
113.181458 
113.182068 
113.182068 
113.181458 
113.181152 
113.181152 
113.181152 
113.181458 
113.181458 
113.181458 
113.181458 
113.181458 
113.182068 
113.182068 
113.182373 
113.182678 
113.181763 
113.180847 
113.179626 
113.179016 
113.179016 
113.179626 
113.179626 
113.180237 
113.180237 
113.180542 
113.180542 
113.180237 
113.180542 
113.180847 
113.180237 
113.180237 
113.179626 
113.179626 
113.179321 
113.179016 
113.179626 
113.181152 
113.182068 
113.182373 
113.182373 
113.182068 
113.182373 
113.181152 
113.181152 
113.181152 
113.181152 
113.180542 
113.181152 
113.181458 
113.181152 
113.181458 
113.181458 
113.182373 
113.182678 
113.182983 
113.181763 
113.180847 
113.179626 
113.179321 
113.179016 
113.179932 
113.180237 
113.179626 
113.180237 
113.180542 
113.180237 
113.180542 
113.180542 
113.180542 
113.179932 
113.179932 
113.179932 
113.179321 
113.179016 
113.179016 
113.179626 
113.181152 
113.182068 
113.182373 
113.182068 
113.182068 
113.181763 
113.181458 
113.181152 
113.181152 
113.181152 
113.181152 
113.180847 
113.181152 
113.181458 
113.181458 
113.181458 
113.182068 
113.182678 
113.182983 
113.182068 
113.180542 
113.179626 
113.179016 
113.179321 
113.179626 
113.179626 
113.179932 
113.180542 
113.180847 
113.180542 
113.180542 
113.180237 
113.180542 
113.180237 
113.180237 
113.179932 
113.179626 
113.179016 
113.178711 
113.179016 
113.181152 
113.181763 
113.182068 
113.182373 
113.182068 
113.181763 
113.181152 
113.181458 
113.180847 
113.180542 
113.180847 
113.181152 
113.181152 
113.181458 
113.181458 
113.181763 
113.182373 
113.182373 
113.182983 
113.182068 
113.180847 
113.179626 
113.179626 
113.179626 
113.179321 
113.179626 
113.179932 
113.180237 
113.180542 
113.180237 
113.180542 
113.180237 
113.180542 
113.180542 
113.180542 
113.179932 
113.179626 
113.179321 
113.178711 
113.179932 
113.181152 
113.182373 
113.182373 
113.182373 
113.181763 
113.181763 
113.182068 
113.181458 
113.181152 
113.181152 
113.181152 
113.181152 
113.181458 
113.181458 
113.181458 
113.182068 
113.182068 
113.182678 
113.182678 
113.182068 
113.180847 
113.179932 
113.179321 
113.179016 
113.179932 
113.179626 
113.180237 
113.180542 
113.180237 
113.180237 
113.180542 
113.180542 
113.180542 
113.180237 
113.179932 
113.179626 
113.179321 
113.179016 
113.178711 
113.179626 
113.181152 
113.181763 
113.182373 
113.182373 
113.182068 
113.181763 
113.181763 
113.181152 
113.180847 
113.180847 
113.181458 
113.181152 
113.181458 
113.181763 
113.181458 
113.181763 
113.182373 
113.182373 
113.182983 
113.182373 
113.180847 
113.179626 
113.179321 
113.179321 
113.179321 
113.179626 
113.180237 
113.180237 
113.180542 
113.180542 
113.180542 
113.180237 
113.180237 
113.180237 
113.180237 
113.179626 
113.179321 
113.179321 
113.178711 
113.179321 
113.180847 
113.181763 
113.182068 
113.182373 
113.182068 
113.181763 
113.181458 
113.181458 
113.181152 
113.181152 
113.181458 
113.180542 
113.181458 
113.181458 
113.181152 
113.181458 
113.182068 
113.182373 
113.182983 
113.182678 
113.181152 
113.179626 
113.179321 
113.179321 
113.179321 
113.179932 
113.179932 
113.179932 
113.180542 
113.180542 
113.180542 
113.180542 
113.180847 
113.180237 
113.180237 
113.179932 
113.179016 
113.179626 
113.179016 
113.179932 
113.180847 
113.181763 
113.182373 
113.182068 
113.182068 
113.181763 
113.181763 
113.181458 
113.181152 
113.181458 
113.181152 
113.181152 
113.181152 
113.181458 
113.181152 
113.181763 
113.182373 
113.182373 
113.182678 
113.182373 
113.180847 
113.179932 
113.179626 
113.179321 
113.179932 
113.179626 
113.179626 
113.180237 
113.180542 
113.180847 
113.180542 
113.180237 
113.180542 
113.180237 
113.180237 
113.180237 
113.179626 
113.179016 
113.179016 
113.179626 
113.181152 
113.182068 
113.182373 
113.182373 
113.182068 
113.182068 
113.181458 
113.181152 
113.181152 
113.181152 
113.181152 
113.181458 
113.181458 
113.181458 
113.181458 
113.182068 
113.182373 
113.182373 
113.182678 
113.182373 
113.181152 
113.179626 
113.179626 
113.179321 
113.179626 
113.179932 
113.180542 
113.179932 
113.180237 
113.180542 
113.180542 
113.180237 
113.180237 
113.179932 
113.179626 
113.179626 
113.178711 
113.177795 
113.176880 
113.177490 
113.178101 
113.179016 
113.179016 
113.177795 
113.177185 
113.176575 
113.175659 
113.173828 
113.172607 
113.171692 
113.170471 
113.169250 
113.168030 
113.166504 
113.164978 
113.163757 
113.162842 
113.161621 
113.160095 
113.157654 
113.154602 
113.151550 
113.149109 
113.146667 
113.145142 
113.142700 
113.140869 
113.139038 
113.137207 
113.134766 
113.132019 
113.129883 
113.127441 
113.124390 
113.121948 
113.118591 
113.115540 
113.111877 
113.108521 
113.105774 
113.104248 
113.102112 
113.099365 
113.096008 
113.092651 
113.088684 
113.084717 
113.080750 
113.076782 
113.072510 
113.067932 
113.064575 
113.060303 
113.056030 
113.052063 
113.048096 
113.043823 
113.040161 
113.035583 
113.030396 
113.023987 
113.017883 
113.012390 
113.007813 
113.002625 
112.997437 
112.992554 
112.987671 
112.983093 
112.977600 
112.973022 
112.967224 
112.962036 
112.956543 
112.950439 
112.945251 
112.939148 
112.932739 
112.926941 
112.921753 
112.917175 
112.912598 
112.907715 
112.901611 
112.894897 
112.889099 
112.882385 
112.875671 
112.868958 
112.862854 
112.856140 
112.849731 
112.843323 
112.836609 
112.830200 
112.823792 
112.817383 
112.810974 
112.804565 
112.796936 
112.788696 
112.780151 
112.772522 
112.765198 
112.757874 
112.751160 
112.743835 
112.736206 
112.728882 
112.721558 
112.714233 
112.706299 
112.698669 
112.690430 
112.682495 
112.674255 
112.666016 
112.657471 
112.648926 
112.640991 
112.633667 
112.626648 
112.618713 
112.610779 
112.601929 
112.592773 
112.583923 
112.574463 
112.565002 
112.556152 
112.546997 
112.538147 
112.528992 
112.519531 
112.510681 
112.501831 
112.492981 
112.484131 
112.474365 
112.464905 
112.453613 
112.442932 
112.433167 
112.422485 
112.412720 
112.403259 
112.393494 
112.383423 
112.373657 
112.363586 
112.354431 
112.344055 
112.333984 
112.323608 
112.313843 
112.303162 
112.292175 
112.281494 
112.270813 
112.260437 
112.252197 
112.242737 
112.232971 
112.222900 
112.212219 
112.202148 
112.191772 
112.180786 
112.170105 
112.160034 
112.149963 
112.139282 
112.129211 
112.119141 
112.108765 
112.098999 
112.089233 
112.079163 
112.069092 
112.058716 
112.047119 
112.036133 
112.024841 
112.014771 
112.004395 
111.994324 
111.984253 
111.974182 
111.964111 
111.953735 
111.943359 
111.932983 
111.922607 
111.912231 
111.901855 
111.890869 
111.880188 
111.869507 
111.858521 
111.848450 
111.839294 
111.830139 
111.820374 
111.809998 
111.799316 
111.789246 
111.778259 
111.768188 
111.756897 
111.746826 
111.736450 
111.725464 
111.715698 
111.705322 
111.695557 
111.685486 
111.675720 
111.665649 
111.655884 
111.645203 
111.632996 
111.622009 
111.611023 
111.600342 
111.590576 
111.580200 
111.570129 
111.560364 
111.550293 
111.540527 
111.529846 
111.519775 
111.510010 
111.499634 
111.489258 
111.478577 
111.467896 
111.456604 
111.447144 
111.437073 
111.427917 
111.419067 
111.409302 
111.399231 
111.388245 
111.378479 
111.367493 
111.357117 
111.346741 
111.336365 
111.325684 
111.315308 
111.304932 
111.294861 
111.284485 
111.275024 
111.264648 
111.254883 
111.244812 
111.234436 
111.222534 
111.211853 
111.200562 
111.190186 
111.180115 
111.169739 
111.159668 
111.149902 
111.139832 
111.130066 
111.120300 
111.109924 
111.099854 
111.089783 
111.079407 
111.069641 
111.058960 
111.047668 
111.037598 
111.027832 
111.018677 
111.009216 
111.000061 
110.989685 
110.979309 
110.968933 
110.958557 
110.947571 
110.937195 
110.927124 
110.916748 
110.906372 
110.895996 
110.886230 
110.876160 
110.866394 
110.856323 
110.847168 
110.838013 
110.827332 
110.816345 
110.805664 
110.795898 
110.786133 
110.776978 
110.767822 
110.758972 
110.750122 
110.741577 
110.732727 
110.723572 
110.715637 
110.706482 
110.697327 
110.688782 
110.680237 
110.671082 
110.662231 
110.653381 
110.645447 
110.638123 
110.631409 
110.623779 
110.615845 
110.607910 
110.599670 
110.591736 
110.583496 
110.575256 
110.567627 
110.559998 
110.552673 
110.544434 
110.537109 
110.530396 
110.522766 
110.516357 
110.509644 
110.502930 
110.495300 
110.487061 
110.478821 
110.471191 
110.464478 
110.458069 
110.451660 
110.445251 
110.439148 
110.433044 
110.427246 
110.420532 
110.414734 
110.408630 
110.402222 
110.396118 
110.389709 
110.382996 
110.376892 
110.370789 
110.365295 
110.360718 
110.356750 
110.351563 
110.346375 
110.340576 
110.334778 
110.329285 
110.324097 
110.318298 
110.312805 
110.307922 
110.303345 
110.298157 
110.292969 
110.288391 
110.284119 
110.279541 
110.275269 
110.271301 
110.266724 
110.261230 
110.255432 
110.250244 
110.246277 
110.242310 
110.238037 
110.234070 
110.230713 
110.227051 
110.223389 
110.219727 
110.215759 
110.212708 
110.208740 
110.205078 
110.200806 
110.197449 
110.194092 
110.190430 
110.187683 
110.185852 
110.183716 
110.181274 
110.178528 
110.175476 
110.172424 
110.169373 
110.166321 
110.163574 
110.160828 
110.158386 
110.155640 
110.152893 
110.150757 
110.148621 
110.147095 
110.144958 
110.143738 
110.141907 
110.139465 
110.136414 
110.133667 
110.131226 
110.129700 
110.127869 
110.126343 
110.125122 
110.123901 
110.122986 
110.122070 
110.120850 
110.119934 
110.118713 
110.117798 
110.116577 
110.115356 
110.114136 
110.112915 
110.112000 
110.111389 
110.112305 
110.112915 
110.112915 
110.112610 
110.111694 
110.111694 
110.111694 
110.110779 
110.110168 
110.110168 
110.109863 
110.109863 
110.109558 
110.109863 
110.110168 
110.109863 
110.110779 
110.111084 
110.111084 
110.110474 
110.109253 
110.108032 
110.107422 
110.107727 
110.108032 
110.108337 
110.108337 
110.108643 
110.108948 
110.109253 
110.109253 
110.109253 
110.108948 
110.108948 
110.109253 
110.108337 
110.108643 
110.108032 
110.107422 
110.108032 
110.109558 
110.110168 
110.111084 
110.111389 
110.111694 
110.111084 
110.110779 
110.111084 
110.110168 
110.110474 
110.110779 
110.110474 
110.110168 
110.110474 
110.110168 
110.111084 
110.111389 
110.112000 
110.112000 
110.111694 
110.110168 
110.108948 
110.108948 
110.108948 
110.108643 
110.109253 
110.109558 
110.109558 
110.110168 
110.109558 
110.110168 
110.110168 
110.109863 
110.109863 
110.109558 
110.109558 
110.109558 
110.108337 
110.108032 
110.108948 
110.110168 
110.111084 
110.111694 
110.112000 
110.112000 
110.112000 
110.111084 
110.111084 
110.110779 
110.110779 
110.110779 
110.110779 
110.111084 
110.110779 
110.111084 
110.111389 
110.111694 
110.112305 
110.112305 
110.112305 
110.111084 
