Blum, K. P., D’Incamps, B. L., Zytnicki, D., & Ting, L. H. (2017).
Force encoding in muscle spindles during stretch of
passive muscle. PLoS computational biology, 13(9), 
e1005767. <https://journals.plos.org/ploscompbiol/article?
id=10.1371/journal.pcbi.1005767>

cat medial gastrocnemius muscle lengths over t  (in 0.0005 s increments)
110.107117 
110.107117 
110.106812 
110.106812 
110.107117 
110.107422 
110.107727 
110.107727 
110.107727 
110.107117 
110.106506 
110.105896 
110.104980 
110.106201 
110.105896 
110.106201 
110.106201 
110.106506 
110.106506 
110.106812 
110.106506 
110.106506 
110.106506 
110.106506 
110.106506 
110.106201 
110.105591 
110.105896 
110.105591 
110.106506 
110.107117 
110.107727 
110.107422 
110.107727 
110.107422 
110.107422 
110.107727 
110.106506 
110.106812 
110.107117 
110.106506 
110.106812 
110.106506 
110.107117 
110.107117 
110.107117 
110.107727 
110.107422 
110.107727 
110.107117 
110.106506 
110.105591 
110.105286 
110.105896 
110.105896 
110.106201 
110.106201 
110.106506 
110.107117 
110.106812 
110.106506 
110.106506 
110.106506 
110.106201 
110.105896 
110.105896 
110.105591 
110.105591 
110.105286 
110.106201 
110.106812 
110.107727 
110.107727 
110.107727 
110.107422 
110.107117 
110.106812 
110.107117 
110.106812 
110.106506 
110.107422 
110.106812 
110.106812 
110.106812 
110.107117 
110.107117 
110.107727 
110.107422 
110.107422 
110.106812 
110.106506 
110.105286 
110.105591 
110.106201 
110.106201 
110.106506 
110.106812 
110.106201 
110.106812 
110.106506 
110.106506 
110.106812 
110.106506 
110.106812 
110.106812 
110.106506 
110.107727 
110.109558 
110.111694 
110.116272 
110.121765 
110.126953 
110.133057 
110.139771 
110.146179 
110.152588 
110.159607 
110.166016 
110.173950 
110.181274 
110.189209 
110.198059 
110.206909 
110.216064 
110.225525 
110.234375 
110.245361 
110.254822 
110.264587 
110.273743 
110.283203 
110.292358 
110.302734 
110.313416 
110.325012 
110.336304 
110.348206 
110.360718 
110.373230 
110.385742 
110.399475 
110.413208 
110.426636 
110.441284 
110.455933 
110.470276 
110.484924 
110.499268 
110.513611 
110.528259 
110.541687 
110.555725 
110.568237 
110.579529 
110.589905 
110.599976 
110.609741 
110.619202 
110.628662 
110.637512 
110.646667 
110.655518 
110.664368 
110.673523 
110.682678 
110.691528 
110.700684 
110.709839 
110.718994 
110.727234 
110.735474 
110.744324 
110.752563 
110.762329 
110.772095 
110.781250 
110.791321 
110.801392 
110.810852 
110.820923 
110.830383 
110.840759 
110.850525 
110.860291 
110.870361 
110.879822 
110.889893 
110.899658 
110.909424 
110.920410 
110.931396 
110.942078 
110.952759 
110.963745 
110.973511 
110.984192 
110.993347 
111.003723 
111.013489 
111.024170 
111.034241 
111.044922 
111.055298 
111.065063 
111.076050 
111.086121 
111.096497 
111.107788 
111.117859 
111.127625 
111.137085 
111.146851 
111.156921 
111.167908 
111.178284 
111.188965 
111.199341 
111.210022 
111.220703 
111.231079 
111.241455 
111.252136 
111.262207 
111.272278 
111.282959 
111.292419 
111.302795 
111.312561 
111.322632 
111.333923 
111.345215 
111.356506 
111.366882 
111.377258 
111.387634 
111.397705 
111.407471 
111.418152 
111.427612 
111.437988 
111.448364 
111.458435 
111.468811 
111.479492 
111.489563 
111.500244 
111.510925 
111.521606 
111.531982 
111.541748 
111.550903 
111.560974 
111.571045 
111.581421 
111.591492 
111.601868 
111.612549 
111.623535 
111.633911 
111.644592 
111.654358 
111.664734 
111.674805 
111.684875 
111.695251 
111.705017 
111.714783 
111.724548 
111.734619 
111.745300 
111.756592 
111.767883 
111.777649 
111.788025 
111.798401 
111.808777 
111.818542 
111.828613 
111.838379 
111.848450 
111.858215 
111.868896 
111.878662 
111.889343 
111.899414 
111.909790 
111.920166 
111.930542 
111.941223 
111.950378 
111.959839 
111.969299 
111.979370 
111.990356 
112.000122 
112.010803 
112.021790 
112.031555 
112.041626 
112.052307 
112.062378 
112.072754 
112.082825 
112.092896 
112.102966 
112.112732 
112.123108 
112.132568 
112.142944 
112.154236 
112.164612 
112.175598 
112.185669 
112.196655 
112.207031 
112.216797 
112.226257 
112.236328 
112.246399 
112.256470 
112.267151 
112.276917 
112.287292 
112.297668 
112.308044 
112.318115 
112.328796 
112.338562 
112.349243 
112.359009 
112.368469 
112.377625 
112.387390 
112.398376 
112.408447 
112.418518 
112.429504 
112.439880 
112.450256 
112.460938 
112.471008 
112.481079 
112.491455 
112.501526 
112.511597 
112.521057 
112.530518 
112.540894 
112.551270 
112.561951 
112.573242 
112.584229 
112.594910 
112.605591 
112.615662 
112.625427 
112.635193 
112.644958 
112.654724 
112.665100 
112.675476 
112.685242 
112.695923 
112.705994 
112.716370 
112.726440 
112.736816 
112.747803 
112.757874 
112.767639 
112.777100 
112.786255 
112.796021 
112.806396 
112.816772 
112.827454 
112.837830 
112.848511 
112.858582 
112.868958 
112.879333 
112.889404 
112.900085 
112.910461 
112.920227 
112.929688 
112.940063 
112.949829 
112.959900 
112.971191 
112.981873 
112.992859 
113.002930 
113.013916 
113.023682 
113.033447 
113.043823 
113.053894 
113.063354 
113.073730 
113.083801 
113.093872 
113.104553 
113.114319 
113.124390 
113.135071 
113.145447 
113.155823 
113.165894 
113.175354 
113.184814 
113.194275 
113.204041 
113.215332 
113.225098 
113.235779 
113.246460 
113.256226 
113.266602 
113.277283 
113.287354 
113.297424 
113.307495 
113.317566 
113.328247 
113.337402 
113.346863 
113.356934 
113.367310 
113.377991 
113.389587 
113.400269 
113.410950 
113.421326 
113.430786 
113.441162 
113.450928 
113.460388 
113.470764 
113.480835 
113.490601 
113.500671 
113.511047 
113.521118 
113.532104 
113.541870 
113.552551 
113.563232 
113.572998 
113.582764 
113.591919 
113.601379 
113.611450 
113.621521 
113.632507 
113.642273 
113.652954 
113.663635 
113.673706 
113.684387 
113.694458 
113.705139 
113.714905 
113.725281 
113.735046 
113.744507 
113.754578 
113.764648 
113.774719 
113.785400 
113.796082 
113.807068 
113.817749 
113.828430 
113.838806 
113.848572 
113.858032 
113.868713 
113.878479 
113.888245 
113.898315 
113.908691 
113.918457 
113.929138 
113.939209 
113.949585 
113.959961 
113.970337 
113.980408 
113.989868 
113.999939 
114.009399 
114.019165 
114.029541 
114.039917 
114.049988 
114.060669 
114.071045 
114.081421 
114.091492 
114.101257 
114.111633 
114.122009 
114.131775 
114.141541 
114.151001 
114.159546 
114.167175 
114.175110 
114.182739 
114.189148 
114.195862 
114.200439 
114.205933 
114.209290 
114.212646 
114.215698 
114.218445 
114.220276 
114.222412 
114.224548 
114.226379 
114.227905 
114.228821 
114.230042 
114.230957 
114.231873 
114.233093 
114.233093 
114.232788 
114.232178 
114.230957 
114.231262 
114.231567 
114.231262 
114.231262 
114.231262 
114.231262 
114.230957 
114.230347 
114.230347 
114.230042 
114.229431 
114.228821 
114.228516 
114.226990 
114.226379 
114.225769 
114.224854 
114.225464 
114.225769 
114.225769 
114.225769 
114.225464 
114.225464 
114.223938 
114.223938 
114.222717 
114.222107 
114.221802 
114.221191 
114.220581 
114.220276 
114.220886 
114.220276 
114.220276 
114.220276 
114.220276 
114.219971 
114.219055 
114.218140 
114.217224 
114.216614 
114.216919 
114.217224 
114.216614 
114.217224 
114.217529 
114.217529 
114.217529 
114.216919 
114.216919 
114.216919 
114.216919 
114.216919 
114.216614 
114.216309 
114.215698 
114.215393 
114.216003 
114.217224 
114.217834 
114.218140 
114.217834 
114.218140 
114.217529 
114.217529 
114.217224 
114.217224 
114.217529 
114.217224 
114.217224 
114.216919 
114.217224 
114.217529 
114.217529 
114.217834 
114.218445 
114.218445 
114.217834 
114.216919 
114.216309 
114.216309 
114.216919 
114.216919 
114.217224 
114.216919 
114.217529 
114.217834 
114.218140 
114.217529 
114.217834 
114.218140 
114.218140 
114.217224 
114.217834 
114.217529 
114.216919 
114.216614 
114.217529 
114.218140 
114.219055 
114.219360 
114.219666 
114.219971 
114.219666 
114.219055 
114.218445 
114.218750 
114.218445 
114.218140 
114.218750 
114.218445 
114.218750 
114.218750 
114.218750 
114.219360 
114.219055 
114.219360 
114.218750 
114.217834 
114.217224 
114.216919 
114.216919 
114.216614 
114.216919 
114.216919 
114.217529 
114.217529 
114.217529 
114.217529 
114.217224 
114.216919 
114.216919 
114.216919 
114.216614 
114.216003 
114.215393 
114.215393 
114.215698 
114.216614 
114.217529 
114.217529 
114.217529 
114.217529 
114.217224 
114.216614 
114.216614 
114.216309 
114.216309 
114.216003 
114.216309 
114.215698 
114.216309 
114.216309 
114.216614 
114.216003 
114.216919 
114.216614 
114.216309 
114.215393 
114.214478 
114.214478 
114.214478 
114.214783 
114.214783 
114.215088 
114.215088 
114.215698 
114.215393 
114.215393 
114.215393 
114.215698 
114.215393 
114.215393 
114.215088 
114.215088 
114.214783 
114.214783 
114.215393 
114.216309 
114.216919 
114.217224 
114.217529 
114.217224 
114.217529 
114.216614 
114.216614 
114.216614 
114.216309 
114.216919 
114.216614 
114.216919 
114.216919 
114.217529 
114.217529 
114.217834 
114.218140 
114.218445 
114.217834 
114.216614 
114.216309 
114.216309 
114.216614 
114.216614 
114.216919 
114.216919 
114.216919 
114.216919 
114.217529 
114.217224 
114.217529 
114.217529 
114.217529 
114.216919 
114.216614 
114.216614 
114.216309 
114.216309 
114.217224 
114.218140 
114.218140 
114.218750 
114.218750 
114.218445 
114.218445 
114.218445 
114.218445 
114.217529 
114.217529 
114.217224 
114.217224 
114.217834 
114.217834 
114.218140 
114.217834 
114.218140 
114.218750 
114.218140 
114.217834 
114.216309 
114.215698 
114.216003 
114.215698 
114.215698 
114.216003 
114.216614 
114.216309 
114.216614 
114.216614 
114.216003 
114.216614 
114.216309 
114.215698 
114.215698 
114.215393 
114.215393 
114.214783 
114.214478 
114.215088 
114.216003 
114.216614 
114.216919 
114.216614 
114.216614 
114.216309 
114.215698 
114.216003 
114.216003 
114.215393 
114.216003 
114.215393 
114.215698 
114.216003 
114.215698 
114.216003 
114.215698 
114.216614 
114.216309 
114.216003 
114.215088 
114.214172 
114.214478 
114.214478 
114.214783 
114.215088 
114.214783 
114.215393 
114.215698 
114.215393 
114.214783 
114.215393 
114.216003 
114.215393 
114.215393 
114.214783 
114.215088 
114.214478 
114.214478 
114.215088 
114.216309 
114.216919 
114.216919 
114.217224 
114.216919 
114.216919 
114.216614 
114.216003 
114.216309 
114.216309 
114.216614 
114.216309 
114.216309 
114.216309 
114.217224 
114.216919 
114.217529 
114.217834 
114.217834 
114.217529 
114.216614 
114.215698 
114.215698 
114.216003 
114.216003 
114.216614 
114.216614 
114.216614 
114.217224 
114.217224 
114.216919 
114.216919 
114.217224 
114.216919 
114.216614 
114.216309 
114.216309 
114.215393 
114.215698 
114.216309 
114.217529 
114.217529 
114.218140 
114.218140 
114.217834 
114.217529 
114.217529 
114.217224 
114.216614 
114.217224 
114.216614 
114.216614 
114.216919 
114.216919 
114.216919 
114.217224 
114.217224 
114.217834 
114.217529 
114.216919 
114.216309 
114.215393 
114.215088 
114.216003 
114.215698 
114.215698 
114.216003 
114.215698 
114.216003 
114.216309 
114.216003 
114.215698 
114.216003 
114.215393 
114.215698 
114.215088 
114.214783 
114.214172 
114.214478 
114.215088 
114.216003 
114.216309 
114.216614 
114.216614 
114.216309 
114.216309 
114.216309 
114.215393 
114.215698 
114.215698 
114.215698 
114.216003 
114.215393 
114.216309 
114.216003 
114.216003 
114.216919 
114.216614 
114.216309 
114.215698 
114.215088 
114.214783 
114.214783 
114.214783 
114.214783 
114.215088 
114.215088 
114.215393 
114.215393 
114.215698 
114.216003 
114.215698 
114.215698 
114.215393 
114.215393 
114.215393 
114.215088 
114.214783 
114.214783 
114.215393 
114.216614 
114.217224 
114.217529 
114.216919 
114.216919 
114.216919 
114.216614 
114.216919 
114.216309 
114.216309 
114.216309 
114.216614 
114.216614 
114.216614 
114.217224 
114.217224 
114.217224 
114.217529 
114.217529 
114.216614 
114.216003 
114.215393 
114.215698 
114.215698 
114.215698 
114.216003 
114.216309 
114.216309 
114.216614 
114.216309 
114.216614 
114.216003 
114.216309 
114.216614 
114.216309 
114.216003 
114.215698 
114.215088 
114.215393 
114.216003 
114.216614 
114.217529 
114.217529 
114.217224 
114.216919 
114.216919 
114.216614 
114.216309 
114.216309 
114.216614 
114.216309 
114.216309 
114.216614 
114.216614 
114.216309 
114.216919 
114.216614 
114.216919 
114.217224 
114.216309 
114.215698 
114.214783 
114.214783 
114.215088 
114.215088 
114.215088 
114.215393 
114.215698 
114.215698 
114.215393 
114.215393 
114.215698 
114.215393 
114.215393 
114.215088 
114.214478 
114.214172 
114.214172 
114.214783 
114.215088 
114.215698 
114.216614 
114.216614 
114.216919 
114.216614 
114.216309 
114.215698 
114.215698 
114.216003 
114.216003 
114.215698 
114.215698 
114.215698 
114.216003 
114.216309 
114.216003 
114.216614 
114.216614 
114.216614 
114.216309 
114.215393 
114.215088 
114.214478 
114.214783 
114.215088 
114.215088 
114.215698 
114.215698 
114.216309 
114.215698 
114.216309 
114.216003 
114.216003 
114.216309 
114.216003 
114.215698 
114.215393 
114.215088 
114.214783 
114.215393 
114.216614 
114.216919 
114.217224 
114.217529 
114.217834 
114.217224 
114.216309 
114.216614 
114.216614 
114.216309 
114.216614 
114.216309 
114.216919 
114.216919 
114.216614 
114.216919 
114.216919 
114.217224 
114.217529 
114.216919 
114.216003 
114.215393 
114.215393 
114.215698 
114.215088 
114.215698 
114.216003 
114.216309 
114.216309 
114.216309 
114.216309 
114.216309 
114.216309 
114.216003 
114.216309 
114.215698 
114.215088 
114.215088 
114.214783 
114.215393 
114.216003 
114.216919 
114.217224 
114.217224 
114.217224 
114.216614 
114.216309 
114.216003 
114.216003 
114.216003 
114.216309 
114.216003 
114.215698 
114.216003 
114.216309 
114.216309 
114.216309 
114.216919 
114.216309 
114.216614 
114.215088 
114.214478 
114.214478 
114.214478 
114.214783 
114.214783 
114.214783 
114.214783 
114.215393 
114.215393 
114.215393 
114.215393 
114.215698 
114.215088 
114.215088 
114.214783 
114.214478 
114.214172 
114.214478 
114.214783 
114.215698 
114.216614 
114.216614 
114.216919 
114.216614 
114.216309 
114.216309 
114.216003 
114.215698 
114.216003 
114.216003 
114.215698 
114.216309 
114.216003 
114.216309 
114.216919 
114.216309 
114.216614 
114.217224 
114.216309 
114.215088 
114.214478 
114.214478 
114.215393 
114.215088 
114.215088 
114.215698 
114.215698 
114.216003 
114.216003 
114.215393 
114.216309 
114.216003 
114.215698 
114.216003 
114.215698 
114.215088 
114.214783 
114.215088 
114.215088 
114.216614 
114.216919 
114.217224 
114.217529 
114.217834 
114.217224 
114.216919 
114.216919 
114.216309 
114.216614 
114.216614 
114.216309 
114.216614 
114.216614 
114.216309 
114.216919 
114.216614 
114.217224 
114.216614 
114.216309 
114.215698 
114.214783 
114.215088 
114.215088 
114.215088 
114.215698 
114.215698 
114.216003 
114.215698 
114.216003 
114.215698 
114.215393 
114.216003 
114.215393 
114.215698 
114.215393 
114.214783 
114.214783 
114.214478 
114.215088 
114.215698 
114.216614 
114.216614 
114.216919 
114.216919 
114.216919 
114.216309 
114.216003 
114.216003 
114.216003 
114.216003 
114.216003 
114.216003 
114.216614 
114.216309 
114.216309 
114.216614 
114.216614 
114.216614 
114.216003 
114.214783 
114.214478 
114.213867 
114.214478 
114.215088 
114.215088 
114.215088 
114.215393 
114.215393 
114.215393 
114.215393 
114.215393 
114.215393 
114.215088 
114.215088 
114.214783 
114.214783 
114.214478 
114.214478 
114.215088 
114.216003 
114.216614 
114.216614 
114.217224 
114.216919 
114.216614 
114.216614 
114.216309 
114.215698 
114.216003 
114.216003 
114.216003 
114.216309 
114.216614 
114.216003 
114.216309 
114.216919 
114.216919 
114.216919 
114.216309 
114.215698 
114.215088 
114.214783 
114.215393 
114.214783 
114.215393 
114.215698 
114.215698 
114.215393 
114.216309 
114.216003 
114.216003 
114.216003 
114.215393 
114.216003 
114.215393 
114.215088 
114.214783 
114.214783 
114.215698 
114.216003 
114.216614 
114.217529 
114.217224 
114.217224 
114.216614 
114.216309 
114.216003 
114.216614 
114.216919 
114.216003 
114.216614 
114.216003 
114.216614 
114.216614 
114.216614 
114.216919 
114.217224 
114.216614 
114.216309 
114.215088 
114.215088 
114.214478 
114.215088 
114.215088 
114.215088 
114.215393 
114.215698 
114.216003 
114.215698 
114.215698 
114.215698 
114.215698 
114.216003 
114.215393 
114.215393 
114.214783 
114.214783 
114.214783 
114.214783 
114.216003 
114.216919 
114.216614 
114.216919 
114.216614 
114.216919 
114.216309 
114.216003 
114.215698 
114.216309 
114.216309 
114.215698 
114.215698 
114.216309 
114.216003 
114.216003 
114.216614 
114.216614 
114.216309 
114.216309 
114.215088 
114.214478 
114.214172 
114.214783 
114.214783 
114.215088 
114.215393 
114.215393 
114.215393 
114.216003 
114.215393 
114.215393 
114.215393 
114.215698 
114.215088 
114.214783 
114.214783 
114.214478 
114.214478 
114.215393 
114.215698 
114.216309 
114.216919 
114.216919 
114.217224 
114.216614 
114.216309 
114.216614 
114.215698 
114.216003 
114.216003 
114.216309 
114.216003 
114.216309 
114.216309 
114.216309 
114.216309 
114.216919 
114.216919 
114.216003 
114.214783 
114.215088 
114.214172 
114.215088 
114.215393 
114.215393 
114.215698 
114.216003 
114.215698 
114.216003 
114.215698 
114.215698 
114.216309 
114.215393 
114.215393 
114.214783 
114.214783 
114.214783 
114.215088 
114.215393 
114.215698 
114.216309 
114.216614 
114.217224 
114.216919 
114.216614 
114.216309 
114.216614 
114.216309 
114.216003 
114.216309 
114.216003 
114.216309 
114.216003 
114.216309 
114.216614 
114.216919 
114.217224 
114.216614 
114.216003 
114.215393 
114.214478 
114.214783 
114.214783 
114.214783 
114.215393 
114.215088 
114.215698 
114.216003 
114.216003 
114.215393 
114.215393 
114.215698 
114.215698 
114.215393 
114.215088 
114.215088 
114.214172 
114.214783 
114.215393 
114.216003 
114.217224 
114.216614 
114.216919 
114.217224 
114.216309 
114.216614 
114.216003 
114.215698 
114.216003 
114.215698 
114.215393 
114.216309 
114.216309 
114.216309 
114.216614 
114.216309 
114.216919 
114.216614 
114.216309 
114.215393 
114.214478 
114.214478 
114.214783 
114.214783 
114.215088 
114.215393 
114.215088 
114.215698 
114.215698 
114.215088 
114.215698 
114.215698 
114.215698 
114.215393 
114.214783 
114.214783 
114.214783 
114.214478 
114.215393 
114.215698 
114.216614 
114.217224 
114.217224 
114.216919 
114.216614 
114.216614 
114.216309 
114.216003 
114.216309 
114.216309 
114.215698 
114.216309 
114.216309 
114.216003 
114.216614 
114.216614 
114.216919 
114.217529 
114.216614 
114.216003 
114.215088 
114.214783 
114.214783 
114.215393 
114.215393 
114.215393 
114.215698 
114.216003 
114.216003 
114.216003 
114.215698 
114.216003 
114.215393 
114.215393 
114.215088 
114.214783 
114.214478 
114.214783 
114.215393 
114.216309 
114.216614 
114.216614 
114.216919 
114.216614 
114.216614 
114.216614 
114.216003 
114.216003 
114.216309 
114.215698 
114.216003 
114.215698 
114.216003 
114.216614 
114.216309 
114.216309 
114.217224 
114.216919 
114.216309 
114.215393 
114.214783 
114.214478 
114.215088 
114.214783 
114.215088 
114.215393 
114.215698 
114.215698 
114.215393 
114.215393 
114.215698 
114.215393 
114.215393 
114.215088 
114.214783 
114.214783 
114.214172 
114.214478 
114.215088 
114.215698 
114.216309 
114.216614 
114.216919 
114.216614 
114.216309 
114.216003 
114.216309 
114.215698 
114.216003 
114.216309 
114.215698 
114.215393 
114.216309 
114.216003 
114.216309 
114.216614 
114.216919 
114.216614 
114.216003 
114.215698 
114.214783 
114.214478 
114.214783 
114.215088 
114.215393 
114.215698 
114.215393 
114.216003 
114.215698 
114.215698 
114.215698 
114.215698 
114.215393 
114.216003 
114.214783 
114.214478 
114.214478 
114.214172 
114.215088 
114.216309 
114.216919 
114.216919 
114.217224 
114.217224 
114.216309 
114.216614 
114.216309 
114.216003 
114.216309 
114.216309 
114.216309 
114.216003 
114.216309 
114.216309 
114.216309 
114.216614 
114.216919 
114.216919 
114.216309 
114.215393 
114.214783 
114.214783 
114.215088 
114.215393 
114.215088 
114.215393 
114.215698 
114.215698 
114.216003 
114.215698 
114.215698 
114.216309 
114.215698 
114.215698 
114.215698 
114.215088 
114.214478 
114.214783 
114.215393 
114.216003 
114.216614 
114.216919 
114.216919 
114.216614 
114.216614 
114.216309 
114.215698 
114.216003 
114.216003 
114.216309 
114.215698 
114.216309 
114.215698 
114.216309 
114.216003 
114.216003 
114.216919 
114.216919 
114.216309 
114.215698 
114.214478 
114.214478 
114.214783 
114.214783 
114.215393 
114.215088 
114.215393 
114.215393 
114.215698 
114.215088 
114.215698 
114.215393 
114.215088 
114.215088 
114.214783 
114.214783 
114.214478 
114.214783 
114.215393 
114.216003 
114.216614 
114.217224 
114.216919 
114.216919 
114.216309 
114.215698 
114.216309 
114.215698 
114.216003 
114.216003 
114.215698 
114.216003 
114.216309 
114.216003 
114.216309 
114.216614 
114.216919 
114.216919 
114.216309 
114.215088 
114.215088 
114.214478 
114.215393 
114.215088 
114.214783 
114.215393 
114.215393 
114.215698 
114.215698 
114.215698 
114.215393 
114.216003 
114.215393 
114.215393 
114.214783 
114.214783 
114.214783 
114.214783 
114.215088 
114.216003 
114.216919 
114.216919 
114.217224 
114.216309 
114.216614 
114.216309 
114.216309 
114.216003 
114.216003 
114.216003 
114.216309 
114.216309 
114.216309 
114.216614 
114.216309 
114.216614 
114.216614 
114.216919 
114.216614 
114.214783 
114.214783 
114.214783 
114.214478 
114.215088 
114.215088 
114.215393 
114.215393 
114.215698 
114.215393 
114.215698 
114.215698 
114.215393 
114.215698 
114.215393 
114.214783 
114.214783 
114.214478 
114.214478 
114.214783 
114.216003 
114.216614 
114.216919 
114.217224 
114.216614 
114.216309 
114.216003 
114.216003 
114.216003 
114.216003 
114.215698 
114.216003 
114.216309 
114.216003 
114.216003 
114.216309 
114.216614 
114.216919 
114.216614 
114.216309 
114.215088 
114.214783 
114.214783 
114.215088 
114.215088 
114.215088 
114.215393 
114.215698 
114.215698 
114.215393 
114.215393 
114.215393 
114.215393 
114.215698 
114.215698 
114.215088 
114.214478 
114.214172 
114.214478 
114.215088 
114.216003 
114.216919 
114.216614 
114.216614 
114.216919 
114.216309 
114.216309 
114.216003 
114.215698 
114.216003 
114.216003 
114.216003 
114.216309 
114.216003 
114.216309 
114.216614 
114.216309 
114.217224 
114.216919 
114.216309 
114.215698 
114.215088 
114.214783 
114.215088 
114.215393 
114.215393 
114.215393 
114.215698 
114.216003 
114.215393 
114.215698 
114.216003 
114.216003 
114.215698 
114.215698 
114.215088 
114.215088 
114.214478 
114.214478 
114.215393 
114.216309 
114.216614 
114.216614 
114.216919 
114.216614 
114.216309 
114.216309 
114.216003 
114.215393 
114.216309 
114.216003 
114.216003 
114.215698 
114.216003 
114.216003 
114.216003 
114.216614 
114.216614 
114.216614 
114.216309 
114.215393 
114.214783 
114.214478 
114.215088 
114.215088 
114.215088 
114.215393 
114.215698 
114.215393 
114.216003 
114.215698 
114.215698 
114.216003 
114.215393 
114.215393 
114.214783 
114.214478 
114.214478 
114.214783 
114.215088 
114.216003 
114.216614 
114.216614 
114.217224 
114.216614 
114.216309 
114.216309 
114.216003 
114.215698 
114.216003 
114.215698 
114.216003 
114.216003 
114.216309 
114.216309 
114.216003 
114.216309 
114.216614 
114.216614 
114.216003 
114.215393 
114.214478 
114.214172 
114.214783 
114.214783 
114.215393 
114.215088 
114.215393 
114.215698 
114.215698 
114.215698 
114.215393 
114.215698 
114.215393 
114.215698 
114.215088 
114.215088 
114.214172 
114.214478 
114.215393 
114.216309 
114.216614 
114.217224 
114.216919 
114.217224 
114.216309 
114.216309 
114.216003 
114.215393 
114.216003 
114.216309 
114.216003 
114.216003 
114.216309 
114.216003 
114.216614 
114.216614 
114.216919 
114.217224 
114.216003 
114.215088 
114.214478 
114.214783 
114.215088 
114.215393 
114.214783 
114.215698 
114.216003 
114.215698 
114.215698 
114.215698 
114.215393 
114.216003 
114.215393 
114.215393 
114.215393 
114.214783 
114.214783 
114.214478 
114.215698 
114.216309 
114.216309 
114.216919 
114.216614 
114.216919 
114.216309 
114.216614 
114.216003 
114.216003 
114.215698 
114.216003 
114.216309 
114.215698 
114.216309 
114.216003 
114.216309 
114.216309 
114.216614 
114.216919 
114.216309 
114.215088 
114.214783 
114.214478 
114.214783 
114.215088 
114.215088 
114.215088 
114.216003 
114.215698 
114.215393 
114.215393 
114.215698 
114.215698 
114.215698 
114.215088 
114.215088 
114.215088 
114.214783 
114.214783 
114.215088 
114.216003 
114.216614 
114.216919 
114.217224 
114.216919 
114.216309 
114.216614 
114.216309 
114.215698 
114.216003 
114.216003 
114.216003 
114.216003 
114.216003 
114.216309 
114.216309 
114.216919 
114.217224 
114.216919 
114.216309 
114.215088 
114.214478 
114.214783 
114.215088 
114.215088 
114.215088 
114.215698 
114.215698 
114.216003 
114.215698 
114.215698 
114.215698 
114.215698 
114.215698 
114.215698 
114.215393 
114.214783 
114.214783 
114.214783 
114.215088 
114.216309 
114.216614 
114.216614 
114.216919 
114.216919 
114.216309 
114.216309 
114.216003 
114.215698 
114.216309 
114.216003 
114.216309 
114.216003 
114.216003 
114.216614 
114.216614 
114.216614 
114.216614 
114.216614 
114.216309 
114.215088 
114.214783 
114.214783 
114.215088 
114.215088 
114.214783 
114.215393 
114.215393 
114.216003 
114.215698 
114.215698 
114.216003 
114.215698 
114.215698 
114.215698 
114.215393 
114.214783 
114.214783 
114.214478 
114.214783 
114.216003 
114.216919 
114.216614 
114.217224 
114.217224 
114.216309 
114.216003 
114.216003 
114.216003 
114.216003 
114.216003 
114.215393 
114.216003 
114.216003 
114.216309 
114.216309 
114.216614 
114.216614 
114.216919 
114.216309 
114.215393 
114.214172 
114.214478 
114.215088 
114.215088 
114.215088 
114.215393 
114.215698 
114.216003 
114.216003 
114.215698 
114.215393 
114.216309 
114.215698 
114.215393 
114.215393 
114.214783 
114.214172 
114.214783 
114.215088 
114.215698 
114.216614 
114.216614 
114.216614 
114.216309 
114.216919 
114.216003 
114.216309 
114.215698 
114.216003 
114.216003 
114.215698 
114.215698 
114.216309 
114.216003 
114.216003 
114.216614 
114.216614 
114.216919 
114.216003 
114.215393 
114.214478 
114.214478 
114.214478 
114.215088 
114.214783 
114.215393 
114.215698 
114.215393 
114.215698 
114.215698 
114.215393 
114.215698 
114.215393 
114.215393 
114.215393 
114.215393 
114.214478 
114.215088 
114.215393 
114.215698 
114.216309 
114.216919 
114.217224 
114.216919 
114.216919 
114.216614 
114.216003 
114.216003 
114.216309 
114.216003 
114.216003 
114.216003 
114.216614 
114.216309 
114.216003 
114.216919 
114.216919 
114.216919 
114.216309 
114.215698 
114.214783 
114.214478 
114.215088 
114.214478 
114.215088 
114.215088 
114.215698 
114.215698 
114.215698 
114.215698 
114.216003 
114.215698 
114.215088 
114.215393 
114.215088 
114.214783 
114.214783 
114.214783 
114.215393 
114.216003 
114.216919 
114.216919 
114.216919 
114.216614 
114.216614 
114.216614 
114.216003 
114.216003 
114.216003 
114.216309 
114.215698 
114.216309 
114.216003 
114.216003 
114.216614 
114.216919 
114.217224 
114.216614 
114.216309 
114.215393 
114.214478 
114.214783 
114.215088 
114.214478 
114.215393 
114.215088 
114.215393 
114.216003 
114.215393 
114.215698 
114.215393 
114.215393 
114.215698 
114.215393 
114.214783 
114.214783 
114.214478 
114.214172 
114.214783 
114.216003 
114.216309 
114.216919 
114.216614 
114.216309 
114.216614 
114.216309 
114.216003 
114.216003 
114.216003 
114.216309 
114.216003 
114.216003 
114.216003 
114.216003 
114.216309 
114.216919 
114.217224 
114.216919 
114.216309 
114.215393 
114.214783 
114.214172 
114.214783 
114.215088 
114.215698 
114.215393 
114.215698 
114.215698 
114.215393 
114.215393 
114.215393 
114.215698 
114.215698 
114.215393 
114.215393 
114.214783 
114.214172 
114.214783 
114.215088 
114.216003 
114.216614 
114.216919 
114.217224 
114.216919 
114.216309 
114.216614 
114.216309 
114.216003 
114.216003 
114.216309 
114.216003 
114.216003 
114.216003 
114.216309 
114.216003 
114.216614 
114.216614 
114.216919 
114.216309 
114.215393 
114.214783 
114.214478 
114.215393 
114.214783 
114.215088 
114.215393 
114.215393 
114.215393 
114.215393 
114.215698 
114.215393 
114.215698 
114.215393 
114.215698 
114.215088 
114.214478 
114.214478 
114.214172 
114.214783 
114.216003 
114.216309 
114.216919 
114.216614 
114.216614 
114.216309 
114.216003 
114.216003 
114.216309 
114.215698 
114.216003 
114.216003 
114.215698 
114.216003 
114.216003 
114.216309 
114.216309 
114.216309 
114.216919 
114.216003 
114.215088 
114.215088 
114.214783 
114.215088 
114.215088 
114.215088 
114.215393 
114.215393 
114.215393 
114.216003 
114.215393 
114.215393 
114.215698 
114.215698 
114.215393 
114.215088 
114.215088 
114.214478 
114.214172 
114.214783 
114.215698 
114.216919 
114.216614 
114.216919 
114.216919 
114.216309 
114.216614 
114.216003 
114.216309 
114.216309 
114.216309 
114.215698 
114.216003 
114.216309 
114.216309 
114.216614 
114.216614 
114.216614 
114.216614 
114.216919 
114.215393 
114.214783 
114.214478 
114.214783 
114.215393 
114.215088 
114.215393 
114.215698 
114.215698 
114.215698 
114.215393 
114.215698 
114.215698 
114.215698 
114.215393 
114.215393 
114.214783 
114.214478 
114.214783 
114.215393 
114.216003 
114.216614 
114.216919 
114.217224 
114.216919 
114.216614 
114.216003 
114.216309 
114.215698 
114.215698 
114.216309 
114.215698 
114.216003 
114.216003 
114.216309 
114.216003 
114.216309 
114.216919 
114.216919 
114.216309 
114.215393 
114.215088 
114.214172 
114.214783 
114.215393 
114.215393 
114.215088 
114.215393 
114.216003 
114.215698 
114.215393 
114.215698 
114.215698 
114.215393 
114.215393 
114.215393 
114.214478 
114.214172 
114.214172 
114.215088 
114.216003 
114.216309 
114.216309 
114.217224 
114.216919 
114.216309 
114.216309 
114.216003 
114.215698 
114.216003 
114.216003 
114.215698 
114.216003 
114.215698 
114.216309 
114.216614 
114.216309 
114.216919 
114.216614 
114.216003 
114.215698 
114.214478 
114.214783 
114.214783 
114.215088 
114.215393 
114.215393 
114.215393 
114.215698 
114.215698 
114.215393 
114.215698 
114.215393 
114.215393 
114.215088 
114.214172 
114.212952 
114.210815 
114.208069 
114.205322 
114.202271 
114.198914 
114.193726 
114.188538 
114.182739 
114.176331 
114.169006 
114.161987 
114.154358 
114.145813 
114.138184 
114.129639 
114.121094 
114.112244 
114.102478 
114.093323 
114.083557 
114.073486 
114.063416 
114.052734 
114.041138 
114.029236 
114.018250 
114.007568 
113.996582 
113.985291 
113.974304 
113.963623 
113.952026 
113.941040 
113.929749 
113.918457 
113.907166 
113.895874 
113.884583 
113.873596 
113.862000 
113.850708 
113.839722 
113.828735 
113.818054 
113.808289 
113.797607 
113.786926 
113.775330 
113.764648 
113.753662 
113.742371 
113.731079 
113.720398 
113.709412 
113.698425 
113.688354 
113.677368 
113.666992 
113.656006 
113.646240 
113.636169 
113.625793 
113.614502 
113.603516 
113.591919 
113.581543 
113.571472 
113.560791 
113.550720 
113.540649 
113.530884 
113.520508 
113.509827 
113.499451 
113.489380 
113.479004 
113.468323 
113.458252 
113.447876 
113.437195 
113.426514 
113.416138 
113.406677 
113.396912 
113.387451 
113.377380 
113.367310 
113.356934 
113.345947 
113.335876 
113.325195 
113.314819 
113.304749 
113.293762 
113.283386 
113.273621 
113.263550 
113.252869 
113.243103 
113.233032 
113.222961 
113.213501 
113.201599 
113.190918 
113.179626 
113.169250 
113.158875 
113.148804 
113.138428 
113.128662 
113.118896 
113.108215 
113.098145 
113.088074 
113.077393 
113.067322 
113.056335 
113.045654 
113.034668 
113.024292 
113.013306 
113.002930 
112.993164 
112.983398 
112.973938 
112.963867 
112.953796 
112.943420 
112.932739 
112.921753 
112.910767 
112.900391 
112.889404 
112.879028 
112.868652 
112.858276 
112.847900 
112.837830 
112.827148 
112.817383 
112.807617 
112.796936 
112.786255 
112.774963 
112.763977 
112.753296 
112.743225 
112.732544 
112.722778 
112.712097 
112.702026 
112.692261 
112.681885 
112.671509 
112.661743 
112.651062 
112.640991 
112.630310 
112.619629 
112.609253 
112.598572 
112.587891 
112.578125 
112.568359 
112.558899 
112.548828 
112.538452 
112.528687 
112.518311 
112.507324 
112.497253 
112.486267 
112.475891 
112.465515 
112.455139 
112.444763 
112.434998 
112.424011 
112.413940 
112.403870 
112.393799 
112.383728 
112.373047 
112.361450 
112.351074 
112.340088 
112.330017 
112.319641 
112.309570 
112.299500 
112.290039 
112.279663 
112.269287 
112.258911 
112.248840 
112.238464 
112.227783 
112.217712 
112.207031 
112.196350 
112.185669 
112.175293 
112.164917 
112.156372 
112.146301 
112.136536 
112.126465 
112.116394 
112.105103 
112.094727 
112.084045 
112.073364 
112.063293 
112.052307 
112.042236 
112.031860 
112.021179 
112.011414 
112.001343 
111.991272 
111.981506 
111.971130 
111.960144 
111.948853 
111.937866 
111.927490 
111.917114 
111.907043 
111.896667 
111.886902 
111.876526 
111.867065 
111.856995 
111.846619 
111.836548 
111.825867 
111.815491 
111.805420 
111.794128 
111.784058 
111.773071 
111.762695 
111.752930 
111.744080 
111.734009 
111.724243 
111.714172 
111.704102 
111.693420 
111.682739 
111.672058 
111.661682 
111.651306 
111.640320 
111.630249 
111.620178 
111.609802 
111.599731 
111.589661 
111.579590 
111.569214 
111.559448 
111.548462 
111.537170 
111.526489 
111.515503 
111.505737 
111.495361 
111.484985 
111.474915 
111.464539 
111.454468 
111.445007 
111.434326 
111.423950 
111.414185 
111.403503 
111.393127 
111.382446 
111.372070 
111.361389 
111.351013 
111.340942 
111.331482 
111.321716 
111.311646 
111.301880 
111.291504 
111.281128 
111.270447 
111.259460 
111.249084 
111.238708 
111.228333 
111.218262 
111.207886 
111.197510 
111.187439 
111.177368 
111.166687 
111.156616 
111.146545 
111.135864 
111.125183 
111.113892 
111.103821 
111.093140 
111.082764 
111.072693 
111.063232 
111.052551 
111.042786 
111.032715 
111.022644 
111.012573 
111.001587 
110.991516 
110.981445 
110.970459 
110.959778 
110.949402 
110.939331 
110.929565 
110.920105 
110.910339 
110.900574 
110.890808 
110.880127 
110.869751 
110.859070 
110.848999 
110.838013 
110.827637 
110.817261 
110.806885 
110.796814 
110.786438 
110.776062 
110.765991 
110.755920 
110.746155 
110.735779 
110.724792 
110.714111 
110.702515 
110.691833 
110.682068 
110.671997 
110.661316 
110.651550 
110.641174 
110.631409 
110.621033 
110.610962 
110.600891 
110.591125 
110.580139 
110.569763 
110.559387 
110.548096 
110.537720 
110.527039 
110.517578 
110.507813 
110.498657 
110.488892 
110.478821 
110.468140 
110.458069 
110.447388 
110.436707 
110.425720 
110.415955 
110.405273 
110.394592 
110.384216 
110.374146 
110.364075 
110.354004 
110.344238 
110.334167 
110.324097 
110.312805 
110.301819 
110.291138 
110.280457 
110.270386 
110.260315 
110.250244 
110.240173 
110.229797 
110.220032 
110.209351 
110.199585 
110.189209 
110.179138 
110.168762 
110.158691 
110.148621 
110.139465 
110.131531 
110.124207 
110.118408 
110.114136 
110.111389 
110.107727 
110.106201 
110.103760 
110.102539 
110.101624 
110.100708 
110.099487 
110.099792 
110.099792 
110.099792 
110.100403 
110.100098 
110.100098 
110.100403 
110.101318 
110.101624 
110.101624 
110.101318 
110.101013 
110.100403 
110.100403 
110.101013 
110.101013 
110.101624 
110.102539 
110.102539 
110.103149 
110.103455 
110.104065 
110.104370 
110.104675 
110.104980 
110.104980 
110.104675 
110.104065 
110.104065 
110.104065 
110.104675 
110.105896 
110.106506 
110.107117 
110.107727 
110.107117 
110.107422 
110.106812 
110.106506 
110.106201 
110.106201 
110.106506 
110.106201 
110.106812 
110.106812 
110.106812 
110.106201 
110.107422 
110.107117 
110.107422 
110.106812 
110.105591 
110.105286 
110.104980 
110.105591 
110.105286 
110.105286 
110.106201 
110.106201 
110.106201 
110.106201 
110.106201 
110.105896 
110.105896 
110.106201 
110.105896 
110.105896 
110.105286 
110.104980 
110.105286 
110.105591 
110.106506 
110.107117 
110.107422 
110.107117 
110.107727 
110.107117 
110.106812 
110.107117 
110.106812 
110.106812 
110.107422 
