Blum, K. P., D’Incamps, B. L., Zytnicki, D., & Ting, L. H. (2017).
Force encoding in muscle spindles during stretch of
passive muscle. PLoS computational biology, 13(9), 
e1005767. <https://journals.plos.org/ploscompbiol/article?
id=10.1371/journal.pcbi.1005767>

cat medial gastrocnemius muscle lengths over t  (in 0.0005 s increments)
110.108643 
110.108643 
110.109863 
110.110779 
110.111389 
110.111084 
110.110779 
110.110474 
110.110779 
110.110168 
110.110474 
110.110474 
110.110168 
110.110474 
110.110168 
110.109863 
110.110474 
110.110474 
110.110474 
110.110779 
110.111389 
110.110779 
110.109863 
110.109558 
110.108643 
110.109253 
110.109253 
110.109558 
110.109253 
110.109558 
110.109558 
110.109558 
110.109558 
110.109558 
110.109863 
110.109863 
110.109558 
110.109253 
110.108948 
110.108948 
110.108032 
110.108643 
110.109558 
110.110168 
110.111084 
110.111084 
110.110779 
110.111084 
110.110474 
110.110474 
110.110168 
110.110168 
110.110474 
110.110474 
110.110168 
110.110168 
110.110168 
110.110474 
110.110168 
110.111389 
110.111389 
110.111084 
110.109863 
110.108948 
110.109253 
110.108948 
110.108948 
110.109253 
110.109863 
110.109558 
110.109558 
110.110168 
110.109558 
110.109558 
110.109863 
110.109863 
110.109253 
110.109558 
110.108948 
110.108948 
110.108643 
110.108948 
110.109558 
110.110474 
110.111084 
110.110779 
110.111084 
110.111084 
110.110779 
110.110168 
110.110474 
110.110168 
110.110474 
110.110168 
110.110168 
110.110168 
110.109863 
110.110168 
110.111084 
110.111084 
110.111389 
110.111084 
110.110474 
110.109253 
110.108643 
110.108948 
110.109253 
110.109558 
110.109558 
110.109863 
110.110168 
110.109863 
110.110168 
110.110168 
110.110474 
110.110779 
110.110779 
110.111084 
110.111389 
110.111694 
110.111694 
110.112915 
110.115051 
110.117798 
110.119629 
110.121460 
110.123291 
110.124512 
110.126648 
110.128784 
110.130310 
110.132446 
110.134888 
110.137329 
110.140076 
110.142822 
110.145569 
110.148926 
110.152893 
110.156250 
110.159912 
110.163269 
110.166016 
110.169067 
110.172424 
110.176086 
110.180664 
110.185547 
110.190430 
110.195618 
110.200500 
110.205383 
110.210876 
110.215759 
110.220947 
110.227051 
110.232239 
110.238037 
110.243530 
110.249329 
110.255432 
110.261841 
110.269470 
110.276794 
110.284119 
110.291443 
110.298157 
110.305176 
110.312195 
110.319519 
110.326538 
110.334473 
110.341797 
110.350037 
110.358582 
110.366516 
110.375977 
110.385132 
110.394592 
110.403748 
110.413818 
110.423279 
110.431824 
110.440674 
110.450439 
110.460205 
110.471191 
110.482178 
110.493469 
110.505066 
110.516663 
110.528564 
110.540771 
110.552673 
110.565186 
110.577087 
110.589600 
110.602112 
110.614624 
110.626831 
110.639343 
110.652466 
110.666504 
110.680237 
110.693665 
110.706482 
110.719604 
110.731812 
110.744629 
110.757141 
110.769043 
110.781555 
110.794678 
110.807495 
110.820007 
110.833435 
110.846863 
110.859375 
110.873718 
110.887451 
110.900574 
110.914001 
110.926819 
110.939331 
110.952759 
110.966797 
110.980835 
110.995178 
111.010742 
111.025085 
111.039734 
111.054382 
111.069031 
111.083984 
111.099243 
111.113586 
111.128540 
111.143188 
111.157227 
111.172180 
111.187134 
111.202393 
111.218262 
111.234741 
111.250305 
111.265564 
111.280823 
111.295776 
111.310425 
111.325684 
111.340637 
111.355591 
111.370544 
111.385498 
111.400757 
111.416321 
111.431580 
111.447144 
111.462708 
111.478271 
111.494446 
111.509094 
111.523743 
111.537781 
111.552734 
111.568298 
111.583862 
111.599426 
111.615295 
111.631165 
111.647034 
111.662903 
111.678467 
111.694641 
111.709900 
111.725769 
111.741028 
111.756287 
111.771545 
111.787109 
111.802063 
111.817932 
111.834717 
111.851196 
111.867065 
111.882935 
111.897888 
111.913147 
111.928711 
111.943970 
111.959229 
111.974487 
111.990356 
112.005615 
112.020874 
112.035828 
112.051086 
112.066956 
112.081299 
112.098083 
112.113953 
112.128296 
112.142334 
112.156982 
112.171631 
112.186890 
112.203064 
112.217712 
112.232361 
112.248535 
112.263184 
112.278748 
112.293701 
112.308655 
112.323608 
112.337952 
112.352600 
112.366638 
112.380981 
112.394409 
112.408752 
112.423401 
112.438660 
112.453918 
112.467957 
112.481995 
112.495422 
112.508240 
112.521362 
112.534180 
112.546997 
112.559814 
112.572937 
112.585449 
112.598267 
112.610474 
112.623291 
112.635498 
112.647705 
112.660217 
112.672424 
112.683411 
112.693787 
112.703857 
112.714844 
112.726135 
112.737427 
112.748718 
112.760010 
112.770386 
112.781372 
112.791748 
112.801819 
112.812195 
112.822266 
112.831726 
112.840881 
112.850647 
112.859802 
112.868347 
112.877502 
112.886658 
112.897339 
112.907410 
112.916565 
112.925110 
112.933350 
112.941589 
112.948914 
112.956543 
112.964783 
112.972717 
112.980042 
112.987366 
112.994385 
113.002014 
113.009338 
113.016663 
113.023682 
113.030701 
113.037720 
113.044128 
113.049316 
113.054810 
113.059998 
113.066406 
113.072205 
113.078308 
113.084412 
113.090210 
113.095398 
113.101501 
113.106384 
113.111572 
113.116455 
113.120728 
113.125305 
113.129578 
113.133545 
113.137512 
113.141479 
113.145752 
113.150635 
113.154907 
113.158875 
113.162231 
113.165588 
113.168640 
113.171387 
113.174133 
113.176880 
113.179626 
113.181763 
113.184509 
113.186035 
113.189392 
113.190918 
113.193359 
113.195496 
113.197327 
113.199158 
113.199768 
113.200073 
113.200684 
113.200989 
113.201904 
113.203125 
113.203735 
113.204651 
113.205261 
113.205872 
113.206482 
113.206482 
113.206787 
113.206482 
113.206787 
113.206787 
113.206482 
113.206177 
113.205261 
113.205261 
113.205872 
113.206787 
113.207397 
113.207397 
113.207703 
113.207092 
113.206787 
113.206177 
113.205566 
113.205261 
113.204956 
113.204346 
113.203735 
113.203735 
113.203125 
113.203125 
113.202820 
113.202820 
113.202820 
113.202515 
113.201904 
113.200684 
113.199463 
113.198242 
113.197937 
113.197937 
113.197937 
113.197937 
113.198242 
113.197327 
113.197327 
113.197327 
113.196716 
113.197327 
113.196411 
113.196106 
113.195801 
113.195496 
113.194275 
113.194580 
113.195190 
113.195496 
113.196716 
113.197327 
113.196716 
113.196106 
113.196411 
113.195801 
113.195496 
113.195496 
113.195801 
113.195190 
113.195496 
113.195190 
113.195801 
113.195801 
113.195801 
113.196106 
113.196716 
113.196716 
113.196411 
113.195496 
113.194275 
113.193970 
113.194275 
113.194580 
113.194885 
113.195190 
113.195190 
113.195801 
113.196411 
113.196106 
113.196106 
113.196411 
113.196716 
113.196716 
113.196716 
113.195801 
113.195801 
113.196106 
113.196411 
113.197937 
113.198853 
113.199768 
113.199768 
113.200378 
113.199768 
113.200073 
113.200073 
113.200073 
113.200378 
113.200378 
113.200378 
113.200378 
113.200684 
113.201294 
113.201294 
113.202209 
113.203125 
113.203125 
113.202820 
113.202515 
113.200989 
113.200684 
113.200989 
113.201599 
113.201599 
113.201904 
113.202209 
113.201904 
113.202515 
113.202515 
113.203125 
113.203125 
113.203125 
113.202515 
113.202820 
113.202515 
113.202209 
113.202515 
113.202820 
113.203430 
113.204346 
113.205261 
113.205261 
113.204956 
113.204651 
113.204651 
113.204346 
113.203735 
113.204041 
113.204041 
113.204346 
113.203735 
113.204041 
113.204346 
113.204346 
113.204651 
113.204651 
113.204956 
113.204346 
113.203430 
113.202515 
113.202209 
113.202209 
113.202209 
113.202209 
113.202515 
113.202820 
113.202515 
113.202515 
113.202515 
113.202515 
113.202209 
113.202209 
113.202209 
113.201599 
113.200989 
113.200378 
113.200684 
113.200378 
113.201599 
113.202209 
113.202209 
113.202209 
113.202209 
113.201599 
113.201294 
113.200989 
113.200073 
113.200684 
113.200073 
113.200073 
113.199463 
113.199768 
113.199768 
113.200073 
113.200378 
113.200684 
113.200378 
113.200073 
113.198853 
113.197632 
113.196716 
113.197021 
113.197327 
113.197327 
113.197327 
113.197021 
113.197632 
113.197632 
113.197327 
113.197632 
113.197327 
113.197021 
113.197021 
113.197021 
113.196411 
113.195496 
113.195801 
113.196106 
113.197021 
113.197937 
113.197632 
113.197937 
113.197327 
113.197327 
113.197632 
113.197021 
113.196716 
113.197021 
113.196716 
113.196411 
113.196716 
113.196716 
113.196716 
113.197327 
113.197327 
113.197632 
113.198242 
113.197021 
113.196411 
113.195496 
113.194885 
113.194885 
113.194885 
113.195496 
113.195801 
113.196411 
113.195801 
113.196106 
113.196106 
113.196106 
113.196106 
113.196106 
113.196106 
113.196106 
113.195496 
113.194885 
113.194885 
113.195801 
113.196411 
113.197632 
113.198242 
113.198242 
113.197632 
113.197937 
113.197937 
113.197327 
113.197632 
113.197327 
113.197632 
113.197632 
113.197632 
113.197632 
113.197327 
113.197937 
113.198853 
113.198853 
113.199158 
113.198853 
113.198242 
113.197327 
113.196716 
113.197021 
113.197327 
113.197632 
113.197937 
113.198242 
113.198547 
113.198853 
113.198853 
113.198853 
113.199158 
113.199463 
113.198853 
113.199158 
113.198853 
113.198242 
113.198547 
113.199158 
113.200073 
113.201294 
113.201599 
113.201599 
113.202209 
113.201294 
113.200989 
113.201294 
113.201294 
113.201599 
113.201294 
113.201294 
113.201294 
113.200989 
113.201294 
113.201904 
113.202515 
113.202515 
113.202820 
113.201904 
113.201599 
113.200378 
113.200073 
113.200073 
113.200684 
113.200684 
113.200989 
113.200989 
113.201599 
113.201294 
113.201294 
113.201294 
113.201599 
113.200989 
113.201294 
113.200989 
113.200989 
113.200378 
113.200378 
113.200684 
113.202209 
113.202820 
113.202515 
113.202515 
113.202515 
113.201904 
113.202209 
113.202209 
113.201904 
113.201599 
113.201599 
113.201294 
113.201294 
113.201294 
113.201599 
113.201904 
113.202209 
113.202209 
113.202515 
113.201904 
113.200684 
113.199463 
113.199463 
113.199158 
113.199158 
113.199768 
113.199158 
113.199158 
113.199768 
113.199463 
113.199158 
113.199768 
113.199158 
113.198853 
113.198853 
113.198547 
113.197937 
113.197327 
113.197021 
113.197327 
113.197937 
113.199158 
113.198853 
113.199158 
113.198853 
113.198547 
113.198242 
113.198242 
113.197327 
113.197632 
113.197327 
113.197327 
113.197327 
113.197632 
113.197327 
113.197327 
113.197937 
113.198242 
113.197937 
113.197327 
113.196716 
113.195190 
113.194580 
113.195190 
113.195190 
113.195496 
113.195801 
113.195496 
113.195496 
113.195801 
113.195801 
113.196106 
113.196106 
113.196106 
113.195190 
113.195496 
113.194885 
113.194275 
113.194580 
113.195190 
113.196411 
113.196716 
113.197632 
113.197021 
113.197021 
113.197021 
113.196411 
113.196411 
113.196411 
113.196716 
113.196716 
113.196716 
113.196716 
113.196411 
113.196716 
113.197021 
113.197632 
113.198242 
113.198242 
113.197327 
113.196411 
113.196411 
113.195496 
113.196411 
113.196411 
113.196411 
113.196716 
113.197327 
113.197327 
113.197632 
113.197327 
113.197327 
113.197937 
113.197937 
113.197632 
113.197937 
113.197327 
113.197021 
113.197327 
113.197632 
113.199158 
113.200073 
113.200073 
113.200073 
113.200378 
113.200073 
113.200378 
113.200073 
113.199768 
113.200073 
113.200378 
113.200073 
113.200073 
113.200378 
113.200378 
113.200684 
113.201294 
113.201294 
113.201599 
113.201294 
113.200684 
113.199463 
113.199158 
113.199463 
113.199463 
113.199768 
113.199768 
113.199768 
113.200378 
113.200378 
113.200073 
113.200073 
113.200378 
113.200684 
113.200073 
113.199768 
113.199463 
113.199158 
113.199158 
113.199768 
113.200684 
113.201599 
113.201599 
113.201904 
113.201294 
113.201599 
113.200989 
113.200989 
113.200989 
113.200684 
113.200378 
113.200378 
113.200684 
113.200378 
113.200684 
113.200684 
113.200989 
113.201904 
113.201294 
113.200684 
113.199768 
113.198853 
113.198242 
113.198853 
113.198547 
113.199158 
113.199158 
113.199158 
113.198853 
113.199158 
113.198853 
113.198853 
113.199158 
113.198547 
113.197937 
113.198242 
113.197937 
113.197327 
113.197327 
113.197632 
113.198547 
113.199463 
113.199768 
113.199768 
113.199463 
113.198853 
113.198547 
113.198547 
113.197937 
113.197937 
113.198242 
113.197632 
113.197937 
113.197937 
113.197937 
113.197632 
113.198242 
113.198547 
113.199158 
113.197937 
113.196716 
113.196106 
113.195496 
113.195801 
113.195801 
113.196106 
113.196106 
113.196411 
113.196716 
113.196716 
113.196411 
113.196716 
113.197021 
113.197021 
113.196106 
113.195801 
113.195801 
113.195190 
113.194885 
113.195801 
113.197021 
113.197327 
113.197632 
113.197632 
113.197327 
113.197632 
113.197021 
113.197021 
113.197021 
113.197021 
113.197327 
113.196716 
113.197327 
113.197021 
113.197327 
113.197327 
113.197937 
113.198547 
113.198547 
113.197632 
113.196411 
113.196411 
113.195801 
113.195496 
113.196411 
113.196411 
113.196411 
113.196716 
113.197327 
113.196716 
113.197327 
113.197327 
113.197021 
113.197327 
113.197021 
113.196411 
113.196716 
113.196716 
113.196106 
113.197327 
113.197937 
113.198853 
113.199158 
113.199158 
113.199158 
113.198853 
113.199158 
113.198547 
113.197937 
113.198547 
113.198242 
113.198547 
113.198242 
113.198242 
113.198853 
113.198853 
113.199768 
113.200073 
113.200378 
113.199158 
113.198853 
113.197937 
113.197632 
113.197632 
113.198547 
113.198242 
113.198853 
113.198853 
113.198853 
113.199158 
113.199463 
113.198853 
113.199158 
113.199158 
113.198547 
113.198547 
113.198242 
113.197632 
113.198547 
113.198853 
113.199768 
113.200684 
113.200989 
113.200989 
113.200989 
113.200378 
113.200684 
113.200684 
113.200073 
113.200378 
113.200378 
113.200073 
113.199768 
113.200378 
113.200378 
113.200073 
113.200989 
113.201294 
113.200989 
113.200378 
113.199158 
113.198853 
113.198242 
113.198853 
113.198853 
113.199158 
113.199158 
113.199463 
113.199158 
113.199463 
113.199463 
113.199158 
113.199463 
113.198853 
113.198547 
113.198242 
113.198242 
113.197327 
113.197632 
113.198547 
113.199158 
113.200073 
113.200073 
113.200073 
113.200073 
113.199768 
113.199158 
113.198853 
113.198853 
113.199158 
113.199158 
113.198547 
113.198547 
113.198547 
113.198853 
113.198853 
113.199158 
113.199768 
113.199158 
113.198853 
113.197632 
113.196411 
113.196716 
113.196716 
113.196411 
113.196716 
113.197021 
113.197021 
113.197327 
113.197021 
113.197021 
113.197021 
113.197327 
113.197327 
113.196716 
113.196411 
113.196106 
113.195190 
113.195496 
113.196106 
113.197327 
113.198242 
113.197937 
113.197327 
113.197632 
113.197327 
113.197632 
113.197327 
113.197021 
113.197021 
113.197327 
113.197021 
113.196716 
113.197327 
113.197632 
113.197327 
113.197937 
113.197937 
113.198242 
113.197632 
113.196411 
113.195801 
113.195496 
113.195801 
113.196106 
113.196411 
113.196106 
113.196716 
113.196411 
113.197021 
113.196716 
113.197021 
113.196716 
113.196716 
113.196716 
113.196411 
113.196106 
113.195801 
113.196106 
113.196411 
113.197327 
113.198242 
113.198547 
113.198242 
113.198547 
113.198242 
113.197937 
113.198242 
113.197327 
113.197632 
113.197937 
113.197632 
113.198242 
113.198547 
113.197937 
113.198853 
113.198853 
113.199463 
113.199463 
113.198547 
113.197327 
113.196716 
113.197021 
113.197021 
113.197327 
113.197937 
113.197632 
113.197937 
113.197937 
113.198242 
113.198242 
113.198547 
113.198242 
113.198242 
113.197937 
113.198242 
113.197021 
113.197327 
113.197327 
113.197937 
113.199158 
113.200073 
113.199768 
113.200073 
113.200073 
113.199768 
113.199463 
113.199158 
113.199158 
113.199158 
113.199158 
113.199463 
113.199158 
113.199768 
113.199158 
113.200073 
113.200073 
113.200073 
113.200073 
113.200073 
113.198853 
113.197937 
113.197937 
113.197937 
113.198242 
113.198547 
113.198547 
113.198242 
113.198547 
113.198547 
113.198547 
113.198853 
113.198547 
113.198547 
113.198242 
113.197632 
113.197632 
113.197632 
113.197632 
113.197937 
113.198853 
113.199463 
113.199768 
113.199768 
113.199463 
113.199158 
113.199158 
113.198853 
113.198242 
113.198547 
113.198242 
113.198547 
113.198242 
113.198547 
113.198853 
113.199158 
113.199158 
113.199768 
113.199768 
113.198547 
113.197327 
113.196716 
113.196716 
113.196716 
113.197021 
113.197021 
113.196716 
113.197632 
113.197327 
113.197327 
113.197632 
113.197327 
113.197327 
113.197327 
113.196716 
113.196411 
113.196106 
113.195801 
113.196106 
113.196716 
113.197632 
113.198242 
113.198853 
113.198547 
113.198242 
113.198242 
113.197937 
113.197327 
113.197327 
113.197632 
113.197327 
113.197327 
113.197632 
113.197632 
113.197632 
113.198242 
113.198242 
113.198547 
113.198242 
113.197632 
113.196716 
113.195801 
113.195801 
113.196106 
113.196106 
113.196411 
113.196716 
113.196411 
113.196716 
113.196716 
113.197327 
113.197021 
113.197021 
113.196716 
113.196411 
113.196411 
113.196411 
113.196106 
113.195801 
113.197021 
113.197632 
113.198242 
113.198547 
113.198242 
113.198242 
113.197632 
113.197632 
113.197327 
113.197327 
113.197937 
113.197937 
113.197937 
113.197937 
113.197937 
113.197937 
113.198242 
113.198853 
113.199158 
113.198853 
113.198242 
113.197327 
113.196411 
113.196716 
113.197021 
113.197021 
113.197327 
113.197937 
113.197632 
113.197937 
113.197937 
113.197937 
113.197937 
113.197632 
113.197632 
113.197327 
113.197327 
113.197021 
113.196716 
113.197021 
113.197937 
113.198547 
113.199768 
113.199768 
113.199463 
113.199463 
113.199158 
113.199463 
113.198853 
113.198242 
113.198242 
113.198853 
113.199158 
113.198242 
113.198853 
113.198547 
113.199463 
113.199463 
113.199768 
113.199768 
113.199158 
113.198242 
113.197327 
113.197632 
113.197632 
113.197937 
113.198242 
113.198242 
113.198242 
113.197937 
113.198242 
113.198547 
113.197937 
113.197937 
113.198242 
113.198242 
113.197937 
113.197327 
113.196716 
113.197021 
113.197937 
113.198547 
113.199768 
113.199768 
113.199463 
113.198853 
113.198853 
113.198853 
113.198547 
113.198547 
113.198547 
113.198547 
113.198547 
113.198547 
113.198853 
113.198547 
113.198853 
113.199463 
113.199768 
113.199463 
113.198853 
113.197632 
113.196716 
113.196716 
113.197021 
113.197021 
113.197021 
113.197327 
113.197327 
113.197632 
113.197632 
113.197632 
113.197937 
113.197632 
113.197632 
113.197327 
113.196716 
113.196716 
113.196411 
113.196411 
113.197327 
113.198242 
113.198547 
113.198853 
113.198242 
113.198242 
113.198242 
113.197937 
113.197632 
113.197327 
113.197632 
113.197937 
113.197937 
113.197632 
113.197937 
113.197937 
113.197937 
113.198547 
113.198853 
113.199158 
113.197937 
113.196411 
113.196106 
113.196106 
113.196106 
113.196411 
113.196411 
113.196716 
113.196716 
113.196716 
113.197021 
113.197021 
113.197021 
113.197021 
113.197021 
113.196716 
113.196106 
113.195801 
113.195801 
113.195801 
113.196716 
113.197632 
113.198547 
113.198242 
113.197937 
113.197937 
113.198242 
113.197937 
113.197632 
113.197327 
113.197632 
113.197937 
113.197327 
113.197632 
113.197327 
113.197937 
113.197937 
113.198547 
113.198853 
113.198547 
113.198242 
113.196716 
113.196106 
113.196411 
113.196716 
113.196716 
113.196716 
113.197021 
113.197327 
113.197327 
113.197632 
113.197327 
113.197937 
113.197632 
113.197632 
113.197632 
113.196716 
113.196716 
113.196411 
113.196411 
113.197021 
113.198242 
113.199158 
113.199158 
113.199158 
113.199158 
113.198853 
113.198242 
113.198853 
113.198242 
113.198242 
113.198242 
113.197937 
113.198242 
113.198547 
113.198547 
113.198853 
113.199463 
113.199768 
113.199463 
113.198242 
113.197327 
113.197021 
113.196716 
113.197021 
113.197632 
113.197632 
113.197937 
113.197632 
113.197937 
113.197937 
113.198242 
113.198242 
113.197937 
113.197937 
113.197937 
113.197327 
113.197327 
113.197021 
113.196716 
113.197632 
113.199463 
113.199158 
113.199463 
113.199158 
113.198853 
113.198853 
113.198547 
113.198547 
113.198242 
113.197937 
113.198242 
113.197937 
113.198242 
113.198547 
113.198547 
113.199158 
113.199158 
113.199463 
113.199158 
113.198547 
113.197327 
113.196716 
113.196411 
113.197021 
113.197021 
113.197021 
113.197021 
113.197327 
113.197632 
113.197327 
113.197937 
113.197327 
113.197021 
113.197632 
113.197327 
113.196716 
113.196411 
113.195801 
113.195801 
113.197021 
113.198853 
113.198853 
113.198547 
113.198547 
113.198242 
113.198242 
113.198242 
113.198242 
113.197937 
113.197632 
113.197632 
113.197632 
113.197937 
113.197632 
113.198242 
113.198547 
113.198853 
113.198242 
113.198853 
113.198242 
113.197021 
113.196411 
113.196411 
113.196411 
113.196716 
113.196716 
113.196411 
113.196716 
113.197327 
113.197021 
113.197021 
113.197632 
113.197021 
113.197021 
113.196716 
113.196411 
113.195801 
113.195801 
113.196106 
113.196411 
113.197937 
113.198242 
113.198242 
113.198547 
113.197937 
113.197937 
113.198242 
113.197937 
113.197632 
113.197632 
113.197632 
113.197632 
113.197327 
113.197632 
113.197632 
113.198242 
113.198853 
113.199158 
113.199463 
113.197937 
113.196716 
113.196716 
113.196411 
113.196106 
113.197021 
113.197327 
113.197021 
113.197021 
113.197327 
113.197021 
113.197937 
113.197632 
113.197632 
113.197632 
113.197021 
113.196716 
113.196411 
113.196106 
113.196106 
113.197327 
113.197937 
113.199158 
113.199158 
113.198853 
113.198853 
113.198547 
113.198547 
113.197937 
113.198242 
113.197937 
113.198242 
113.198242 
113.198547 
113.198547 
113.198242 
113.198853 
113.199158 
113.199463 
113.199158 
113.197937 
113.197021 
113.197021 
113.197021 
113.197021 
113.197327 
113.197327 
113.197327 
113.197937 
113.197937 
113.197632 
113.197937 
113.197937 
113.197632 
113.197632 
113.196716 
113.197327 
113.197021 
113.196716 
113.196716 
113.197632 
113.198853 
113.198853 
113.198853 
113.198853 
113.198547 
113.198853 
113.198242 
113.197937 
113.197937 
113.198242 
113.197937 
113.198547 
113.198242 
113.197937 
113.198547 
113.198853 
113.198853 
113.199768 
113.198853 
113.197632 
113.197021 
113.196716 
113.196716 
113.197021 
113.197021 
113.196716 
113.196716 
113.197632 
113.197632 
113.197632 
113.197632 
113.197327 
113.197632 
113.197327 
113.197021 
113.196411 
113.196716 
113.196106 
113.196716 
113.197327 
113.198242 
113.198547 
113.198853 
113.198853 
113.198547 
113.197937 
113.197937 
113.198242 
113.197632 
113.197937 
113.197632 
113.197632 
113.197327 
113.198242 
113.197937 
113.198242 
113.198853 
113.199158 
113.198242 
113.197632 
113.197021 
113.195801 
113.196106 
113.196106 
113.196106 
113.197021 
113.196716 
113.197021 
113.197327 
113.197632 
113.197021 
113.197327 
113.197021 
113.197021 
113.196716 
113.196716 
113.196106 
113.195801 
113.196411 
113.197021 
113.197937 
113.198547 
113.198242 
113.198242 
113.198242 
113.197632 
113.197632 
113.197937 
113.197632 
113.197327 
113.197937 
113.197632 
113.197632 
113.197632 
113.197937 
113.197937 
113.198853 
113.199463 
113.198547 
113.197632 
113.196716 
113.196106 
113.196411 
113.196411 
113.196411 
113.196716 
113.197021 
113.196716 
113.197327 
113.197632 
113.197327 
113.197327 
113.197632 
113.197021 
113.197021 
113.197021 
113.196716 
113.196106 
113.196716 
113.197327 
113.198242 
113.198853 
113.198853 
113.198853 
113.198853 
113.198547 
113.198547 
113.198242 
113.198242 
113.198242 
113.197937 
113.197937 
113.198547 
113.197937 
113.198242 
113.198547 
113.199158 
113.199768 
113.199158 
113.198242 
113.197021 
113.196716 
113.197021 
113.197021 
113.197021 
113.197632 
113.197632 
113.197632 
113.197632 
113.197937 
113.197937 
113.197632 
113.197937 
113.197632 
113.197632 
113.197327 
113.197021 
113.196411 
113.196411 
113.197632 
113.198547 
113.198853 
113.198853 
113.198853 
113.198547 
113.198853 
113.198242 
113.198242 
113.197937 
113.197937 
113.198242 
113.198242 
113.198242 
113.198242 
113.198547 
113.198853 
113.199158 
113.199158 
113.199158 
113.197937 
113.197021 
113.196411 
113.196411 
113.197021 
113.197327 
113.196716 
113.197632 
113.197327 
113.197937 
113.197327 
113.197632 
113.197632 
113.197632 
113.197327 
113.197021 
113.197021 
113.196106 
113.196106 
113.196411 
113.197632 
113.198242 
113.198853 
113.198853 
113.198547 
113.198242 
113.198242 
113.197632 
113.197937 
113.197632 
113.197632 
113.197327 
113.197937 
113.197937 
113.197327 
113.198242 
113.198242 
113.198547 
113.199158 
113.198853 
113.197021 
113.197021 
113.196106 
113.196106 
113.196411 
113.196411 
113.196716 
113.197021 
113.197021 
113.197021 
113.197327 
113.197327 
113.197021 
113.197021 
113.197021 
113.196716 
113.196411 
113.196106 
113.195496 
113.196411 
113.197632 
113.198242 
113.198853 
113.198853 
113.197937 
113.198547 
113.197937 
113.197632 
113.197632 
113.197632 
113.197937 
113.197327 
113.197632 
113.197937 
113.197632 
113.198242 
113.198242 
113.198853 
113.198853 
113.198547 
113.197327 
113.197021 
113.196106 
113.196411 
113.197021 
113.196716 
113.196716 
113.197632 
113.197021 
113.197327 
113.197632 
113.197327 
113.197327 
113.197327 
113.197327 
113.196716 
113.197021 
113.196716 
113.196411 
113.196716 
113.197327 
113.197937 
113.199158 
113.198853 
113.198547 
113.198242 
113.198547 
113.198242 
113.198547 
113.197937 
113.197937 
113.197937 
113.198242 
113.198242 
113.198242 
113.198242 
113.198853 
113.199158 
113.199158 
113.198853 
113.197632 
113.197327 
113.196411 
113.196411 
113.196411 
113.196716 
113.197021 
113.197327 
113.197632 
113.197632 
113.197632 
113.197937 
113.197632 
113.197632 
113.197632 
113.197327 
113.196716 
113.196411 
113.196411 
113.196411 
113.197632 
113.198853 
113.199158 
113.198853 
113.198853 
113.198547 
113.198547 
113.197937 
113.197937 
113.197937 
113.197937 
113.198242 
113.197632 
113.197632 
113.198547 
113.198547 
113.198547 
113.199158 
113.198853 
113.198853 
113.197937 
113.197021 
113.196411 
113.196411 
113.197021 
113.196716 
113.197327 
113.197021 
113.197021 
113.197632 
113.197632 
113.197632 
113.197632 
113.197327 
113.197632 
113.197327 
113.197021 
113.196716 
113.196411 
113.196411 
113.197632 
113.197937 
113.199158 
113.198853 
113.198242 
113.198547 
113.198242 
113.197937 
113.197937 
113.197937 
113.198242 
113.197937 
113.197632 
113.197632 
113.197937 
113.198242 
113.198242 
113.198853 
113.198853 
113.198547 
113.197632 
113.197021 
113.196106 
113.196716 
113.196716 
113.196411 
113.197021 
113.197021 
113.197021 
113.197327 
113.197327 
113.197327 
113.197632 
113.197021 
113.197021 
113.197021 
113.196411 
113.196411 
113.196106 
113.196716 
113.197327 
113.198242 
113.198853 
113.198547 
113.198242 
113.198242 
113.198547 
113.197632 
113.197937 
113.197937 
113.197632 
113.197937 
113.197632 
113.197937 
113.197937 
113.197937 
113.197937 
113.198853 
113.198853 
113.198242 
113.197632 
113.196716 
113.196411 
113.195801 
113.197021 
113.197021 
113.197021 
113.197021 
113.197632 
113.197632 
113.197632 
113.197327 
113.197327 
113.197021 
113.197327 
113.196716 
113.196716 
113.196411 
113.196411 
113.196716 
113.197632 
113.198242 
113.198547 
113.198853 
113.198547 
113.198242 
113.198242 
113.197632 
113.197937 
113.198242 
113.197632 
113.197632 
113.198242 
113.197632 
113.197937 
113.198242 
113.198853 
113.199463 
113.199158 
113.198547 
113.197937 
113.196716 
113.196411 
113.196716 
113.196716 
113.197021 
113.197021 
113.197327 
113.197327 
113.197327 
113.197327 
113.197327 
113.197632 
113.197632 
113.197327 
113.197021 
113.197021 
113.196411 
113.196106 
113.197021 
113.197632 
113.197937 
113.199158 
113.198853 
113.198547 
113.199158 
113.198547 
113.198242 
113.198242 
113.197937 
113.198242 
113.197937 
113.197937 
113.197937 
113.197937 
113.198242 
113.198547 
113.199158 
113.199158 
113.198853 
113.198242 
113.196716 
113.196106 
113.197021 
113.196716 
113.197021 
113.197327 
113.197327 
113.197327 
113.197632 
113.197327 
113.197327 
113.197632 
113.197632 
113.197021 
113.197021 
113.196716 
113.196106 
113.195801 
113.196411 
113.197632 
113.198547 
113.198853 
113.198853 
113.198547 
113.198853 
113.197937 
113.197632 
113.197937 
113.197937 
113.197937 
113.197632 
113.198242 
113.197937 
113.197937 
113.198242 
113.198547 
113.199158 
113.198853 
113.198547 
113.197632 
113.196716 
113.196106 
113.196411 
113.196411 
113.196411 
113.196716 
113.197021 
113.197021 
113.197632 
113.197327 
113.197327 
113.197327 
113.196716 
113.197327 
113.197021 
113.196716 
113.196106 
113.196106 
113.197021 
113.197327 
113.198547 
113.198853 
113.198242 
113.198242 
113.198547 
113.197937 
113.197632 
113.197632 
113.197632 
113.197937 
113.197632 
113.197632 
113.197632 
113.197632 
113.197937 
113.198547 
113.198853 
113.199158 
113.198547 
113.197632 
113.196716 
113.196106 
113.196411 
113.196716 
113.196411 
113.197327 
113.197021 
113.197021 
113.197327 
113.197327 
113.197327 
113.197327 
113.197021 
113.197327 
113.196716 
113.196716 
113.196411 
113.196106 
113.196411 
113.197632 
113.198547 
113.198853 
113.198547 
113.198547 
113.198547 
113.198242 
113.198242 
113.198547 
113.197937 
113.197937 
113.197937 
113.197632 
113.197937 
113.198242 
113.198242 
113.198242 
113.198853 
113.199158 
113.198547 
113.197632 
113.197021 
113.196411 
113.196716 
113.196716 
113.197021 
113.197327 
113.197327 
113.197327 
113.197327 
113.197021 
113.197327 
113.197327 
113.197327 
113.197327 
113.197327 
113.196716 
113.196411 
113.196411 
113.196716 
113.197327 
113.198547 
113.198853 
113.198547 
113.198547 
113.198547 
113.198547 
113.198547 
113.197632 
113.197937 
113.198242 
113.197937 
113.197937 
113.198242 
113.198242 
113.197937 
113.199158 
113.198547 
113.198853 
113.198547 
113.197937 
113.196716 
113.196411 
113.196716 
113.196411 
113.196411 
113.197327 
113.197327 
113.196716 
113.197327 
113.197021 
113.197021 
113.196716 
113.196411 
113.196411 
113.195496 
113.194580 
113.193359 
113.192749 
113.192139 
113.192444 
113.191833 
113.191223 
113.190002 
113.188171 
113.186340 
113.184814 
113.182983 
113.181152 
113.179321 
113.177185 
113.174744 
113.172913 
113.170776 
113.168030 
113.165588 
113.163452 
113.160400 
113.157654 
113.154297 
113.150024 
113.145142 
113.140869 
113.137207 
113.133545 
113.129883 
113.125610 
113.121643 
113.117371 
113.112793 
113.107910 
113.102722 
113.097839 
113.092041 
113.087158 
113.080750 
113.075256 
113.068848 
113.062439 
113.056946 
113.051147 
113.045654 
113.039246 
113.032532 
113.025208 
113.018188 
113.010254 
113.002930 
112.994690 
112.986755 
112.978516 
112.970581 
112.962341 
112.953796 
112.945251 
112.937012 
112.928467 
112.919922 
112.910767 
112.901001 
112.889709 
112.879333 
112.868958 
112.858887 
112.849121 
112.839050 
112.828979 
112.818604 
112.808533 
112.797852 
112.786865 
112.776184 
112.764587 
112.753601 
112.742004 
112.729797 
112.717896 
112.705994 
112.694397 
112.682495 
112.671509 
112.660217 
112.648010 
112.636108 
112.623596 
112.610779 
112.597961 
112.584229 
112.570496 
112.557678 
112.544250 
112.530518 
112.517395 
112.503662 
112.489929 
112.476501 
112.462769 
112.448730 
112.434387 
112.419434 
112.403870 
112.388000 
112.372742 
112.358398 
112.343140 
112.328491 
112.313538 
112.298889 
112.283630 
112.268066 
112.252808 
112.237549 
112.222290 
112.206421 
112.190552 
112.174683 
112.158508 
112.142639 
112.126465 
112.110901 
112.096252 
112.080994 
112.066345 
112.050476 
112.033997 
112.018433 
112.002869 
111.987000 
111.971741 
111.955872 
111.940613 
111.925659 
111.910095 
111.894531 
111.879272 
111.864319 
111.849670 
111.835022 
111.820068 
111.803894 
111.787109 
111.771545 
111.755371 
111.740112 
111.724854 
111.709900 
111.694946 
111.679688 
111.664734 
111.649170 
111.633301 
111.617737 
111.602783 
111.586914 
111.571045 
111.555176 
111.539917 
111.524048 
111.507263 
111.492920 
111.477661 
111.463013 
111.448364 
111.432800 
111.416931 
111.401367 
111.385498 
111.369324 
111.354065 
111.338196 
111.322632 
111.306763 
111.291199 
111.275330 
111.260071 
111.245117 
111.229553 
111.214905 
111.198730 
111.182556 
111.165771 
111.148987 
111.133118 
111.117554 
111.102295 
111.087036 
111.071777 
111.057434 
111.042175 
111.026917 
111.011963 
110.997009 
110.982666 
110.966797 
110.952148 
110.937500 
110.922546 
110.906982 
110.892639 
110.879211 
110.865479 
110.852356 
110.838928 
110.825500 
110.811462 
110.798035 
110.783997 
110.771179 
110.757446 
110.744629 
110.731506 
110.718994 
110.706177 
110.693665 
110.681763 
110.669556 
110.658264 
110.646667 
110.635376 
110.623474 
110.610962 
110.598755 
110.587158 
110.575867 
110.565186 
110.554810 
110.543823 
110.533752 
110.523682 
110.513611 
110.503540 
110.493469 
110.484009 
110.473633 
110.463867 
110.454712 
110.444641 
110.434570 
110.425720 
110.417480 
110.409241 
110.401611 
110.392761 
110.383911 
110.375061 
110.367126 
110.358887 
110.350647 
110.342407 
110.334778 
110.327148 
110.319824 
110.311890 
110.305176 
110.298157 
110.291443 
110.284424 
110.278320 
110.271912 
110.264893 
110.257568 
110.250854 
110.244446 
110.238342 
110.232239 
110.227051 
110.221252 
110.216370 
110.212097 
110.206909 
110.201721 
110.196838 
110.192261 
110.187683 
110.183105 
110.178833 
110.173645 
110.169678 
110.165710 
110.162048 
110.159912 
110.156860 
110.153809 
110.151062 
110.147400 
110.144043 
110.140686 
110.137634 
110.134583 
110.132141 
110.129700 
110.127258 
110.125122 
110.122986 
110.121460 
110.119629 
110.118408 
110.117493 
110.116272 
110.113525 
110.111694 
110.110168 
110.108643 
110.107727 
110.107117 
110.107117 
110.106201 
110.105896 
110.106812 
110.106506 
110.105896 
110.106201 
110.105896 
110.106201 
110.105591 
110.105591 
110.105286 
110.104675 
110.104980 
110.105286 
110.106506 
110.107422 
110.107422 
110.107727 
110.107117 
110.107117 
110.107117 
110.106812 
110.106812 
110.106506 
110.106812 
110.106812 
110.107117 
110.106812 
110.107422 
110.107727 
110.108337 
110.108948 
110.108643 
110.108948 
110.107727 
110.106506 
110.106506 
110.106506 
110.107117 
110.107117 
110.107727 
110.108032 
110.108643 
110.108643 
110.108643 
110.109253 
110.109253 
110.108948 
110.109253 
110.108948 
110.108337 
110.108337 
110.108337 
110.108643 
110.109558 
110.111084 
110.111389 
110.111084 
110.110779 
110.110779 
110.111084 
110.110474 
110.110168 
110.110474 
110.110474 
110.110779 
110.110779 
110.110474 
110.110168 
110.110779 
110.111084 
110.111694 
110.111389 
110.111084 
110.110168 
110.109558 
110.108948 
110.109253 
110.109253 
110.109253 
110.109253 
110.109558 
110.110168 
110.109863 
110.109863 
110.110168 
110.110168 
110.109558 
110.109558 
110.109253 
110.109253 
110.108643 
110.108337 
110.109253 
