Blum, K. P., D’Incamps, B. L., Zytnicki, D., & Ting, L. H. (2017).
Force encoding in muscle spindles during stretch of
passive muscle. PLoS computational biology, 13(9), 
e1005767. <https://journals.plos.org/ploscompbiol/article?
id=10.1371/journal.pcbi.1005767>

cat medial gastrocnemius muscle lengths over t  (in 0.0005 s increments)
110.110474 
110.109863 
110.109253 
110.109253 
110.108643 
110.108948 
110.109558 
110.111694 
110.112000 
110.112305 
110.111694 
110.111389 
110.111694 
110.111694 
110.111084 
110.110779 
110.110779 
110.110779 
110.111389 
110.111389 
110.111084 
110.111694 
110.112000 
110.112000 
110.112915 
110.112915 
110.111389 
110.109863 
110.109253 
110.109253 
110.109558 
110.109863 
110.110168 
110.109863 
110.110168 
110.110474 
110.110168 
110.110474 
110.110474 
110.110168 
110.110168 
110.109558 
110.109558 
110.109253 
110.108948 
110.108948 
110.109863 
110.111084 
110.112000 
110.112305 
110.112000 
110.111694 
110.111389 
110.111389 
110.110779 
110.111084 
110.111389 
110.110474 
110.111084 
110.111084 
110.111389 
110.111389 
110.111694 
110.112305 
110.112610 
110.112915 
110.111694 
110.109863 
110.109253 
110.109253 
110.109253 
110.109253 
110.109863 
110.109863 
110.110474 
110.110168 
110.110474 
110.110168 
110.110474 
110.110168 
110.110474 
110.109558 
110.109863 
110.109558 
110.109253 
110.108643 
110.109863 
110.111694 
110.112305 
110.112000 
110.111694 
110.112000 
110.111389 
110.111084 
110.111389 
110.110779 
110.111084 
110.111084 
110.110779 
110.111084 
110.111084 
110.111389 
110.111694 
110.112000 
110.112915 
110.113220 
110.112000 
110.110779 
110.109558 
110.109558 
110.110168 
110.110474 
110.111084 
110.112000 
110.113220 
110.114441 
110.116272 
110.117493 
110.119324 
110.121460 
110.123901 
110.126343 
110.129395 
110.132751 
110.136108 
110.140381 
110.146484 
110.152588 
110.158997 
110.165100 
110.170898 
110.177612 
110.183411 
110.190430 
110.197754 
110.205078 
110.213013 
110.221252 
110.229797 
110.238647 
110.247498 
110.256958 
110.266418 
110.275574 
110.285645 
110.295105 
110.304260 
110.312805 
110.322266 
110.332031 
110.342712 
110.353394 
110.364380 
110.375366 
110.386658 
110.398254 
110.409241 
110.421143 
110.433044 
110.444336 
110.456848 
110.468445 
110.480652 
110.492859 
110.504456 
110.516663 
110.530396 
110.544434 
110.557556 
110.570068 
110.582275 
110.593567 
110.604858 
110.615845 
110.626526 
110.637512 
110.648193 
110.658569 
110.669250 
110.679321 
110.689392 
110.699158 
110.709839 
110.719604 
110.729370 
110.739136 
110.746765 
110.754089 
110.762329 
110.770569 
110.779114 
110.788269 
110.797119 
110.805969 
110.814514 
110.823669 
110.832520 
110.840759 
110.849915 
110.858154 
110.867310 
110.875854 
110.884705 
110.893555 
110.902100 
110.910950 
110.921631 
110.932922 
110.942688 
110.952759 
110.962219 
110.971985 
110.981445 
110.990906 
111.000671 
111.010437 
111.020813 
111.030884 
111.040649 
111.050720 
111.061401 
111.071777 
111.082153 
111.092834 
111.103821 
111.114502 
111.123657 
111.132202 
111.141663 
111.152039 
111.162720 
111.172791 
111.184387 
111.194458 
111.206055 
111.216736 
111.227112 
111.238098 
111.248779 
111.258850 
111.269531 
111.279907 
111.290283 
111.300049 
111.310730 
111.321106 
111.332703 
111.344910 
111.356812 
111.366882 
111.377869 
111.388245 
111.398621 
111.408691 
111.419067 
111.429138 
111.440125 
111.450500 
111.460876 
111.471252 
111.481934 
111.492920 
111.503601 
111.514587 
111.525879 
111.535645 
111.545105 
111.553955 
111.563721 
111.573792 
111.584167 
111.594543 
111.605225 
111.615906 
111.626587 
111.637268 
111.647949 
111.658020 
111.668396 
111.679077 
111.688538 
111.698914 
111.708984 
111.718445 
111.728210 
111.738281 
111.750183 
111.761780 
111.773071 
111.783447 
111.793518 
111.803589 
111.813660 
111.824341 
111.833496 
111.843872 
111.853638 
111.864319 
111.874390 
111.884766 
111.894836 
111.905518 
111.916199 
111.926575 
111.937561 
111.947632 
111.957092 
111.966248 
111.975403 
111.985168 
111.995850 
112.005920 
112.016296 
112.026978 
112.037659 
112.048340 
112.058716 
112.068787 
112.078857 
112.088928 
112.099609 
112.109680 
112.120056 
112.129517 
112.139282 
112.149658 
112.161255 
112.173157 
112.184143 
112.195129 
112.204895 
112.215576 
112.225342 
112.235107 
112.245178 
112.255249 
112.265930 
112.276306 
112.286682 
112.296753 
112.307434 
112.318115 
112.329102 
112.339172 
112.350464 
112.361450 
112.370300 
112.379150 
112.388611 
112.399292 
112.409058 
112.420044 
112.431030 
112.442017 
112.452393 
112.463074 
112.473755 
112.484131 
112.495117 
112.505188 
112.515564 
112.525940 
112.536316 
112.546387 
112.556763 
112.566528 
112.578430 
112.590637 
112.601624 
112.612305 
112.622986 
112.633057 
112.642822 
112.653198 
112.663574 
112.673645 
112.684631 
112.694702 
112.705078 
112.715454 
112.726440 
112.736511 
112.747803 
112.758484 
112.769470 
112.779846 
112.789307 
112.798157 
112.807922 
112.817993 
112.828064 
112.838745 
112.849426 
112.860107 
112.870483 
112.880859 
112.891846 
112.902222 
112.912598 
112.923279 
112.933044 
112.943726 
112.954102 
112.963867 
112.974243 
112.984619 
112.996826 
113.008118 
113.019409 
113.030090 
113.040466 
113.050232 
113.060303 
113.070068 
113.079834 
113.088989 
113.098755 
113.108215 
113.116760 
113.125916 
113.134460 
113.142700 
113.150940 
113.158875 
113.166809 
113.173828 
113.179321 
113.184204 
113.189087 
113.194275 
113.199768 
113.204346 
113.209229 
113.213806 
113.217468 
113.220520 
113.223572 
113.226318 
113.228455 
113.230286 
113.231812 
113.232422 
113.233643 
113.233948 
113.233948 
113.234253 
113.235779 
113.237000 
113.237610 
113.237305 
113.237000 
113.235779 
113.234863 
113.234253 
113.232422 
113.231506 
113.230591 
113.228760 
113.227844 
113.226624 
113.225403 
113.224182 
113.223267 
113.222656 
113.222046 
113.220215 
113.218384 
113.216248 
113.214111 
113.212891 
113.211975 
113.211365 
113.210754 
113.210449 
113.209839 
113.209229 
113.208313 
113.208008 
113.207092 
113.205872 
113.205261 
113.204956 
113.203430 
113.202820 
113.201904 
113.200989 
113.201599 
113.202820 
113.203430 
113.202820 
113.202209 
113.201294 
113.200989 
113.200684 
113.199768 
113.199463 
113.199463 
113.199158 
113.199158 
113.198853 
113.198547 
113.199158 
113.199768 
113.200378 
113.200073 
113.200378 
113.199158 
113.197937 
113.196716 
113.197021 
113.197327 
113.197327 
113.197632 
113.198547 
113.198547 
113.199158 
113.199158 
113.199158 
113.199463 
113.199463 
113.199158 
113.199768 
113.199158 
113.198853 
113.198547 
113.199158 
113.200073 
113.201599 
113.202209 
113.202515 
113.202515 
113.202820 
113.201904 
113.201599 
113.201294 
113.201599 
113.201599 
113.201599 
113.200989 
113.201904 
113.201599 
113.201599 
113.202209 
113.202515 
113.202820 
113.202820 
113.201904 
113.200684 
113.199768 
113.199768 
113.200073 
113.200073 
113.200378 
113.200684 
113.200684 
113.200684 
113.200684 
113.200684 
113.200073 
113.200378 
113.199768 
113.199768 
113.199463 
113.198853 
113.197937 
113.197937 
113.199158 
113.199768 
113.200989 
113.201294 
113.200684 
113.200378 
113.200378 
113.200073 
113.199463 
113.199158 
113.199158 
113.199158 
113.198547 
113.198853 
113.199158 
113.199158 
113.198853 
113.199463 
113.200073 
113.200073 
113.198853 
113.197327 
113.196411 
113.196411 
113.196716 
113.197021 
113.197021 
113.197327 
113.197632 
113.197632 
113.197632 
113.197937 
113.197632 
113.197632 
113.197021 
113.197327 
113.197327 
113.196716 
113.196106 
113.196106 
113.197021 
113.198853 
113.199768 
113.200073 
113.200073 
113.199158 
113.199768 
113.199463 
113.198853 
113.199158 
113.199463 
113.199158 
113.199158 
113.199463 
113.199768 
113.200073 
113.200378 
113.200989 
113.201294 
113.201294 
113.200684 
113.199158 
113.198242 
113.198547 
113.198547 
113.198853 
113.199463 
113.199463 
113.199768 
113.199768 
113.199463 
113.200378 
113.200073 
113.200073 
113.199768 
113.199768 
113.199158 
113.198853 
113.198547 
113.198242 
113.199463 
113.200989 
113.201599 
113.201599 
113.201599 
113.201294 
113.200989 
113.201294 
113.200989 
113.200684 
113.200684 
113.200684 
113.200378 
113.200684 
113.200378 
113.200684 
113.201599 
113.201904 
113.201599 
113.201294 
113.200684 
113.199158 
113.198242 
113.198242 
113.198242 
113.198547 
113.198547 
113.198547 
113.198547 
113.198853 
113.198853 
113.199158 
113.198853 
113.198242 
113.197937 
113.198242 
113.197632 
113.197021 
113.196411 
113.196106 
113.197327 
113.198853 
113.199768 
113.199158 
113.199158 
113.198853 
113.198547 
113.197937 
113.198547 
113.198242 
113.197937 
113.198242 
113.197632 
113.197327 
113.197937 
113.198242 
113.197937 
113.198547 
113.198853 
113.198853 
113.198242 
113.196411 
113.195190 
113.195190 
113.195496 
113.195496 
113.195801 
113.196106 
113.196106 
113.196411 
113.196106 
113.196106 
113.196411 
113.196411 
113.196411 
113.196411 
113.195496 
113.195496 
113.195190 
113.194885 
113.195801 
113.197632 
113.198242 
113.198547 
113.197937 
113.198242 
113.197937 
113.197632 
113.197632 
113.197327 
113.197021 
113.197632 
113.197327 
113.197632 
113.197937 
113.198242 
113.198547 
113.199158 
113.199463 
113.199463 
113.197937 
113.197021 
113.196716 
113.196106 
113.196716 
113.196411 
113.196716 
113.197327 
113.197327 
113.197327 
113.197632 
113.197632 
113.197937 
113.197632 
113.197327 
113.197632 
113.197021 
113.196411 
113.196411 
113.196106 
113.197327 
113.198853 
113.199768 
113.199768 
113.199463 
113.199463 
113.199158 
113.198853 
113.198547 
113.198547 
113.198547 
113.198242 
113.198547 
113.198547 
113.198547 
113.198853 
113.199463 
113.199463 
113.199768 
113.199768 
113.198242 
113.197021 
113.196106 
113.195801 
113.196106 
113.196106 
113.196411 
113.196411 
113.196716 
113.197021 
113.196716 
113.196716 
113.196716 
113.196716 
113.196411 
113.196411 
113.195801 
113.195190 
113.194885 
113.194580 
113.195496 
113.197021 
113.197632 
113.197632 
113.197632 
113.197327 
113.197021 
113.196411 
113.196716 
113.196106 
113.196411 
113.195801 
113.196411 
113.196411 
113.196106 
113.196106 
113.197021 
113.197632 
113.197632 
113.197632 
113.196411 
113.194580 
113.194275 
113.193970 
113.194275 
113.194580 
113.194580 
113.195190 
113.195496 
113.195190 
113.195496 
113.195190 
113.196106 
113.195190 
113.194885 
113.194885 
113.194885 
113.194275 
113.193970 
113.194275 
113.195190 
113.196716 
113.197327 
113.197632 
113.197632 
113.197632 
113.197327 
113.196716 
113.197021 
113.196716 
113.196716 
113.196716 
113.196716 
113.196716 
113.197021 
113.197327 
113.197937 
113.198242 
113.198853 
113.198853 
113.197632 
113.196411 
113.195496 
113.195496 
113.195496 
113.196106 
113.196411 
113.196411 
113.196411 
113.196716 
113.196716 
113.196716 
113.196716 
113.197021 
113.196411 
113.196106 
113.196106 
113.195190 
113.195190 
113.194885 
113.196106 
113.197021 
113.198242 
113.197937 
113.197937 
113.197632 
113.197632 
113.197021 
113.197021 
113.196716 
113.196716 
113.196716 
113.197021 
113.196716 
113.196716 
113.196716 
113.197327 
113.197021 
113.197937 
113.197937 
113.196411 
113.195190 
113.194580 
113.193970 
113.193970 
113.194580 
113.194275 
113.194275 
113.194885 
113.194885 
113.194885 
113.194580 
113.194885 
113.194275 
113.194580 
113.194275 
113.193359 
113.193054 
113.193054 
113.192749 
113.194275 
113.195496 
113.196106 
113.195801 
113.196106 
113.195496 
113.195190 
113.195190 
113.195496 
113.195190 
113.195190 
113.195190 
113.194885 
113.195190 
113.195190 
113.195190 
113.196106 
113.196411 
113.196716 
113.197021 
113.195801 
113.194275 
113.193359 
113.193665 
113.193359 
113.193665 
113.194275 
113.194275 
113.194885 
113.195190 
113.195190 
113.194885 
113.195496 
113.194885 
113.194580 
113.194275 
113.194580 
113.194275 
113.193665 
113.193970 
113.194885 
113.196106 
113.197327 
113.197632 
113.197327 
113.197021 
113.197021 
113.196716 
113.196411 
113.196411 
113.196716 
113.197021 
113.196106 
113.196716 
113.197021 
113.197021 
113.197327 
113.197632 
113.198242 
113.197937 
113.197021 
113.195496 
113.194580 
113.194580 
113.194580 
113.194885 
113.194885 
113.195496 
113.195190 
113.195496 
113.195801 
113.195496 
113.195496 
113.195496 
113.195190 
113.194580 
113.194275 
113.193970 
113.193359 
113.193359 
113.194275 
113.195190 
113.196411 
113.196411 
113.195801 
113.195801 
113.195190 
113.195190 
113.194885 
113.194885 
113.194275 
113.194580 
113.194580 
113.194885 
113.195190 
113.194580 
113.195190 
113.195801 
113.196106 
113.195801 
113.194580 
113.193054 
113.192139 
113.192139 
113.192749 
113.192749 
113.192749 
113.193054 
113.193054 
113.193054 
113.193665 
113.193359 
113.193665 
113.193359 
113.193359 
113.193054 
113.192749 
113.192444 
113.191833 
113.192444 
113.193054 
113.194580 
113.195496 
113.195801 
113.195801 
113.194885 
113.194885 
113.194885 
113.194580 
113.194580 
113.194580 
113.194580 
113.194885 
113.194885 
113.194885 
113.195190 
113.195496 
113.196411 
113.196411 
113.196411 
113.195496 
113.194580 
113.193359 
113.193054 
113.193665 
113.193970 
113.194275 
113.193970 
113.194580 
113.194885 
113.194885 
113.194885 
113.194885 
113.194885 
113.194580 
113.194275 
113.194275 
113.194275 
113.193359 
113.193359 
113.194580 
113.195801 
113.196411 
113.196716 
113.196411 
113.196106 
113.195801 
113.195496 
113.195190 
113.195496 
113.195190 
113.195190 
113.195190 
113.195496 
113.195801 
113.195190 
113.196106 
113.196411 
113.196411 
113.196411 
113.195496 
113.193665 
113.193054 
113.192749 
113.193359 
113.193054 
113.193970 
113.193665 
113.193665 
113.193665 
113.193970 
113.193665 
113.193665 
113.193665 
113.193665 
113.193359 
113.192749 
113.192444 
113.192139 
113.191833 
113.193359 
113.194580 
113.195190 
113.195190 
113.195190 
113.194580 
113.194580 
113.194275 
113.194275 
113.193970 
113.194275 
113.193970 
113.193970 
113.193970 
113.194885 
113.194580 
113.195190 
113.195496 
113.195496 
113.195801 
113.194580 
113.193359 
113.192444 
113.192444 
113.192749 
113.192444 
113.193054 
113.193054 
113.193665 
113.193970 
113.194275 
113.193970 
113.193970 
113.193970 
113.193970 
113.193359 
113.193054 
113.192749 
113.192139 
113.192444 
113.193665 
113.194580 
113.195801 
113.195801 
113.195801 
113.195496 
113.195190 
113.195190 
113.194580 
113.194580 
113.194580 
113.194885 
113.194885 
113.195190 
113.194885 
113.195496 
113.195496 
113.196106 
113.196716 
113.196411 
113.195496 
113.194275 
113.193054 
113.193359 
113.193359 
113.193665 
113.193970 
113.194275 
113.194275 
113.194275 
113.194275 
113.194275 
113.194275 
113.194275 
113.194275 
113.193665 
113.193359 
113.193054 
113.192749 
113.192139 
113.193665 
113.195190 
113.195801 
113.195801 
113.195496 
113.196106 
113.194885 
113.194885 
113.194580 
113.194275 
113.194275 
113.193970 
113.194580 
113.194275 
113.194580 
113.194580 
113.195190 
113.195190 
113.195801 
113.196106 
113.194580 
113.193359 
113.192139 
113.192139 
113.192139 
113.192749 
113.192444 
113.193054 
113.193054 
113.193359 
113.193359 
113.193054 
113.193665 
113.193359 
113.193054 
113.193054 
113.192444 
113.192139 
113.191833 
113.192139 
113.192749 
113.193970 
113.194885 
113.194885 
113.194885 
113.194275 
113.193970 
113.194275 
113.193970 
113.193359 
113.193359 
113.193970 
113.193665 
113.193665 
113.193970 
113.194275 
113.194580 
113.195190 
113.195496 
113.195190 
113.194580 
113.192444 
113.191833 
113.191833 
113.192139 
113.193054 
113.193054 
113.193359 
113.193359 
113.193665 
113.193359 
113.193665 
113.193970 
113.193665 
113.193359 
113.193054 
113.193054 
113.192444 
113.191833 
113.192444 
113.192749 
113.194885 
113.195190 
113.195496 
113.195190 
113.194885 
113.194885 
113.193970 
113.194275 
113.194275 
113.193970 
113.193970 
113.193970 
113.194275 
113.194275 
113.194580 
113.194580 
113.195190 
113.195801 
113.195801 
113.194580 
113.193359 
113.192444 
113.191833 
113.192444 
113.192444 
113.193054 
113.193359 
113.193359 
113.193359 
113.193054 
113.193359 
113.193665 
113.193359 
113.193054 
113.193054 
113.192444 
113.191833 
113.191833 
113.191528 
113.192749 
113.194275 
113.194580 
113.194885 
113.194580 
113.194580 
113.193970 
113.193665 
113.193665 
113.193665 
113.193665 
113.193359 
113.193359 
113.193359 
113.193970 
113.193665 
113.194275 
113.194580 
113.195190 
113.194885 
113.193665 
113.192139 
113.191833 
113.191528 
113.191833 
113.192139 
113.191833 
113.192139 
113.192444 
113.192749 
113.192749 
113.192749 
113.192749 
113.192749 
113.192444 
113.192749 
113.192444 
113.191528 
113.191223 
113.191528 
113.192444 
113.193359 
113.194275 
113.194580 
113.193970 
113.194275 
113.194275 
113.193665 
113.193665 
113.193054 
113.193359 
113.193359 
113.193665 
113.193665 
113.193665 
113.193970 
113.194275 
113.194580 
113.194885 
113.195496 
113.193665 
113.192444 
113.191833 
113.191528 
113.191528 
113.192444 
113.192444 
113.192749 
113.193054 
113.193054 
113.193054 
113.193054 
113.193359 
113.193054 
113.193054 
113.192749 
113.192139 
113.191833 
113.191528 
113.191833 
113.192749 
113.193970 
113.194885 
113.194580 
113.194580 
113.194885 
113.194275 
113.194275 
113.193970 
113.193970 
113.193359 
113.193665 
113.193665 
113.193665 
113.193665 
113.193970 
113.194275 
113.194885 
113.195190 
113.194885 
113.194275 
113.192444 
113.191528 
113.191528 
113.191833 
113.191833 
113.192139 
113.192749 
113.192444 
113.192444 
113.192749 
113.192444 
113.192749 
113.192749 
113.192749 
113.192444 
113.192444 
113.191833 
113.191223 
113.191528 
113.192139 
113.193665 
113.194275 
113.194275 
113.194580 
113.193970 
113.193665 
113.193665 
113.193665 
113.192749 
113.192749 
113.193359 
113.193054 
113.193359 
113.193359 
113.193665 
113.194275 
113.193970 
113.194580 
113.194580 
113.193665 
113.192139 
113.191223 
113.190918 
113.191223 
113.191528 
113.191528 
113.192139 
113.192139 
113.192444 
113.192444 
113.192749 
113.192444 
113.192444 
113.192749 
113.192139 
113.191833 
113.191528 
113.190918 
113.190918 
113.192444 
113.193665 
113.193970 
113.194275 
113.194275 
113.193970 
113.193970 
113.193665 
113.193359 
113.193054 
113.193359 
113.193359 
113.193665 
113.193665 
113.193665 
113.193665 
113.193665 
113.194275 
113.194885 
113.194885 
113.193359 
113.192444 
113.191528 
113.191223 
113.191833 
113.191833 
113.191833 
113.192139 
113.192444 
113.192444 
113.192444 
113.193054 
113.192749 
113.192444 
113.192444 
113.192444 
113.191528 
113.191528 
113.191223 
113.190918 
113.192139 
113.193665 
113.194275 
113.194580 
113.194275 
113.193665 
113.193665 
113.193970 
113.193359 
113.193054 
113.193054 
113.193359 
113.193359 
113.193359 
113.193359 
113.193665 
113.193359 
113.193970 
113.194275 
113.193970 
113.193054 
113.192139 
113.191223 
113.190613 
113.191223 
113.191528 
113.191833 
113.191833 
113.191833 
113.192444 
113.192139 
113.192139 
113.192444 
113.191833 
113.191833 
113.192139 
113.191528 
113.190918 
113.190918 
113.190613 
113.191528 
113.193054 
113.193970 
113.193970 
113.193970 
113.193970 
113.193665 
113.192749 
113.193054 
113.193054 
113.192749 
113.192749 
113.193054 
113.193054 
113.192749 
113.193665 
113.193665 
113.194275 
113.194275 
113.194275 
113.193054 
113.191528 
113.191223 
113.190918 
113.191223 
113.191528 
113.191528 
113.191833 
113.192139 
113.192139 
113.192749 
113.192139 
113.192444 
113.192139 
113.192139 
113.191833 
113.191833 
113.190918 
113.190613 
113.190918 
113.191833 
113.193359 
113.193970 
113.194275 
113.193970 
113.193665 
113.193665 
113.193359 
113.193054 
113.193054 
113.193054 
113.192749 
113.192749 
113.193054 
113.193054 
113.193359 
113.193665 
113.193970 
113.194885 
113.194275 
113.193359 
113.191833 
113.191528 
113.191223 
113.191223 
113.191528 
113.191528 
113.191833 
113.192139 
113.192444 
113.192749 
113.192139 
113.192444 
113.192444 
113.191833 
113.192139 
113.191528 
113.191223 
113.190613 
113.190613 
113.192139 
113.193054 
113.193970 
113.194275 
113.193665 
113.193665 
113.193665 
113.193359 
113.193054 
113.193054 
113.192749 
113.192749 
113.193054 
113.192749 
113.192749 
113.193359 
113.193970 
113.193359 
113.194275 
113.194580 
113.193054 
113.191528 
113.191223 
113.190918 
113.190613 
113.191223 
113.191528 
113.191528 
113.191833 
113.191833 
113.192139 
113.191833 
113.191833 
113.191528 
113.191833 
113.191528 
113.191223 
113.190918 
113.190918 
113.190613 
113.191528 
113.193054 
113.193665 
113.193970 
113.193970 
113.193359 
113.193359 
113.193054 
113.193054 
113.192749 
113.192749 
113.192749 
113.192749 
113.193359 
113.193054 
113.193054 
113.193970 
113.194275 
113.194580 
113.194275 
113.193054 
113.191528 
113.191223 
113.191223 
113.190613 
113.191528 
113.191528 
113.191833 
113.191833 
113.191833 
113.192444 
113.191833 
113.192139 
113.191833 
113.191833 
113.191528 
113.191528 
113.190918 
113.190613 
113.190613 
113.191833 
113.193054 
113.193970 
113.193970 
113.193665 
113.193970 
113.193665 
113.193054 
113.193054 
113.192749 
113.192749 
113.192749 
113.193054 
113.193054 
113.193359 
113.193054 
113.193665 
113.193970 
113.194275 
113.194275 
113.193359 
113.191833 
113.190918 
113.190918 
113.190918 
113.191223 
113.191223 
113.191833 
113.191833 
113.191833 
113.192139 
113.192139 
113.191833 
113.192139 
113.192444 
113.191223 
113.191223 
113.190613 
113.190308 
113.190918 
113.191833 
113.192749 
113.193665 
113.193970 
113.193359 
113.193359 
113.193359 
113.193054 
113.192444 
113.192749 
113.192749 
113.193054 
113.192444 
113.192444 
113.192444 
113.192749 
113.193359 
113.194275 
113.194275 
113.194275 
113.193359 
113.191528 
113.190918 
113.190308 
113.190918 
113.191528 
113.191528 
113.192139 
113.191833 
113.192139 
113.192139 
113.192444 
113.191528 
113.191833 
113.192139 
113.191528 
113.191528 
113.190918 
113.190002 
113.190613 
113.192139 
113.193359 
113.193970 
113.193970 
113.194275 
113.193665 
113.193359 
113.193054 
113.193054 
113.192749 
113.193054 
113.192749 
113.192749 
113.193054 
113.193054 
113.193359 
113.193359 
113.193970 
113.194275 
113.194275 
113.193054 
113.191528 
113.190918 
113.190918 
113.191223 
113.190918 
113.191528 
113.191528 
113.191833 
113.191833 
113.192139 
113.192139 
113.191528 
113.192139 
113.191833 
113.191223 
113.191223 
113.190918 
113.190308 
113.190918 
113.191833 
113.193359 
113.193359 
113.193970 
113.193665 
113.193359 
113.193359 
113.193054 
113.192749 
113.192444 
113.193054 
113.192444 
113.192444 
113.193054 
113.193359 
113.193054 
113.193359 
113.194275 
113.194580 
113.193970 
113.193359 
113.191528 
113.190308 
113.190918 
113.190918 
113.191223 
113.191223 
113.191223 
113.191528 
113.191833 
113.191833 
113.191528 
113.191833 
113.191528 
113.191528 
113.191223 
113.191528 
113.190613 
113.190002 
113.190613 
113.191223 
113.192749 
113.193359 
113.193665 
113.193359 
113.193665 
113.193054 
113.192749 
113.192749 
113.192139 
113.192749 
113.192749 
113.192444 
113.192749 
113.192749 
113.193054 
113.193359 
113.194275 
113.194275 
113.193665 
113.193359 
113.191223 
113.190308 
113.190308 
113.191223 
113.191223 
113.191528 
113.191833 
113.191833 
113.192139 
113.191833 
113.192139 
113.191528 
113.192139 
113.191833 
113.191528 
113.191223 
113.190918 
113.190308 
113.190002 
113.191528 
113.193054 
113.193359 
113.194275 
113.193359 
113.193359 
113.193359 
113.193054 
113.192749 
113.192444 
113.192749 
113.192749 
113.193054 
113.192749 
113.192749 
113.193054 
113.193665 
113.193665 
113.194275 
113.193970 
113.193054 
113.191833 
113.190613 
113.190613 
113.190918 
113.190918 
113.191528 
113.191528 
113.192139 
113.191833 
113.191833 
113.192139 
113.192139 
113.191833 
113.192139 
113.191528 
113.190918 
113.190613 
113.190308 
113.190308 
113.191833 
113.192749 
113.193054 
113.193665 
113.193665 
113.193054 
113.193359 
113.193054 
113.192749 
113.192139 
113.192749 
113.192749 
113.192444 
113.192444 
113.192444 
113.193054 
113.193054 
113.193665 
113.193970 
113.193970 
113.192749 
113.191223 
113.190613 
113.190613 
113.190613 
113.191223 
113.190918 
113.191528 
113.191833 
113.192139 
113.192139 
113.192139 
113.191833 
113.191833 
113.191528 
113.191528 
113.190918 
113.190918 
113.190308 
113.190308 
113.191223 
113.193054 
113.193665 
113.193359 
113.193665 
113.193054 
113.192749 
113.192444 
113.192444 
113.192139 
113.192444 
113.192749 
113.192444 
113.192749 
113.193054 
113.192749 
113.193359 
113.193665 
113.194275 
113.193970 
113.192749 
113.191528 
113.190918 
113.190918 
113.191223 
113.190613 
113.191528 
113.191223 
113.191833 
113.191833 
113.191833 
113.191833 
113.191833 
113.191528 
113.191528 
113.191528 
113.191223 
113.190918 
113.190308 
113.190613 
113.191223 
113.193359 
113.193359 
113.193970 
113.193359 
113.193359 
113.193359 
113.192749 
113.192444 
113.192749 
113.192444 
113.192444 
113.192749 
113.192749 
113.193054 
113.193054 
113.193359 
113.193970 
113.194275 
113.193970 
113.192749 
113.191528 
113.190613 
113.190613 
113.191223 
113.190918 
113.190918 
113.191528 
113.191833 
113.191528 
113.192139 
113.192139 
113.191833 
113.191528 
113.191528 
113.191528 
113.190918 
113.190308 
113.190308 
113.190308 
113.191223 
113.192139 
113.193359 
113.193359 
113.193359 
113.193054 
113.192749 
113.192139 
113.192139 
113.192749 
113.192444 
113.192749 
113.192444 
113.192139 
113.192139 
113.192749 
113.193665 
113.193054 
113.194275 
113.193970 
113.192749 
113.191223 
113.190613 
113.190308 
113.190613 
113.191223 
113.191223 
113.191528 
113.191833 
113.191833 
113.191528 
113.191833 
113.191833 
113.191833 
113.191528 
113.191223 
113.191223 
113.190613 
113.190308 
113.190308 
113.191833 
113.193054 
113.193359 
113.193665 
113.193665 
113.193054 
113.192749 
113.192749 
113.192444 
113.192444 
113.192444 
113.192444 
113.192444 
113.193359 
113.192749 
113.193054 
113.193359 
113.193970 
113.193665 
113.193970 
113.192444 
113.191528 
113.190918 
113.190918 
113.190918 
113.190918 
113.191528 
113.191528 
113.191833 
113.191833 
113.191833 
113.191528 
113.192139 
113.191833 
113.191528 
113.191528 
113.191528 
113.190613 
113.190308 
113.190613 
113.191528 
113.192749 
113.193359 
113.193665 
113.193054 
113.193054 
113.193054 
113.192444 
113.192749 
113.192444 
113.192444 
113.192444 
113.192139 
113.192139 
113.192749 
113.193054 
113.193054 
113.193359 
113.193665 
113.193970 
113.192444 
113.191528 
113.190308 
113.190918 
113.190918 
113.190918 
113.190918 
113.191223 
113.191528 
113.191833 
113.191833 
113.191833 
113.191528 
113.191833 
113.191528 
113.191223 
113.191223 
113.190308 
113.190308 
113.190308 
113.191223 
113.192749 
113.193359 
113.193665 
113.193359 
113.192749 
113.192749 
113.192444 
113.192139 
113.192749 
113.192139 
113.192139 
113.192749 
113.192139 
113.192444 
113.192749 
113.193359 
113.193665 
113.194275 
113.193970 
113.192139 
113.191223 
113.190918 
113.190613 
113.190918 
113.190918 
113.191223 
113.191223 
113.191833 
113.191833 
113.192139 
113.192139 
113.191833 
113.191833 
113.191528 
113.191223 
113.190918 
113.190613 
113.190002 
113.190613 
113.191528 
113.193054 
113.193359 
113.193665 
113.193359 
113.193359 
113.193054 
113.192444 
113.192139 
113.192444 
113.192749 
113.192139 
113.192139 
113.192749 
113.192444 
113.192749 
113.193359 
113.193665 
113.193970 
113.193970 
113.192749 
113.191223 
113.190918 
113.190613 
113.191223 
113.191223 
113.191223 
113.191528 
113.191833 
113.191833 
113.191833 
113.191833 
113.191833 
113.191528 
113.191833 
113.191223 
113.190918 
113.190613 
113.190308 
113.190308 
113.191528 
113.193359 
113.193665 
113.193359 
113.193359 
113.193359 
113.192749 
113.192444 
113.192444 
113.192444 
113.192444 
113.192444 
113.192444 
113.192444 
113.192749 
113.193054 
113.193054 
113.193970 
113.193970 
113.193970 
113.192749 
113.191223 
113.190613 
113.190613 
113.191223 
113.190918 
113.190918 
113.191833 
113.191833 
113.191833 
113.191833 
113.191833 
113.191833 
113.191833 
113.191528 
113.191223 
113.190918 
113.190308 
113.190002 
113.190308 
113.191223 
113.192749 
113.193359 
113.193359 
113.193359 
113.193054 
113.192749 
113.192749 
113.192444 
113.192139 
113.192749 
113.192444 
113.192139 
113.192444 
113.193054 
113.192444 
113.193359 
113.193665 
113.193970 
113.193665 
113.192749 
113.191528 
113.190308 
113.190918 
113.190918 
113.191223 
113.190918 
113.191528 
113.191833 
113.191833 
113.191833 
113.191833 
113.191833 
113.191528 
113.191833 
113.191528 
113.191223 
113.190613 
113.190308 
113.190613 
113.191833 
113.192749 
113.193359 
113.193665 
113.193359 
113.193054 
113.192749 
113.192749 
113.192444 
113.192444 
113.192444 
113.192749 
113.192444 
113.192444 
113.192749 
113.192749 
113.193359 
113.193665 
113.193970 
113.193665 
113.192749 
113.191223 
113.190308 
113.190613 
113.190918 
113.190918 
113.190918 
113.191528 
113.191833 
113.191528 
113.191528 
113.192139 
113.191528 
113.191528 
113.191528 
113.190918 
113.190918 
113.190613 
113.190002 
113.190308 
113.191223 
113.192444 
113.193359 
113.193665 
113.193359 
113.192749 
113.192749 
113.192749 
113.192444 
113.192139 
113.192444 
113.192139 
113.192444 
113.192444 
113.192749 
113.193054 
113.193054 
113.193665 
113.193665 
113.193970 
113.193054 
113.190918 
113.190308 
113.190613 
113.190613 
113.190918 
113.191223 
113.191528 
113.191833 
113.191528 
113.191528 
113.190613 
113.190613 
113.189697 
113.188782 
113.187561 
113.186340 
113.184509 
113.182678 
113.181152 
113.180237 
113.179321 
113.177490 
113.174744 
113.171387 
113.167725 
113.163452 
113.158875 
113.153687 
113.148804 
113.143311 
113.137817 
113.132324 
113.125916 
113.118896 
113.112488 
113.105774 
113.098145 
113.090820 
113.082886 
113.073120 
113.062439 
113.052368 
113.043213 
113.033447 
113.024292 
113.014832 
113.005066 
112.994690 
112.984924 
112.974243 
112.963562 
112.952881 
112.941895 
112.930908 
112.919617 
112.908325 
112.896423 
112.884216 
112.873230 
112.862854 
112.853088 
112.842407 
112.831421 
112.820129 
112.808228 
112.796021 
112.784729 
112.773132 
112.761841 
112.749939 
112.738647 
112.727051 
112.716370 
112.704773 
112.694092 
112.683105 
112.672729 
112.661743 
112.650757 
112.638245 
112.626343 
112.614441 
112.603760 
112.593384 
112.582092 
112.571411 
112.561646 
112.550659 
112.540588 
112.529907 
112.519226 
112.509155 
112.498779 
112.487793 
112.477112 
112.466736 
112.455444 
112.444458 
112.434692 
112.424927 
112.415771 
112.406311 
112.396240 
112.385864 
112.374878 
112.364807 
112.353821 
112.343140 
112.332764 
112.322083 
112.311707 
112.301636 
112.291565 
112.281494 
112.270813 
112.260742 
112.250977 
112.240906 
112.229919 
112.218933 
112.207031 
112.196350 
112.185059 
112.174683 
112.164917 
112.154541 
112.144470 
112.134705 
112.124329 
112.113953 
112.103577 
112.093506 
112.082825 
112.072144 
112.061462 
112.050781 
112.040100 
112.029114 
112.018433 
112.009277 
112.000427 
111.990662 
111.980896 
111.969910 
111.959534 
111.948547 
111.937561 
111.927185 
111.916504 
111.905823 
111.895447 
111.885071 
111.875000 
111.864319 
111.854248 
111.844177 
111.834106 
111.824341 
111.813965 
111.802368 
111.790466 
111.779175 
111.768188 
111.758118 
111.748047 
111.737976 
111.727905 
111.717834 
111.707764 
111.697388 
111.687012 
111.677246 
111.666565 
111.655579 
111.645508 
111.634521 
111.623535 
111.612854 
111.603088 
111.593628 
111.584167 
111.575012 
111.564636 
111.554565 
111.544189 
111.533203 
111.522522 
111.512146 
111.501770 
111.491394 
111.480103 
111.469727 
111.459351 
111.449280 
111.439514 
111.429138 
111.419373 
111.409607 
111.398926 
111.387634 
111.376343 
111.364746 
111.354370 
111.343994 
111.333618 
111.323547 
111.312866 
111.303406 
111.293640 
111.282959 
111.272278 
111.262817 
111.252136 
111.241760 
111.231079 
111.220703 
111.209412 
111.198730 
111.188660 
111.179504 
111.170044 
111.160583 
111.150208 
111.139832 
111.129761 
111.119080 
111.108093 
111.097717 
111.087036 
111.076660 
111.066284 
111.055908 
111.045837 
111.035461 
111.026001 
111.015015 
111.004944 
110.995789 
110.984802 
110.973511 
110.961609 
110.950317 
110.939636 
110.930176 
110.919800 
110.909424 
110.899353 
110.889282 
110.879822 
110.869141 
110.858459 
110.848083 
110.838013 
110.827332 
110.817261 
110.806580 
110.795593 
110.784607 
110.774536 
110.765381 
110.756226 
110.746765 
110.737000 
110.726318 
110.715942 
110.705261 
110.694275 
110.683899 
110.673218 
110.662842 
110.652466 
110.642090 
110.632324 
110.621338 
110.611572 
110.602112 
110.592041 
110.582275 
110.572205 
110.560303 
110.549011 
110.537720 
110.527039 
110.517273 
110.507202 
110.497131 
110.486450 
110.476990 
110.467224 
110.456848 
110.447083 
110.436707 
110.426025 
110.415955 
110.405884 
110.394897 
110.383606 
110.373535 
110.363159 
110.353394 
110.345154 
110.335693 
110.325623 
110.314941 
110.304871 
110.293884 
110.283203 
110.272827 
110.262451 
110.252380 
110.242310 
110.232849 
110.223389 
110.214844 
110.205688 
110.197449 
110.189819 
110.182190 
110.174255 
110.166321 
110.158081 
110.150757 
110.144348 
110.138550 
110.133972 
110.129395 
110.125427 
110.121460 
110.118713 
110.115662 
110.112610 
110.110779 
110.108643 
110.106506 
110.105286 
110.103149 
110.102234 
110.101624 
110.100708 
110.101624 
110.102844 
110.104065 
110.103760 
110.103760 
110.103760 
110.103455 
110.103149 
110.103149 
110.102844 
110.102844 
110.103455 
110.103455 
110.104065 
110.104065 
110.104980 
110.105591 
110.106201 
110.106812 
110.107117 
110.106506 
110.104980 
110.104675 
110.104370 
110.104980 
110.105591 
110.105896 
110.106201 
110.107117 
110.107422 
110.108032 
110.107727 
110.107727 
110.108032 
110.108337 
110.108337 
110.108032 
110.107422 
110.106812 
110.107422 
110.108948 
110.109558 
110.111389 
110.111389 
110.110779 
110.111084 
110.110779 
110.110474 
110.110474 
110.110168 
110.109863 
110.110474 
110.110168 
110.110474 
110.110474 
110.110779 
110.111694 
110.111084 
110.112000 
110.111389 
110.110779 
110.109558 
110.108337 
110.108337 
110.108032 
110.108643 
110.108643 
110.109558 
110.109253 
110.109558 
110.109253 
110.109558 
110.109558 
110.109253 
110.109558 
110.108643 
110.108337 
110.108032 
110.108337 
110.108032 
110.108948 
110.110168 
110.111389 
110.111084 
110.111084 
110.111084 
110.110779 
110.110168 
