Blum, K. P., D’Incamps, B. L., Zytnicki, D., & Ting, L. H. (2017).
Force encoding in muscle spindles during stretch of
passive muscle. PLoS computational biology, 13(9), 
e1005767. <https://journals.plos.org/ploscompbiol/article?
id=10.1371/journal.pcbi.1005767>

cat medial gastrocnemius muscle lengths over t  (in 0.0005 s increments)
110.110168 
110.110474 
110.110474 
110.110474 
110.110779 
110.110474 
110.110474 
110.111389 
110.111694 
110.111694 
110.112000 
110.110779 
110.108643 
110.108643 
110.108337 
110.108643 
110.108643 
110.109253 
110.109558 
110.109253 
110.110168 
110.109558 
110.109558 
110.109863 
110.109253 
110.109558 
110.109253 
110.108948 
110.108032 
110.107727 
110.108032 
110.109558 
110.110779 
110.111084 
110.112000 
110.111694 
110.110779 
110.111084 
110.110779 
110.110474 
110.110474 
110.110474 
110.110474 
110.110474 
110.110474 
110.110474 
110.110474 
110.111389 
110.111389 
110.111694 
110.111694 
110.110779 
110.109253 
110.108643 
110.108643 
110.108948 
110.108948 
110.108643 
110.109558 
110.109558 
110.109558 
110.109558 
110.109253 
110.109558 
110.109863 
110.109253 
110.109558 
110.108643 
110.108032 
110.108337 
110.108337 
110.109253 
110.110779 
110.111389 
110.111084 
110.111694 
110.111084 
110.110779 
110.110474 
110.110168 
110.110168 
110.109863 
110.110168 
110.110474 
110.110168 
110.110474 
110.110779 
110.111084 
110.111694 
110.112000 
110.111694 
110.110474 
110.109253 
110.108643 
110.108337 
110.108948 
110.108948 
110.108948 
110.108948 
110.109863 
110.109558 
110.109253 
110.109558 
110.109558 
110.109558 
110.109558 
110.109253 
110.108643 
110.108643 
110.108643 
110.108948 
110.109863 
110.112305 
110.114441 
110.115662 
110.116272 
110.118103 
110.119019 
110.121460 
110.122986 
110.126038 
110.128479 
110.132141 
110.136108 
110.140076 
110.145569 
110.150452 
110.156250 
110.162354 
110.168762 
110.174866 
110.180359 
110.186157 
110.192566 
110.199890 
110.207520 
110.216370 
110.224915 
110.233459 
110.242920 
110.252380 
110.261536 
110.270996 
110.280762 
110.290222 
110.300293 
110.310059 
110.320435 
110.330811 
110.341492 
110.352478 
110.365295 
110.378723 
110.392151 
110.404358 
110.416870 
110.429077 
110.442200 
110.454712 
110.467529 
110.480042 
110.492859 
110.505676 
110.518188 
110.530396 
110.542603 
110.554810 
110.566406 
110.578308 
110.589600 
110.600891 
110.609436 
110.618591 
110.628052 
110.637817 
110.647888 
110.657654 
110.667725 
110.677795 
110.687866 
110.697327 
110.707092 
110.716553 
110.725403 
110.734863 
110.743713 
110.752258 
110.760803 
110.769348 
110.777893 
110.786743 
110.796814 
110.807495 
110.817261 
110.826111 
110.835266 
110.844116 
110.852966 
110.862122 
110.870972 
110.880432 
110.889893 
110.899353 
110.908813 
110.918274 
110.928345 
110.938110 
110.948792 
110.959167 
110.968933 
110.978699 
110.987854 
110.996399 
111.005249 
111.015320 
111.026001 
111.035767 
111.046448 
111.057129 
111.067810 
111.078186 
111.088867 
111.098938 
111.109619 
111.119690 
111.130066 
111.140137 
111.150513 
111.159973 
111.170349 
111.181335 
111.192322 
111.204529 
111.215820 
111.226501 
111.236572 
111.247253 
111.257324 
111.267090 
111.277771 
111.288147 
111.297913 
111.308899 
111.319275 
111.329651 
111.340332 
111.351318 
111.362000 
111.373291 
111.383667 
111.393738 
111.403503 
111.412354 
111.421814 
111.431580 
111.441956 
111.452332 
111.463623 
111.473999 
111.484985 
111.495361 
111.505737 
111.516113 
111.526184 
111.536255 
111.546936 
111.556396 
111.566772 
111.576538 
111.586304 
111.596680 
111.607971 
111.619568 
111.630859 
111.641235 
111.651611 
111.661072 
111.671143 
111.681519 
111.690979 
111.701050 
111.711426 
111.721191 
111.731567 
111.742249 
111.752319 
111.762695 
111.772766 
111.784058 
111.794434 
111.804504 
111.813660 
111.822510 
111.831665 
111.841431 
111.851501 
111.861877 
111.872559 
111.883240 
111.893921 
111.903992 
111.914368 
111.924438 
111.935120 
111.944885 
111.954956 
111.965027 
111.975098 
111.984863 
111.994629 
112.005005 
112.015991 
112.027893 
112.038574 
112.049561 
112.059937 
112.069397 
112.079773 
112.089539 
112.100220 
112.109985 
112.120361 
112.130737 
112.140808 
112.151794 
112.161865 
112.172852 
112.182922 
112.194214 
112.204590 
112.214355 
112.224426 
112.233276 
112.242737 
112.252502 
112.262878 
112.274170 
112.284546 
112.295227 
112.305603 
112.316284 
112.326965 
112.337036 
112.347412 
112.357788 
112.368164 
112.378540 
112.388306 
112.397766 
112.408142 
112.418213 
112.429810 
112.441711 
112.453003 
112.463379 
112.473755 
112.484131 
112.493896 
112.503662 
112.514343 
112.523804 
112.533875 
112.544861 
112.554626 
112.564697 
112.575989 
112.586975 
112.596741 
112.607727 
112.618103 
112.628479 
112.637939 
112.646790 
112.655945 
112.666016 
112.676392 
112.686462 
112.697144 
112.707825 
112.717896 
112.728882 
112.739258 
112.749329 
112.759705 
112.769775 
112.779541 
112.789612 
112.799377 
112.809143 
112.818909 
112.829285 
112.840576 
112.852173 
112.862854 
112.873840 
112.883606 
112.893677 
112.903748 
112.913818 
112.923889 
112.933350 
112.943726 
112.954102 
112.963867 
112.973938 
112.984924 
112.994995 
113.005676 
113.015442 
113.026428 
113.035889 
113.044128 
113.052368 
113.061218 
113.070068 
113.079529 
113.088379 
113.096619 
113.105469 
113.113708 
113.121338 
113.128662 
113.135681 
113.142700 
113.149414 
113.155212 
113.161011 
113.165588 
113.170776 
113.175049 
113.179626 
113.184814 
113.190308 
113.194885 
113.197937 
113.200684 
113.202820 
113.204956 
113.206482 
113.208008 
113.210144 
113.211670 
113.213196 
113.214722 
113.215637 
113.216553 
113.217163 
113.218079 
113.218994 
113.219910 
113.220215 
113.218994 
113.217773 
113.217163 
113.216858 
113.216553 
113.216858 
113.216553 
113.216858 
113.216858 
113.216553 
113.216248 
113.215942 
113.215332 
113.215027 
113.214417 
113.213501 
113.212585 
113.211670 
113.211060 
113.210144 
113.210144 
113.211365 
113.211670 
113.210754 
113.210144 
113.210144 
113.208923 
113.207703 
113.206787 
113.206177 
113.205261 
113.204956 
113.204651 
113.204346 
113.203735 
113.203735 
113.203735 
113.203430 
113.203735 
113.203125 
113.201904 
113.200378 
113.199158 
113.198853 
113.198242 
113.199158 
113.199158 
113.198853 
113.199158 
113.199463 
113.198853 
113.198853 
113.199158 
113.198853 
113.198242 
113.198242 
113.197327 
113.197021 
113.196411 
113.196716 
113.197632 
113.199158 
113.199768 
113.200073 
113.199768 
113.199768 
113.199463 
113.199158 
113.199158 
113.198853 
113.198547 
113.198853 
113.198547 
113.199158 
113.199158 
113.199463 
113.199768 
113.199768 
113.200378 
113.200684 
113.199463 
113.198547 
113.197327 
113.196716 
113.197021 
113.197327 
113.197632 
113.197937 
113.198547 
113.198242 
113.198242 
113.197937 
113.198242 
113.197937 
113.197632 
113.197327 
113.197021 
113.196411 
113.195801 
113.195801 
113.196411 
113.197937 
113.198547 
113.198547 
113.198242 
113.197632 
113.197327 
113.197021 
113.196411 
113.196411 
113.196411 
113.196411 
113.196106 
113.195496 
113.196106 
113.196106 
113.196411 
113.196716 
113.197021 
113.196716 
113.195190 
113.193665 
113.193054 
113.192444 
113.193054 
113.193054 
113.193054 
113.193359 
113.193665 
113.193665 
113.193359 
113.193359 
113.193665 
113.193665 
113.193054 
113.193054 
113.192444 
113.191833 
113.191833 
113.191528 
113.193054 
113.194275 
113.195496 
113.194885 
113.195496 
113.194885 
113.194580 
113.194885 
113.193970 
113.194275 
113.194580 
113.194275 
113.194885 
113.194580 
113.194885 
113.195190 
113.195801 
113.196106 
113.196716 
113.197021 
113.195801 
113.194580 
113.193665 
113.193665 
113.193665 
113.193970 
113.194885 
113.194885 
113.195496 
113.195496 
113.195801 
113.195801 
113.195801 
113.195801 
113.196106 
113.195801 
113.195496 
113.194580 
113.194580 
113.195190 
113.195801 
113.197021 
113.198242 
113.198242 
113.197937 
113.197937 
113.197632 
113.197632 
113.197632 
113.197021 
113.197021 
113.197021 
113.197327 
113.197327 
113.197632 
113.197327 
113.198242 
113.198242 
113.198853 
113.198853 
113.197021 
113.196106 
113.195496 
113.194885 
113.194885 
113.194885 
113.195801 
113.195496 
113.195496 
113.195801 
113.195801 
113.195496 
113.195801 
113.195190 
113.195190 
113.195190 
113.194580 
113.193970 
113.193359 
113.193054 
113.194885 
113.195496 
113.196411 
113.196716 
113.196106 
113.196411 
113.195190 
113.194885 
113.195190 
113.194580 
113.194580 
113.194580 
113.194580 
113.194580 
113.195190 
113.194580 
113.195190 
113.195496 
113.195496 
113.195801 
113.194885 
113.193359 
113.192749 
113.192444 
113.192749 
113.193054 
113.192749 
113.193359 
113.193359 
113.193665 
113.193665 
113.193970 
113.193054 
113.194275 
113.193970 
113.193359 
113.193665 
113.192749 
113.192139 
113.192139 
113.193665 
113.194885 
113.195190 
113.195801 
113.195801 
113.195496 
113.195190 
113.195190 
113.194580 
113.194275 
113.194580 
113.195190 
113.194885 
113.195190 
113.195190 
113.195190 
113.195801 
113.195801 
113.196716 
113.196106 
113.195496 
113.193970 
113.193054 
113.193359 
113.193665 
113.193970 
113.193665 
113.194275 
113.194275 
113.194275 
113.193970 
113.194580 
113.194275 
113.194580 
113.194580 
113.193665 
113.193665 
113.193359 
113.192749 
113.192749 
113.193970 
113.195496 
113.195496 
113.196106 
113.195801 
113.195496 
113.195190 
113.194885 
113.195190 
113.194580 
113.194580 
113.194580 
113.194275 
113.195190 
113.194580 
113.194580 
113.194885 
113.195496 
113.196106 
113.196106 
113.195190 
113.193970 
113.192444 
113.192444 
113.192444 
113.192749 
113.192749 
113.193054 
113.193054 
113.193359 
113.193665 
113.193665 
113.193359 
113.193359 
113.193054 
113.193054 
113.192444 
113.192444 
113.191833 
113.191528 
113.193054 
113.193970 
113.194885 
113.194580 
113.195190 
113.194580 
113.194580 
113.193970 
113.193970 
113.193665 
113.193970 
113.193665 
113.193665 
113.193665 
113.193970 
113.194275 
113.194580 
113.195190 
113.195801 
113.195496 
113.194275 
113.193054 
113.192139 
113.192444 
113.192139 
113.192749 
113.192444 
113.192749 
113.192749 
113.193054 
113.193054 
113.193054 
113.193054 
113.193359 
113.193054 
113.192749 
113.192139 
113.191833 
113.191528 
113.191528 
113.192749 
113.193970 
113.194885 
113.195190 
113.194885 
113.194885 
113.194580 
113.194275 
113.194275 
113.193970 
113.194275 
113.193970 
113.194580 
113.193970 
113.194275 
113.194580 
113.194580 
113.195190 
113.195801 
113.195801 
113.194580 
113.193359 
113.192749 
113.192444 
113.192749 
113.192749 
113.193054 
113.193054 
113.193665 
113.193665 
113.193970 
113.193970 
113.193970 
113.193359 
113.193665 
113.193054 
113.192749 
113.192749 
113.192139 
113.192139 
113.193359 
113.194580 
113.195496 
113.195496 
113.194885 
113.195190 
113.194580 
113.194885 
113.194580 
113.194275 
113.194275 
113.194580 
113.194580 
113.194275 
113.194275 
113.194580 
113.194885 
113.195190 
113.195496 
113.195801 
113.194580 
113.193359 
113.192444 
113.192139 
113.192139 
113.192444 
113.193054 
113.192749 
113.193359 
113.193054 
113.193665 
113.193054 
113.193359 
113.193054 
113.193054 
113.193054 
113.192444 
113.191833 
113.191833 
113.191833 
113.192749 
113.193970 
113.194885 
113.194885 
113.194580 
113.194580 
113.194275 
113.193970 
113.193665 
113.193665 
113.193970 
113.193359 
113.193359 
113.193665 
113.193665 
113.193970 
113.194275 
113.194580 
113.194885 
113.195190 
113.193970 
113.192444 
113.191528 
113.191528 
113.191223 
113.192139 
113.192139 
113.192139 
113.192444 
113.192749 
113.192749 
113.192749 
113.193054 
113.192444 
113.192749 
113.192444 
113.191833 
113.191528 
113.191528 
113.191528 
113.192749 
113.193970 
113.194885 
113.194885 
113.194275 
113.194275 
113.194275 
113.194275 
113.193665 
113.193970 
113.193970 
113.193970 
113.193665 
113.193970 
113.194275 
113.194275 
113.194580 
113.194885 
113.195496 
113.195496 
113.194275 
113.193054 
113.191833 
113.192139 
113.192139 
113.192444 
113.192139 
113.193054 
113.193054 
113.193359 
113.193359 
113.193359 
113.193054 
113.193359 
113.192749 
113.192749 
113.192749 
113.192139 
113.191223 
113.191833 
113.192749 
113.193970 
113.194580 
113.194885 
113.194580 
113.194580 
113.194580 
113.193665 
113.193665 
113.193970 
113.193665 
113.193665 
113.193665 
113.193665 
113.193665 
113.193970 
113.194580 
113.194885 
113.194885 
113.194885 
113.193970 
113.192749 
113.191528 
113.190918 
113.191528 
113.191528 
113.191223 
113.191833 
113.192139 
113.192139 
113.192139 
113.192444 
113.192444 
113.192139 
113.192444 
113.191528 
113.191528 
113.191223 
113.190918 
113.190613 
113.191528 
113.193359 
113.193665 
113.194275 
113.194275 
113.193665 
113.193054 
113.193054 
113.193054 
113.193054 
113.192749 
113.193359 
113.193359 
113.193359 
113.193665 
113.193359 
113.193665 
113.194275 
113.194580 
113.194580 
113.193665 
113.192139 
113.191223 
113.190918 
113.191223 
113.191833 
113.191833 
113.192139 
113.192444 
113.192749 
113.192749 
113.192749 
113.192749 
113.192444 
113.192749 
113.192749 
113.192139 
113.191528 
113.191528 
113.191223 
113.192444 
113.193970 
113.194885 
113.194580 
113.194580 
113.194580 
113.193970 
113.193970 
113.193970 
113.193665 
113.193665 
113.193665 
113.193665 
113.193359 
113.193970 
113.194275 
113.194580 
113.194580 
113.195190 
113.195190 
113.193970 
113.193054 
113.191833 
113.191528 
113.192139 
113.191833 
113.192444 
113.192444 
113.192749 
113.192444 
113.192444 
113.192139 
113.192749 
113.192444 
113.191833 
113.192444 
113.191833 
113.191223 
113.190918 
113.190613 
113.191528 
113.193054 
113.194275 
113.194275 
113.193970 
113.193970 
113.193359 
113.193359 
113.193054 
113.192749 
113.192749 
113.192749 
113.193054 
113.193054 
113.193359 
113.193665 
113.193970 
113.193970 
113.193970 
113.194275 
113.193054 
113.192444 
113.190918 
113.190613 
113.191528 
113.190918 
113.191223 
113.191528 
113.192139 
113.192139 
113.192139 
113.191833 
113.192139 
113.192139 
113.191833 
113.191833 
113.191528 
113.191223 
113.190918 
113.190918 
113.191528 
113.193359 
113.194275 
113.194275 
113.193970 
113.193970 
113.193665 
113.193054 
113.193359 
113.193054 
113.193054 
113.193359 
113.192749 
113.193665 
113.193359 
113.193970 
113.193665 
113.194580 
113.195190 
113.195190 
113.194275 
113.192749 
113.191833 
113.190918 
113.191528 
113.191528 
113.192139 
113.192444 
113.192444 
113.192444 
113.192749 
113.192444 
113.192444 
113.192749 
113.192139 
113.192444 
113.192139 
113.191528 
113.191223 
113.190918 
113.192139 
113.193665 
113.193970 
113.194580 
113.194580 
113.193970 
113.193665 
113.193359 
113.193054 
113.193359 
113.193359 
113.193054 
113.192749 
113.193359 
113.193359 
113.193359 
113.193970 
113.194275 
113.194580 
113.195190 
113.193970 
113.191833 
113.191223 
113.191223 
113.190613 
113.191223 
113.191833 
113.192139 
113.192139 
113.192139 
113.192139 
113.192139 
113.192139 
113.192139 
113.191833 
113.191528 
113.191833 
113.191223 
113.190613 
113.190613 
113.191528 
113.193054 
113.193970 
113.193970 
113.193970 
113.193665 
113.193665 
113.193054 
113.192749 
113.192749 
113.192444 
113.192749 
113.192749 
113.193054 
113.193054 
113.193054 
113.193665 
113.193970 
113.194275 
113.194580 
113.193359 
113.192139 
113.191528 
113.190918 
113.191223 
113.191528 
113.191528 
113.191833 
113.192139 
113.192139 
113.192444 
113.191833 
113.192444 
113.192139 
113.191833 
113.191833 
113.191223 
113.190918 
113.190918 
113.190918 
113.192139 
113.192749 
113.193970 
113.193665 
113.193665 
113.193665 
113.193359 
113.193054 
113.193359 
113.193054 
113.192749 
113.192749 
113.193054 
113.193054 
113.193054 
113.193054 
113.194275 
113.194275 
113.194580 
113.194580 
113.193970 
113.192139 
113.191528 
113.190918 
113.190918 
113.191528 
113.191223 
113.192139 
113.192139 
113.192444 
113.192139 
113.191833 
113.192139 
113.192139 
113.192139 
113.191833 
113.191528 
113.191223 
113.190613 
113.190613 
113.191528 
113.192749 
113.193665 
113.194275 
113.193665 
113.193359 
113.193359 
113.192749 
113.192749 
113.192749 
113.192749 
113.192444 
113.192749 
113.192749 
113.193359 
113.193054 
113.193665 
113.193665 
113.194275 
113.194275 
113.193359 
113.191833 
113.191223 
113.190918 
113.190918 
113.190918 
113.191528 
113.191223 
113.192139 
113.191833 
113.191833 
113.191528 
113.191833 
113.192139 
113.191833 
113.191223 
113.191223 
113.190918 
113.190308 
113.190308 
113.191528 
113.192749 
113.193359 
113.193665 
113.193665 
113.193054 
113.193359 
113.192749 
113.192749 
113.192749 
113.192749 
113.192749 
113.193054 
113.192749 
113.193359 
113.193359 
113.193665 
113.193970 
113.194580 
113.194275 
113.193665 
113.192139 
113.191223 
113.190918 
113.190918 
113.191223 
113.191833 
113.191833 
113.192139 
113.192139 
113.192139 
113.192444 
113.192444 
113.192444 
113.192139 
113.191528 
113.191528 
113.191223 
113.190308 
113.190613 
113.191528 
113.192749 
113.193970 
113.194275 
113.193359 
113.193359 
113.193665 
113.193054 
113.192749 
113.192444 
113.192749 
113.192749 
113.192444 
113.193054 
113.193054 
113.193359 
113.193054 
113.193970 
113.194275 
113.194275 
113.193970 
113.191833 
113.191223 
113.191223 
113.191223 
113.191223 
113.191223 
113.191833 
113.191833 
113.192139 
113.192139 
113.191833 
113.191833 
113.192139 
113.191833 
113.191223 
113.191528 
113.190613 
113.190308 
113.190002 
113.191528 
113.192749 
113.193665 
113.193665 
113.193054 
113.193054 
113.193054 
113.192749 
113.192444 
113.192749 
113.192444 
113.192749 
113.192749 
113.193054 
113.192749 
113.193054 
113.193665 
113.193665 
113.193970 
113.194275 
113.193054 
113.191833 
113.190918 
113.191223 
113.190918 
113.190918 
113.191528 
113.191528 
113.191833 
113.191833 
113.192139 
113.192139 
113.191833 
113.191833 
113.191833 
113.191833 
113.191528 
113.190918 
113.190002 
113.190308 
113.191528 
113.192444 
113.193359 
113.193970 
113.193359 
113.193359 
113.193665 
113.192749 
113.192444 
113.192444 
113.192749 
113.192444 
113.192444 
113.192749 
113.192749 
113.193054 
113.193665 
113.193970 
113.193970 
113.194580 
113.193359 
113.191833 
113.190918 
113.191223 
113.190918 
113.191223 
113.190918 
113.191833 
113.192139 
113.192444 
113.192139 
113.191833 
113.191833 
113.192444 
113.191833 
113.191833 
113.190918 
113.190918 
113.190613 
113.190613 
113.191223 
113.192444 
113.193359 
113.193970 
113.193359 
113.193359 
113.193054 
113.192444 
113.192749 
113.192444 
113.192444 
113.192444 
113.192444 
113.192749 
113.192444 
113.193054 
113.193054 
113.193665 
113.193970 
113.194275 
113.193054 
113.191833 
113.191223 
113.190613 
113.190918 
113.190918 
113.191528 
113.191223 
113.191833 
113.191528 
113.192139 
113.191528 
113.191833 
113.192139 
113.191528 
113.191223 
113.190918 
113.190613 
113.190308 
113.190308 
113.190613 
113.192444 
113.193054 
113.193359 
113.193665 
113.193359 
113.192749 
113.192749 
113.192749 
113.192139 
113.192139 
113.192444 
113.192444 
113.192444 
113.192749 
113.193054 
113.193054 
113.193665 
113.193665 
113.193970 
113.193054 
113.191833 
113.190918 
113.190918 
113.190918 
113.191223 
113.191528 
113.192139 
113.191833 
113.191528 
113.191833 
113.192139 
113.191833 
113.191528 
113.191833 
113.191528 
113.191223 
113.190918 
113.190308 
113.190002 
113.191223 
113.192749 
113.193359 
113.193665 
113.193359 
113.193359 
113.193054 
113.192749 
113.192444 
113.192139 
113.192444 
113.192444 
113.192749 
113.192444 
113.193054 
113.193054 
113.193054 
113.193665 
113.193970 
113.194275 
113.193359 
113.191833 
113.190918 
113.190613 
113.191223 
113.190918 
113.190918 
113.191528 
113.192139 
113.191528 
113.191833 
113.191833 
113.191833 
113.191528 
113.191528 
113.191833 
113.191223 
113.190613 
113.190613 
113.190613 
113.191528 
113.192749 
113.193359 
113.193665 
113.193054 
113.193054 
113.192749 
113.192749 
113.192444 
113.192444 
113.192139 
113.192444 
113.191833 
113.192139 
113.193054 
113.192444 
113.193359 
113.193665 
113.193970 
113.193970 
113.193054 
113.191528 
113.190613 
113.190002 
113.190308 
113.190613 
113.191223 
113.190918 
113.191223 
113.191528 
113.191833 
113.191223 
113.192139 
113.191528 
113.191528 
113.191833 
113.190918 
113.190308 
113.190002 
113.190308 
113.190918 
113.192444 
113.193665 
113.193359 
113.193054 
113.192749 
113.193054 
113.192749 
113.192749 
113.192749 
113.192444 
113.192139 
113.192139 
113.192444 
113.192444 
113.192749 
113.192749 
113.193054 
113.193665 
113.193970 
113.192749 
113.191833 
113.190918 
113.190613 
113.190613 
113.190918 
113.190918 
113.191528 
113.191528 
113.192139 
113.191528 
113.191833 
113.191833 
113.191833 
113.191528 
113.191223 
113.190918 
113.190308 
113.190002 
113.190308 
113.191528 
113.192139 
113.193970 
113.193665 
113.193054 
113.193359 
113.193054 
113.192749 
113.192444 
113.192444 
113.192139 
113.192444 
113.192139 
113.192444 
113.192444 
113.192749 
113.193054 
113.193359 
113.193970 
113.193665 
113.193665 
113.191528 
113.190613 
113.190613 
113.190613 
113.190918 
113.190613 
113.191528 
113.191528 
113.191528 
113.191833 
113.191528 
113.191528 
113.191833 
113.191223 
113.191223 
113.191223 
113.190613 
113.190308 
113.190002 
113.191223 
113.192139 
113.193359 
113.193665 
113.193054 
113.193054 
113.192749 
113.192444 
113.191833 
113.192139 
113.192444 
113.191833 
113.192139 
113.192139 
113.192749 
113.192444 
113.193054 
113.193359 
113.193359 
113.193665 
113.193359 
113.191528 
113.190308 
113.190613 
113.190613 
113.190613 
113.191223 
113.191528 
113.191833 
113.191833 
113.191833 
113.191833 
113.191833 
113.191528 
113.191528 
113.191223 
113.190918 
113.190613 
113.190002 
113.190308 
113.191223 
113.192444 
113.193359 
113.193665 
113.193359 
113.193054 
113.193054 
113.192749 
113.192139 
113.192444 
113.192444 
113.191833 
113.192444 
113.192444 
113.192444 
113.192139 
113.192749 
113.193359 
113.193359 
113.193970 
113.193359 
113.191223 
113.190308 
113.190613 
113.190613 
113.190613 
113.191223 
113.191223 
113.191223 
113.191833 
113.192139 
113.191528 
113.191528 
113.191833 
113.191528 
113.191223 
113.190918 
113.190613 
113.190308 
113.190308 
113.191223 
113.192749 
113.193359 
113.193665 
113.193359 
113.193054 
113.192749 
113.192444 
113.192139 
113.192444 
113.192139 
113.192444 
113.191833 
113.191833 
113.192749 
113.192444 
113.192749 
113.193359 
113.193359 
113.194275 
113.193054 
113.191528 
113.190613 
113.190308 
113.190308 
113.190308 
113.190918 
113.191223 
113.191528 
113.191223 
113.191528 
113.191528 
113.191528 
113.191833 
113.191528 
113.191528 
113.190308 
113.190613 
113.190308 
113.189697 
113.190613 
113.192139 
113.192749 
113.193665 
113.193054 
113.192749 
113.193054 
113.192444 
113.192139 
113.192139 
113.191833 
113.191833 
113.192444 
113.192139 
113.192444 
113.192139 
113.192749 
113.193665 
113.193665 
113.193665 
113.192444 
113.191223 
113.190918 
113.190002 
113.190308 
113.190613 
113.190918 
113.190918 
113.191528 
113.191223 
113.191528 
113.191223 
113.191528 
113.191528 
113.191528 
113.191528 
113.190613 
113.190613 
113.190308 
113.189697 
113.190918 
113.192139 
113.193359 
113.193359 
113.193359 
113.192749 
113.192749 
113.192444 
113.192139 
113.191833 
113.191833 
113.192139 
113.192139 
113.192444 
113.192444 
113.192444 
113.192444 
113.193359 
113.193665 
113.193359 
113.193359 
113.191833 
113.190613 
113.190613 
113.190002 
113.190308 
113.191223 
113.191223 
113.191223 
113.191528 
113.191528 
113.192139 
113.191528 
113.191223 
113.191528 
113.191528 
113.190613 
113.190002 
113.190308 
113.190308 
113.191223 
113.192139 
113.193054 
113.193054 
113.193054 
113.193359 
113.192749 
113.192444 
113.192444 
113.192139 
113.192139 
113.192444 
113.191833 
113.191833 
113.192139 
113.192444 
113.192749 
113.193359 
113.193970 
113.193970 
113.193054 
113.191833 
113.190308 
113.190002 
113.190002 
113.190308 
113.190613 
113.190918 
113.191528 
113.191528 
113.191528 
113.191833 
113.191223 
113.191528 
113.190918 
113.191223 
113.190918 
113.190918 
113.190308 
113.189697 
113.190613 
113.192139 
113.193054 
113.193359 
113.193054 
113.192749 
113.192749 
113.192139 
113.192444 
113.192139 
113.191833 
113.192139 
113.192139 
113.192139 
113.192444 
113.192749 
113.192749 
113.193054 
113.193665 
113.193665 
113.193054 
113.191528 
113.190613 
113.190308 
113.190613 
113.190308 
113.190918 
113.191223 
113.191223 
113.191528 
113.191223 
113.191528 
113.191528 
113.191833 
113.191528 
113.191528 
113.190308 
113.190002 
113.190002 
113.190002 
113.190918 
113.192444 
113.193359 
113.193359 
113.192749 
113.193054 
113.192749 
113.192139 
113.192444 
113.192139 
113.191528 
113.192139 
113.192139 
113.192139 
113.192139 
113.192444 
113.192749 
113.193054 
113.193970 
113.193665 
113.193054 
113.191528 
113.190613 
113.190613 
113.190002 
113.190613 
113.190613 
113.190918 
113.191223 
113.191528 
113.191223 
113.191223 
113.191528 
113.191223 
113.191223 
113.191223 
113.190308 
113.190308 
113.190002 
113.190002 
113.190613 
113.192139 
113.193359 
113.193054 
113.192749 
113.192749 
113.193054 
113.192444 
113.192749 
113.192139 
113.192139 
113.192139 
113.192139 
113.192444 
113.192139 
113.192444 
113.193054 
113.193359 
113.193665 
113.193665 
113.192749 
113.191223 
113.190918 
113.190002 
113.190002 
113.190613 
113.190918 
113.191223 
113.191223 
113.191528 
113.191223 
113.191528 
113.191528 
113.191223 
113.191223 
113.191223 
113.190918 
113.190002 
113.189697 
113.189697 
113.190308 
113.192139 
113.193054 
113.193054 
113.193054 
113.192749 
113.192444 
113.192444 
113.192444 
113.191833 
113.192139 
113.192139 
113.191833 
113.192139 
113.192139 
113.192444 
113.193054 
113.193054 
113.193359 
113.193665 
113.193054 
113.191833 
113.190613 
113.190002 
113.190308 
113.190308 
113.190613 
113.190918 
113.191223 
113.191528 
113.191833 
113.190918 
113.191528 
113.191528 
113.191528 
113.191223 
113.190918 
113.190613 
113.189697 
113.190002 
113.190613 
113.192139 
113.192749 
113.193054 
113.193054 
113.193359 
113.193054 
113.192139 
113.192139 
113.191833 
113.192139 
113.192139 
113.192139 
113.192749 
113.192444 
113.192444 
113.192749 
113.192749 
113.193665 
113.193665 
113.192749 
113.191528 
113.190002 
113.190308 
113.190002 
113.190308 
113.190613 
113.191223 
113.191223 
113.191833 
113.191528 
113.191528 
113.191528 
113.191528 
113.191223 
113.190918 
113.190613 
113.190613 
113.189697 
113.189697 
113.190918 
113.192139 
113.193054 
113.193359 
113.192749 
113.192749 
113.192749 
113.192444 
113.192139 
113.192139 
113.192139 
113.191833 
113.191833 
113.192139 
113.192139 
113.191833 
113.193054 
113.193359 
113.193359 
113.193665 
113.193054 
113.191528 
113.190308 
113.190002 
113.190002 
113.190308 
113.190613 
113.191223 
113.191223 
113.191223 
113.191223 
113.191528 
113.191528 
113.191528 
113.191223 
113.190918 
113.190308 
113.190308 
113.189697 
113.190002 
113.190613 
113.191833 
113.192749 
113.193054 
113.193359 
113.192749 
113.192749 
113.192444 
113.191833 
113.191528 
113.191833 
113.192139 
113.191833 
113.191833 
113.192749 
113.192139 
113.192749 
113.193359 
113.193665 
113.193970 
113.192749 
113.191528 
113.190613 
113.190613 
113.190613 
113.190308 
113.190918 
113.191528 
113.191223 
113.191223 
113.191528 
113.191528 
113.191223 
113.191223 
113.190918 
113.191223 
113.190308 
113.190308 
113.189697 
113.189392 
113.190613 
113.192139 
113.192749 
113.193359 
113.193054 
113.193054 
113.192444 
113.192139 
113.191833 
113.191528 
113.191833 
113.191833 
113.192444 
113.191833 
113.192139 
113.192444 
113.192444 
113.193359 
113.193054 
113.193665 
113.193054 
113.191528 
113.190002 
113.190308 
113.190308 
113.190613 
113.190613 
113.190918 
113.190918 
113.190918 
113.191528 
113.191528 
113.191223 
113.191528 
113.191223 
113.190613 
113.190613 
113.190308 
113.189697 
113.189392 
113.190002 
113.191528 
113.192749 
113.193054 
113.192749 
113.192749 
113.192139 
113.192444 
113.192444 
113.191833 
113.191528 
113.192139 
113.192139 
113.191833 
113.192139 
113.192444 
113.192444 
113.192749 
113.193359 
113.193665 
113.192749 
113.191528 
113.190308 
113.189697 
113.190308 
113.190308 
113.190613 
113.190918 
113.191528 
113.191528 
113.191528 
113.191528 
113.191528 
113.190918 
113.191223 
113.191223 
113.191223 
113.190308 
113.190002 
113.190002 
113.190613 
113.192139 
113.193054 
113.193054 
113.192749 
113.192749 
113.192444 
113.192444 
113.192139 
113.192139 
113.191528 
113.192139 
113.191833 
113.192139 
113.192139 
113.192444 
113.193054 
113.193054 
113.193054 
113.193359 
113.193054 
113.191223 
113.190308 
113.190002 
113.190002 
113.190308 
113.190613 
113.190613 
113.191223 
113.191528 
113.191223 
113.191528 
113.191223 
113.190918 
113.190918 
113.191223 
113.190918 
113.190308 
113.190002 
113.189697 
113.190308 
113.191833 
113.193054 
113.193054 
113.193054 
113.192749 
113.192139 
113.192139 
113.191833 
113.191528 
113.191833 
113.191528 
113.191833 
113.191833 
113.192139 
113.192749 
113.193054 
113.193054 
113.193359 
113.193665 
113.192749 
113.190918 
113.190308 
113.190308 
113.190002 
113.190308 
113.190613 
113.191223 
113.191223 
113.191528 
113.191223 
113.191528 
113.191528 
113.191528 
113.191223 
113.191223 
113.190918 
113.190308 
113.190002 
113.189697 
113.190308 
113.191833 
113.192749 
113.192749 
113.192749 
113.192444 
113.191528 
113.190613 
113.190308 
113.188782 
113.187561 
113.186951 
113.185425 
113.184204 
113.182373 
113.180542 
113.178101 
113.175964 
113.173828 
113.170471 
113.165588 
113.160400 
113.154907 
113.149414 
113.144836 
113.139343 
113.133850 
113.128052 
113.122253 
113.115540 
113.108826 
113.101501 
113.093262 
113.085327 
113.076782 
113.067627 
113.058472 
113.049011 
113.038635 
113.029480 
113.020325 
113.011475 
113.002014 
112.992249 
112.981262 
112.970886 
112.959900 
112.948914 
112.937622 
112.926331 
112.915039 
112.903748 
112.892151 
112.880554 
112.869873 
112.858582 
112.847595 
112.836304 
112.825928 
112.814331 
112.801819 
112.789307 
112.776794 
112.765198 
112.753601 
112.742615 
112.731018 
112.720032 
112.709656 
112.698364 
112.687378 
112.676392 
112.665405 
112.653809 
112.642822 
112.631836 
112.620239 
112.609558 
112.597961 
112.587280 
112.576294 
112.567139 
112.557678 
112.547302 
112.536621 
112.525940 
112.514648 
112.503967 
112.493591 
112.482605 
112.471924 
112.461548 
112.451172 
112.441101 
112.430725 
112.420349 
112.410278 
112.400208 
112.391052 
112.380676 
112.369385 
112.357788 
112.346497 
112.335815 
112.325745 
112.315369 
112.305298 
112.295227 
112.285156 
112.275696 
112.265015 
112.254639 
112.244873 
112.233887 
112.223816 
112.213135 
112.202759 
112.192078 
112.181091 
112.170410 
112.160950 
112.151794 
112.142639 
112.132568 
112.122498 
112.111206 
112.100830 
112.090454 
112.080078 
112.069092 
112.058411 
112.048035 
112.037354 
112.027283 
112.016907 
112.006531 
111.996460 
111.986389 
111.976318 
111.966553 
111.955261 
111.943054 
111.931458 
111.920776 
111.909790 
111.899719 
111.889954 
111.879272 
111.868896 
111.859131 
111.849060 
111.838684 
111.828308 
111.817932 
111.807251 
111.796570 
111.785583 
111.775208 
111.763916 
111.753540 
111.743774 
111.734314 
111.725464 
111.715393 
111.704407 
111.694641 
111.683655 
111.672974 
111.661987 
111.651917 
111.640625 
111.630249 
111.620483 
111.609497 
111.598816 
111.588745 
111.578979 
111.568604 
111.559143 
111.548767 
111.537476 
111.525879 
111.514587 
111.503906 
111.493225 
111.482849 
111.472778 
111.462708 
111.452637 
111.442566 
111.432495 
111.422424 
111.412048 
111.401978 
111.391602 
111.381226 
111.370239 
111.360168 
111.348877 
111.338196 
111.329041 
111.319885 
111.310425 
111.300964 
111.290283 
111.280212 
111.270142 
111.259460 
111.248779 
111.238403 
111.228027 
111.217957 
111.206970 
111.196899 
111.186829 
111.176453 
111.166687 
111.156311 
111.146851 
111.137085 
111.125793 
111.114197 
111.102905 
111.092529 
111.081848 
111.071777 
111.061096 
111.051636 
111.041870 
111.031799 
111.021423 
111.010742 
111.000671 
110.990295 
110.979919 
110.969238 
110.958557 
110.947266 
110.937195 
110.926208 
110.916748 
110.907898 
110.898743 
110.888672 
110.878296 
110.867615 
110.856934 
110.845947 
110.835266 
110.824585 
110.814209 
110.803528 
110.793457 
110.782776 
110.772400 
110.762329 
110.752258 
110.741882 
110.732117 
110.722046 
110.711060 
110.699463 
110.687866 
110.676880 
110.666809 
110.656433 
110.646667 
110.635986 
110.625916 
110.615845 
110.605774 
110.596008 
110.585632 
110.575256 
110.564575 
110.554199 
110.543213 
110.532227 
110.522156 
110.511169 
110.501099 
110.492859 
110.483704 
110.473938 
110.463257 
110.452576 
110.442200 
110.431824 
110.421448 
110.410767 
110.400085 
110.389709 
110.379333 
110.368958 
110.358582 
110.348511 
110.338745 
110.328674 
110.318909 
110.309143 
110.297546 
110.286255 
110.275574 
110.264587 
110.254517 
110.245056 
110.235596 
110.226135 
110.217285 
110.208740 
110.200500 
110.192261 
110.184326 
110.176697 
110.169373 
110.162354 
110.155945 
110.148926 
110.143127 
110.137634 
110.133667 
110.130005 
110.127563 
110.124207 
110.120544 
110.117798 
110.115356 
110.112610 
110.110779 
110.108643 
110.107117 
110.106201 
110.105286 
110.104675 
110.104675 
110.104370 
110.104370 
110.104980 
110.104980 
110.105896 
110.104980 
110.103455 
110.102234 
110.102539 
110.102234 
110.102539 
110.102844 
110.103149 
110.103760 
110.104370 
110.104370 
110.104675 
110.104675 
110.104980 
110.104980 
110.104675 
110.104980 
110.104980 
110.104980 
110.104675 
110.105591 
110.106812 
110.108643 
110.108948 
110.108643 
110.108948 
110.108948 
110.108948 
110.108948 
110.108032 
110.108643 
110.108337 
110.108643 
110.108643 
110.108643 
110.108948 
110.109863 
110.109863 
110.110168 
110.110474 
110.109863 
110.108337 
110.107727 
110.107422 
110.107117 
110.107422 
110.107422 
110.108032 
110.108337 
110.108032 
110.108948 
110.108643 
110.108643 
110.108643 
110.108643 
110.108337 
110.108032 
110.107727 
110.106812 
110.106506 
110.107422 
110.108948 
110.110168 
110.110168 
110.110779 
110.109863 
110.109863 
110.110168 
110.109863 
110.109253 
110.109863 
110.109558 
110.109253 
110.109863 
110.109558 
110.109253 
110.110168 
110.110474 
110.110474 
110.111084 
110.110474 
110.108948 
110.107727 
