Blum, K. P., D’Incamps, B. L., Zytnicki, D., & Ting, L. H. (2017).
Force encoding in muscle spindles during stretch of
passive muscle. PLoS computational biology, 13(9), 
e1005767. <https://journals.plos.org/ploscompbiol/article?
id=10.1371/journal.pcbi.1005767>

cat medial gastrocnemius muscle lengths over t  (in 0.0005 s increments)
110.110779 
110.110474 
110.110474 
110.110168 
110.110474 
110.110168 
110.110168 
110.110474 
110.110474 
110.110779 
110.111084 
110.111389 
110.111389 
110.111694 
110.110474 
110.109253 
110.108643 
110.108643 
110.108643 
110.108948 
110.108948 
110.109253 
110.109558 
110.109558 
110.108948 
110.109558 
110.109558 
110.109558 
110.109253 
110.109253 
110.108643 
110.108337 
110.108032 
110.108032 
110.109253 
110.110779 
110.111084 
110.111389 
110.111084 
110.110779 
110.110779 
110.110474 
110.110474 
110.110168 
110.110474 
110.110168 
110.110168 
110.110779 
110.110474 
110.110779 
110.111084 
110.111084 
110.111694 
110.111389 
110.110474 
110.109253 
110.108948 
110.108643 
110.109253 
110.108948 
110.109558 
110.109558 
110.109558 
110.109863 
110.109558 
110.109558 
110.109863 
110.109558 
110.109253 
110.108948 
110.108643 
110.108643 
110.108032 
110.108337 
110.108948 
110.110168 
110.111084 
110.111084 
110.111389 
110.111389 
110.110779 
110.110474 
110.110474 
110.110168 
110.110168 
110.110474 
110.110168 
110.110474 
110.110168 
110.110779 
110.111084 
110.111389 
110.111389 
110.111389 
110.110474 
110.109253 
110.108948 
110.108032 
110.108948 
110.108948 
110.108948 
110.109863 
110.109558 
110.109253 
110.109863 
110.109863 
110.109863 
110.109558 
110.109863 
110.109558 
110.109558 
110.109863 
110.109558 
110.110474 
110.112915 
110.114746 
110.116577 
110.118713 
110.120239 
110.122681 
110.124817 
110.127563 
110.129700 
110.133667 
110.137329 
110.141602 
110.146484 
110.152283 
110.157471 
110.163574 
110.170288 
110.176697 
110.183716 
110.191345 
110.197754 
110.203857 
110.211487 
110.219116 
110.227661 
110.237427 
110.246277 
110.255737 
110.265198 
110.275269 
110.284424 
110.294495 
110.304565 
110.314331 
110.324402 
110.335083 
110.344849 
110.355835 
110.366516 
110.377808 
110.389709 
110.403137 
110.415649 
110.428162 
110.440369 
110.452881 
110.465393 
110.478516 
110.491333 
110.504150 
110.517883 
110.531616 
110.545044 
110.558777 
110.571594 
110.585327 
110.597839 
110.610657 
110.622864 
110.634460 
110.645447 
110.654602 
110.664978 
110.675049 
110.685730 
110.696106 
110.706177 
110.716248 
110.726318 
110.736389 
110.745850 
110.755615 
110.765076 
110.774231 
110.783386 
110.792542 
110.801697 
110.810242 
110.819397 
110.829163 
110.838928 
110.849609 
110.859985 
110.869751 
110.879211 
110.888977 
110.898438 
110.907288 
110.917053 
110.926819 
110.936279 
110.946350 
110.956421 
110.966187 
110.976257 
110.986328 
110.996094 
111.006470 
111.017151 
111.027527 
111.036377 
111.046143 
111.055298 
111.065063 
111.075439 
111.085815 
111.096497 
111.106873 
111.117859 
111.127930 
111.138306 
111.148987 
111.159363 
111.170044 
111.180420 
111.190796 
111.201172 
111.210938 
111.221008 
111.230774 
111.242065 
111.253967 
111.265564 
111.275940 
111.286621 
111.296387 
111.306763 
111.317139 
111.327209 
111.337891 
111.348267 
111.358643 
111.369324 
111.379395 
111.390076 
111.400452 
111.411133 
111.421509 
111.432495 
111.442871 
111.452332 
111.461487 
111.470947 
111.481018 
111.492004 
111.502075 
111.512451 
111.523132 
111.533508 
111.544189 
111.553955 
111.564331 
111.575012 
111.584473 
111.594849 
111.605530 
111.614990 
111.625061 
111.634521 
111.645203 
111.655884 
111.667175 
111.678467 
111.688843 
111.698914 
111.708679 
111.718750 
111.728210 
111.738586 
111.748047 
111.758423 
111.768799 
111.778564 
111.788330 
111.799011 
111.809387 
111.819458 
111.829834 
111.840515 
111.850586 
111.859741 
111.868591 
111.878052 
111.887817 
111.898193 
111.908264 
111.918640 
111.929016 
111.939087 
111.949158 
111.960144 
111.970215 
111.979980 
111.990051 
112.000122 
112.010193 
112.019958 
112.029724 
112.039185 
112.049561 
112.060547 
112.071838 
112.082520 
112.093506 
112.103271 
112.113953 
112.124023 
112.133789 
112.143555 
112.153625 
112.164001 
112.174072 
112.184143 
112.194214 
112.204590 
112.215271 
112.225647 
112.236328 
112.246704 
112.256775 
112.266541 
112.276001 
112.285156 
112.294922 
112.305603 
112.316284 
112.326050 
112.336731 
112.346802 
112.357483 
112.367554 
112.378235 
112.388000 
112.398376 
112.408752 
112.418823 
112.428894 
112.438660 
112.448730 
112.458496 
112.469482 
112.481079 
112.492371 
112.503052 
112.513428 
112.523193 
112.533264 
112.543335 
112.553711 
112.563171 
112.573853 
112.584229 
112.594299 
112.604980 
112.615356 
112.625427 
112.636108 
112.646484 
112.657166 
112.667542 
112.677307 
112.686157 
112.695313 
112.705383 
112.715759 
112.726440 
112.736816 
112.747498 
112.757874 
112.767944 
112.778320 
112.788391 
112.798767 
112.808838 
112.819214 
112.828674 
112.838745 
112.848511 
112.858582 
112.868347 
112.879028 
112.890625 
112.902222 
112.912598 
112.922058 
112.932434 
112.942200 
112.951965 
112.962341 
112.972412 
112.981873 
112.991943 
113.002014 
113.012085 
113.022156 
113.031921 
113.042297 
113.051758 
113.062134 
113.071289 
113.079834 
113.087158 
113.094788 
113.102722 
113.110657 
113.118896 
113.126526 
113.133850 
113.141174 
113.147583 
113.153687 
113.160095 
113.165283 
113.170166 
113.175354 
113.179016 
113.182678 
113.186646 
113.189087 
113.191833 
113.195801 
113.198853 
113.201904 
113.204041 
113.205872 
113.206787 
113.207703 
113.208923 
113.209534 
113.210144 
113.210144 
113.210754 
113.211365 
113.211365 
113.211670 
113.211670 
113.211670 
113.211975 
113.211975 
113.212280 
113.211975 
113.209839 
113.208923 
113.207703 
113.207397 
113.207703 
113.207397 
113.207397 
113.207092 
113.206787 
113.206177 
113.205872 
113.205566 
113.204956 
113.204346 
113.204041 
113.203125 
113.202209 
113.201294 
113.200989 
113.200989 
113.201904 
113.202209 
113.202209 
113.201599 
113.200989 
113.200684 
113.200073 
113.199463 
113.199158 
113.198242 
113.197937 
113.197937 
113.197327 
113.197327 
113.197021 
113.197632 
113.197632 
113.197937 
113.197632 
113.196716 
113.195496 
113.194885 
113.194275 
113.193970 
113.194580 
113.194275 
113.194580 
113.194580 
113.195190 
113.194885 
113.194885 
113.194885 
113.194580 
113.195190 
113.194275 
113.194275 
113.193970 
113.193359 
113.193665 
113.194275 
113.195496 
113.195801 
113.196106 
113.196716 
113.196106 
113.196411 
113.195801 
113.195496 
113.195496 
113.195190 
113.195496 
113.194885 
113.194885 
113.195496 
113.195801 
113.195801 
113.195801 
113.196106 
113.196106 
113.195496 
113.194580 
113.193665 
113.193665 
113.193359 
113.193359 
113.193665 
113.193970 
113.193970 
113.194275 
113.194275 
113.193970 
113.193970 
113.193665 
113.193665 
113.193665 
113.192749 
113.192749 
113.191833 
113.192444 
113.192444 
113.193359 
113.194275 
113.194275 
113.194580 
113.193970 
113.193665 
113.193665 
113.193359 
113.192749 
113.192749 
113.192444 
113.192444 
113.192444 
113.192444 
113.192139 
113.192444 
113.193054 
113.193359 
113.193359 
113.192749 
113.191528 
113.190613 
113.190613 
113.190308 
113.190613 
113.190918 
113.190918 
113.190918 
113.191528 
113.191528 
113.191528 
113.191528 
113.191223 
113.191223 
113.191833 
113.191223 
113.190613 
113.190613 
113.190002 
113.190918 
113.192139 
113.193054 
113.193665 
113.193359 
113.193054 
113.193359 
113.192749 
113.192749 
113.193359 
113.192749 
113.193054 
113.192444 
113.193054 
113.193359 
113.193054 
113.193665 
113.193665 
113.194580 
113.194580 
113.194275 
113.192749 
113.192444 
113.192139 
113.192444 
113.192749 
113.192749 
113.193054 
113.193359 
113.193665 
113.193665 
113.193665 
113.193665 
113.193665 
113.193665 
113.193359 
113.193359 
113.193054 
113.192749 
113.192444 
113.192749 
113.194580 
113.195190 
113.195496 
113.195496 
113.195190 
113.194580 
113.194885 
113.194580 
113.194275 
113.194580 
113.193970 
113.193665 
113.193970 
113.193970 
113.194275 
113.194580 
113.194885 
113.194580 
113.194885 
113.194275 
113.193054 
113.192139 
113.191833 
113.192139 
113.191833 
113.192139 
113.192444 
113.192444 
113.192444 
113.192749 
113.192749 
113.192444 
113.192139 
113.192139 
113.192139 
113.191833 
113.191223 
113.190918 
113.190613 
113.190918 
113.192139 
113.193054 
113.193054 
113.193665 
113.193359 
113.193054 
113.192749 
113.192444 
113.191833 
113.192139 
113.192444 
113.192139 
113.192139 
113.192139 
113.192444 
113.192444 
113.192749 
113.193359 
113.193665 
113.192749 
113.191833 
113.190918 
113.190613 
113.190613 
113.190613 
113.191223 
113.190918 
113.191528 
113.191833 
113.191833 
113.191833 
113.191833 
113.191833 
113.191833 
113.191833 
113.191528 
113.191223 
113.190918 
113.190918 
113.190918 
113.192139 
113.193054 
113.193665 
113.193970 
113.193970 
113.193665 
113.193054 
113.193359 
113.193359 
113.192749 
113.193054 
113.192749 
113.192749 
113.193054 
113.193359 
113.193970 
113.193970 
113.194275 
113.194580 
113.193665 
113.193054 
113.191833 
113.191528 
113.191528 
113.191833 
113.192139 
113.191833 
113.192444 
113.192444 
113.192749 
113.192444 
113.192444 
113.192444 
113.192444 
113.192139 
113.191833 
113.191528 
113.191223 
113.190918 
113.191223 
113.192749 
113.193359 
113.193665 
113.193665 
113.193359 
113.193359 
113.193359 
113.192749 
113.192444 
113.192444 
113.192444 
113.192444 
113.192749 
113.192444 
113.192444 
113.192749 
113.193054 
113.193359 
113.193665 
113.193054 
113.191833 
113.190918 
113.190613 
113.190613 
113.190308 
113.190308 
113.190918 
113.191223 
113.191528 
113.191528 
113.191528 
113.191528 
113.191223 
113.190918 
113.191223 
113.190918 
113.190918 
113.190308 
113.190308 
113.190918 
113.191528 
113.193054 
113.193359 
113.193054 
113.193054 
113.192444 
113.192749 
113.192444 
113.192139 
113.192139 
113.192139 
113.192139 
113.192139 
113.191833 
113.192139 
113.193054 
113.193054 
113.193359 
113.193359 
113.193054 
113.192139 
113.191223 
113.190613 
113.190918 
113.190918 
113.191223 
113.191528 
113.191528 
113.191833 
113.191833 
113.191833 
113.191833 
113.192139 
113.192444 
113.191528 
113.191528 
113.190918 
113.190918 
113.191223 
113.191223 
113.192139 
113.193359 
113.193359 
113.193665 
113.193359 
113.193359 
113.193359 
113.193054 
113.193054 
113.192444 
113.193054 
113.193054 
113.192749 
113.192749 
113.193054 
113.193359 
113.193970 
113.193665 
113.193970 
113.193359 
113.192444 
113.190918 
113.190918 
113.190918 
113.190918 
113.191528 
113.191223 
113.191528 
113.191833 
113.191833 
113.191833 
113.191833 
113.191833 
113.191528 
113.191528 
113.191833 
113.190918 
113.190918 
113.190613 
113.190918 
113.192139 
113.193054 
113.193359 
113.193359 
113.193054 
113.193054 
113.192749 
113.192444 
113.192139 
113.192139 
113.192139 
113.192139 
113.192139 
113.192139 
113.192444 
113.192444 
113.193054 
113.193359 
113.193665 
113.193359 
113.192139 
113.190918 
113.190613 
113.190308 
113.190918 
113.191223 
113.190918 
113.191223 
113.191528 
113.191528 
113.191833 
113.191528 
113.191528 
113.191528 
113.191223 
113.191223 
113.190918 
113.190613 
113.190308 
113.190308 
113.191833 
113.192749 
113.193359 
113.193359 
113.192749 
113.193054 
113.192749 
113.192444 
113.192444 
113.192444 
113.192139 
113.192444 
113.192444 
113.192444 
113.192444 
113.192749 
113.193359 
113.193359 
113.193665 
113.193359 
113.192139 
113.190918 
113.190918 
113.190918 
113.191223 
113.191223 
113.191223 
113.191528 
113.191833 
113.191833 
113.191833 
113.191833 
113.191833 
113.191223 
113.191833 
113.191528 
113.191223 
113.190918 
113.190613 
113.190918 
113.191833 
113.193054 
113.193054 
113.193665 
113.193054 
113.192749 
113.192749 
113.193054 
113.192444 
113.192444 
113.192444 
113.192444 
113.192139 
113.192139 
113.192749 
113.192444 
113.192749 
113.193359 
113.193054 
113.192749 
113.191833 
113.190918 
113.190613 
113.190613 
113.190918 
113.190613 
113.190918 
113.191528 
113.191528 
113.191833 
113.191528 
113.191528 
113.191223 
113.191528 
113.191528 
113.190918 
113.190918 
113.190308 
113.190002 
113.190918 
113.191528 
113.192444 
113.192749 
113.193054 
113.193054 
113.192749 
113.192444 
113.192444 
113.192444 
113.192139 
113.192139 
113.191833 
113.191833 
113.192444 
113.192444 
113.192444 
113.192749 
113.192444 
113.193054 
113.193054 
113.191528 
113.190613 
113.190613 
113.190613 
113.190613 
113.190918 
113.190918 
113.191223 
113.191528 
113.191833 
113.191528 
113.191223 
113.191223 
113.191528 
113.191223 
113.191223 
113.190613 
113.190613 
113.190308 
113.190308 
113.191833 
113.192749 
113.193665 
113.192749 
113.193054 
113.193054 
113.192444 
113.192444 
113.192444 
113.191833 
113.192139 
113.192139 
113.192139 
113.192444 
113.192444 
113.192444 
113.193054 
113.193054 
113.193054 
113.193054 
113.191833 
113.190613 
113.190308 
113.190308 
113.191223 
113.191223 
113.190918 
113.191528 
113.191528 
113.191833 
113.191833 
113.191528 
113.191528 
113.191528 
113.191528 
113.191223 
113.190918 
113.190308 
113.190308 
113.190613 
113.191833 
113.192444 
113.193054 
113.193054 
113.192749 
113.192749 
113.192444 
113.192139 
113.192139 
113.191833 
113.191833 
113.191833 
113.192139 
113.192139 
113.192139 
113.192444 
113.192749 
113.193054 
113.193359 
113.193054 
113.191833 
113.190613 
113.190308 
113.190308 
113.190613 
113.190918 
113.190613 
113.190918 
113.191223 
113.191223 
113.191223 
113.191528 
113.191223 
113.191223 
113.191223 
113.190613 
113.190308 
113.190613 
113.190002 
113.190002 
113.191223 
113.192444 
113.192749 
113.192444 
113.193359 
113.192444 
113.192139 
113.192139 
113.191833 
113.191528 
113.192139 
113.191833 
113.191528 
113.192139 
113.192139 
113.192139 
113.192444 
113.192749 
113.193054 
113.193054 
113.192139 
113.190613 
113.190308 
113.190308 
113.190613 
113.190613 
113.190918 
113.191223 
113.191528 
113.191833 
113.191528 
113.191528 
113.191528 
113.191528 
113.191528 
113.190918 
113.190918 
113.190002 
113.190308 
113.190613 
113.191528 
113.192444 
113.193054 
113.193359 
113.193054 
113.192749 
113.192444 
113.192444 
113.192444 
113.192139 
113.191833 
113.192139 
113.192444 
113.192444 
113.192749 
113.192444 
113.192749 
113.193054 
113.193359 
113.193054 
113.192139 
113.191223 
113.190613 
113.190308 
113.190613 
113.191223 
113.190613 
113.191528 
113.191833 
113.191528 
113.191528 
113.191833 
113.191528 
113.191528 
113.191528 
113.191223 
113.190613 
113.190308 
113.190002 
113.190308 
113.191528 
113.192139 
113.192749 
113.193054 
113.192444 
113.192444 
113.192139 
113.192139 
113.191528 
113.192139 
113.192139 
113.192139 
113.191833 
113.192139 
113.192139 
113.192749 
113.192444 
113.193054 
113.193054 
113.192749 
113.191833 
113.190918 
113.190308 
113.190308 
113.190613 
113.190918 
113.190918 
113.190918 
113.190918 
113.191223 
113.191528 
113.191528 
113.191223 
113.191223 
113.191223 
113.190613 
113.190613 
113.190002 
113.190613 
113.190002 
113.191223 
113.192139 
113.193054 
113.193054 
113.192749 
113.192444 
113.192444 
113.192139 
113.192444 
113.192139 
113.191833 
113.191833 
113.191833 
113.192139 
113.192444 
113.192444 
113.192749 
113.193359 
113.193054 
113.193054 
113.191833 
113.190918 
113.190613 
113.190918 
113.191223 
113.191223 
113.190918 
113.191528 
113.191528 
113.191528 
113.191833 
113.191833 
113.191223 
113.191528 
113.191528 
113.191223 
113.190613 
113.190613 
113.190002 
113.190613 
113.191528 
113.192749 
113.193054 
113.193054 
113.193054 
113.193054 
113.192444 
113.192139 
113.192139 
113.192139 
113.192444 
113.192139 
113.192139 
113.192139 
113.192139 
113.192139 
113.192749 
113.193054 
113.193054 
113.193054 
113.191833 
113.190918 
113.190308 
113.190308 
113.190613 
113.190918 
113.191223 
113.191223 
113.190918 
113.191528 
113.191528 
113.191223 
113.191223 
113.191528 
113.191223 
113.190918 
113.190613 
113.190308 
113.190002 
113.189697 
113.190918 
113.192444 
113.193054 
113.192749 
113.192444 
113.192444 
113.192444 
113.192139 
113.191833 
113.191833 
113.192139 
113.191833 
113.191528 
113.192139 
113.192444 
113.192444 
113.192749 
113.193054 
113.193054 
113.193054 
113.192139 
113.190918 
113.190308 
113.190613 
113.190613 
113.190918 
113.190613 
113.191223 
113.191223 
113.191528 
113.191528 
113.191223 
113.191223 
113.191223 
113.191223 
113.191223 
113.190918 
113.190308 
113.190002 
113.190308 
113.191528 
113.192444 
113.193054 
113.193359 
113.193054 
113.192444 
113.192749 
113.192444 
113.192444 
113.192444 
113.192444 
113.192139 
113.192139 
113.192139 
113.192139 
113.193054 
113.192749 
113.193054 
113.193359 
113.193359 
113.192444 
113.190918 
113.190613 
113.190613 
113.190613 
113.191223 
113.191223 
113.191223 
113.191528 
113.191528 
113.191833 
113.190918 
113.191223 
113.191223 
113.191223 
113.191223 
113.190308 
113.190308 
113.190308 
113.190308 
113.191223 
113.192444 
113.192749 
113.192749 
113.192749 
113.192749 
113.192444 
113.192139 
113.192139 
113.191833 
113.191833 
113.192139 
113.191833 
113.192139 
113.191833 
113.192139 
113.192749 
113.193054 
113.193054 
113.193054 
113.191833 
113.190308 
113.190308 
113.189697 
113.190308 
113.190613 
113.190613 
113.190918 
113.191528 
113.190918 
113.190918 
113.191223 
113.191223 
113.191223 
113.190918 
113.190613 
113.190308 
113.190002 
113.190002 
113.190002 
113.191223 
113.192444 
113.192749 
113.192749 
113.192444 
113.191833 
113.192444 
113.192444 
113.191833 
113.191833 
113.192139 
113.192139 
113.192444 
113.192139 
113.192139 
113.192444 
113.192749 
113.192749 
113.193054 
113.193054 
113.192139 
113.190613 
113.190308 
113.190918 
113.190308 
113.190918 
113.191223 
113.191223 
113.191223 
113.191528 
113.191223 
113.191528 
113.191833 
113.191223 
113.191223 
113.191528 
113.190613 
113.189697 
113.190002 
113.190308 
113.191528 
113.192444 
113.193054 
113.192749 
113.193054 
113.192444 
113.192444 
113.192139 
113.192139 
113.192139 
113.191833 
113.192139 
113.192444 
113.191833 
113.192139 
113.192444 
113.192444 
113.193054 
113.193359 
113.193054 
113.192444 
113.190918 
113.190308 
113.190308 
113.190613 
113.190918 
113.190918 
113.190918 
113.191223 
113.191223 
113.191223 
113.191223 
113.190918 
113.191223 
113.191223 
113.190918 
113.190613 
113.190613 
113.190002 
113.190002 
113.191528 
113.192444 
113.192444 
113.192749 
113.192444 
113.192139 
113.192139 
113.192444 
113.191528 
113.191528 
113.191833 
113.191528 
113.191528 
113.191833 
113.191833 
113.192139 
113.192444 
113.193054 
113.193359 
113.193054 
113.191833 
113.190918 
113.190613 
113.190002 
113.190308 
113.190613 
113.190613 
113.190613 
113.191223 
113.191528 
113.191528 
113.191223 
113.191528 
113.190918 
113.190918 
113.190918 
113.190613 
113.190613 
113.190002 
113.190002 
113.190918 
113.191833 
113.192444 
113.192749 
113.192749 
113.192749 
113.192444 
113.192139 
113.192139 
113.192139 
113.192139 
113.192139 
113.191833 
113.191833 
113.192749 
113.192139 
113.192749 
113.192749 
113.193054 
113.193359 
113.192139 
113.190918 
113.190308 
113.190613 
113.190308 
113.190918 
113.190918 
113.190918 
113.190918 
113.191223 
113.191223 
113.190918 
113.191223 
113.191223 
113.190613 
113.190918 
113.190918 
113.190308 
113.190002 
113.190002 
113.191223 
113.192444 
113.193054 
113.193359 
113.192749 
113.192444 
113.192444 
113.192139 
113.192139 
113.192139 
113.192139 
113.191833 
113.191833 
113.191833 
113.192139 
113.192444 
113.192444 
113.192749 
113.193054 
113.192749 
113.191833 
113.191528 
113.190613 
113.190308 
113.190613 
113.190613 
113.191223 
113.191223 
113.191528 
113.191223 
113.190918 
113.191223 
113.191528 
113.191223 
113.191528 
113.190918 
113.190613 
113.190002 
113.190002 
113.189697 
113.190613 
113.192139 
113.192749 
113.193054 
113.192749 
113.192749 
113.192139 
113.191833 
113.191833 
113.191528 
113.191833 
113.191833 
113.192139 
113.191528 
113.191833 
113.192444 
113.192444 
113.192749 
113.193359 
113.193054 
113.191833 
113.190918 
113.190308 
113.190308 
113.190613 
113.190613 
113.190613 
113.190918 
113.191528 
113.191223 
113.191223 
113.191223 
113.191528 
113.191223 
113.191223 
113.191223 
113.190613 
113.190308 
113.190308 
113.190002 
113.190918 
113.191833 
113.192749 
113.192749 
113.192749 
113.192749 
113.192139 
113.191833 
113.191833 
113.191833 
113.192139 
113.192139 
113.191833 
113.191528 
113.192139 
113.192139 
113.192444 
113.192749 
113.193359 
113.193054 
113.191833 
113.191223 
113.190308 
113.190308 
113.190613 
113.190308 
113.190613 
113.190918 
113.191223 
113.191528 
113.190918 
113.190918 
113.191528 
113.191223 
113.191223 
113.190918 
113.190308 
113.190308 
113.189697 
113.190002 
113.191223 
113.191833 
113.192444 
113.192749 
113.192749 
113.192139 
113.192444 
113.191833 
113.191833 
113.192139 
113.191833 
113.192139 
113.191528 
113.192139 
113.191833 
113.192139 
113.192749 
113.192749 
113.193054 
113.193054 
113.192139 
113.190918 
113.190002 
113.190002 
113.190308 
113.190613 
113.190613 
113.190918 
113.191528 
113.191528 
113.191223 
113.191223 
113.191223 
113.190918 
113.190918 
113.190918 
113.190918 
113.190002 
113.189697 
113.190002 
113.190613 
113.192139 
113.192444 
113.192749 
113.192749 
113.192749 
113.192444 
113.192444 
113.192139 
113.191833 
113.191833 
113.191833 
113.191833 
113.192139 
113.192444 
113.192444 
113.192749 
113.192749 
113.193054 
113.192749 
113.192139 
113.191223 
113.190308 
113.190002 
113.190918 
113.190918 
113.191223 
113.190918 
113.190918 
113.191528 
113.191223 
113.191223 
113.191223 
113.191223 
113.191528 
113.190918 
113.190613 
113.190308 
113.189392 
113.189697 
113.190613 
113.192444 
113.192749 
113.192749 
113.192749 
113.192444 
113.192444 
113.192139 
113.192139 
113.191833 
113.191833 
113.191833 
113.191833 
113.192139 
113.192139 
113.192139 
113.192444 
113.192749 
113.193054 
113.193054 
113.192444 
113.190918 
113.190308 
113.190613 
113.190308 
113.190613 
113.191223 
113.190613 
113.191223 
113.191528 
113.191528 
113.190918 
113.191223 
113.191528 
113.190918 
113.191223 
113.190308 
113.190308 
113.189697 
113.189697 
113.190918 
113.191833 
113.192444 
113.192749 
113.192444 
113.192139 
113.192444 
113.192444 
113.191833 
113.191833 
113.191833 
113.191833 
113.192139 
113.191833 
113.191833 
113.192444 
113.192444 
113.192444 
113.193359 
113.193359 
113.192139 
113.191223 
113.190613 
113.190308 
113.190308 
113.190613 
113.190918 
113.190918 
113.191223 
113.190918 
113.191223 
113.191528 
113.191223 
113.190918 
113.190918 
113.190918 
113.190613 
113.190002 
113.190002 
113.190002 
113.190918 
113.192139 
113.192749 
113.192749 
113.193054 
113.192749 
113.192139 
113.192444 
113.192139 
113.191528 
113.191833 
113.191833 
113.191833 
113.192139 
113.192444 
113.192139 
113.192444 
113.193054 
113.193359 
113.193359 
113.192139 
113.191223 
113.190308 
113.190613 
113.190308 
113.190308 
113.190918 
113.190918 
113.191223 
113.191223 
113.191528 
113.191223 
113.191528 
113.191528 
113.191223 
113.190613 
113.190613 
113.190002 
113.190002 
113.190002 
113.190613 
113.191528 
113.192749 
113.192749 
113.192444 
113.192444 
113.192139 
113.192139 
113.192139 
113.191833 
113.191528 
113.191833 
113.192139 
113.191833 
113.191833 
113.192444 
113.192749 
113.193054 
113.193359 
113.193054 
113.192139 
113.191223 
113.190002 
113.189697 
113.190308 
113.190308 
113.191223 
113.190918 
113.191223 
113.191223 
113.191223 
113.191528 
113.190918 
113.191223 
113.191223 
113.190613 
113.190918 
113.190308 
113.189697 
113.190002 
113.190918 
113.191833 
113.192749 
113.193054 
113.192444 
113.192139 
113.192444 
113.192139 
113.191833 
113.192139 
113.192139 
113.192139 
113.191528 
113.192139 
113.192139 
113.192139 
113.192444 
113.192749 
113.192749 
113.193054 
113.192139 
113.191223 
113.190613 
113.190613 
113.190613 
113.190308 
113.190918 
113.190918 
113.191528 
113.191223 
113.191528 
113.191223 
113.191223 
113.191223 
113.190918 
113.191223 
113.190613 
113.190002 
113.189697 
113.189697 
113.190308 
113.191833 
113.192749 
113.192749 
113.192444 
113.192749 
113.192444 
113.191833 
113.192139 
113.192139 
113.191528 
113.191833 
113.192139 
113.191528 
113.191833 
113.192444 
113.192444 
113.192749 
113.193054 
113.192749 
113.192139 
113.191223 
113.190308 
113.190002 
113.190308 
113.190308 
113.190613 
113.190918 
113.191223 
113.191223 
113.190918 
113.191528 
113.191223 
113.190918 
113.191528 
113.191223 
113.190918 
113.190002 
113.189697 
113.189697 
113.190613 
113.192139 
113.192139 
113.192444 
113.192444 
113.192444 
113.192139 
113.192444 
113.191833 
113.191833 
113.191833 
113.192139 
113.191833 
113.192139 
113.191833 
113.192139 
113.192139 
113.192749 
113.192749 
113.193054 
113.192139 
113.190918 
113.190308 
113.190308 
113.190002 
113.190308 
113.190613 
113.190918 
113.191223 
113.191223 
113.191223 
113.190918 
113.191223 
113.191223 
113.190918 
113.190613 
113.190918 
113.190002 
113.190308 
113.190002 
113.190918 
113.191833 
113.192749 
113.192749 
113.192444 
113.192749 
113.192139 
113.192139 
113.192139 
113.191833 
113.191833 
113.191833 
113.191528 
113.191528 
113.191833 
113.192139 
113.192444 
113.192749 
113.193054 
113.193054 
113.191833 
113.191223 
113.190308 
113.190308 
113.190308 
113.190918 
113.190613 
113.190918 
113.191223 
113.190918 
113.191223 
113.191223 
113.191223 
113.191528 
113.191223 
113.191223 
113.190918 
113.190308 
113.190002 
113.190002 
113.190918 
113.191528 
113.192749 
113.192444 
113.193054 
113.192139 
113.192139 
113.191833 
113.191833 
113.191528 
113.191833 
113.191528 
113.191528 
113.191833 
113.191833 
113.192139 
113.192444 
113.193054 
113.192749 
113.192749 
113.192139 
113.191223 
113.190613 
113.190613 
113.190308 
113.190308 
113.190918 
113.190918 
113.190918 
113.190613 
113.191223 
113.191223 
113.191223 
113.190918 
113.190918 
113.190918 
113.190613 
113.190613 
113.190002 
113.189697 
113.190613 
113.191833 
113.192444 
113.192444 
113.192444 
113.192444 
113.191833 
113.191833 
113.192139 
113.191833 
113.191833 
113.191833 
113.191528 
113.191833 
113.192139 
113.192139 
113.192444 
113.192749 
113.193054 
113.193054 
113.192444 
113.190918 
113.190613 
113.190002 
113.190308 
113.190308 
113.190918 
113.191223 
113.190918 
113.191528 
113.191528 
113.191223 
113.191223 
113.191223 
113.190918 
113.190918 
113.190613 
113.190308 
113.189697 
113.190002 
113.190613 
113.191833 
113.192749 
113.192749 
113.192749 
113.192444 
113.192444 
113.192139 
113.191833 
113.191833 
113.191833 
113.191528 
113.191528 
113.191833 
113.191833 
113.192139 
113.192139 
113.192444 
113.193054 
113.193359 
113.192139 
113.191528 
113.190308 
113.190308 
113.190308 
113.190613 
113.190613 
113.190918 
113.191528 
113.191528 
113.191223 
113.191223 
113.191223 
113.190918 
113.191223 
113.191223 
113.190918 
113.190308 
113.190002 
113.190002 
113.190308 
113.191528 
113.192749 
113.192749 
113.193054 
113.192139 
113.192139 
113.191833 
113.191833 
113.191528 
113.191528 
113.191833 
113.191223 
113.191528 
113.192139 
113.192139 
113.192139 
113.192139 
113.192749 
113.193054 
113.192444 
113.191223 
113.190002 
113.190308 
113.190308 
113.190002 
113.190613 
113.190613 
113.190613 
113.190918 
113.191528 
113.190918 
113.191223 
113.191223 
113.191223 
113.190918 
113.190613 
113.190308 
113.189697 
113.190002 
113.190918 
113.191223 
113.192139 
113.192749 
113.192444 
113.192139 
113.192444 
113.192139 
113.191833 
113.191528 
113.191528 
113.191528 
113.191833 
113.191833 
113.191833 
113.192139 
113.192444 
113.192444 
113.192749 
113.192749 
113.192139 
113.190918 
113.190613 
113.190002 
113.190613 
113.190613 
113.190918 
113.190918 
113.191528 
113.191223 
113.191223 
113.191223 
113.191528 
113.191223 
113.190918 
113.191223 
113.190613 
113.190002 
113.190002 
113.189392 
113.190613 
113.191528 
113.192444 
113.193054 
113.192444 
113.192139 
113.192139 
113.192139 
113.191833 
113.192139 
113.192139 
113.191833 
113.191528 
113.191833 
113.191833 
113.191833 
113.192139 
113.192749 
113.192749 
113.193359 
113.192139 
113.190918 
113.190613 
113.190308 
113.190613 
113.190613 
113.190918 
113.190918 
113.191223 
113.191223 
113.191528 
113.191528 
113.191223 
113.191223 
113.190918 
113.190918 
113.190613 
113.190308 
113.190002 
113.190002 
113.190918 
113.191223 
113.192749 
113.192749 
113.192444 
113.192139 
113.192139 
113.192139 
113.191833 
113.191833 
113.191528 
113.191528 
113.191528 
113.191528 
113.192444 
113.192444 
113.192444 
113.192749 
113.192749 
113.193054 
113.192139 
113.191223 
113.190918 
113.190308 
113.190002 
113.190918 
113.190918 
113.190918 
113.191223 
113.191528 
113.191528 
113.191223 
113.191223 
113.190918 
113.191223 
113.190918 
113.190613 
113.190002 
113.190002 
113.190002 
113.190308 
113.191528 
113.192444 
113.192749 
113.192444 
113.192444 
113.192139 
113.192139 
113.192139 
113.191833 
113.191833 
113.191833 
113.191833 
113.191833 
113.191833 
113.192139 
113.192139 
113.192749 
113.192749 
113.193054 
113.192444 
113.191528 
113.190308 
113.190308 
113.190002 
113.190613 
113.190613 
113.190918 
113.190918 
113.191223 
113.191528 
113.191223 
113.191223 
113.191223 
113.190918 
113.190918 
113.190613 
113.190308 
113.190308 
113.189697 
113.190613 
113.190918 
113.191528 
113.191833 
113.191223 
113.190002 
113.189087 
113.187561 
113.186035 
113.184509 
113.182678 
113.180237 
113.178101 
113.175964 
113.172913 
113.169861 
113.166504 
113.162231 
113.158569 
113.153992 
113.148193 
113.141785 
113.135071 
113.128357 
113.121643 
113.115234 
113.108215 
113.100891 
113.093567 
113.085022 
113.076477 
113.067932 
113.058777 
113.049011 
113.039246 
113.028870 
113.019104 
113.008423 
112.997437 
112.986450 
112.976074 
112.966309 
112.955933 
112.945251 
112.934265 
112.922363 
112.910767 
112.899475 
112.886963 
112.875061 
112.863464 
112.852173 
112.839966 
112.828674 
112.816772 
112.805786 
112.794495 
112.783203 
112.772217 
112.760925 
112.749329 
112.736511 
112.723999 
112.712402 
112.701721 
112.690125 
112.679749 
112.669067 
112.658081 
112.647400 
112.636719 
112.625427 
112.615051 
112.604370 
112.593689 
112.582703 
112.571411 
112.560120 
112.549438 
112.538757 
112.528687 
112.519226 
112.509155 
112.499695 
112.488708 
112.478027 
112.467651 
112.456970 
112.446289 
112.435608 
112.424622 
112.414551 
112.404175 
112.393494 
112.383423 
112.373047 
112.362976 
112.352600 
112.342529 
112.332764 
112.321777 
112.310486 
112.299500 
112.288513 
112.277832 
112.267456 
112.258301 
112.247314 
112.237549 
112.228088 
112.217407 
112.207642 
112.197571 
112.187195 
112.176208 
112.166748 
112.155762 
112.145081 
112.134399 
112.123718 
112.113647 
112.104187 
112.094727 
112.084656 
112.074585 
112.064209 
112.053528 
112.042847 
112.032776 
112.022095 
112.011414 
112.001038 
111.990662 
111.980286 
111.970215 
111.960144 
111.950073 
111.940308 
111.930542 
111.920166 
111.909485 
111.898193 
111.886597 
111.875610 
111.865234 
111.854858 
111.844482 
111.834717 
111.824341 
111.814270 
111.804504 
111.793518 
111.783142 
111.772766 
111.762085 
111.751709 
111.741028 
111.730042 
111.719360 
111.708679 
111.698608 
111.689758 
111.679993 
111.670227 
111.660156 
111.649475 
111.638489 
111.627808 
111.617126 
111.606445 
111.596069 
111.585388 
111.575012 
111.565247 
111.554871 
111.544800 
111.534729 
111.524658 
111.514587 
111.504822 
111.494141 
111.482544 
111.470947 
111.460571 
111.449890 
111.439819 
111.429443 
111.419678 
111.409607 
111.399841 
111.389465 
111.379395 
111.369629 
111.359253 
111.348877 
111.338501 
111.327515 
111.317139 
111.306763 
111.296082 
111.286011 
111.277161 
111.268005 
111.257935 
111.248169 
111.238098 
111.227722 
111.217041 
111.206360 
111.195984 
111.185303 
111.175232 
111.164246 
111.154480 
111.143799 
111.133423 
111.123962 
111.114197 
111.104126 
111.094055 
111.083374 
111.071777 
111.060486 
111.049805 
111.039429 
111.029358 
111.019592 
111.009216 
110.998840 
110.988464 
110.979004 
110.968323 
110.958252 
110.948486 
110.937805 
110.927124 
110.916748 
110.906067 
110.895386 
110.884705 
110.874939 
110.866089 
110.856018 
110.846252 
110.835876 
110.825500 
110.815430 
110.804138 
110.793762 
110.783081 
110.772705 
110.762329 
110.751343 
110.741577 
110.731201 
110.720825 
110.710754 
110.700073 
110.690308 
110.680542 
110.669556 
110.658264 
110.646973 
110.635986 
110.625305 
110.615540 
110.605164 
110.595093 
110.585327 
110.574951 
110.564880 
110.554504 
110.544128 
110.533447 
110.523682 
110.513000 
110.502319 
110.491638 
110.481262 
110.470886 
110.460510 
110.451660 
110.442505 
110.432739 
110.422668 
110.411987 
110.402222 
110.391235 
110.380249 
110.370178 
110.359802 
110.349426 
110.338745 
110.328979 
110.319214 
110.308838 
110.298462 
110.288696 
110.278931 
110.269165 
110.258789 
110.248108 
110.236816 
110.227051 
110.217590 
110.208740 
110.200500 
110.191956 
110.184021 
110.176697 
110.169983 
110.162964 
110.157166 
110.150452 
110.144958 
110.138855 
110.133972 
110.129089 
110.124207 
110.120850 
110.117798 
110.115662 
110.114136 
110.112915 
110.110474 
110.108948 
110.107422 
110.106506 
110.105591 
110.104675 
110.104065 
110.103455 
110.103455 
110.103149 
110.103760 
110.103760 
110.104065 
110.104370 
110.104980 
110.105286 
110.104675 
110.103760 
110.103149 
110.102539 
110.103149 
110.103455 
110.104065 
110.104370 
110.105286 
110.104980 
110.105896 
110.105591 
110.105591 
110.106201 
110.106506 
110.106506 
110.105896 
110.106201 
110.105591 
110.105896 
110.106506 
110.108032 
110.108948 
110.109253 
110.109863 
110.109863 
110.109863 
110.109558 
110.109253 
110.109253 
110.109253 
110.109253 
110.108948 
110.109253 
110.109558 
110.109253 
110.109863 
110.109863 
110.110168 
110.110779 
110.110474 
110.109253 
110.107727 
110.107422 
110.107727 
110.107727 
110.108032 
110.108337 
110.108643 
110.108643 
110.108643 
110.108948 
110.108948 
110.108948 
110.108337 
110.108643 
110.108337 
110.107727 
110.107727 
110.107422 
110.107727 
110.108948 
110.109863 
110.110168 
110.110168 
110.110779 
110.110168 
110.109558 
110.109863 
110.109558 
110.109558 
110.109558 
110.109558 
110.109253 
110.109863 
110.109558 
110.110168 
110.110474 
110.111084 
