Blum, K. P., D’Incamps, B. L., Zytnicki, D., & Ting, L. H. (2017).
Force encoding in muscle spindles during stretch of
passive muscle. PLoS computational biology, 13(9), 
e1005767. <https://journals.plos.org/ploscompbiol/article?
id=10.1371/journal.pcbi.1005767>

cat medial gastrocnemius muscle lengths over t  (in 0.0005 s increments)
110.107727 
110.107422 
110.107727 
110.107117 
110.106812 
110.107117 
110.106812 
110.106506 
110.106812 
110.106506 
110.106506 
110.107117 
110.107117 
110.106812 
110.107422 
110.107422 
110.107117 
110.107117 
110.106201 
110.105286 
110.105286 
110.105896 
110.105591 
110.106506 
110.106506 
110.106506 
110.106506 
110.106812 
110.106506 
110.106506 
110.106201 
110.106506 
110.106506 
110.105896 
110.105591 
110.105286 
110.104980 
110.105896 
110.106506 
110.107422 
110.107422 
110.107727 
110.107117 
110.107422 
110.107422 
110.106812 
110.106506 
110.106812 
110.106812 
110.107117 
110.106812 
110.107117 
110.107117 
110.107117 
110.107422 
110.107422 
110.106812 
110.106812 
110.105896 
110.105896 
110.105591 
110.106201 
110.105896 
110.106201 
110.106201 
110.105896 
110.106506 
110.106506 
110.106506 
110.106812 
110.106506 
110.106201 
110.106201 
110.106201 
110.105896 
110.105286 
110.104980 
110.106201 
110.107117 
110.106812 
110.107117 
110.108032 
110.107422 
110.107117 
110.107422 
110.106506 
110.106812 
110.106506 
110.106506 
110.106812 
110.107117 
110.106506 
110.106812 
110.107117 
110.107117 
110.107727 
110.107117 
110.106812 
110.106201 
110.105286 
110.105591 
110.106201 
110.105896 
110.106201 
110.106506 
110.106201 
110.106812 
110.106201 
110.106812 
110.107117 
110.107727 
110.108032 
110.108337 
110.108643 
110.110168 
110.111694 
110.113525 
110.116272 
110.119324 
110.122986 
110.126038 
110.129700 
110.133362 
110.137024 
110.141296 
110.144653 
110.149536 
110.155029 
110.160828 
110.166626 
110.173645 
110.180054 
110.187073 
110.194397 
110.202942 
110.210571 
110.219421 
110.226746 
110.235596 
110.243530 
110.252686 
110.262451 
110.272217 
110.282288 
110.292358 
110.302429 
110.313416 
110.325012 
110.335693 
110.347290 
110.359497 
110.371399 
110.384216 
110.397339 
110.410461 
110.424194 
110.438232 
110.452881 
110.467529 
110.482483 
110.495605 
110.508728 
110.520935 
110.532837 
110.543823 
110.554810 
110.565186 
110.575256 
110.585938 
110.596008 
110.605469 
110.615234 
110.625000 
110.634766 
110.644226 
110.653992 
110.663452 
110.671997 
110.680542 
110.689087 
110.697937 
110.708313 
110.717773 
110.727539 
110.737000 
110.747070 
110.756531 
110.766602 
110.776062 
110.785828 
110.795288 
110.804749 
110.814514 
110.824280 
110.833740 
110.843506 
110.852966 
110.863647 
110.874329 
110.885315 
110.895081 
110.905762 
110.915833 
110.925293 
110.935364 
110.945129 
110.954895 
110.964966 
110.975037 
110.985413 
110.995483 
111.005554 
111.015930 
111.026917 
111.037292 
111.048279 
111.058350 
111.068420 
111.077271 
111.087646 
111.097717 
111.108093 
111.119690 
111.129150 
111.140442 
111.150513 
111.161804 
111.172180 
111.182861 
111.193237 
111.204224 
111.214294 
111.224365 
111.234436 
111.244507 
111.254883 
111.265259 
111.276245 
111.287537 
111.299133 
111.309814 
111.320801 
111.331177 
111.341553 
111.351929 
111.361694 
111.371460 
111.381836 
111.392212 
111.402283 
111.412659 
111.422729 
111.433411 
111.444092 
111.453857 
111.464844 
111.475220 
111.484375 
111.494141 
111.503601 
111.513672 
111.524353 
111.534729 
111.545105 
111.555481 
111.565552 
111.575928 
111.586304 
111.596680 
111.606445 
111.616821 
111.626587 
111.636353 
111.647339 
111.656494 
111.666565 
111.676636 
111.687622 
111.698303 
111.709595 
111.719360 
111.729736 
111.740112 
111.749878 
111.759949 
111.769714 
111.778870 
111.789551 
111.799622 
111.809998 
111.820068 
111.830139 
111.840210 
111.850586 
111.860962 
111.871033 
111.881409 
111.890869 
111.900330 
111.910095 
111.920166 
111.930237 
111.940308 
111.950684 
111.961365 
111.971741 
111.982117 
111.992493 
112.002869 
112.012329 
112.023010 
112.032471 
112.042542 
112.052307 
112.062073 
112.072144 
112.081909 
112.092896 
112.104187 
112.115173 
112.125549 
112.135925 
112.146301 
112.155762 
112.165833 
112.175903 
112.185364 
112.195740 
112.206116 
112.215881 
112.225952 
112.236328 
112.246399 
112.256775 
112.267151 
112.277832 
112.287903 
112.297974 
112.307129 
112.316895 
112.326355 
112.337036 
112.347412 
112.357483 
112.368164 
112.378845 
112.388611 
112.399292 
112.409363 
112.419128 
112.429810 
112.439880 
112.449646 
112.460022 
112.469482 
112.479248 
112.489624 
112.500000 
112.511292 
112.521973 
112.532349 
112.543030 
112.553406 
112.562866 
112.572937 
112.583008 
112.593079 
112.603455 
112.612915 
112.623291 
112.633362 
112.643738 
112.653809 
112.663879 
112.674561 
112.684631 
112.695313 
112.704773 
112.714233 
112.723694 
112.733459 
112.744446 
112.754822 
112.764587 
112.775269 
112.785950 
112.795715 
112.806396 
112.816467 
112.826843 
112.836609 
112.846985 
112.856445 
112.866821 
112.876282 
112.886353 
112.896729 
112.907410 
112.918396 
112.929382 
112.939758 
112.950439 
112.960815 
112.970276 
112.980042 
112.990112 
112.999573 
113.009644 
113.019104 
113.029175 
113.038940 
113.048096 
113.057861 
113.067322 
113.076477 
113.085022 
113.093262 
113.101196 
113.108215 
113.114929 
113.121948 
113.129272 
113.135986 
113.142090 
113.148499 
113.154297 
113.159485 
113.164368 
113.169250 
113.172913 
113.176880 
113.180237 
113.183289 
113.185730 
113.187866 
113.189392 
113.190613 
113.192139 
113.193970 
113.195190 
113.195190 
113.194885 
113.194275 
113.193054 
113.191528 
113.189087 
113.186340 
113.183899 
113.180237 
113.176575 
113.173218 
113.168640 
113.164063 
113.159180 
113.153687 
113.148193 
113.141785 
113.134766 
113.126526 
113.118591 
113.110657 
113.102417 
113.094177 
113.085327 
113.076477 
113.067627 
113.057861 
113.048096 
113.038330 
113.027954 
113.018188 
113.006897 
112.996216 
112.985840 
112.974548 
112.963257 
112.952576 
112.941895 
112.932129 
112.921753 
112.911072 
112.900085 
112.888184 
112.877197 
112.865906 
112.854004 
112.842712 
112.832031 
112.820435 
112.809448 
112.798462 
112.787170 
112.776184 
112.765198 
112.754517 
112.744141 
112.732849 
112.721558 
112.709351 
112.698669 
112.687073 
112.676697 
112.665710 
112.655029 
112.644958 
112.634277 
112.623901 
112.613525 
112.603149 
112.592468 
112.581482 
112.570496 
112.560730 
112.549133 
112.538757 
112.527771 
112.517395 
112.507019 
112.497864 
112.487793 
112.478027 
112.467957 
112.456970 
112.446594 
112.435913 
112.424927 
112.414551 
112.403870 
112.393188 
112.383423 
112.373047 
112.362366 
112.352600 
112.342224 
112.331848 
112.322083 
112.311401 
112.301025 
112.289429 
112.279053 
112.267456 
112.257996 
112.247620 
112.236938 
112.226868 
112.216797 
112.206726 
112.196960 
112.185974 
112.175903 
112.165833 
112.155151 
112.144775 
112.134094 
112.123413 
112.112427 
112.102051 
112.091980 
112.082520 
112.073059 
112.062683 
112.052917 
112.042236 
112.031860 
112.020874 
112.010193 
111.999817 
111.989136 
111.978760 
111.968384 
111.958008 
111.947021 
111.936951 
111.926270 
111.916504 
111.906738 
111.895752 
111.885376 
111.873779 
111.862793 
111.851807 
111.842041 
111.831360 
111.820984 
111.811218 
111.800842 
111.791077 
111.780396 
111.769714 
111.759644 
111.749268 
111.738892 
111.728516 
111.717834 
111.706848 
111.696472 
111.686096 
111.675720 
111.666260 
111.656799 
111.646729 
111.636963 
111.626282 
111.615601 
111.605225 
111.593933 
111.583862 
111.572876 
111.562500 
111.552124 
111.541138 
111.531677 
111.520996 
111.510620 
111.500549 
111.490479 
111.480103 
111.469116 
111.458130 
111.447144 
111.436462 
111.426086 
111.415710 
111.405334 
111.394958 
111.385193 
111.375122 
111.365356 
111.354675 
111.344299 
111.333923 
111.323242 
111.312866 
111.301880 
111.291199 
111.280823 
111.270447 
111.260071 
111.250916 
111.241760 
111.231079 
111.221619 
111.211243 
111.200562 
111.190796 
111.179810 
111.168823 
111.158447 
111.148071 
111.137390 
111.127319 
111.117249 
111.106873 
111.096802 
111.086121 
111.076660 
111.066284 
111.055908 
111.044922 
111.033325 
111.022949 
111.012878 
111.002502 
110.992126 
110.982361 
110.972595 
110.962524 
110.952759 
110.942078 
110.932007 
110.921936 
110.911560 
110.901489 
110.891113 
110.880432 
110.869446 
110.859070 
110.849304 
110.839844 
110.830078 
110.820618 
110.810242 
110.800171 
110.789185 
110.778809 
110.768433 
110.758057 
110.747070 
110.737000 
110.726318 
110.715637 
110.704956 
110.694885 
110.684814 
110.673828 
110.664368 
110.653992 
110.643005 
110.632324 
110.621033 
110.610046 
110.599365 
110.589600 
110.579529 
110.569458 
110.559387 
110.549011 
110.538940 
110.528259 
110.517883 
110.507813 
110.497437 
110.487061 
110.476379 
110.465698 
110.454712 
110.444641 
110.433960 
110.424500 
110.415039 
110.405273 
110.395508 
110.384827 
110.374451 
110.363770 
110.353699 
110.343323 
110.332642 
110.322571 
110.311890 
110.301819 
110.291443 
110.281067 
110.271301 
110.261536 
110.251770 
110.241699 
110.231934 
110.221558 
110.211487 
110.202332 
110.193787 
110.185852 
110.177917 
110.170593 
110.163574 
110.157471 
110.151062 
110.145264 
110.139465 
110.134583 
110.130310 
110.125122 
110.121460 
110.117798 
110.113831 
110.111084 
110.108948 
110.107422 
110.106812 
110.105896 
110.105286 
110.105286 
110.104675 
110.104675 
110.104675 
110.105286 
110.105896 
110.107422 
110.108643 
110.111084 
110.113525 
110.116272 
110.120239 
110.124512 
110.129089 
110.133972 
110.138855 
110.143433 
110.148010 
110.153809 
110.160522 
110.167542 
110.174561 
110.182800 
110.191040 
110.199585 
110.208740 
110.218201 
110.227661 
110.237427 
110.247498 
110.257263 
110.267639 
110.278015 
110.288696 
110.299072 
110.310669 
110.322571 
110.333862 
110.345764 
110.357361 
110.368347 
110.379028 
110.389404 
110.400085 
110.410461 
110.421143 
110.431519 
110.442200 
110.452576 
110.462952 
110.473633 
110.484314 
110.494690 
110.505371 
110.515747 
110.525818 
110.534973 
110.544434 
110.554810 
110.565186 
110.575562 
110.585938 
110.596313 
110.606689 
110.617065 
110.628052 
110.637817 
110.647888 
110.657959 
110.668030 
110.678711 
110.688477 
110.697937 
110.708313 
110.718384 
110.728760 
110.740051 
110.751343 
110.761414 
110.772095 
110.782166 
110.792542 
110.802612 
110.812073 
110.822144 
110.832214 
110.842285 
110.852356 
110.862732 
110.872803 
110.882568 
110.892944 
110.903625 
110.914001 
110.924683 
110.933838 
110.943298 
110.952759 
110.962524 
110.972595 
110.983276 
110.993042 
111.003723 
111.013794 
111.024475 
111.035156 
111.044922 
111.055298 
111.065369 
111.075439 
111.085510 
111.095581 
111.105652 
111.115112 
111.125183 
111.135254 
111.146851 
111.157837 
111.168213 
111.178894 
111.189575 
111.199646 
111.209717 
111.219482 
111.229553 
111.239624 
111.250000 
111.260071 
111.270142 
111.280518 
111.291199 
111.301270 
111.311951 
111.322327 
111.333313 
111.343384 
111.352844 
111.362915 
111.372070 
111.382751 
111.393127 
111.403503 
111.413879 
111.424561 
111.434631 
111.445618 
111.455994 
111.465759 
111.476440 
111.486206 
111.496582 
111.506958 
111.516724 
111.526489 
111.536255 
111.546631 
111.557922 
111.569214 
111.580200 
111.590576 
111.600647 
111.610413 
111.621094 
111.630554 
111.640930 
111.651001 
111.661072 
111.671143 
111.681213 
111.691589 
111.701965 
111.712341 
111.722412 
111.732788 
111.743164 
111.752930 
111.763000 
111.771851 
111.781616 
111.792297 
111.802673 
111.813049 
111.823120 
111.833496 
111.843872 
111.854858 
111.864319 
111.874390 
111.884766 
111.894531 
111.904907 
111.914673 
111.923828 
111.934509 
111.944580 
111.954651 
111.965942 
111.976929 
111.987610 
111.997986 
112.008362 
112.018127 
112.028198 
112.037964 
112.048035 
112.058105 
112.068176 
112.078247 
112.088318 
112.098694 
112.108765 
112.119446 
112.129517 
112.139893 
112.150574 
112.160645 
112.169495 
112.178955 
112.189026 
112.199402 
112.209167 
112.219543 
112.230225 
112.240601 
112.250977 
112.261353 
112.272034 
112.281799 
112.292175 
112.302551 
112.312012 
112.322083 
112.331848 
112.341614 
112.351379 
112.361755 
112.373047 
112.384033 
112.394409 
112.405090 
112.415466 
112.425232 
112.435608 
112.445068 
112.455139 
112.465515 
112.475281 
112.485657 
112.495728 
112.505798 
112.516479 
112.526550 
112.536621 
112.546997 
112.557983 
112.567749 
112.577209 
112.586670 
112.596130 
112.607117 
112.617188 
112.627563 
112.637634 
112.648010 
112.658386 
112.668457 
112.678833 
112.689209 
112.699280 
112.709351 
112.719421 
112.729187 
112.738647 
112.749329 
112.758789 
112.769165 
112.780762 
112.791748 
112.802429 
112.812805 
112.822571 
112.832947 
112.842712 
112.852783 
112.862549 
112.872620 
112.882385 
112.893066 
112.903137 
112.913208 
112.923889 
112.933960 
112.943726 
112.954712 
112.964783 
112.975159 
112.984009 
112.993469 
113.002930 
113.012695 
113.023376 
113.032837 
113.042603 
113.052368 
113.061523 
113.070984 
113.079529 
113.088074 
113.096313 
113.103943 
113.111572 
113.118286 
113.125000 
113.131409 
113.138123 
113.144531 
113.151245 
113.157043 
113.162537 
113.167419 
113.171997 
113.175659 
113.179016 
113.181458 
113.183899 
113.186646 
113.188477 
113.190308 
113.191833 
113.192444 
113.193359 
113.193359 
113.193054 
113.193359 
113.193054 
113.190613 
113.188171 
113.185730 
113.182373 
113.179932 
113.176880 
113.173523 
113.170471 
113.166809 
113.163452 
113.158875 
113.154602 
113.150024 
113.145447 
113.140564 
113.135071 
113.130188 
113.124695 
113.119202 
113.113708 
113.108215 
113.103943 
113.099365 
113.093872 
113.088684 
113.083801 
113.077393 
113.071289 
113.065491 
113.059692 
113.053894 
113.047485 
113.041382 
113.036194 
113.030396 
113.024902 
113.019409 
113.013916 
113.008423 
113.003235 
112.997131 
112.990723 
112.984619 
112.978516 
112.972717 
112.967224 
112.962036 
112.956543 
112.951050 
112.945862 
112.940979 
112.935181 
112.929688 
112.924500 
112.919006 
112.912903 
112.907715 
112.902222 
112.896423 
112.890930 
112.885742 
112.880554 
112.876587 
112.872009 
112.866821 
112.861938 
112.856750 
112.850952 
112.845764 
112.839661 
112.834778 
112.829285 
112.824402 
112.819214 
112.813721 
112.808838 
112.804260 
112.798767 
112.794189 
112.789001 
112.783813 
112.778015 
112.771912 
112.766113 
112.761230 
112.756653 
112.751160 
112.746277 
112.741394 
112.736206 
112.731323 
112.726135 
112.720947 
112.716064 
112.710876 
112.705383 
112.699890 
112.694397 
112.689209 
112.683716 
112.678833 
112.674561 
112.670288 
112.665405 
112.660217 
112.655640 
112.650452 
112.644653 
112.639465 
112.633972 
112.628479 
112.622986 
112.618103 
112.612610 
112.607422 
112.602844 
112.597656 
112.592468 
112.587280 
112.582092 
112.576904 
112.570801 
112.565002 
112.559509 
112.554321 
112.549133 
112.543335 
112.538452 
112.533875 
112.528687 
112.523804 
112.518616 
112.513428 
112.507935 
112.502747 
112.497253 
112.492065 
112.486267 
112.480774 
112.475586 
112.470093 
112.465820 
112.461548 
112.456360 
112.451782 
112.446899 
112.441101 
112.436218 
112.430420 
112.424316 
112.419128 
112.413940 
112.408447 
112.403564 
112.398071 
112.393799 
112.388306 
112.383118 
112.378540 
112.373047 
112.368164 
112.362061 
112.356262 
112.350769 
112.345276 
112.340088 
112.334900 
112.329712 
112.325439 
112.320251 
112.315369 
112.310181 
112.305298 
112.300110 
112.294617 
112.289429 
112.283630 
112.278442 
112.272644 
112.267456 
112.261963 
112.258301 
112.253418 
112.249146 
112.243958 
112.239380 
112.233887 
112.228394 
112.223206 
112.217407 
112.212524 
112.207336 
112.202148 
112.196960 
112.191772 
112.186890 
112.182007 
112.176514 
112.171936 
112.167053 
112.161865 
112.156067 
112.149658 
112.144165 
112.138977 
112.134399 
112.128906 
112.124023 
112.119446 
112.113953 
112.109375 
112.104187 
112.098999 
112.093811 
112.088623 
112.083435 
112.078247 
112.072754 
112.066956 
112.061768 
112.056885 
112.052307 
112.048035 
112.043457 
112.038269 
112.033386 
112.028198 
112.023010 
112.017212 
112.011719 
112.006836 
112.001648 
111.996155 
111.990967 
111.985779 
111.980896 
111.976013 
111.971130 
111.965942 
111.960754 
111.955261 
111.949158 
111.943665 
111.937561 
111.932678 
111.927490 
111.922913 
111.917419 
111.912842 
111.907959 
111.902466 
111.897583 
111.892700 
111.887207 
111.882324 
111.876831 
111.871643 
111.865845 
111.860046 
111.855469 
111.849976 
111.845398 
111.841125 
111.836548 
111.831360 
111.827087 
111.821289 
111.815796 
111.810608 
111.805115 
111.799011 
111.794128 
111.788940 
111.783752 
111.778564 
111.773376 
111.768799 
111.763611 
111.758728 
111.753845 
111.748657 
111.742554 
111.736755 
111.730957 
111.725769 
111.720581 
111.715393 
111.710815 
111.705933 
111.701050 
111.696167 
111.690674 
111.686096 
111.680603 
111.675720 
111.669922 
111.664429 
111.659546 
111.653748 
111.648254 
111.642456 
111.638489 
111.633911 
111.629333 
111.624451 
111.619568 
111.614685 
111.609192 
111.603394 
111.598511 
111.593018 
111.588135 
111.582642 
111.577148 
111.572266 
111.567078 
111.562195 
111.557007 
111.552124 
111.547241 
111.542358 
111.536560 
111.530151 
111.524963 
111.519165 
111.514893 
111.509399 
111.504211 
111.499634 
111.494446 
111.489563 
111.484375 
111.479187 
111.473999 
111.469116 
111.463928 
111.458435 
111.453247 
111.447449 
111.441956 
111.436768 
111.432190 
111.427917 
111.423340 
111.418457 
111.413574 
111.409302 
111.403198 
111.397400 
111.392517 
111.387024 
111.382141 
111.376953 
111.371460 
111.366577 
111.361084 
111.356506 
111.351318 
111.346130 
111.341248 
111.336060 
111.329956 
111.324158 
111.318359 
111.313171 
111.307983 
111.303406 
111.297607 
111.293030 
111.288147 
111.283569 
111.278076 
111.273499 
111.268005 
111.262817 
111.257629 
111.252441 
111.246948 
111.241455 
111.235962 
111.230469 
111.225891 
111.221924 
111.217346 
111.212463 
111.207886 
111.202087 
111.197205 
111.191711 
111.186523 
111.180725 
111.175842 
111.170349 
111.164856 
111.159973 
111.154480 
111.149597 
111.145020 
111.139832 
111.134949 
111.129761 
111.123962 
111.117554 
111.112366 
111.106873 
111.101990 
111.096802 
111.091919 
111.087036 
111.082153 
111.077576 
111.072388 
111.067200 
111.062012 
111.057129 
111.051636 
111.046448 
111.040955 
111.035461 
111.029968 
111.024780 
111.020508 
111.015930 
111.011353 
111.006165 
111.001587 
110.996704 
110.990906 
110.985413 
110.980225 
110.974731 
110.969543 
110.964050 
110.959167 
110.953979 
110.948792 
110.943909 
110.938721 
110.933838 
110.929871 
110.923767 
110.918579 
110.912476 
110.906677 
110.901794 
110.896912 
110.891724 
110.886536 
110.881653 
110.876770 
110.871887 
110.867004 
110.861816 
110.856628 
110.851135 
110.846252 
110.840454 
110.834961 
110.829163 
110.823975 
110.818787 
110.814819 
110.809937 
110.805969 
110.801086 
110.796204 
110.791016 
110.785828 
110.780334 
110.774841 
110.769043 
110.764465 
110.759277 
110.753479 
110.748291 
110.743713 
110.738220 
110.733337 
110.728455 
110.723267 
110.718079 
110.712585 
110.706177 
110.700684 
110.695496 
110.690002 
110.685425 
110.680237 
110.675049 
110.670166 
110.665588 
110.660095 
110.655212 
110.650330 
110.645142 
110.639648 
110.634155 
110.628662 
110.623169 
110.617371 
110.612183 
110.608215 
110.603638 
110.599365 
110.594788 
110.589294 
110.584412 
110.579224 
110.573730 
110.568237 
110.562744 
110.557861 
110.552673 
110.546875 
110.541687 
110.536804 
110.531921 
110.526733 
110.522156 
110.516357 
110.511780 
110.505981 
110.499878 
110.494080 
110.489197 
110.483704 
110.479126 
110.474548 
110.468750 
110.464783 
110.459595 
110.454102 
110.449219 
110.444336 
110.438843 
110.433960 
110.428162 
110.422974 
110.417480 
110.412292 
110.406799 
110.402527 
110.397949 
110.393372 
110.388794 
110.383301 
110.378418 
110.373230 
110.367432 
110.361938 
110.357361 
110.351563 
110.346375 
110.341492 
110.336304 
110.331116 
110.325928 
110.320740 
110.316467 
110.311279 
110.306091 
110.300598 
110.294495 
110.288696 
110.283508 
110.278931 
110.273743 
110.268555 
110.263672 
110.258179 
110.253906 
110.248718 
110.243225 
110.238342 
110.233154 
110.227966 
110.222778 
110.217285 
110.211487 
110.205994 
110.201111 
110.196838 
110.192871 
110.187988 
110.182800 
110.178528 
110.173340 
110.167542 
110.162354 
110.157166 
110.151978 
110.147400 
110.141907 
110.137634 
110.133057 
110.129395 
110.125732 
110.122070 
110.119019 
110.116272 
110.113831 
110.111084 
110.108643 
110.106506 
110.104980 
110.104370 
110.104065 
110.104065 
110.104675 
110.105896 
110.106506 
110.108032 
110.109253 
110.111389 
110.114136 
110.116272 
110.119934 
110.123596 
110.127563 
110.131836 
110.136719 
110.142822 
110.149536 
110.156250 
110.162964 
110.170288 
110.177307 
110.184937 
110.192871 
110.200500 
110.209045 
110.218201 
110.227661 
110.237732 
110.247498 
110.257874 
110.268250 
110.278931 
110.289307 
110.300598 
110.311584 
110.321350 
110.331421 
110.341492 
110.352173 
110.362854 
110.374146 
110.384827 
110.396118 
110.407410 
110.417480 
110.428467 
110.439148 
110.449829 
110.460205 
110.470581 
110.481262 
110.490723 
110.501099 
110.511169 
110.521545 
110.532227 
110.543213 
110.554810 
110.565186 
110.575562 
110.586548 
110.596313 
110.606079 
110.615845 
110.626221 
110.636292 
110.646057 
110.656738 
110.666809 
110.676880 
110.687256 
110.697937 
110.708313 
110.718689 
110.729370 
110.739136 
110.748291 
110.757751 
110.767822 
110.778503 
110.788574 
110.798950 
110.809021 
110.820007 
110.830078 
110.840454 
110.850830 
110.860901 
110.870972 
110.881653 
110.891418 
110.901184 
110.910950 
110.920715 
110.930481 
110.941467 
110.952759 
110.963440 
110.973816 
110.984497 
110.994568 
111.004333 
111.014404 
111.024475 
111.034241 
111.044312 
111.054077 
111.064758 
111.074524 
111.084900 
111.094971 
111.105347 
111.116028 
111.126404 
111.137085 
111.146545 
111.155701 
111.165466 
111.175842 
111.186523 
111.196289 
111.206665 
111.217346 
111.228027 
111.238098 
111.248779 
111.258850 
111.269531 
111.279602 
111.289368 
111.299744 
111.309814 
111.319275 
111.329346 
111.340332 
111.350708 
111.362305 
111.372986 
111.383667 
111.394348 
111.404724 
111.413879 
111.424561 
111.434631 
111.444092 
111.454468 
111.464539 
111.474915 
111.484985 
111.495667 
111.506348 
111.516418 
111.527100 
111.537781 
111.547546 
111.557312 
111.566772 
111.576538 
111.586304 
111.596985 
111.607056 
111.617737 
111.627808 
111.638184 
111.648865 
111.659546 
111.669617 
111.679688 
111.689758 
111.699829 
111.709900 
111.719666 
111.729736 
111.739502 
111.749573 
111.760254 
111.771545 
111.782227 
111.792908 
111.803589 
111.813660 
111.823120 
111.833801 
111.843262 
111.853027 
111.863403 
111.873474 
111.883545 
111.893616 
111.903687 
111.914368 
111.924438 
111.934814 
111.945190 
111.955261 
111.965637 
111.974792 
111.984253 
111.994019 
112.004395 
112.014771 
112.024841 
112.035522 
112.046204 
112.056274 
112.066650 
112.077026 
112.086792 
112.097168 
112.107239 
112.117615 
112.127380 
112.136841 
112.146606 
112.156982 
112.167358 
112.178345 
112.189941 
112.199707 
112.210388 
112.220764 
112.230225 
112.240601 
112.249756 
112.259827 
112.270203 
112.280579 
112.290649 
112.301025 
112.311401 
112.321777 
112.331848 
112.342224 
112.352600 
112.362976 
112.372742 
112.381897 
112.391357 
112.401428 
112.411499 
112.421875 
112.432251 
112.442627 
112.453613 
112.463379 
112.474365 
112.484131 
112.494507 
112.504578 
112.514648 
112.524414 
112.533875 
112.544250 
112.553711 
112.564087 
112.574768 
112.585754 
112.596741 
112.607727 
112.617798 
112.627869 
112.637939 
112.647705 
112.657471 
112.667847 
112.677917 
112.687683 
112.697754 
112.708130 
112.718201 
112.728882 
112.738647 
112.749634 
112.759705 
112.770081 
112.780151 
112.789307 
112.798157 
112.808838 
112.818604 
112.829285 
112.839355 
112.849426 
112.860413 
112.870483 
112.881165 
112.891235 
112.901306 
112.911377 
112.921753 
112.931824 
112.941589 
112.951355 
112.960815 
112.971497 
112.982178 
112.993164 
113.003235 
113.013916 
113.024292 
113.033752 
113.042908 
113.052368 
113.061218 
113.069763 
113.078308 
113.086853 
113.095093 
113.103027 
113.110657 
113.118286 
113.125305 
113.132629 
113.138733 
113.145142 
113.150635 
113.155212 
113.159485 
113.164063 
113.168335 
113.172607 
113.176575 
113.179932 
113.182983 
113.185425 
113.187561 
113.189697 
113.191223 
113.191833 
113.192139 
113.191833 
113.191833 
113.191528 
113.190002 
113.188782 
113.187866 
113.187256 
113.186035 
113.184204 
113.181763 
113.179321 
113.176575 
113.173523 
113.170166 
113.166809 
113.163452 
113.160400 
113.156738 
113.153381 
113.150024 
113.146362 
113.143005 
113.139954 
113.135986 
113.132324 
113.128357 
113.123474 
113.118896 
113.114929 
113.111572 
113.107300 
113.103638 
113.100281 
113.096313 
113.092346 
113.088379 
113.084717 
113.081055 
113.077087 
113.073425 
113.068848 
113.064880 
113.061218 
113.056641 
113.052673 
113.049316 
113.046265 
113.042908 
113.039856 
113.036499 
113.032532 
113.028564 
113.024597 
113.020630 
113.016663 
113.013000 
113.009338 
113.005066 
113.001709 
112.998352 
112.994690 
112.991333 
112.987976 
112.984924 
112.981567 
112.977600 
112.973328 
112.969055 
112.965393 
112.962341 
112.958374 
112.955017 
112.951965 
112.948608 
112.945557 
112.942200 
112.939148 
112.935791 
112.931824 
112.928467 
112.924500 
112.921448 
112.917786 
112.913818 
112.911072 
112.907715 
112.904663 
112.902527 
112.899170 
112.896118 
112.892761 
112.888794 
112.885132 
112.881470 
112.877502 
112.873535 
112.871094 
112.867126 
112.864075 
112.861023 
112.857361 
112.854004 
112.851257 
112.848206 
112.843933 
112.840881 
112.836304 
112.832031 
112.828369 
112.825012 
112.821655 
112.818604 
112.814941 
112.811890 
112.808838 
112.804871 
112.802429 
112.798767 
112.795105 
112.791443 
112.788086 
112.783813 
112.780151 
112.775879 
112.772827 
112.769775 
112.767334 
112.764282 
112.761536 
112.757874 
112.754822 
112.751160 
112.746887 
112.743530 
112.739563 
112.735291 
112.732544 
112.728577 
112.724915 
112.721558 
112.718506 
112.714844 
112.711182 
112.708130 
112.705078 
112.701416 
112.696533 
112.692261 
112.688599 
112.684937 
112.681885 
112.678223 
112.675171 
112.672119 
112.669067 
112.665710 
112.661743 
112.658386 
112.655029 
112.651672 
112.647705 
112.644653 
112.640381 
112.636414 
112.633057 
112.630005 
112.627258 
112.624817 
112.621460 
112.618408 
112.615051 
112.611389 
112.607727 
112.604065 
112.600098 
112.596436 
112.593689 
112.589722 
112.586365 
112.582703 
112.579041 
112.575989 
112.572937 
112.569275 
112.566528 
112.562561 
112.558289 
112.554016 
112.550354 
112.546997 
112.543945 
112.540283 
112.536926 
112.533569 
112.530823 
112.527466 
112.524109 
112.521057 
112.517395 
112.514343 
112.510071 
112.507019 
112.503052 
112.499390 
112.496033 
112.492676 
112.490234 
112.488098 
112.485046 
112.481995 
112.478027 
112.474670 
112.471008 
112.467041 
112.463379 
112.460022 
112.456055 
112.453003 
112.449951 
112.445984 
112.442932 
112.439575 
112.436218 
112.433167 
112.429810 
112.425842 
112.421875 
112.417603 
112.413635 
112.410278 
112.406921 
112.403564 
112.400208 
112.397156 
112.393799 
112.391052 
112.387085 
112.383728 
112.380371 
112.376709 
112.373352 
112.369690 
112.365417 
112.362061 
112.358398 
112.355347 
112.352295 
112.349854 
112.346802 
112.343445 
112.340088 
112.337036 
112.333374 
112.329102 
112.325134 
112.322083 
112.318726 
112.315063 
112.311401 
112.308044 
112.304993 
112.301331 
112.298279 
112.294617 
112.291870 
112.287292 
112.283325 
112.279663 
112.275391 
112.272034 
112.268677 
112.265015 
112.261963 
112.258606 
112.255249 
112.252502 
112.248840 
112.245483 
112.242126 
112.238159 
112.234802 
112.231140 
112.227173 
112.223206 
112.219849 
112.216797 
112.214050 
112.211609 
112.208252 
112.205505 
112.202454 
112.198486 
112.195129 
112.190857 
112.187195 
112.183838 
112.180176 
112.176514 
112.173462 
112.169800 
112.166748 
112.163391 
112.159729 
112.156677 
112.153625 
112.149963 
112.145386 
112.141418 
112.137451 
112.134399 
112.131348 
112.127991 
112.124939 
112.121582 
112.118225 
112.115173 
112.111206 
112.107849 
112.104797 
112.100830 
112.097473 
112.093506 
112.089844 
112.086182 
112.082520 
112.079163 
112.076721 
112.074585 
112.071533 
112.068481 
112.065125 
112.061768 
112.057800 
112.054138 
112.050476 
112.047119 
112.043152 
112.039490 
112.036133 
112.033081 
112.029419 
112.026367 
112.023010 
112.019653 
112.016602 
112.012939 
112.008667 
112.004089 
112.000732 
111.997375 
111.994324 
111.990967 
111.987610 
111.984558 
111.981201 
111.977844 
111.974487 
111.971130 
111.968079 
111.964111 
111.960449 
111.956787 
111.952515 
111.948547 
111.945496 
111.941833 
111.939087 
111.937256 
111.934204 
111.930847 
111.927490 
111.923828 
111.920166 
111.916809 
111.913147 
111.909485 
111.905823 
111.902161 
111.899109 
111.895447 
111.891785 
111.888733 
111.885681 
111.882324 
111.879272 
111.875305 
111.870728 
111.866760 
111.863098 
111.860046 
111.856384 
111.853027 
111.849976 
111.846924 
111.843262 
111.840210 
111.836548 
111.833191 
111.829834 
111.826172 
111.822815 
111.819153 
111.815186 
111.811523 
111.807861 
111.804810 
111.802063 
111.799316 
111.795959 
111.792908 
111.790161 
111.786194 
111.782532 
111.778870 
111.774902 
111.771851 
111.767883 
111.764832 
111.761169 
111.757813 
111.754456 
111.751099 
111.748047 
111.744690 
111.741638 
111.737671 
111.733704 
111.729431 
111.725769 
111.722412 
111.718750 
111.715088 
111.712036 
111.709290 
111.705933 
111.702881 
111.699219 
111.695557 
111.692505 
111.688538 
111.685486 
111.681824 
111.677856 
111.674500 
111.670837 
111.667480 
111.664734 
111.662598 
111.659241 
111.656189 
111.652832 
111.649170 
111.645813 
111.641541 
111.637878 
111.634521 
111.630859 
111.627197 
111.623840 
111.620178 
111.617126 
111.613770 
111.610107 
111.607361 
111.604004 
111.600342 
111.596069 
111.592102 
111.588135 
111.585083 
111.581421 
111.577759 
111.575012 
111.571960 
111.568604 
111.565552 
111.561890 
111.559143 
111.555176 
111.551208 
111.547852 
111.544800 
111.540833 
111.536865 
111.533203 
111.530151 
111.527405 
111.524658 
111.521606 
111.518860 
111.515503 
111.511536 
111.508179 
111.504517 
111.500549 
111.496887 
111.493530 
111.489868 
111.486511 
111.482849 
111.479797 
111.476440 
111.472778 
111.470032 
111.466675 
111.463013 
111.459045 
111.455078 
111.450806 
111.447449 
111.444092 
111.440735 
111.437683 
111.434326 
111.430969 
111.427917 
111.424561 
111.420898 
111.417236 
111.414185 
111.410217 
111.407166 
111.403198 
111.399231 
111.395874 
111.392517 
111.389771 
111.387329 
111.384277 
111.380920 
111.377869 
111.374207 
111.370544 
111.366882 
111.363525 
111.359558 
111.355896 
111.352844 
111.349182 
111.345825 
111.342468 
111.339417 
111.336060 
111.333008 
111.329346 
111.325684 
111.321411 
111.317139 
111.313171 
111.310120 
111.306763 
111.303406 
111.300354 
111.296997 
111.293640 
111.290283 
111.287231 
111.283569 
111.280212 
111.276550 
111.273499 
111.269531 
111.266174 
111.262207 
111.258545 
111.254883 
111.252747 
111.250000 
111.247253 
111.244202 
111.240234 
111.237183 
111.233826 
111.229553 
111.225891 
111.222534 
111.218567 
111.215515 
111.211853 
111.208191 
111.205444 
111.202087 
111.198730 
111.195374 
111.192627 
111.188660 
111.184692 
111.180420 
111.176453 
111.173096 
111.169434 
111.166077 
111.163025 
111.159668 
111.156616 
111.153259 
111.149597 
111.146851 
111.142883 
111.139832 
111.136169 
111.132202 
111.128845 
111.124878 
111.121216 
111.117859 
111.115417 
111.112976 
111.109924 
111.106567 
111.103516 
111.099854 
111.096497 
111.092224 
111.088562 
111.085510 
111.081543 
111.078186 
111.074829 
111.071472 
111.068420 
111.064758 
111.062012 
111.058655 
111.055298 
111.051636 
111.047363 
111.043091 
111.038818 
111.035767 
111.032410 
111.029053 
111.026001 
111.022949 
111.019897 
111.016541 
111.012878 
111.008911 
111.005859 
111.002502 
110.998840 
110.995789 
110.991516 
110.987549 
110.984192 
110.980530 
110.978699 
110.975342 
110.972595 
110.969849 
110.966187 
110.962830 
110.959167 
110.955505 
110.951538 
110.948181 
110.944519 
110.941467 
110.937805 
110.934448 
110.930786 
110.927429 
110.924683 
110.921631 
110.917969 
110.914612 
110.910339 
110.906372 
110.902710 
110.898743 
110.895386 
110.892334 
110.889282 
110.885620 
110.882874 
110.879517 
110.876160 
110.872498 
110.869141 
110.865784 
110.862122 
110.857849 
110.854492 
110.850525 
110.847168 
110.843506 
110.841064 
110.838623 
110.835571 
110.832214 
110.828857 
110.825806 
110.821838 
110.818176 
110.814819 
110.810547 
110.807495 
110.803528 
110.800476 
110.796814 
110.793762 
110.790100 
110.787354 
110.783691 
110.780640 
110.777588 
110.773315 
110.768433 
110.765381 
110.761414 
110.758362 
110.755005 
110.751343 
110.748291 
110.745544 
110.741882 
110.738525 
110.735168 
110.731812 
110.728455 
110.724487 
110.721436 
110.716858 
110.713806 
110.710144 
110.706787 
110.703735 
110.700989 
110.697937 
110.694580 
110.691528 
110.688477 
110.684509 
110.680847 
110.677490 
110.673523 
110.669861 
110.666199 
110.663147 
110.659180 
110.656433 
110.652771 
110.649414 
110.646667 
110.643005 
110.639343 
110.635376 
110.631104 
110.627747 
110.624084 
110.620422 
110.617676 
110.614319 
110.610962 
110.607910 
110.604248 
110.601196 
110.598145 
110.594482 
110.591125 
110.587463 
110.583496 
110.579834 
110.576172 
110.572510 
110.569458 
110.566406 
110.563660 
110.561218 
110.558167 
110.554504 
110.551453 
110.547180 
110.543518 
110.539856 
110.535583 
110.532837 
110.529175 
110.525818 
110.522156 
110.519104 
110.515747 
110.512085 
110.509338 
110.505981 
110.502319 
110.498352 
110.494080 
110.490417 
110.486450 
110.483398 
110.480347 
110.476990 
110.473633 
110.470276 
110.467529 
110.463867 
110.460815 
110.456848 
110.453796 
110.449829 
110.446472 
110.443115 
110.438843 
110.435486 
110.432434 
110.429077 
110.426941 
110.423584 
110.420532 
110.417786 
110.414124 
110.410461 
110.406799 
110.403137 
110.399170 
110.395813 
110.392151 
110.388489 
110.385132 
110.381775 
110.378723 
110.375671 
110.372009 
110.368958 
110.365295 
110.361328 
110.357361 
110.353088 
110.349426 
110.346680 
110.343018 
110.339966 
110.336914 
110.333252 
110.330505 
110.326843 
110.323486 
110.320435 
110.317078 
110.313110 
110.310059 
110.305786 
110.301819 
110.298462 
110.295410 
110.292053 
110.289612 
110.286560 
110.283508 
110.280762 
110.276489 
110.273132 
110.269775 
110.266113 
110.262146 
110.258484 
110.255432 
110.252075 
110.248108 
110.244751 
110.241699 
110.238647 
110.235291 
110.231934 
110.228577 
110.223999 
110.220337 
110.216064 
110.212402 
110.209351 
110.205994 
110.202332 
110.199280 
110.196228 
110.193176 
110.190430 
110.187073 
110.183105 
110.179749 
110.175476 
110.172424 
110.168762 
110.164795 
110.161743 
110.158081 
110.155334 
110.152893 
110.150146 
110.147095 
110.144043 
110.140076 
110.136414 
110.133362 
110.129395 
110.126038 
110.122681 
110.119934 
110.117188 
110.114746 
110.112610 
110.110779 
110.109253 
110.108337 
110.108032 
110.107117 
110.105591 
110.105286 
110.105591 
110.105591 
110.106812 
110.108643 
110.109863 
110.112000 
110.115356 
110.118408 
110.121765 
110.125732 
110.129700 
110.134888 
110.139465 
110.144958 
110.150757 
110.155945 
110.162659 
110.169678 
110.177612 
110.186768 
110.195007 
110.203552 
110.213013 
110.222168 
110.231323 
110.241699 
110.250854 
110.261230 
110.271301 
110.281677 
110.292053 
110.303040 
110.313416 
110.324402 
110.335693 
110.346375 
110.357666 
110.367737 
110.378113 
110.388184 
110.398560 
110.408936 
110.419922 
110.430603 
110.441284 
110.451965 
110.462646 
110.473633 
110.484314 
110.494690 
110.504761 
110.515137 
110.525513 
110.535583 
110.545654 
110.556030 
110.565796 
110.576172 
110.586853 
110.598450 
110.609131 
110.619507 
110.630188 
110.640564 
110.650330 
110.660400 
110.670471 
110.679932 
110.690308 
110.700684 
110.710449 
110.721130 
110.731506 
110.741882 
110.751648 
110.762634 
110.773010 
110.783386 
110.792542 
110.802002 
110.811768 
110.821533 
110.832520 
110.842896 
110.852661 
110.863953 
110.873718 
110.884705 
110.894775 
110.904541 
110.914917 
110.925293 
110.934753 
110.945435 
110.954590 
110.964966 
110.974731 
110.985107 
110.995483 
111.006775 
111.017761 
111.027832 
111.038818 
111.048584 
111.058350 
111.069031 
111.078491 
111.088257 
111.098328 
111.108398 
111.118469 
111.128845 
111.138916 
111.149292 
111.159973 
111.170044 
111.180725 
111.191101 
111.200562 
111.209717 
111.219788 
111.229858 
111.240845 
111.251221 
111.261292 
111.271973 
111.282349 
111.292725 
111.303406 
111.313171 
111.323547 
111.334229 
111.344299 
111.354370 
111.364136 
111.374207 
111.384277 
111.394653 
111.405334 
111.416626 
111.427612 
111.437378 
111.448364 
111.458740 
111.468811 
111.478577 
111.488647 
111.498718 
111.508789 
111.519165 
111.528931 
111.539307 
111.549683 
111.560059 
111.570129 
111.581116 
111.591492 
111.601563 
111.611023 
111.620483 
111.630249 
111.640015 
111.651001 
111.661377 
111.671753 
111.682129 
111.692505 
111.703186 
111.712952 
111.723328 
111.733704 
111.743774 
111.753845 
111.763611 
111.773376 
111.783447 
111.793518 
111.803894 
111.814880 
111.825867 
111.836548 
111.846924 
111.857605 
111.867371 
111.877136 
111.887207 
111.897278 
111.906738 
111.917114 
111.927185 
111.937561 
111.947327 
111.958008 
111.968384 
111.978149 
111.988831 
111.999207 
112.009583 
112.019348 
112.028198 
112.037659 
112.048035 
112.058716 
112.068787 
112.078857 
112.089539 
112.099609 
112.109985 
112.120972 
112.130737 
112.141113 
112.151184 
112.161255 
112.171021 
112.181091 
112.190552 
112.200928 
112.210999 
112.221375 
112.232666 
112.243652 
112.254028 
112.264404 
112.274780 
112.284546 
112.294922 
112.304688 
112.314453 
112.324524 
112.334595 
112.344666 
112.355042 
112.365112 
112.375793 
112.386169 
112.396240 
112.406616 
112.416992 
112.426453 
112.435913 
112.445374 
112.455444 
112.465820 
112.476196 
112.486267 
112.496643 
112.507324 
112.517395 
112.527771 
112.537842 
112.548218 
112.558289 
112.568359 
112.578430 
112.588501 
112.598572 
112.608337 
112.618713 
112.629089 
112.640381 
112.651062 
112.661133 
112.671814 
112.681885 
112.691650 
112.701721 
112.711487 
112.721558 
112.731628 
112.742004 
112.751770 
112.762146 
112.772217 
112.782593 
112.793274 
112.803650 
112.813721 
112.824097 
112.833862 
112.843323 
112.852478 
112.862549 
112.873230 
112.883911 
112.893677 
112.904053 
112.914734 
112.924805 
112.935181 
112.945557 
112.955322 
112.965393 
112.975159 
112.985229 
112.994995 
113.004456 
113.014221 
113.023987 
113.034363 
113.044739 
113.054504 
113.064270 
113.073730 
113.081970 
113.090210 
113.098145 
113.105469 
113.113098 
113.120422 
113.126831 
113.133545 
113.140259 
113.146057 
113.152161 
113.156738 
113.161926 
113.166809 
113.171387 
113.174438 
113.177185 
113.179932 
113.181763 
113.184814 
113.186951 
113.188782 
113.190002 
113.191528 
113.192139 
113.191833 
113.191833 
113.191833 
113.190918 
113.190002 
113.188782 
113.186951 
113.185425 
113.183289 
113.181152 
113.179932 
113.178711 
113.176880 
113.174744 
113.172607 
113.169861 
113.167419 
113.164368 
113.161316 
113.158569 
113.155518 
113.152466 
113.149414 
113.146362 
113.143921 
113.140869 
113.137512 
113.135376 
113.132629 
113.128967 
113.125916 
113.121948 
113.118286 
113.115234 
113.112793 
113.109436 
113.106995 
113.103943 
113.101196 
113.098755 
113.095398 
113.092651 
113.089600 
113.086243 
113.083801 
113.081055 
113.077698 
113.074646 
113.071594 
113.068237 
113.066101 
113.064270 
113.062439 
113.059692 
113.057251 
113.054199 
113.051147 
113.048096 
113.045044 
113.041382 
113.038940 
113.036804 
113.034058 
113.031311 
113.028870 
113.026428 
113.023682 
113.021545 
113.018799 
113.016357 
113.013306 
113.010254 
113.007202 
113.003845 
113.001709 
112.999268 
112.997131 
112.994080 
112.992249 
112.989807 
112.987366 
112.984924 
112.982178 
112.979736 
112.976990 
112.974243 
112.971497 
112.968445 
112.965393 
112.963257 
112.961121 
112.959290 
112.957764 
112.955933 
112.953186 
112.950745 
112.948303 
112.944946 
112.942810 
112.939453 
112.937012 
112.934570 
112.931519 
112.928772 
112.926941 
112.923889 
112.921448 
112.919922 
112.917175 
112.914734 
112.911682 
112.908020 
112.904968 
112.901917 
112.899780 
112.897034 
112.894287 
112.892151 
112.889709 
112.886963 
112.884216 
112.881775 
112.879639 
112.876587 
112.873840 
112.871094 
112.868347 
112.865295 
112.862244 
112.859802 
112.857666 
112.855530 
112.854004 
112.851257 
112.849121 
112.846375 
112.843628 
112.840881 
112.837524 
112.834473 
112.831726 
112.829285 
112.826843 
112.824402 
112.821655 
112.819214 
112.816467 
112.814026 
112.811584 
112.809143 
112.805786 
112.802429 
112.799377 
112.796326 
112.794495 
112.791748 
112.788696 
112.786560 
112.784119 
112.781982 
112.779236 
112.776794 
112.774048 
112.771301 
112.768860 
112.765808 
112.762756 
112.760010 
112.757568 
112.755127 
112.752380 
112.750854 
112.749023 
112.746582 
112.744751 
112.741699 
112.738647 
112.735901 
112.733154 
112.730103 
112.727356 
112.724915 
112.722473 
112.720032 
112.717285 
112.715454 
112.712708 
112.709961 
112.708130 
112.705994 
112.702942 
112.698975 
112.696533 
112.692871 
112.691345 
112.688599 
112.685852 
112.683716 
112.681274 
112.678833 
112.676697 
112.673950 
112.671204 
112.669067 
112.666016 
112.663574 
112.660828 
112.657776 
112.655334 
112.652588 
112.650146 
112.648621 
112.646790 
112.644653 
112.642212 
112.639771 
112.637329 
112.633972 
112.630920 
112.628784 
112.625732 
112.622986 
112.620544 
112.618103 
112.615662 
112.612915 
112.610474 
112.608032 
112.605896 
112.603455 
112.600098 
112.597046 
112.593994 
112.590637 
112.588501 
112.585754 
112.583313 
112.580872 
112.578735 
112.576294 
112.573853 
112.570801 
112.568054 
112.565918 
112.562866 
112.560120 
112.557983 
112.554626 
112.551575 
112.548828 
112.546692 
112.545166 
112.543335 
112.541504 
112.538757 
112.536011 
112.533264 
112.530212 
112.527161 
112.524414 
112.521667 
112.518921 
112.516479 
112.514038 
112.510986 
112.509155 
112.506409 
112.503662 
112.501831 
112.499084 
112.496338 
112.492676 
112.489319 
112.486267 
112.484131 
112.481689 
112.479248 
112.477417 
112.474365 
112.472229 
112.469788 
112.466736 
112.464294 
112.461853 
112.459412 
112.456665 
112.453308 
112.450867 
112.447510 
112.444763 
112.442627 
112.441101 
112.438965 
112.436829 
112.434998 
112.431946 
112.429504 
112.426453 
112.423096 
112.420654 
112.417908 
112.415466 
112.412720 
112.409973 
112.408142 
112.405090 
112.402954 
112.400513 
112.398071 
112.395935 
112.392883 
112.389526 
112.386169 
112.383423 
112.381287 
112.378540 
112.376404 
112.373962 
112.371216 
112.369080 
112.366943 
112.364197 
112.361755 
112.359009 
112.356262 
112.353821 
112.350769 
112.348022 
112.344971 
112.342224 
112.340088 
112.338562 
112.336121 
112.334290 
112.332458 
112.329712 
112.326965 
112.324219 
112.321167 
112.318726 
112.315674 
112.313232 
112.310791 
112.308044 
112.305298 
112.302856 
112.300415 
112.297974 
112.295837 
112.293091 
112.290955 
112.287292 
112.283630 
112.280884 
112.278748 
112.276001 
112.273560 
112.271729 
112.268677 
112.266541 
112.263794 
112.261353 
112.258606 
112.256165 
112.253723 
112.250671 
112.247620 
112.244873 
112.241821 
112.239075 
112.236633 
112.235413 
112.233276 
112.231445 
112.229309 
112.226257 
112.223816 
112.220459 
112.217712 
112.215271 
112.212524 
112.210083 
112.207336 
112.204590 
112.202148 
112.199707 
112.197266 
112.194519 
112.192383 
112.189941 
112.187195 
112.183533 
112.180481 
112.177429 
112.174988 
112.171936 
112.170105 
112.167664 
112.165527 
112.162781 
112.160950 
112.157898 
112.155762 
112.153015 
112.149658 
112.147522 
112.144470 
112.141724 
112.138977 
112.135925 
112.133484 
112.132263 
112.130127 
112.127991 
112.126160 
112.123413 
112.120667 
112.118225 
112.114868 
112.112122 
112.108765 
112.106628 
112.103882 
112.101440 
112.098999 
112.096558 
112.093811 
112.091370 
112.088928 
112.086487 
112.084045 
112.080383 
112.077026 
112.074280 
112.072144 
112.069397 
112.067261 
112.064209 
112.062378 
112.059937 
112.057800 
112.054749 
112.052307 
112.050171 
112.047119 
112.044373 
112.041626 
112.038269 
112.035828 
112.033081 
112.030945 
112.029419 
112.027588 
112.025146 
112.023010 
112.020264 
112.018127 
112.014771 
112.012024 
112.009277 
112.006226 
112.003784 
112.001343 
111.998291 
111.995850 
111.993408 
111.990967 
111.988525 
111.986389 
111.984253 
111.980896 
111.977539 
111.974792 
111.971436 
111.968994 
111.967163 
111.964111 
111.961975 
111.959839 
111.957397 
111.955261 
111.952209 
111.949768 
111.947021 
111.944275 
111.941833 
111.938782 
111.935730 
111.932983 
111.930542 
111.927795 
111.925964 
111.924133 
111.922302 
111.919861 
111.917114 
111.914673 
111.911926 
111.908569 
111.905823 
111.903381 
111.900635 
111.898499 
111.895142 
111.893005 
111.890869 
111.888428 
111.885681 
111.883545 
111.880798 
111.878052 
111.874695 
111.871338 
111.868286 
111.865845 
111.863403 
111.861267 
111.858826 
111.856689 
111.854248 
111.851807 
111.849365 
111.846924 
111.844177 
111.841431 
111.838989 
111.835938 
111.832886 
111.830139 
111.827087 
111.825256 
111.823425 
111.821594 
111.819458 
111.817322 
111.814575 
111.812439 
111.809082 
111.806030 
111.803284 
111.800537 
111.797791 
111.795044 
111.792603 
111.789856 
111.787415 
111.784973 
111.782227 
111.780090 
111.777954 
111.774902 
111.771851 
111.768188 
111.765747 
111.763000 
111.760559 
111.758118 
111.755371 
111.753540 
111.751404 
111.748657 
111.745911 
111.743774 
111.741028 
111.737976 
111.735840 
111.732483 
111.729431 
111.726685 
111.724243 
111.722107 
111.720276 
111.718750 
111.716919 
111.714172 
111.711731 
111.708984 
111.706238 
111.702881 
111.700134 
111.697693 
111.694641 
111.692505 
111.689758 
111.687012 
111.684265 
111.682129 
111.679688 
111.677551 
111.675415 
111.672363 
111.669006 
111.665649 
111.662903 
111.660461 
111.657715 
111.655579 
111.653137 
111.651001 
111.648560 
111.646118 
111.643372 
111.640625 
111.638184 
111.635742 
111.632385 
111.629944 
111.626892 
111.623840 
111.621094 
111.618958 
111.617432 
111.615295 
111.612854 
111.611023 
111.608582 
111.605530 
111.603394 
111.600037 
111.597290 
111.594238 
111.591797 
111.589355 
111.586609 
111.583862 
111.581421 
111.579285 
111.576843 
111.574402 
111.571960 
111.569214 
111.566162 
111.562805 
111.559753 
111.557007 
111.554565 
111.552124 
111.549988 
111.547546 
111.545715 
111.543274 
111.540222 
111.537781 
111.535645 
111.531982 
111.529846 
111.527100 
111.523743 
111.521606 
111.518250 
111.515808 
111.514282 
111.512756 
111.510925 
111.508179 
111.505737 
111.502991 
111.500244 
111.497192 
111.494141 
111.491394 
111.488953 
111.486206 
111.483154 
111.481018 
111.478577 
111.476135 
111.473694 
111.471252 
111.469116 
111.466064 
111.462708 
111.459351 
111.456604 
111.454163 
111.451721 
111.448975 
111.446838 
111.444397 
111.441956 
111.439819 
111.437073 
111.434937 
111.432190 
111.429138 
111.426697 
111.423950 
111.420898 
111.417847 
111.415405 
111.412964 
111.411438 
111.409302 
111.407471 
111.405334 
111.402588 
111.400452 
111.397095 
111.394043 
111.391296 
111.388550 
111.385803 
111.383972 
111.380920 
111.378174 
111.376038 
111.373596 
111.370850 
111.368713 
111.366577 
111.363525 
111.360168 
111.356812 
111.353760 
111.351318 
111.348877 
111.346741 
111.343994 
111.341553 
111.339417 
111.336975 
111.334534 
111.332092 
111.329346 
111.326294 
111.323853 
111.320801 
111.318054 
111.315308 
111.312866 
111.309814 
111.308594 
111.306458 
111.304626 
111.302185 
111.299744 
111.296997 
111.293945 
111.291199 
111.288757 
111.286011 
111.283264 
111.280518 
111.277771 
111.275024 
111.272888 
111.270447 
111.268005 
111.266174 
111.263428 
111.260681 
111.257324 
111.253662 
111.250916 
111.248474 
111.245728 
111.243286 
111.241150 
111.238403 
111.235962 
111.234131 
111.231689 
111.229248 
111.226501 
111.223755 
111.221008 
111.218567 
111.215820 
111.212769 
111.210022 
111.207275 
111.205750 
111.204224 
111.202087 
111.199646 
111.197205 
111.194763 
111.191711 
111.188660 
111.185913 
111.182861 
111.180115 
111.177368 
111.175232 
111.172180 
111.170044 
111.167297 
111.164551 
111.162720 
111.160278 
111.157837 
111.154175 
111.151123 
111.147461 
111.145630 
111.143188 
111.140442 
111.138306 
111.135864 
111.133423 
111.130981 
111.128235 
111.126099 
111.123352 
111.120605 
111.117859 
111.114807 
111.112671 
111.109619 
111.106567 
111.104126 
111.102600 
111.101074 
111.098633 
111.096802 
111.094055 
111.091919 
111.088867 
111.085815 
111.082764 
111.080627 
111.077576 
111.075134 
111.072388 
111.069946 
111.067200 
111.065063 
111.062317 
111.060181 
111.057434 
111.054993 
111.051331 
111.048279 
111.045227 
111.042480 
111.040344 
111.037903 
111.035156 
111.033020 
111.030579 
111.028442 
111.025696 
111.022949 
111.020813 
111.018066 
111.015015 
111.012573 
111.009521 
111.006470 
111.004028 
111.001282 
110.999451 
110.997925 
110.996094 
110.993958 
110.992126 
110.988770 
110.986023 
110.982971 
110.979919 
110.977478 
110.974731 
110.971985 
110.969543 
110.966492 
110.964050 
110.961914 
110.958862 
110.957031 
110.954590 
110.952148 
110.948792 
110.945740 
110.942383 
110.939636 
110.937500 
110.935059 
110.932312 
110.930176 
110.928040 
110.925903 
110.922546 
110.920715 
110.917969 
110.915527 
110.912781 
110.909729 
110.906982 
110.904236 
110.901184 
110.898743 
110.897217 
110.895386 
110.893250 
110.891113 
110.888672 
110.885925 
110.883179 
110.880432 
110.877686 
110.874939 
110.871582 
110.869751 
110.866699 
110.864258 
110.861816 
110.859070 
110.856628 
110.854492 
110.851746 
110.848999 
110.846252 
110.842590 
110.839233 
110.836792 
110.834656 
110.831909 
110.829773 
110.827026 
110.824890 
110.822754 
110.820007 
110.817871 
110.815125 
110.812073 
110.809631 
110.807190 
110.803833 
110.801392 
110.798340 
110.795898 
110.794067 
110.792236 
110.790100 
110.788269 
110.785217 
110.783081 
110.780029 
110.776978 
110.774536 
110.771790 
110.769043 
110.765991 
110.763245 
110.761108 
110.758972 
110.755920 
110.753784 
110.751648 
110.748901 
110.746155 
110.742798 
110.740051 
110.736694 
110.734253 
110.731812 
110.729065 
110.726624 
110.724487 
110.722656 
110.719910 
110.717163 
110.714722 
110.712280 
110.709534 
110.707092 
110.704346 
110.700989 
110.697632 
110.695190 
110.692749 
110.690918 
110.689392 
110.686951 
110.684814 
110.682678 
110.679626 
110.677185 
110.674133 
110.671082 
110.668640 
110.665894 
110.663147 
110.660706 
110.657959 
110.655518 
110.653076 
110.650330 
110.648499 
110.646057 
110.643311 
110.640259 
110.636902 
110.633545 
110.631104 
110.628967 
110.625916 
110.623779 
110.621338 
110.619202 
110.616760 
110.614014 
110.611877 
110.609131 
110.606689 
110.603638 
110.601196 
110.598145 
110.595093 
110.592346 
110.589905 
110.588074 
110.586548 
110.584412 
110.582275 
110.579834 
110.577393 
110.574341 
110.571594 
110.568237 
110.565491 
110.563354 
110.560608 
110.557556 
110.555420 
110.553284 
110.550537 
110.547485 
110.545349 
110.543213 
110.540161 
110.537109 
110.533752 
110.530701 
110.528259 
110.525208 
110.523071 
110.520935 
110.518494 
110.516357 
110.513611 
110.511475 
110.509033 
110.505981 
110.503540 
110.500793 
110.498352 
110.495300 
110.492249 
110.489502 
110.487366 
110.485229 
110.483398 
110.481262 
110.479431 
110.476990 
110.474243 
110.471497 
110.468445 
110.465698 
110.462646 
110.460205 
110.457764 
110.455017 
110.452271 
110.450134 
110.447388 
110.444946 
110.442810 
110.440674 
110.437927 
110.434875 
110.431213 
110.428162 
110.425415 
110.423279 
110.420837 
110.418091 
110.415955 
110.413818 
110.411377 
110.408630 
110.405884 
110.403442 
110.401306 
110.398560 
110.395508 
110.392456 
110.389404 
110.386658 
110.383911 
110.382385 
110.380554 
110.379028 
110.376587 
110.373840 
110.371399 
110.368652 
110.365906 
110.363159 
110.360107 
110.357056 
110.354614 
110.352173 
110.349731 
110.346985 
110.345154 
110.342407 
110.340271 
110.337524 
110.335083 
110.332031 
110.328674 
110.325623 
110.322571 
110.320129 
110.317688 
110.314941 
110.312805 
110.310364 
110.308533 
110.305786 
110.303345 
110.300293 
110.298157 
110.295105 
110.292664 
110.289917 
110.287170 
110.283813 
110.281677 
110.279846 
110.277710 
110.275879 
110.273743 
110.271606 
110.268860 
110.266113 
110.263062 
110.260620 
110.257874 
110.254822 
110.252380 
110.249634 
110.247192 
110.244446 
110.242310 
110.239868 
110.237427 
110.234680 
110.232544 
110.229187 
110.225525 
110.222473 
110.219727 
110.217285 
110.215149 
110.212708 
110.210266 
110.208130 
110.205688 
110.203247 
110.200500 
110.198364 
110.195618 
110.192566 
110.190125 
110.187073 
110.183716 
110.180969 
110.178833 
110.177002 
110.174866 
110.173340 
110.170898 
110.168152 
110.166321 
110.163269 
110.160522 
110.158081 
110.155029 
110.152283 
110.149841 
110.146790 
110.144348 
110.141907 
110.139465 
110.136719 
110.134277 
110.132141 
110.130005 
110.126953 
110.123291 
110.119629 
110.117798 
110.115662 
110.113525 
110.111694 
110.110168 
110.108948 
110.107422 
110.107117 
110.106201 
110.106201 
110.105896 
110.105896 
110.106506 
110.107117 
110.107117 
110.108337 
110.110474 
110.113831 
110.116882 
110.121155 
110.124817 
110.129089 
110.134583 
110.138550 
110.143433 
110.149231 
110.154724 
110.160828 
110.167542 
110.174561 
110.181885 
110.190430 
110.198669 
110.207520 
110.216980 
110.226746 
110.236816 
110.245972 
110.255127 
110.264893 
110.274963 
110.285645 
110.296326 
110.307007 
110.318298 
110.328979 
110.340271 
110.350647 
110.361328 
110.372314 
110.382996 
110.393677 
110.404053 
110.414734 
110.425110 
110.435486 
110.446167 
110.457458 
110.468445 
110.479431 
110.489807 
110.500793 
110.510864 
110.521240 
110.531311 
110.541382 
110.551758 
110.561829 
110.572510 
110.582581 
110.592651 
110.603027 
110.613403 
110.623779 
110.634460 
110.644836 
110.655212 
110.664673 
110.674133 
110.683594 
110.693970 
110.704346 
110.714722 
110.725403 
110.736084 
110.745850 
110.756836 
110.767212 
110.776978 
110.787659 
110.797729 
110.807495 
110.817566 
110.827332 
110.836792 
110.846863 
110.857239 
110.868530 
110.879822 
110.890503 
110.900574 
110.911255 
110.921326 
110.931091 
110.941162 
110.950928 
110.960999 
110.971069 
110.981140 
110.990906 
111.001282 
111.011658 
111.022034 
111.032104 
111.042786 
111.052856 
111.063538 
111.072998 
111.082458 
111.092224 
111.102295 
111.112061 
111.122742 
111.133118 
111.143494 
111.153870 
111.164246 
111.174927 
111.184998 
111.195374 
111.205444 
111.216125 
111.225891 
111.235657 
111.245422 
111.255493 
111.265869 
111.276855 
111.288147 
111.298523 
111.308899 
111.319580 
111.329956 
111.340332 
111.350098 
111.359863 
111.370239 
111.380615 
111.390381 
111.400757 
111.411133 
111.420898 
111.431580 
111.442261 
111.452942 
111.463013 
111.473694 
111.483154 
111.492920 
111.502380 
111.512451 
111.522522 
111.533203 
111.543579 
111.553650 
111.564941 
111.574707 
111.585083 
111.595459 
111.605225 
111.615906 
111.625977 
111.636047 
111.646118 
111.656189 
111.665955 
111.676331 
111.687012 
111.697998 
111.708984 
111.719360 
111.729736 
111.740112 
111.749878 
111.759644 
111.769714 
111.779480 
111.789551 
111.799316 
111.809998 
111.819763 
111.830750 
111.840820 
111.851501 
111.861267 
111.871948 
111.882324 
111.892090 
111.901245 
111.910400 
111.921082 
111.931152 
111.941528 
111.952209 
111.962585 
111.972961 
111.983643 
111.993408 
112.003784 
112.013855 
112.023926 
112.033997 
112.043762 
112.054138 
112.063904 
112.073364 
112.083435 
112.094116 
112.105103 
112.116394 
112.126770 
112.137756 
112.147827 
112.157288 
112.167053 
112.177124 
112.187195 
112.196655 
112.207336 
112.217102 
112.226868 
112.237854 
112.248230 
112.258301 
112.268677 
112.279053 
112.289734 
112.298889 
112.308655 
112.318420 
112.328186 
112.338562 
112.348633 
112.359009 
112.369385 
112.380066 
112.390442 
112.400818 
112.410889 
112.420654 
112.431030 
112.441101 
112.451172 
112.460938 
112.471008 
112.480774 
112.490540 
112.501526 
112.512817 
112.523193 
112.534180 
112.544556 
112.554626 
112.564087 
112.573853 
112.584534 
112.593994 
112.604370 
112.614136 
112.624207 
112.634888 
112.644958 
112.655334 
112.665100 
112.676086 
112.686157 
112.696533 
112.706299 
112.716064 
112.725220 
112.734985 
112.745667 
112.755737 
112.766418 
112.776794 
112.787170 
112.797546 
112.807617 
112.817993 
112.827759 
112.838135 
112.847900 
112.858276 
112.868042 
112.877502 
112.888184 
112.898254 
112.908630 
112.920227 
112.930603 
112.940979 
112.951355 
112.961426 
112.970886 
112.980957 
112.990723 
113.000488 
113.010864 
113.020325 
113.030396 
113.039551 
113.049316 
113.058777 
113.067627 
113.077393 
113.085938 
113.094177 
113.101501 
113.108215 
113.114929 
113.121643 
113.128967 
113.135681 
113.141785 
113.147888 
113.153381 
113.158875 
113.163147 
113.167725 
113.172302 
113.175354 
113.178101 
113.181763 
113.184204 
113.185120 
113.186951 
113.188171 
113.189697 
113.191528 
113.192749 
113.192749 
113.193054 
113.192749 
113.191833 
113.190918 
113.189392 
113.188171 
113.186951 
113.185425 
113.183594 
113.181763 
113.180237 
113.178101 
113.176270 
113.174744 
113.172607 
113.171082 
113.167725 
113.164368 
113.161926 
113.158875 
113.157043 
113.154602 
113.152161 
113.150330 
113.148193 
113.145752 
113.143005 
113.140869 
113.138123 
113.135986 
113.133240 
113.130493 
113.128052 
113.125000 
113.122253 
113.119812 
113.118286 
113.116455 
113.114319 
113.112488 
113.110657 
113.107910 
113.105469 
113.103027 
113.099976 
113.097229 
113.095093 
113.092651 
113.090515 
113.088379 
113.086243 
113.083801 
113.081970 
113.080139 
113.078308 
113.075867 
113.073425 
113.070374 
113.067627 
113.065186 
113.063049 
113.061218 
113.058777 
113.057251 
113.055725 
113.053589 
113.051147 
113.049316 
113.046875 
113.045349 
113.043213 
113.040771 
113.038330 
113.035889 
113.033447 
113.031616 
113.029785 
113.028564 
113.027344 
113.025818 
113.023987 
113.021545 
113.019714 
113.016968 
113.015137 
113.013000 
113.010559 
113.008728 
113.006592 
113.005066 
113.002930 
113.000793 
112.998962 
112.996826 
112.995300 
112.993164 
112.991028 
112.987976 
112.985535 
112.983093 
112.980957 
112.979431 
112.977600 
112.975769 
112.974243 
112.971802 
112.969666 
112.968445 
112.966003 
112.963562 
112.961426 
112.958984 
112.957153 
112.954712 
112.952576 
112.950134 
112.947998 
112.947083 
112.945557 
112.944031 
112.941895 
112.939758 
112.937622 
112.935181 
112.932739 
112.930298 
112.928162 
112.926025 
112.924194 
112.921753 
112.919922 
112.917786 
112.915344 
112.913513 
112.911682 
112.909851 
112.907410 
112.904663 
112.901611 
112.898865 
112.897339 
112.894897 
112.892456 
112.891235 
112.889099 
112.887878 
112.885132 
112.882996 
112.881165 
112.879028 
112.876587 
112.874451 
112.872009 
112.869568 
112.867126 
112.864685 
112.862854 
112.861633 
112.860413 
112.858887 
112.857056 
112.854614 
112.852783 
112.850342 
112.847900 
112.845459 
112.843628 
112.841492 
112.839355 
112.837219 
112.835388 
112.833557 
112.831726 
112.829590 
112.827759 
112.825317 
112.823486 
112.821045 
112.817688 
112.815552 
112.813721 
112.811279 
112.810059 
112.808228 
112.805786 
112.804565 
112.802124 
112.800598 
112.798462 
112.796326 
112.794189 
112.791748 
112.789612 
112.787476 
112.785034 
112.782898 
112.780762 
112.780151 
112.778625 
112.777100 
112.775574 
112.773438 
112.771301 
112.769165 
112.766724 
112.764282 
112.762451 
112.760315 
112.758179 
112.756348 
112.754211 
112.752380 
112.750854 
112.748413 
112.746887 
112.745056 
112.742310 
112.739563 
112.736206 
112.734070 
112.732239 
112.730103 
112.727966 
112.726440 
112.724609 
112.722778 
112.720947 
112.718811 
112.716675 
112.714233 
112.712097 
112.710571 
112.707520 
112.705383 
112.703247 
112.700500 
112.698975 
112.698059 
112.696533 
112.694702 
112.693481 
112.690735 
112.688599 
112.686768 
112.683411 
112.681885 
112.679443 
112.677307 
112.675476 
112.673035 
112.670898 
112.669067 
112.666626 
112.664795 
112.663574 
112.661133 
112.658691 
112.655640 
112.652893 
112.650757 
112.648926 
112.646790 
112.644958 
112.643127 
112.640991 
112.639771 
112.637329 
112.635193 
112.633362 
112.630920 
112.629089 
112.626648 
112.624512 
112.621765 
112.619324 
112.617493 
112.615051 
112.614746 
112.612610 
112.611389 
112.609863 
112.607727 
112.605286 
112.603149 
112.600708 
112.598572 
112.595825 
112.594299 
112.592163 
112.589417 
112.588196 
112.586060 
112.583923 
112.581787 
112.579956 
112.577820 
112.575684 
112.572632 
112.569885 
112.567444 
112.565613 
112.563782 
112.561951 
112.560120 
112.558594 
112.556763 
112.554626 
112.552490 
112.550354 
112.548523 
112.546387 
112.544556 
112.542114 
112.539673 
112.537842 
112.535095 
112.533264 
112.532043 
112.531128 
112.529602 
112.527466 
112.525635 
112.523193 
112.520447 
112.518921 
112.516479 
112.514038 
112.511902 
112.510071 
112.507629 
112.505798 
112.503967 
112.502136 
112.500305 
112.498474 
112.496338 
112.494202 
112.491150 
112.488403 
112.486267 
112.484131 
112.482300 
112.480469 
112.478333 
112.476807 
112.474670 
112.473145 
112.471313 
112.469177 
112.467041 
112.464600 
112.462463 
112.460327 
112.457581 
112.455139 
112.453003 
112.451172 
112.450562 
112.449036 
112.447510 
112.445984 
112.443542 
112.441406 
112.439270 
112.436523 
112.434082 
112.431946 
112.430420 
112.427368 
112.425232 
112.423401 
112.421265 
112.419434 
112.417297 
112.415466 
112.414246 
112.411499 
112.408142 
112.405701 
112.403564 
112.401428 
112.399902 
112.397461 
112.395630 
112.394104 
112.391968 
112.390137 
112.388306 
112.385864 
112.384033 
112.381592 
112.379150 
112.377014 
112.374573 
112.372437 
112.370300 
112.368469 
112.366638 
112.366333 
112.364502 
112.362366 
112.360535 
112.357788 
112.355652 
112.353210 
112.351379 
112.349548 
112.347107 
112.344971 
112.342529 
112.340698 
112.339172 
112.336731 
112.334900 
112.333069 
112.331238 
112.328796 
112.326355 
112.323303 
112.320862 
112.319031 
112.316895 
112.315063 
112.313232 
112.311401 
112.309570 
112.307434 
112.305908 
112.303162 
112.301636 
112.298889 
112.297363 
112.294617 
112.292786 
112.290649 
112.287598 
112.286377 
112.284851 
112.283630 
112.282104 
112.280273 
112.278137 
112.276306 
112.274170 
112.271118 
112.268982 
112.266541 
112.264404 
112.262268 
112.260437 
112.258301 
112.256775 
112.254639 
112.252502 
112.250671 
112.248840 
112.246704 
112.243958 
112.240906 
112.238464 
112.236633 
112.234802 
112.232971 
112.230835 
112.229004 
112.227173 
112.225647 
112.223511 
112.221375 
112.219238 
112.216797 
112.214966 
112.212524 
112.210388 
112.207947 
112.205811 
112.203674 
112.202759 
112.201233 
112.199707 
112.197876 
112.195740 
112.193909 
112.191467 
112.189026 
112.186584 
112.185059 
112.182312 
112.180481 
112.178345 
112.175903 
112.174377 
112.172241 
112.170715 
112.168579 
112.166443 
112.164917 
112.161560 
112.159119 
112.156067 
112.154541 
112.152100 
112.150269 
112.148438 
112.147217 
112.144775 
112.142639 
112.140808 
112.138977 
112.136841 
112.134705 
112.132568 
112.130432 
112.127991 
112.125244 
112.123108 
112.121582 
112.120361 
112.118530 
112.117310 
112.115479 
112.113647 
112.111206 
112.108459 
112.106323 
112.104187 
112.102051 
112.099304 
112.097168 
112.095337 
112.093506 
112.091370 
112.089539 
112.087708 
112.085876 
112.084045 
112.082214 
112.079163 
112.075806 
112.073975 
112.071533 
112.069702 
112.067871 
112.066040 
112.064209 
112.062683 
112.060547 
112.058716 
112.056274 
112.054138 
112.052307 
112.049866 
112.047729 
112.045593 
112.042847 
112.040710 
112.038574 
112.037659 
112.036438 
112.034912 
112.032776 
112.030945 
112.028809 
112.026367 
112.024536 
112.021484 
112.019348 
112.017517 
112.015381 
112.013550 
112.011414 
112.009277 
112.007751 
112.005310 
112.003784 
112.001648 
112.000122 
111.997070 
111.994019 
111.991882 
111.989441 
111.987610 
111.986084 
111.983643 
111.982422 
111.980896 
111.978760 
111.976624 
111.974182 
111.971741 
111.970215 
111.967468 
111.965942 
111.963196 
111.960754 
111.958313 
111.956482 
111.955261 
111.954041 
111.952515 
111.950378 
111.948547 
111.946716 
111.943970 
111.942139 
111.939392 
111.937256 
111.935120 
111.932983 
111.931152 
111.929016 
111.927185 
111.925049 
111.922913 
111.921692 
111.919556 
111.916809 
111.914978 
111.911316 
111.909485 
111.907349 
111.905212 
111.903687 
111.901855 
111.899414 
111.897888 
111.895752 
111.893921 
111.891785 
111.889648 
111.887512 
111.884766 
111.883240 
111.880493 
111.878052 
111.875610 
111.874084 
111.873169 
111.871948 
111.870422 
111.868286 
111.866150 
111.864014 
111.861877 
111.859741 
111.856995 
111.854553 
111.852722 
111.850891 
111.848450 
111.846924 
111.845093 
111.842957 
111.840515 
111.839294 
111.837463 
111.835327 
111.831970 
111.829529 
111.826782 
111.824646 
111.822815 
111.820984 
111.819458 
111.817322 
111.815796 
111.813354 
111.811523 
111.809692 
111.807861 
111.805420 
111.802979 
111.800537 
111.797791 
111.795654 
111.793518 
111.791687 
111.790161 
111.788940 
111.787415 
111.785583 
111.784058 
111.781616 
111.778870 
111.777344 
111.774902 
111.772156 
111.770325 
111.767883 
111.766052 
111.764221 
111.762085 
111.759949 
111.758423 
111.756592 
111.754761 
111.752930 
111.749573 
111.747131 
111.744385 
111.742249 
111.740417 
111.738281 
111.736450 
111.734619 
111.733093 
111.731262 
111.728821 
111.726990 
111.725159 
111.723328 
111.720581 
111.718445 
111.716003 
111.713867 
111.711731 
111.709595 
111.708374 
111.706848 
111.705627 
111.703491 
111.701965 
111.699829 
111.697388 
111.695251 
111.692810 
111.690063 
111.688538 
111.686096 
111.683655 
111.682129 
111.680298 
111.678467 
111.676331 
111.674500 
111.672668 
111.670227 
111.667786 
111.664734 
111.662292 
111.660156 
111.658630 
111.656494 
111.654358 
111.652832 
111.651001 
111.648560 
111.647339 
111.644897 
111.642456 
111.640930 
111.638489 
111.636047 
111.633911 
111.631165 
111.628723 
111.626892 
111.625671 
111.624146 
111.622925 
111.621094 
111.619263 
111.616821 
111.614380 
111.612549 
111.610107 
111.607666 
111.605530 
111.603699 
111.601563 
111.599121 
111.597595 
111.595764 
111.593628 
111.591797 
111.590271 
111.587830 
111.585388 
111.582031 
111.579895 
111.577454 
111.575928 
111.574097 
111.571350 
111.570435 
111.567993 
111.566162 
111.564331 
111.562195 
111.560059 
111.558228 
111.556091 
111.554260 
111.551208 
111.548767 
111.546936 
111.544800 
111.543274 
111.542053 
111.540527 
111.539307 
111.537170 
111.535339 
111.532593 
111.530151 
111.527710 
111.525574 
111.524048 
111.521301 
111.519165 
111.517639 
111.515198 
111.513672 
111.511841 
111.510010 
111.507874 
111.506042 
111.503296 
111.500244 
111.497498 
111.495361 
111.493835 
111.491394 
111.489563 
111.487732 
111.485291 
111.484070 
111.481934 
111.479797 
111.477661 
111.476135 
111.473694 
111.471558 
111.469116 
111.466675 
111.464844 
111.462402 
111.461182 
111.459961 
111.458130 
111.456299 
111.454773 
111.452332 
111.450195 
111.447449 
111.445618 
111.443176 
111.441040 
111.438904 
111.436768 
111.434937 
111.432800 
111.430664 
111.428833 
111.427307 
111.425781 
111.423340 
111.420593 
111.417542 
111.415100 
111.412964 
111.411438 
111.409302 
111.407471 
111.405334 
111.403809 
111.402283 
111.399841 
111.398010 
111.395874 
111.393738 
111.391296 
111.389771 
111.387024 
111.384583 
111.382446 
111.380005 
111.378784 
111.377563 
111.375732 
111.374512 
111.372375 
111.370239 
111.368408 
111.365967 
111.363525 
111.361389 
111.359253 
111.357117 
111.354980 
111.352844 
111.350708 
111.349487 
111.346741 
111.344910 
111.343384 
111.341248 
111.338501 
111.335754 
111.333313 
111.330872 
111.328735 
111.326904 
111.325073 
111.322937 
111.321106 
111.319580 
111.317749 
111.315613 
111.313477 
111.311340 
111.308899 
111.306763 
111.304321 
111.302185 
111.299744 
111.297607 
111.296387 
111.295776 
111.293640 
111.291809 
111.290283 
111.288147 
111.285706 
111.283264 
111.281128 
111.278687 
111.276855 
111.274719 
111.272278 
111.270142 
111.268616 
111.266479 
111.264343 
111.262817 
111.260986 
111.258545 
111.256409 
111.252747 
111.250610 
111.248779 
111.246643 
111.244812 
111.242676 
111.241150 
111.239014 
111.237488 
111.235352 
111.233521 
111.231689 
111.228943 
111.227112 
111.224976 
111.222534 
111.220093 
111.217651 
111.215515 
111.214294 
111.213074 
111.211853 
111.210022 
111.208191 
111.206055 
111.203613 
111.200867 
111.199036 
111.196594 
111.194458 
111.192322 
111.190491 
111.187744 
111.185913 
111.184692 
111.182556 
111.180725 
111.178894 
111.176453 
111.174011 
111.170654 
111.168213 
111.166382 
111.164246 
111.162109 
111.160278 
111.158752 
111.156921 
111.154785 
111.152649 
111.150818 
111.148987 
111.146851 
111.144714 
111.142273 
111.140137 
111.137695 
111.135254 
111.133423 
111.131592 
111.130981 
111.129150 
111.127319 
111.125488 
111.123352 
111.121216 
111.118774 
111.117249 
111.114502 
111.111755 
111.110535 
111.107788 
111.105957 
111.103821 
111.101990 
111.099854 
111.098328 
111.096497 
111.094666 
111.091614 
111.088562 
111.086121 
111.083679 
111.081848 
111.080627 
111.078186 
111.076050 
111.074524 
111.072998 
111.070862 
111.068726 
111.066589 
111.064758 
111.062317 
111.060181 
111.058350 
111.055908 
111.053162 
111.051331 
111.049500 
111.048584 
111.047363 
111.045227 
111.044006 
111.041565 
111.039124 
111.036682 
111.034546 
111.032104 
111.029968 
111.027832 
111.025391 
111.023560 
111.021729 
111.019897 
111.017456 
111.015625 
111.014099 
111.011658 
111.009521 
111.006470 
111.003418 
111.001892 
110.999451 
110.997620 
110.995789 
110.994263 
110.992432 
110.990601 
110.988770 
110.986633 
110.984497 
110.982056 
110.980225 
110.978088 
110.975647 
110.972900 
110.970764 
110.968933 
110.967102 
110.966187 
110.964661 
110.963135 
110.960999 
110.959167 
110.956726 
110.954285 
110.952454 
110.949707 
110.947876 
110.945435 
110.943298 
110.941467 
110.939331 
110.937195 
110.935364 
110.933533 
110.931702 
110.929565 
110.927429 
110.924072 
110.921631 
110.919495 
110.917664 
110.915833 
110.913391 
110.911865 
110.910034 
110.908508 
110.906372 
110.904236 
110.902100 
110.900269 
110.898132 
110.895996 
110.893555 
110.891113 
110.888672 
110.887146 
110.885315 
110.884094 
110.882568 
110.881042 
110.879211 
110.877075 
110.874634 
110.872803 
110.870056 
110.867920 
110.865479 
110.863342 
110.861206 
110.859375 
110.856934 
110.855103 
110.852966 
110.851135 
110.849304 
110.847473 
110.845032 
110.842285 
110.839233 
110.836792 
110.835266 
110.833130 
110.831604 
110.829468 
110.827637 
110.826111 
110.823975 
110.821838 
110.820007 
110.818176 
110.815735 
110.813599 
110.810852 
110.808411 
110.806274 
110.804138 
110.802612 
110.801392 
110.800171 
110.798340 
110.796509 
110.794678 
110.792542 
110.790100 
110.787659 
110.784912 
110.782776 
110.781250 
110.778809 
110.776672 
110.774841 
110.773010 
110.770569 
110.769043 
110.767212 
110.765686 
110.762939 
110.759888 
110.757446 
110.755310 
110.752869 
110.750732 
110.749207 
110.747070 
110.745544 
110.743713 
110.741577 
110.739441 
110.737610 
110.735474 
110.733643 
110.731201 
110.728760 
110.726318 
110.723877 
110.722046 
110.720520 
110.719299 
110.718079 
110.716248 
110.714417 
110.712585 
110.710144 
110.707703 
110.705566 
110.702820 
110.700684 
110.698547 
110.696106 
110.694580 
110.692444 
110.690308 
110.688477 
110.686646 
110.684814 
110.682983 
110.680237 
110.677185 
110.674744 
110.672302 
110.670776 
110.668945 
110.666809 
110.664978 
110.663147 
110.661011 
110.659790 
110.657043 
110.655212 
110.653381 
110.650635 
110.648499 
110.646667 
110.644226 
110.641785 
110.639648 
110.638123 
110.636902 
110.635681 
110.633545 
110.632324 
110.630188 
110.628052 
110.625610 
110.622864 
110.620728 
110.618591 
110.616150 
110.614319 
110.611877 
110.610046 
110.607910 
110.606079 
110.604553 
110.602417 
110.600586 
110.598450 
110.595398 
110.592346 
110.590210 
110.588684 
110.586243 
110.584412 
110.582581 
110.581055 
110.578918 
110.577087 
110.574951 
110.573120 
110.570984 
110.568848 
110.566711 
110.564270 
110.562134 
110.559692 
110.557556 
110.555725 
110.554504 
110.553284 
110.551758 
110.549927 
110.547485 
110.545349 
110.542908 
110.540466 
110.538025 
110.535889 
110.534058 
110.531616 
110.529785 
110.527649 
110.525818 
110.523987 
110.522156 
110.520325 
110.518799 
110.515747 
110.513306 
110.510254 
110.508118 
110.505981 
110.504150 
110.502014 
110.500183 
110.498657 
110.496521 
110.494690 
110.492859 
110.490723 
110.488586 
110.486450 
110.484009 
110.482178 
110.479431 
110.477295 
110.475159 
110.473328 
110.472412 
110.471191 
110.469055 
110.467834 
110.465698 
110.463257 
110.460815 
110.458374 
110.455627 
110.454102 
110.451965 
110.449829 
110.447388 
110.445557 
110.443420 
110.441895 
110.439758 
110.438232 
110.436707 
110.433655 
110.430908 
110.427856 
110.425720 
110.424194 
110.422058 
110.419922 
110.418396 
110.416565 
110.414734 
110.412598 
110.410461 
110.408630 
110.406494 
110.404053 
110.402527 
110.400085 
110.397339 
110.395203 
110.393066 
110.391235 
110.390015 
110.388489 
110.386963 
110.385437 
110.383301 
110.380859 
110.378723 
110.375977 
110.373840 
110.371704 
110.369568 
110.367432 
110.364685 
110.363464 
110.361328 
110.359497 
110.357361 
110.355835 
110.354004 
110.351257 
110.348511 
110.345764 
110.343628 
110.342102 
110.339661 
110.337830 
110.335999 
110.334167 
110.332336 
110.330200 
110.328369 
110.326233 
110.324402 
110.322266 
110.319824 
110.317688 
110.315552 
110.312805 
110.310669 
110.308838 
110.307922 
110.306396 
110.304565 
110.303345 
110.300903 
110.298767 
110.296631 
110.293884 
110.291748 
110.289612 
110.287476 
110.285339 
110.283203 
110.281067 
110.279541 
110.277405 
110.275574 
110.273743 
110.271912 
110.269470 
110.266724 
110.263977 
110.261536 
110.259705 
110.257568 
110.256042 
110.253601 
110.252075 
110.249939 
110.248108 
110.246582 
110.244446 
110.242310 
110.240173 
110.237732 
110.235291 
110.232239 
110.230713 
110.228271 
110.226746 
110.225525 
110.224304 
110.222473 
110.220642 
110.219116 
110.216675 
110.214233 
110.212097 
110.209351 
110.207520 
110.205078 
110.202942 
110.201111 
110.199280 
110.197144 
110.195007 
110.193176 
110.191345 
110.190125 
110.187378 
110.184021 
110.181274 
110.179749 
110.177307 
110.175476 
110.173340 
110.171814 
110.169983 
110.168457 
110.165710 
110.164185 
110.162048 
110.159912 
110.157776 
110.155334 
110.152893 
110.150757 
110.148926 
110.146179 
110.144653 
110.143738 
110.142517 
110.140686 
110.139160 
110.137329 
110.134888 
110.132446 
110.130310 
110.127563 
110.125427 
110.123596 
110.121155 
110.119629 
110.116882 
110.115662 
110.113831 
110.112000 
110.110779 
110.109863 
110.108032 
110.106201 
110.104675 
110.103149 
110.103149 
110.103149 
110.102234 
110.102539 
110.101929 
110.102234 
110.102539 
110.102539 
110.102234 
110.102234 
110.101929 
110.102234 
110.101929 
110.101318 
110.101318 
110.101013 
110.101013 
110.102234 
110.102844 
110.103455 
110.103149 
110.103760 
110.103149 
110.102844 
110.102844 
110.102539 
110.103149 
110.103149 
110.102844 
110.102844 
110.103455 
110.103149 
110.103455 
110.103760 
110.104065 
110.104675 
110.103760 
110.103149 
110.102234 
110.102234 
110.102844 
110.103149 
110.102844 
110.103149 
110.103455 
110.103455 
110.103760 
110.103760 
110.104065 
110.104065 
110.103455 
110.103760 
110.104065 
110.103149 
110.102844 
110.103149 
110.103149 
110.104065 
110.104980 
110.105286 
110.105591 
110.105591 
110.105286 
110.105286 
110.104675 
110.104675 
110.104370 
110.104675 
110.104370 
110.104065 
110.104675 
110.104675 
110.104675 
110.104980 
110.105286 
110.105896 
110.104980 
110.104370 
110.103760 
110.103455 
110.103455 
110.103149 
110.103455 
110.104370 
110.104065 
110.104065 
110.104370 
110.104370 
110.103760 
110.104675 
