Blum, K. P., D’Incamps, B. L., Zytnicki, D., & Ting, L. H. (2017).
Force encoding in muscle spindles during stretch of
passive muscle. PLoS computational biology, 13(9), 
e1005767. <https://journals.plos.org/ploscompbiol/article?
id=10.1371/journal.pcbi.1005767>

cat medial gastrocnemius muscle lengths over t  (in 0.0005 s increments)
110.112000 
110.112000 
110.111694 
110.111389 
110.111389 
110.111084 
110.110779 
110.111084 
110.111084 
110.111084 
110.111389 
110.111389 
110.111084 
110.111694 
110.112000 
110.112305 
110.112305 
110.112000 
110.110474 
110.108948 
110.109253 
110.108643 
110.108948 
110.109558 
110.110168 
110.110168 
110.110168 
110.110168 
110.110474 
110.110168 
110.110168 
110.110168 
110.109863 
110.109863 
110.109558 
110.108948 
110.108643 
110.109253 
110.110168 
110.111694 
110.112305 
110.111694 
110.111694 
110.111694 
110.111389 
110.111084 
110.110779 
110.111084 
110.111084 
110.111084 
110.111389 
110.111389 
110.111084 
110.111694 
110.112000 
110.112610 
110.112610 
110.112305 
110.110474 
110.109558 
110.108643 
110.108948 
110.109558 
110.109863 
110.109863 
110.110168 
110.110168 
110.110474 
110.110474 
110.109863 
110.110474 
110.110168 
110.110168 
110.109863 
110.109253 
110.108643 
110.109253 
110.109253 
110.110779 
110.111694 
110.112305 
110.111694 
110.112000 
110.111694 
110.111389 
110.111084 
110.111084 
110.110779 
110.111084 
110.111389 
110.110779 
110.111084 
110.111694 
110.111389 
110.112000 
110.112610 
110.112610 
110.112000 
110.110474 
110.109558 
110.109253 
110.109253 
110.109558 
110.109863 
110.110168 
110.110168 
110.110168 
110.110474 
110.110474 
110.110779 
110.110779 
110.111694 
110.112610 
110.113525 
110.114136 
110.116272 
110.117493 
110.120850 
110.125427 
110.130310 
110.134583 
110.139465 
110.144958 
110.150452 
110.156250 
110.162659 
110.169983 
110.177307 
110.185547 
110.194092 
110.202942 
110.212708 
110.222778 
110.233459 
110.245056 
110.256653 
110.269470 
110.281372 
110.292664 
110.304565 
110.317078 
110.331116 
110.345154 
110.360107 
110.374756 
110.390320 
110.406189 
110.421753 
110.437927 
110.453796 
110.469666 
110.486145 
110.502930 
110.519714 
110.536499 
110.554810 
110.573730 
110.593262 
110.614929 
110.636292 
110.658264 
110.679626 
110.700684 
110.722046 
110.742798 
110.762634 
110.781555 
110.800171 
110.817566 
110.834045 
110.850220 
110.865784 
110.880432 
110.894470 
110.908203 
110.922241 
110.935364 
110.947876 
110.959778 
110.971375 
110.983887 
110.996704 
111.010132 
111.023865 
111.036987 
111.050720 
111.064148 
111.077271 
111.091003 
111.104431 
111.117249 
111.130981 
111.144409 
111.156921 
111.169434 
111.183167 
111.196594 
111.210327 
111.225586 
111.240234 
111.255493 
111.269836 
111.283875 
111.298218 
111.312561 
111.326904 
111.341553 
111.355591 
111.370850 
111.385803 
111.400452 
111.416016 
111.430969 
111.446228 
111.462097 
111.477356 
111.493225 
111.507874 
111.522217 
111.535950 
111.550903 
111.566467 
111.581421 
111.596985 
111.613159 
111.628723 
111.644897 
111.660767 
111.676331 
111.691895 
111.707458 
111.722717 
111.738281 
111.752930 
111.768494 
111.782837 
111.797791 
111.814270 
111.831055 
111.847839 
111.864014 
111.879578 
111.894836 
111.910095 
111.925354 
111.940002 
111.955261 
111.970825 
111.986084 
112.001648 
112.016907 
112.032471 
112.047729 
112.063904 
112.079468 
112.095032 
112.110901 
112.125854 
112.140198 
112.154541 
112.168884 
112.183838 
112.199402 
112.214966 
112.230835 
112.246094 
112.261658 
112.278137 
112.293091 
112.308350 
112.323914 
112.338867 
112.353821 
112.369080 
112.384033 
112.398682 
112.413635 
112.429810 
112.446289 
112.463074 
112.479248 
112.494812 
112.509766 
112.525024 
112.539978 
112.554932 
112.570496 
112.586060 
112.601013 
112.616272 
112.631836 
112.647400 
112.662964 
112.678528 
112.694092 
112.710266 
112.725830 
112.741394 
112.755432 
112.769470 
112.784424 
112.799683 
112.815247 
112.831421 
112.846985 
112.862854 
112.878418 
112.893982 
112.909546 
112.924805 
112.939758 
112.954102 
112.968750 
112.982788 
112.996216 
113.010254 
113.022766 
113.036194 
113.050537 
113.064270 
113.076782 
113.088074 
113.098755 
113.109436 
113.118896 
113.128662 
113.137207 
113.145752 
113.153687 
113.161621 
113.168335 
113.174744 
113.181152 
113.187561 
113.192749 
113.197937 
113.201904 
113.204956 
113.206482 
113.207092 
113.208923 
113.209534 
113.210754 
113.211060 
113.211365 
113.211365 
113.210144 
113.208008 
113.205872 
113.203430 
113.199768 
113.196106 
113.191528 
113.185730 
113.179626 
113.172913 
113.165588 
113.158264 
113.151550 
113.144531 
113.135986 
113.126526 
113.116150 
113.105469 
113.093567 
113.081665 
113.069458 
113.056030 
113.042603 
113.028564 
113.014526 
113.000183 
112.985229 
112.970886 
112.955933 
112.940979 
112.925415 
112.909241 
112.891541 
112.873840 
112.856750 
112.840271 
112.823792 
112.807312 
112.791443 
112.775269 
112.758484 
112.742004 
112.725220 
112.708435 
112.691345 
112.675171 
112.657776 
112.640686 
112.623596 
112.606506 
112.589417 
112.572937 
112.557678 
112.542419 
112.526855 
112.510376 
112.493591 
112.477112 
112.460632 
112.444153 
112.427673 
112.410889 
112.394409 
112.377930 
112.361755 
112.345581 
112.329712 
112.314148 
112.298584 
112.282715 
112.266846 
112.250671 
112.233276 
112.215881 
112.199097 
112.183533 
112.167358 
112.152405 
112.136536 
112.120972 
112.105103 
112.089233 
112.073975 
112.058411 
112.042542 
112.026367 
112.010803 
111.994934 
111.978760 
111.962585 
111.945801 
111.930847 
111.916199 
111.901550 
111.886902 
111.871338 
111.855774 
111.839600 
111.824036 
111.807861 
111.791687 
111.775818 
111.759949 
111.744385 
111.728821 
111.712952 
111.697388 
111.682434 
111.667175 
111.651917 
111.636353 
111.620483 
111.603699 
111.586914 
111.570129 
111.554565 
111.539001 
111.524048 
111.508484 
111.492920 
111.477661 
111.462097 
111.446533 
111.431274 
111.415710 
111.400452 
111.384583 
111.368713 
111.353149 
111.336975 
111.320801 
111.305237 
111.291199 
111.276855 
111.261902 
111.246948 
111.231384 
111.215820 
111.199951 
111.184387 
111.168213 
111.152649 
111.136475 
111.121216 
111.105957 
111.090088 
111.075134 
111.059875 
111.044617 
111.029968 
111.014709 
110.998840 
110.982056 
110.965271 
110.949707 
110.933533 
110.918274 
110.903015 
110.888062 
110.872192 
110.856934 
110.841980 
110.826111 
110.810852 
110.795288 
110.779724 
110.763855 
110.747986 
110.732117 
110.716248 
110.700073 
110.684509 
110.670166 
110.656128 
110.641479 
110.625610 
110.610657 
110.595093 
110.578918 
110.563354 
110.547485 
110.531311 
110.515747 
110.500793 
110.484924 
110.469666 
110.454407 
110.439148 
110.424194 
110.409546 
110.394287 
110.378418 
110.362549 
110.346375 
110.330811 
110.316162 
110.302429 
110.288391 
110.275269 
110.263062 
110.250549 
110.238953 
110.227661 
110.216675 
110.205994 
110.195923 
110.186768 
110.177917 
110.169067 
110.160217 
110.153503 
110.146790 
110.141907 
110.137939 
110.133362 
110.128479 
110.124512 
110.120850 
110.117493 
110.114746 
110.112305 
110.110474 
110.109253 
110.108032 
110.108032 
110.108337 
110.109253 
110.110474 
110.112000 
110.114746 
110.116882 
110.119629 
110.121765 
110.124512 
110.128479 
110.133667 
110.139771 
110.146790 
110.153809 
110.161743 
110.170288 
110.179138 
110.188599 
110.198059 
110.208435 
110.219116 
110.229797 
110.242004 
110.254211 
110.266113 
110.279541 
110.292969 
110.308838 
110.325012 
110.340881 
110.356750 
110.372620 
110.388489 
110.405579 
110.421143 
110.437012 
110.453491 
110.469360 
110.485840 
110.502014 
110.518494 
110.534973 
110.551453 
110.567932 
110.584106 
110.600891 
110.616150 
110.630798 
110.645142 
110.660095 
110.675659 
110.691528 
110.707397 
110.723572 
110.739136 
110.755005 
110.770874 
110.786743 
110.801697 
110.817871 
110.832825 
110.848389 
110.863647 
110.878296 
110.892944 
110.908203 
110.923157 
110.939636 
110.956116 
110.971680 
110.987244 
111.002502 
111.018066 
111.032715 
111.047974 
111.062622 
111.077576 
111.092834 
111.107788 
111.123047 
111.138306 
111.153259 
111.168823 
111.184998 
111.200562 
111.216125 
111.231384 
111.245728 
111.259766 
111.274109 
111.289673 
111.305542 
111.321106 
111.336975 
111.353149 
111.368713 
111.384277 
111.400146 
111.416016 
111.431274 
111.446533 
111.462097 
111.477051 
111.492615 
111.507568 
111.522522 
111.538086 
111.554260 
111.571350 
111.587219 
111.602783 
111.618347 
111.633301 
111.648560 
111.663818 
111.678162 
111.693420 
111.708679 
111.723938 
111.738586 
111.753845 
111.769409 
111.784668 
111.800537 
111.816406 
111.831970 
111.846313 
111.860657 
111.874084 
111.887817 
111.903687 
111.918640 
111.933289 
111.948242 
111.963806 
111.979980 
111.994324 
112.009583 
112.024841 
112.039185 
112.054443 
112.069397 
112.084351 
112.098694 
112.113342 
112.127991 
112.142944 
112.159119 
112.175598 
112.191162 
112.206116 
112.221680 
112.236328 
112.251282 
112.266235 
112.281189 
112.296143 
112.310486 
112.326660 
112.341309 
112.356873 
112.371521 
112.388000 
112.402954 
112.418823 
112.434692 
112.449646 
112.463684 
112.477417 
112.492065 
112.507019 
112.522888 
112.538147 
112.553101 
112.568970 
112.584839 
112.600098 
112.615356 
112.630920 
112.646179 
112.661743 
112.676392 
112.691650 
112.705994 
112.721252 
112.736206 
112.751465 
112.768555 
112.784424 
112.800598 
112.816162 
112.832031 
112.846985 
112.861938 
112.876587 
112.891541 
112.906799 
112.921753 
112.937012 
112.951355 
112.965698 
112.979736 
112.994080 
113.007813 
113.021545 
113.034668 
113.047180 
113.058167 
113.067932 
113.078613 
113.089294 
113.099060 
113.108826 
113.118591 
113.127747 
113.135986 
113.143921 
113.151855 
113.157959 
113.164368 
113.169556 
113.175049 
113.178711 
113.182678 
113.185425 
113.188782 
113.190918 
113.194580 
113.197327 
113.198853 
113.199768 
113.199463 
113.198853 
113.197937 
113.196106 
113.194580 
113.191833 
113.188477 
113.185120 
113.181152 
113.176880 
113.171997 
113.166199 
113.160706 
113.154907 
113.148804 
113.141479 
113.133240 
113.124084 
113.115845 
113.107910 
113.099976 
113.092346 
113.084106 
113.075867 
113.068237 
113.060303 
113.051147 
113.043213 
113.034973 
113.026428 
113.017578 
113.008728 
112.999573 
112.991028 
112.981873 
112.973633 
112.966309 
112.958984 
112.952271 
112.943726 
112.935791 
112.927551 
112.919006 
112.910461 
112.902527 
112.893372 
112.885132 
112.876892 
112.868958 
112.861023 
112.853088 
112.845764 
112.838135 
112.830200 
112.822876 
112.814941 
112.805786 
112.796631 
112.788086 
112.780457 
112.772522 
112.764893 
112.757874 
112.749634 
112.742310 
112.734680 
112.727051 
112.719116 
112.711487 
112.704163 
112.696228 
112.687988 
112.680054 
112.671509 
112.663269 
112.655640 
112.649536 
112.642822 
112.635803 
112.628174 
112.620850 
112.612915 
112.605286 
112.597046 
112.588501 
112.580261 
112.572632 
112.564697 
112.557068 
112.549133 
112.541504 
112.533875 
112.526550 
112.518921 
112.512207 
112.504272 
112.495117 
112.486572 
112.477417 
112.469482 
112.461548 
112.454529 
112.446594 
112.439270 
112.431946 
112.423706 
112.416382 
112.408752 
112.401123 
112.392883 
112.385254 
112.377319 
112.368774 
112.360535 
112.352600 
112.344971 
112.337952 
112.332153 
112.324524 
112.317505 
112.309875 
112.301941 
112.293701 
112.285461 
112.277527 
112.269897 
112.261963 
112.253418 
112.245789 
112.237854 
112.230225 
112.222900 
112.215576 
112.207947 
112.200928 
112.193298 
112.184448 
112.175293 
112.166748 
112.158813 
112.150879 
112.143860 
112.135925 
112.128601 
112.121277 
112.113647 
112.106018 
112.098694 
112.090759 
112.082825 
112.075195 
112.067261 
112.059021 
112.051086 
112.043152 
112.035217 
112.029114 
112.022400 
112.015381 
112.008057 
112.000427 
111.992798 
111.984863 
111.976929 
111.969299 
111.961060 
111.953430 
111.945190 
111.937256 
111.929626 
111.922607 
111.914673 
111.907349 
111.900330 
111.892700 
111.885071 
111.876526 
111.867065 
111.859131 
111.850891 
111.843262 
111.835632 
111.828308 
111.820984 
111.813049 
111.806335 
111.798401 
111.790466 
111.782837 
111.775513 
111.767273 
111.759644 
111.751709 
111.743164 
111.735229 
111.727295 
111.720581 
111.713867 
111.707458 
111.700134 
111.692505 
111.684570 
111.676636 
111.668396 
111.660461 
111.652527 
111.644897 
111.636658 
111.628723 
111.621094 
111.613464 
111.605530 
111.598511 
111.591187 
111.583862 
111.575928 
111.567383 
111.558228 
111.549988 
111.541748 
111.534119 
111.526184 
111.518860 
111.511536 
111.504211 
111.496277 
111.488953 
111.480713 
111.473083 
111.465759 
111.457825 
111.450195 
111.441650 
111.433411 
111.425476 
111.417542 
111.411438 
111.405029 
111.397705 
111.390686 
111.382751 
111.374817 
111.367188 
111.358948 
111.351318 
111.343079 
111.335144 
111.327209 
111.319275 
111.311340 
111.303711 
111.296082 
111.288757 
111.281738 
111.274719 
111.266785 
111.258240 
111.249084 
111.240540 
111.232605 
111.224976 
111.217346 
111.210022 
111.202698 
111.195068 
111.188049 
111.180420 
111.172180 
111.164856 
111.157227 
111.149597 
111.141663 
111.133728 
111.125183 
111.117554 
111.109619 
111.102905 
111.096802 
111.089783 
111.082458 
111.074829 
111.066895 
111.059265 
111.051025 
111.042786 
111.034851 
111.027832 
111.019287 
111.011353 
111.003723 
110.996094 
110.988770 
110.981445 
110.974121 
110.966797 
110.959167 
110.950623 
110.941162 
110.932617 
110.924683 
110.916748 
110.909424 
110.901794 
110.894470 
110.887451 
110.879517 
110.871887 
110.864563 
110.856628 
110.848694 
110.841064 
110.832825 
110.824585 
110.816040 
110.808411 
110.800476 
110.793762 
110.787354 
110.780640 
110.773315 
110.765381 
110.757446 
110.749817 
110.741882 
110.733948 
110.725708 
110.717468 
110.710144 
110.701904 
110.693970 
110.686951 
110.678711 
110.671692 
110.664063 
110.657349 
110.649414 
110.641174 
110.631409 
110.622864 
110.614624 
110.607300 
110.599670 
110.592041 
110.584717 
110.577087 
110.569763 
110.562439 
110.554810 
110.546570 
110.539246 
110.531616 
110.523682 
110.515747 
110.507507 
110.499268 
110.491333 
110.484619 
110.478210 
110.471497 
110.464172 
110.456848 
110.448914 
110.440674 
110.433044 
110.425110 
110.416565 
110.408936 
110.401611 
110.393372 
110.385437 
110.377808 
110.369873 
110.362549 
110.355835 
110.348511 
110.340881 
110.332031 
110.322876 
110.314331 
110.306396 
110.298767 
110.291138 
110.283508 
110.276489 
110.268555 
110.261230 
110.253906 
110.245972 
110.238647 
110.230713 
110.223083 
110.215149 
110.206909 
110.199280 
110.191040 
110.183411 
110.176697 
110.170898 
110.165100 
110.158691 
110.152588 
110.145569 
110.140381 
110.134583 
110.129395 
110.124817 
110.121155 
110.117493 
110.115051 
110.112610 
110.110779 
110.110474 
110.109863 
110.110168 
110.110474 
110.112000 
110.111694 
110.112000 
110.112915 
110.114746 
110.118103 
110.121460 
110.126038 
110.130920 
110.136414 
110.143433 
110.149841 
110.156860 
110.165100 
110.173035 
110.181885 
110.191040 
110.200195 
110.209961 
110.220642 
110.231628 
110.244751 
110.258484 
110.272827 
110.287170 
110.301208 
110.315552 
110.330505 
110.345459 
110.360718 
110.376587 
110.392761 
110.408630 
110.424805 
110.440979 
110.457764 
110.474243 
110.490112 
110.506592 
110.522766 
110.538940 
110.553894 
110.567627 
110.582275 
110.596924 
110.612793 
110.628357 
110.643921 
110.659180 
110.675049 
110.690613 
110.706482 
110.721741 
110.737305 
110.752258 
110.767822 
110.783081 
110.798035 
110.813293 
110.827637 
110.843201 
110.859070 
110.876465 
110.892944 
110.908203 
110.923462 
110.939026 
110.953979 
110.968323 
110.984192 
110.998535 
111.013794 
111.029053 
111.044312 
111.059570 
111.074829 
111.090393 
111.105957 
111.121216 
111.137390 
111.152344 
111.166992 
111.181641 
111.195679 
111.210632 
111.225586 
111.241455 
111.256714 
111.272583 
111.288147 
111.304016 
111.319580 
111.335754 
111.351013 
111.366577 
111.382446 
111.397400 
111.412659 
111.427612 
111.442566 
111.458130 
111.474304 
111.491394 
111.507568 
111.524048 
111.538696 
111.554260 
111.569824 
111.584778 
111.599731 
111.614685 
111.629944 
111.645203 
111.661072 
111.676025 
111.691284 
111.706543 
111.722107 
111.737976 
111.753540 
111.769409 
111.783447 
111.797485 
111.812134 
111.826782 
111.842041 
111.856995 
111.872864 
111.888428 
111.903381 
111.918945 
111.934204 
111.949768 
111.965027 
111.980591 
111.995544 
112.010498 
112.025146 
112.039490 
112.053833 
112.068787 
112.084656 
112.100830 
112.117615 
112.132874 
112.147827 
112.162781 
112.177734 
112.192383 
112.207336 
112.222290 
112.236938 
112.251892 
112.267151 
112.282104 
112.297974 
112.312622 
112.328796 
112.343750 
112.359924 
112.374878 
112.389221 
112.403259 
112.417297 
112.432251 
112.447815 
112.463074 
112.478638 
112.493896 
112.509460 
112.525635 
112.540588 
112.556152 
112.571411 
112.586670 
112.602539 
112.617188 
112.632141 
112.646790 
112.662354 
112.677307 
112.692871 
112.709656 
112.726135 
112.742004 
112.757263 
112.772827 
112.788086 
112.802734 
112.817993 
112.832642 
112.847900 
112.863159 
112.878418 
112.893677 
112.909241 
112.924194 
112.939758 
112.954712 
112.969360 
112.983704 
112.997131 
113.009033 
113.021545 
113.033752 
113.045959 
113.057861 
113.069763 
113.081055 
113.092041 
113.102417 
113.111877 
113.121033 
113.129578 
113.137817 
113.145142 
113.151855 
113.157959 
113.163147 
113.168335 
113.173218 
113.178711 
113.183594 
113.188171 
113.190613 
113.193359 
113.195801 
113.196716 
113.197021 
113.197327 
113.196716 
113.196106 
113.195190 
113.193359 
113.191833 
113.190308 
113.187561 
113.184204 
113.181458 
113.177795 
113.173523 
113.168335 
113.162231 
113.155823 
113.150024 
113.145142 
113.139648 
113.134460 
113.129272 
113.124084 
113.118591 
113.113403 
113.107605 
113.102112 
113.096008 
113.090210 
113.084106 
113.078003 
113.071899 
113.065796 
113.059692 
113.055115 
113.050232 
113.045349 
113.040161 
113.034363 
113.028870 
113.023376 
113.017273 
113.011475 
113.005981 
113.000488 
112.994690 
112.989197 
112.983704 
112.978821 
112.973328 
112.968445 
112.963562 
112.958679 
112.953796 
112.947693 
112.941284 
112.934875 
112.929382 
112.923584 
112.919006 
112.913818 
112.909241 
112.904358 
112.899170 
112.893982 
112.889099 
112.884216 
112.879028 
112.874146 
112.868347 
112.863159 
112.857361 
112.851257 
112.846375 
112.842102 
112.837830 
112.834167 
112.829590 
112.824402 
112.818909 
112.814026 
112.808533 
112.802734 
112.797241 
112.792358 
112.786865 
112.781372 
112.776489 
112.771606 
112.766418 
112.761536 
112.757263 
112.752075 
112.747498 
112.741394 
112.734680 
112.728577 
112.723083 
112.717285 
112.712708 
112.707825 
112.702637 
112.697754 
112.692871 
112.687988 
112.682800 
112.677612 
112.673035 
112.667236 
112.662048 
112.656860 
112.651062 
112.645569 
112.640381 
112.635803 
112.631226 
112.627258 
112.622375 
112.617493 
112.612305 
112.607117 
112.601318 
112.596130 
112.590637 
112.585144 
112.579346 
112.574768 
112.569275 
112.563782 
112.558899 
112.554626 
112.549744 
112.544556 
112.539978 
112.533569 
112.527466 
112.521057 
112.515869 
112.510376 
112.505493 
112.500610 
112.495422 
112.490845 
112.485962 
112.481079 
112.475891 
112.471313 
112.466431 
112.460632 
112.455750 
112.449951 
112.444153 
112.438660 
112.434082 
112.428894 
112.424927 
112.420654 
112.416687 
112.410889 
112.406311 
112.401123 
112.395325 
112.389832 
112.384644 
112.379456 
112.373962 
112.368469 
112.363281 
112.358398 
112.353821 
112.348938 
112.344360 
112.339783 
112.334595 
112.328796 
112.322083 
112.316284 
112.310486 
112.305603 
112.300720 
112.295532 
112.290955 
112.286072 
112.281189 
112.276306 
112.271423 
112.265930 
112.260742 
112.255859 
112.250061 
112.244873 
112.239380 
112.233887 
112.228699 
112.223816 
112.219849 
112.216187 
112.211609 
112.206421 
112.200928 
112.195740 
112.190247 
112.184448 
112.179565 
112.174072 
112.168579 
112.163696 
112.158203 
112.153625 
112.148132 
112.143250 
112.138672 
112.134399 
112.129517 
112.123108 
112.117004 
112.110596 
112.104797 
112.099304 
112.094727 
112.089844 
112.084656 
112.080078 
112.074890 
112.070313 
112.065125 
112.059937 
112.055054 
112.049866 
112.044678 
112.038879 
112.033386 
112.027893 
112.022095 
112.017822 
112.013550 
112.009888 
112.005005 
112.000122 
111.995544 
111.989746 
111.984253 
111.978760 
111.973267 
111.968384 
111.962891 
111.957703 
111.951904 
111.947021 
111.942139 
111.937256 
111.932373 
111.927795 
111.922607 
111.916809 
111.911011 
111.904297 
111.898499 
111.893616 
111.888733 
111.883850 
111.878967 
111.873779 
111.869202 
111.864014 
111.859131 
111.854553 
111.848755 
111.843872 
111.838379 
111.833191 
111.827393 
111.822205 
111.816101 
111.812134 
111.808167 
111.804504 
111.799011 
111.794434 
111.788940 
111.783752 
111.778259 
111.773071 
111.767578 
111.762085 
111.757202 
111.751709 
111.746521 
111.741333 
111.736450 
111.731873 
111.726990 
111.722412 
111.717529 
111.711731 
111.705017 
111.698914 
111.693115 
111.688232 
111.683044 
111.678162 
111.673279 
111.668396 
111.663513 
111.659241 
111.653748 
111.648560 
111.643982 
111.637878 
111.632690 
111.627502 
111.621399 
111.616211 
111.610718 
111.606140 
111.602173 
111.598511 
111.593628 
111.588440 
111.583252 
111.578064 
111.572876 
111.567078 
111.561890 
111.556702 
111.551514 
111.546021 
111.540833 
111.535339 
111.530762 
111.525879 
111.520996 
111.516418 
111.511536 
111.505737 
111.499329 
111.493225 
111.487122 
111.482239 
111.476746 
111.471863 
111.467285 
111.462402 
111.457214 
111.452332 
111.447754 
111.442566 
111.437073 
111.431885 
111.427307 
111.421814 
111.415710 
111.410217 
111.405029 
111.400146 
111.396484 
111.392517 
111.387634 
111.382446 
111.377563 
111.372070 
111.366882 
111.361389 
111.355591 
111.350708 
111.345520 
111.340332 
111.335144 
111.329346 
111.324463 
111.319275 
111.315002 
111.310425 
111.305237 
111.300049 
111.293640 
111.287231 
111.281433 
111.276245 
111.271362 
111.265869 
111.261597 
111.256409 
111.251831 
111.246643 
111.242065 
111.237183 
111.231689 
111.226807 
111.221008 
111.216125 
111.210632 
111.204834 
111.199036 
111.194763 
111.191101 
111.186523 
111.182556 
111.177673 
111.171570 
111.166382 
111.161194 
111.155701 
111.150208 
111.145325 
111.139832 
111.134644 
111.129456 
111.123962 
111.119385 
111.114197 
111.109924 
111.104736 
111.100159 
111.094971 
111.087952 
111.081848 
111.076050 
111.071167 
111.065979 
111.061401 
111.056213 
111.051025 
111.046753 
111.041260 
111.036377 
111.031494 
111.026306 
111.020813 
111.015930 
111.010437 
111.004333 
110.999451 
110.993958 
110.988770 
110.985413 
110.981445 
110.976563 
110.971680 
110.966797 
110.961304 
110.955505 
110.950317 
110.945129 
110.939331 
110.934448 
110.928955 
110.924072 
110.918579 
110.913696 
110.908813 
110.904236 
110.899658 
110.894775 
110.888672 
110.882263 
110.876160 
110.870361 
110.865479 
110.860291 
110.854797 
110.849915 
110.845032 
110.840149 
110.835571 
110.830994 
110.825195 
110.820007 
110.815125 
110.809937 
110.804138 
110.798950 
110.792847 
110.787964 
110.783081 
110.779114 
110.775452 
110.770874 
110.765686 
110.760498 
110.755005 
110.749512 
110.744019 
110.738831 
110.733337 
110.728149 
110.722961 
110.717468 
110.712280 
110.707397 
110.702515 
110.697327 
110.692749 
110.688171 
110.682373 
110.675964 
110.670166 
110.663757 
110.658875 
110.653992 
110.648804 
110.644226 
110.639648 
110.634766 
110.629578 
110.624695 
110.618896 
110.614624 
110.609741 
110.603943 
110.598755 
110.593567 
110.587769 
110.581970 
110.577393 
110.573730 
110.569763 
110.565186 
110.559998 
110.554504 
110.549316 
110.543823 
110.538330 
110.532837 
110.527649 
110.522156 
110.517273 
110.511780 
110.506592 
110.501709 
110.496521 
110.491943 
110.487671 
110.482788 
110.476685 
110.470276 
110.464172 
110.458679 
110.453186 
110.448303 
110.443115 
110.437927 
110.433655 
110.429077 
110.423889 
110.419312 
110.413818 
110.408936 
110.403442 
110.398254 
110.393372 
110.387268 
110.382080 
110.375977 
110.371094 
110.367432 
110.363770 
110.359192 
110.354004 
110.348816 
110.343933 
110.338440 
110.332642 
110.326843 
110.321960 
110.316467 
110.311279 
110.306091 
110.301208 
110.295715 
110.290833 
110.286255 
110.281372 
110.276794 
110.271606 
110.264893 
110.258484 
110.252991 
110.247498 
110.242615 
110.237732 
110.232239 
110.227661 
110.223083 
110.218201 
110.213318 
110.208435 
110.203247 
110.198059 
110.192566 
110.187683 
110.181580 
110.176392 
110.170898 
110.166321 
110.162048 
110.158691 
110.154114 
110.148621 
110.144043 
110.139465 
110.134277 
110.130005 
110.125732 
110.122070 
110.118713 
110.115967 
110.113525 
110.111694 
110.111084 
110.110168 
110.110168 
110.111084 
110.112000 
110.112915 
110.112000 
110.113220 
110.114746 
110.117798 
110.121460 
110.126038 
110.130920 
110.136719 
110.142822 
110.149841 
110.157471 
110.164490 
110.173035 
110.181580 
110.190735 
110.200195 
110.210266 
110.220642 
110.231323 
110.244141 
110.257874 
110.272217 
110.286560 
110.300598 
110.315247 
110.329590 
110.344849 
110.360413 
110.375671 
110.391846 
110.408020 
110.423584 
110.439758 
110.455933 
110.472412 
110.488281 
110.504761 
110.520935 
110.536804 
110.552063 
110.566101 
110.580444 
110.595398 
110.610352 
110.626221 
110.641785 
110.657043 
110.672913 
110.688477 
110.704041 
110.719910 
110.735474 
110.750732 
110.766296 
110.781250 
110.796509 
110.811462 
110.826721 
110.841370 
110.857544 
110.874023 
110.890198 
110.906372 
110.922241 
110.937500 
110.952454 
110.967407 
110.982361 
110.997009 
111.012573 
111.027832 
111.043091 
111.058044 
111.073303 
111.088867 
111.104431 
111.119995 
111.135864 
111.151123 
111.166382 
111.180725 
111.194763 
111.209717 
111.224365 
111.240234 
111.255798 
111.271362 
111.287231 
111.303101 
111.318665 
111.333923 
111.350098 
111.365662 
111.380920 
111.396179 
111.411438 
111.426697 
111.441650 
111.456604 
111.472168 
111.489258 
111.505737 
111.522217 
111.537476 
111.552734 
111.567688 
111.582947 
111.598206 
111.612854 
111.628418 
111.643372 
111.659241 
111.675110 
111.689758 
111.705017 
111.720276 
111.736450 
111.752014 
111.767883 
111.782837 
111.796265 
111.810303 
111.825256 
111.840210 
111.855469 
111.871338 
111.886597 
111.901855 
111.917114 
111.932678 
111.948242 
111.963501 
111.979065 
111.993713 
112.008972 
112.023926 
112.038574 
112.052917 
112.067261 
112.083130 
112.099304 
112.116089 
112.131653 
112.146912 
112.161865 
112.176819 
112.192078 
112.206421 
112.221069 
112.236023 
112.251282 
112.266235 
112.281799 
112.296448 
112.312012 
112.327271 
112.342834 
112.358398 
112.373657 
112.388916 
112.402954 
112.416687 
112.431946 
112.446594 
112.461853 
112.477417 
112.492981 
112.507935 
112.523193 
112.539368 
112.554321 
112.569885 
112.584839 
112.600098 
112.615356 
112.630310 
112.645569 
112.660217 
112.674866 
112.690735 
112.707520 
112.723999 
112.740173 
112.755432 
112.770386 
112.785950 
112.800903 
112.815247 
112.831116 
112.846375 
112.861328 
112.876282 
112.891541 
112.907104 
112.922668 
112.937622 
112.952576 
112.967834 
112.982483 
112.995911 
113.008423 
113.020325 
113.032227 
113.044434 
113.056641 
113.068542 
113.079224 
113.090515 
113.100586 
113.110962 
113.119812 
113.128357 
113.136597 
113.143921 
113.150940 
113.157043 
113.163147 
113.168030 
113.172607 
113.177185 
113.182068 
113.186646 
113.190613 
113.193359 
113.195496 
113.196411 
113.197632 
113.197021 
113.196716 
113.196411 
113.195496 
113.193970 
113.192139 
113.190613 
113.188171 
113.186340 
113.183289 
113.180542 
113.177185 
113.173828 
113.168335 
113.162842 
113.158569 
113.153992 
113.149414 
113.145447 
113.141785 
113.137817 
113.133850 
113.129272 
113.124695 
113.120422 
113.116150 
113.112183 
113.107300 
113.102417 
113.098450 
113.092957 
113.088074 
113.084106 
113.081360 
113.078308 
113.074646 
113.070679 
113.066101 
113.061829 
113.057556 
113.053284 
113.048401 
113.043823 
113.039856 
113.035278 
113.031311 
113.027344 
113.023071 
113.020020 
113.016357 
113.013000 
113.009338 
113.005066 
112.999878 
112.994385 
112.990112 
112.986145 
112.982178 
112.978516 
112.974548 
112.971191 
112.967529 
112.963867 
112.960510 
112.956543 
112.952881 
112.948914 
112.944946 
112.940979 
112.936401 
112.932129 
112.928162 
112.924194 
112.921753 
112.919006 
112.915955 
112.912292 
112.908325 
112.904053 
112.900391 
112.895813 
112.891541 
112.887573 
112.883606 
112.879639 
112.875366 
112.871704 
112.868347 
112.864380 
112.861328 
112.857666 
112.854004 
112.850037 
112.845154 
112.839661 
112.835083 
112.831116 
112.827148 
112.823792 
112.820129 
112.816467 
112.812805 
112.809448 
112.805481 
112.801514 
112.797852 
112.794189 
112.789917 
112.785950 
112.781677 
112.777405 
112.772522 
112.769165 
112.766113 
112.763672 
112.760925 
112.756958 
112.752991 
112.749023 
112.745056 
112.740784 
112.736206 
112.732239 
112.727966 
112.723999 
112.720337 
112.716675 
112.713013 
112.709045 
112.705383 
112.702026 
112.698364 
112.694702 
112.689819 
112.684631 
112.679443 
112.675781 
112.672119 
112.668457 
112.664490 
112.660828 
112.657776 
112.654114 
112.650146 
112.646179 
112.643127 
112.638855 
112.634888 
112.630310 
112.626343 
112.622375 
112.618103 
112.614441 
112.611694 
112.608948 
112.606201 
112.602539 
112.598267 
112.594910 
112.590332 
112.586670 
112.581787 
112.578430 
112.574158 
112.569885 
112.566223 
112.562256 
112.558289 
112.554932 
112.551575 
112.548523 
112.544556 
112.540588 
112.536011 
112.530823 
112.525940 
112.521667 
112.518311 
112.514343 
112.510681 
112.507324 
112.503967 
112.500000 
112.496643 
112.492981 
112.489014 
112.485046 
112.481689 
112.477112 
112.472839 
112.468567 
112.464294 
112.460327 
112.457886 
112.455750 
112.452393 
112.448730 
112.444763 
112.440796 
112.436829 
112.432861 
112.428284 
112.424011 
112.420044 
112.416077 
112.412109 
112.408447 
112.404480 
112.401123 
112.397461 
112.394104 
112.390137 
112.386169 
112.381592 
112.376099 
112.371826 
112.367859 
112.363586 
112.360229 
112.356873 
112.352600 
112.349548 
112.346191 
112.341919 
112.338257 
112.334900 
112.330322 
112.326355 
112.322693 
112.318420 
112.314148 
112.309570 
112.305908 
112.303467 
112.300720 
112.297668 
112.294006 
112.289734 
112.286072 
112.282104 
112.277832 
112.273560 
112.269592 
112.265015 
112.261047 
112.257385 
112.253418 
112.249756 
112.246094 
112.242737 
112.239685 
112.235718 
112.232056 
112.227173 
112.221680 
112.217407 
112.212830 
112.209473 
112.205505 
112.202148 
112.198486 
112.194824 
112.191162 
112.187805 
112.183533 
112.179871 
112.176208 
112.172241 
112.168579 
112.164001 
112.159424 
112.155457 
112.151489 
112.149048 
112.146301 
112.143555 
112.139893 
112.135925 
112.131958 
112.128296 
112.123718 
112.119446 
112.115784 
112.111511 
112.106934 
112.103577 
112.099304 
112.095642 
112.092285 
112.088623 
112.084961 
112.081909 
112.077942 
112.073059 
112.067871 
112.062988 
112.059326 
112.055359 
112.051697 
112.048035 
112.044678 
112.040710 
112.037048 
112.033997 
112.030029 
112.026062 
112.022400 
112.018433 
112.014160 
112.010193 
112.005615 
112.001343 
111.997375 
111.994934 
111.992188 
111.989441 
111.985779 
111.982117 
111.977844 
111.973572 
111.969299 
111.965332 
111.961365 
111.957397 
111.953125 
111.949158 
111.945190 
111.941528 
111.937866 
111.934509 
111.931152 
111.927490 
111.923828 
111.918640 
111.913452 
111.908875 
111.904907 
111.900940 
111.897278 
111.893311 
111.889954 
111.886597 
111.882935 
111.879272 
111.875305 
111.871948 
111.867676 
111.864014 
111.860046 
111.855774 
111.850891 
111.846924 
111.843567 
111.840210 
111.837463 
111.834717 
111.831055 
111.827087 
111.823120 
111.819153 
111.814880 
111.810913 
111.807251 
111.803284 
111.798706 
111.794739 
111.790771 
111.787109 
111.783142 
111.780090 
111.776733 
111.772766 
111.769104 
111.763916 
111.758728 
111.754150 
111.750488 
111.746216 
111.743164 
111.739197 
111.735535 
111.731873 
111.728516 
111.724548 
111.720886 
111.717834 
111.713562 
111.709900 
111.705322 
111.701355 
111.696777 
111.692505 
111.688843 
111.685791 
111.683350 
111.680603 
111.677246 
111.672974 
111.669312 
111.665039 
111.660767 
111.657104 
111.652832 
111.648560 
111.644592 
111.640320 
111.636353 
111.632690 
111.629333 
111.625366 
111.622009 
111.618958 
111.614990 
111.610107 
111.604614 
111.600037 
111.596069 
111.592102 
111.588440 
111.585083 
111.581421 
111.577759 
111.574402 
111.570740 
111.567078 
111.562805 
111.559143 
111.555176 
111.550903 
111.546631 
111.542664 
111.538391 
111.534424 
111.531677 
111.528625 
111.525879 
111.522827 
111.518555 
111.514893 
111.510620 
111.506348 
111.502380 
111.498108 
111.494446 
111.490173 
111.485596 
111.481934 
111.478271 
111.474609 
111.471252 
111.467896 
111.464539 
111.460266 
111.455383 
111.450500 
111.445923 
111.441345 
111.437683 
111.434326 
111.430359 
111.427002 
111.423340 
111.419983 
111.416016 
111.412354 
111.408691 
111.404419 
111.400757 
111.396484 
111.392822 
111.388245 
111.384277 
111.380005 
111.377258 
111.374817 
111.371765 
111.368408 
111.364136 
111.360168 
111.356201 
111.351929 
111.347961 
111.343994 
111.340027 
111.336365 
111.332092 
111.327820 
111.324463 
111.320496 
111.316833 
111.313782 
111.309814 
111.306152 
111.301270 
111.296387 
111.291504 
111.287231 
111.283569 
111.279907 
111.276245 
111.272888 
111.269531 
111.265564 
111.261902 
111.258240 
111.254578 
111.250610 
111.246948 
111.242676 
111.238403 
111.234131 
111.229858 
111.225586 
111.222839 
111.220398 
111.217651 
111.213989 
111.210327 
111.206360 
111.202087 
111.198120 
111.193542 
111.189880 
111.185913 
111.181946 
111.177979 
111.173706 
111.170044 
111.166077 
111.163025 
111.159363 
111.155701 
111.152039 
111.147461 
111.141968 
111.137085 
111.133118 
111.129150 
111.125793 
111.122131 
111.118469 
111.114502 
111.111450 
111.108093 
111.103821 
111.099854 
111.096497 
111.092224 
111.088257 
111.084290 
111.079712 
111.075439 
111.072083 
111.069031 
111.066284 
111.063232 
111.060181 
111.055908 
111.051941 
111.048279 
111.044006 
111.039734 
111.035156 
111.031189 
111.027832 
111.023254 
111.019897 
111.015930 
111.011658 
111.008606 
111.005249 
111.001587 
110.997925 
110.992737 
110.987549 
110.982666 
110.978699 
110.975037 
110.971069 
110.967712 
110.964355 
110.960693 
110.957031 
110.953369 
110.949707 
110.945740 
110.942078 
110.938110 
110.934143 
110.929871 
110.925598 
110.921021 
110.917664 
110.914612 
110.911865 
110.909424 
110.905762 
110.901794 
110.897522 
110.893555 
110.889587 
110.885315 
110.881042 
110.877380 
110.873108 
110.868835 
110.865479 
110.861511 
110.857544 
110.854187 
110.850830 
110.847473 
110.843506 
110.838318 
110.833130 
110.828857 
110.824585 
110.820313 
110.816956 
110.813293 
110.809937 
110.806274 
110.802612 
110.798950 
110.795288 
110.791626 
110.787659 
110.783691 
110.779724 
110.775757 
110.771179 
110.766602 
110.762939 
110.760193 
110.758057 
110.754700 
110.751038 
110.747375 
110.743408 
110.739746 
110.735168 
110.730896 
110.726929 
110.722961 
110.718994 
110.714722 
110.711060 
110.707397 
110.703125 
110.699768 
110.696411 
110.692749 
110.689392 
110.684204 
110.679016 
110.674438 
110.670166 
110.665894 
110.662537 
110.659180 
110.655212 
110.651550 
110.648499 
110.644531 
110.640869 
110.636902 
110.632935 
110.629272 
110.625305 
110.621338 
110.616455 
110.612793 
110.608521 
110.605469 
110.603333 
110.600281 
110.596924 
110.593262 
110.588989 
110.585022 
110.581055 
110.576782 
110.572510 
110.568237 
110.564575 
110.560303 
110.556641 
110.552979 
110.549622 
110.545349 
110.542297 
110.538635 
110.534973 
110.530090 
110.524902 
110.520325 
110.516052 
110.512085 
110.508118 
110.504456 
110.501404 
110.497437 
110.494080 
110.490417 
110.486755 
110.483093 
110.479126 
110.475159 
110.471191 
110.466919 
110.462952 
110.458374 
110.454102 
110.451355 
110.448303 
110.445862 
110.442505 
110.438538 
110.434875 
110.430603 
110.426636 
110.422363 
110.418701 
110.414429 
110.410156 
110.406799 
110.402832 
110.399170 
110.395508 
110.391541 
110.387878 
110.384827 
110.380859 
110.375671 
110.370789 
110.365906 
110.361938 
110.357666 
110.354309 
110.350342 
110.346985 
110.343628 
110.339966 
110.336304 
110.332336 
110.328979 
110.325012 
110.321045 
110.317383 
110.312805 
110.308533 
110.304260 
110.300293 
110.297241 
110.295105 
110.291748 
110.288391 
110.284424 
110.280762 
110.277100 
110.272522 
110.268555 
110.264282 
110.260010 
110.256042 
110.252380 
110.248718 
110.244141 
110.241089 
110.237427 
110.233459 
110.230408 
110.226440 
110.221558 
110.216675 
110.211792 
110.207520 
110.203857 
110.199890 
110.196533 
110.192871 
110.189514 
110.185547 
110.181885 
110.178528 
110.174561 
110.170898 
110.166931 
110.163269 
110.158691 
110.154724 
110.150452 
110.146179 
110.143433 
110.140991 
110.138245 
110.134583 
110.131531 
110.127563 
110.123901 
110.121155 
110.118103 
110.115356 
110.113220 
110.111694 
110.110779 
110.109558 
110.109558 
110.110779 
110.111084 
110.113220 
110.114746 
110.116882 
110.118408 
110.119934 
110.123291 
110.126648 
110.132141 
110.138245 
110.144348 
110.151062 
110.159607 
110.167236 
110.176086 
110.185242 
110.194702 
110.204773 
110.215454 
110.226440 
110.237427 
110.249023 
110.261536 
110.274353 
110.289307 
110.304871 
110.320740 
110.336304 
110.350952 
110.367126 
110.382385 
110.398254 
110.414124 
110.430298 
110.446167 
110.461731 
110.477905 
110.493469 
110.509949 
110.525513 
110.541077 
110.557556 
110.573730 
110.588989 
110.603638 
110.617676 
110.632019 
110.646973 
110.662231 
110.677795 
110.693359 
110.709534 
110.724792 
110.740662 
110.756226 
110.771790 
110.787048 
110.802307 
110.817871 
110.833130 
110.848389 
110.863342 
110.878296 
110.893555 
110.909424 
110.926208 
110.942993 
110.958557 
110.974121 
110.989380 
111.004333 
111.019287 
111.034546 
111.049500 
111.064453 
111.080017 
111.094666 
111.109924 
111.125793 
111.141052 
111.156311 
111.172485 
111.188660 
111.204224 
111.218262 
111.232605 
111.246643 
111.261902 
111.277161 
111.292725 
111.308289 
111.323853 
111.340027 
111.355591 
111.371460 
111.386719 
111.402283 
111.417847 
111.433411 
111.448669 
111.463623 
111.478577 
111.493835 
111.508789 
111.525269 
111.542053 
111.558533 
111.574402 
111.589355 
111.604614 
111.619568 
111.634827 
111.650391 
111.665649 
111.680603 
111.695862 
111.710815 
111.726074 
111.741333 
111.756592 
111.772156 
111.787109 
111.803589 
111.819153 
111.833191 
111.847229 
111.861267 
111.876221 
111.890564 
111.905823 
111.921387 
111.936340 
111.951904 
111.967468 
111.983032 
111.998291 
112.013245 
112.027893 
112.043152 
112.058411 
112.073059 
112.087402 
112.102051 
112.117310 
112.133484 
112.149658 
112.166138 
112.181702 
112.196960 
112.212219 
112.226563 
112.241821 
112.256470 
112.271729 
112.286682 
112.301636 
112.316895 
112.332458 
112.347717 
112.362671 
112.378540 
112.394104 
112.409973 
112.425232 
112.440186 
112.453918 
112.468262 
112.483215 
112.498474 
112.513733 
112.529297 
112.544556 
112.560120 
112.576294 
112.591858 
112.607117 
112.622681 
112.637634 
112.652893 
112.668152 
112.683105 
112.697754 
112.712708 
112.727661 
112.744141 
112.760620 
112.777100 
112.792664 
112.807922 
112.823181 
112.838440 
112.852783 
112.868042 
112.883301 
112.898865 
112.913513 
112.928467 
112.943420 
112.958069 
112.972717 
112.986450 
113.001099 
113.014832 
113.027954 
113.039551 
113.050537 
113.061829 
113.072815 
113.083496 
113.093872 
113.103943 
113.113708 
113.122559 
113.131409 
113.139343 
113.146667 
113.153687 
113.160095 
113.165588 
113.170776 
113.175049 
113.179321 
113.182373 
113.185425 
113.188782 
113.192139 
113.194885 
113.197021 
113.197327 
113.197327 
113.197327 
113.196411 
113.195496 
113.193665 
113.191833 
113.190308 
113.188171 
113.186035 
113.183594 
113.180847 
113.178406 
113.175659 
113.172913 
113.169556 
113.165588 
113.160706 
113.155823 
113.152161 
113.148193 
113.144836 
113.141174 
113.138428 
113.134766 
113.131714 
113.128052 
113.124390 
113.121338 
113.117676 
113.113403 
113.110352 
113.106079 
113.102417 
113.098450 
113.094788 
113.092041 
113.090210 
113.087463 
113.085022 
113.081360 
113.078308 
113.074341 
113.070679 
113.067627 
113.063660 
113.060303 
113.056946 
113.053894 
113.050232 
113.046875 
113.044128 
113.041077 
113.038330 
113.035583 
113.032532 
113.028870 
113.024597 
113.020325 
113.016663 
113.013000 
113.010559 
113.007507 
113.004761 
113.002014 
112.999268 
112.995911 
112.993469 
112.990112 
112.987061 
112.983704 
112.981262 
112.977295 
112.973938 
112.970581 
112.966919 
112.964478 
112.962952 
112.961121 
112.958069 
112.955627 
112.952271 
112.948914 
112.945251 
112.941895 
112.938538 
112.935486 
112.932129 
112.928772 
112.925720 
112.922668 
112.920227 
112.917175 
112.914429 
112.911682 
112.908936 
112.905273 
112.900696 
112.896423 
112.892151 
112.889099 
112.886658 
112.883606 
112.880554 
112.878113 
112.875366 
112.872009 
112.869263 
112.866516 
112.863159 
112.860107 
112.856750 
112.853394 
112.849731 
112.846069 
112.843018 
112.840576 
112.838745 
112.836609 
112.833557 
112.830811 
112.827759 
112.824707 
112.820740 
112.817383 
112.814026 
112.810669 
112.807617 
112.804565 
112.801208 
112.798462 
112.795410 
112.792664 
112.790222 
112.787170 
112.784424 
112.780762 
112.776184 
112.772217 
112.768555 
112.765503 
112.762451 
112.759399 
112.756653 
112.754211 
112.751465 
112.748413 
112.745667 
112.742310 
112.739258 
112.736206 
112.732849 
112.729492 
112.725830 
112.722473 
112.719116 
112.716064 
112.714539 
112.713013 
112.710571 
112.707214 
112.704163 
112.701111 
112.697754 
112.694092 
112.691040 
112.687683 
112.684631 
112.681274 
112.678528 
112.675476 
112.672424 
112.669983 
112.667236 
112.664490 
112.661438 
112.657776 
112.653503 
112.649231 
112.645569 
112.642517 
112.639465 
112.636719 
112.633667 
112.631226 
112.628784 
112.625427 
112.622375 
112.619629 
112.616577 
112.613220 
112.610168 
112.606506 
112.603455 
112.599487 
112.596130 
112.593994 
112.591858 
112.590027 
112.587585 
112.584839 
112.580872 
112.577820 
112.574463 
112.570496 
112.567749 
112.564087 
112.561035 
112.557983 
112.554932 
112.551880 
112.548523 
112.546387 
112.543335 
112.540283 
112.537842 
112.534180 
112.529602 
112.525635 
112.522583 
112.518921 
112.515564 
112.513123 
112.510071 
112.507324 
112.504578 
112.501526 
112.498474 
112.496033 
112.492676 
112.489624 
112.486572 
112.482910 
112.479858 
112.475891 
112.472534 
112.469788 
112.468262 
112.466431 
112.463684 
112.460327 
112.457581 
112.454529 
112.450867 
112.447815 
112.444153 
112.441101 
112.438049 
112.434387 
112.431335 
112.428589 
112.425232 
112.422485 
112.420044 
112.416992 
112.414246 
112.411499 
112.406311 
112.401733 
112.398682 
112.395020 
112.392273 
112.389832 
112.386475 
112.383728 
112.380981 
112.378235 
112.375488 
112.372131 
112.369385 
112.366638 
112.362671 
112.359619 
112.355957 
112.351990 
112.348938 
112.346497 
112.344971 
112.343140 
112.340393 
112.337341 
112.333984 
112.330322 
112.327576 
112.324219 
112.321167 
112.317505 
112.314453 
112.311096 
112.308350 
112.305298 
112.302246 
112.299500 
112.296753 
112.294312 
112.291260 
112.287598 
112.283325 
112.279358 
112.275391 
112.272339 
112.269287 
112.265930 
112.263184 
112.260437 
112.257996 
112.254944 
112.252197 
112.249146 
112.246094 
112.242432 
112.239685 
112.236328 
112.232666 
112.228699 
112.225952 
112.223511 
112.221680 
112.219238 
112.216797 
112.214050 
112.210693 
112.207336 
112.203979 
112.200623 
112.196960 
112.194214 
112.190857 
112.187805 
112.185059 
112.181702 
112.178650 
112.175903 
112.173157 
112.170410 
112.167664 
112.164612 
112.159729 
112.155457 
112.151794 
112.148743 
112.145691 
112.142639 
112.140198 
112.137146 
112.134399 
112.131653 
112.128296 
112.125549 
112.122498 
112.119446 
112.116394 
112.112427 
112.109375 
112.105408 
112.102051 
112.099915 
112.097778 
112.095642 
112.092896 
112.090454 
112.087097 
112.084351 
112.080688 
112.077637 
112.073975 
112.070618 
112.067566 
112.064209 
112.060852 
112.058105 
112.055359 
112.052307 
112.049561 
112.047424 
112.044373 
112.040710 
112.036438 
112.031860 
112.028503 
112.025146 
112.022400 
112.019348 
112.016602 
112.014160 
112.011108 
112.008057 
112.005310 
112.002258 
111.998901 
111.995850 
111.992798 
111.989441 
111.986389 
111.982422 
111.979370 
111.976318 
111.975098 
111.972961 
111.969910 
111.967163 
111.964111 
111.961060 
111.957397 
111.954041 
111.950378 
111.947021 
111.944275 
111.940918 
111.937866 
111.934814 
111.932068 
111.929016 
111.926270 
111.923828 
111.921082 
111.917114 
111.913147 
111.908875 
111.905212 
111.902161 
111.898804 
111.895752 
111.893311 
111.890259 
111.887512 
111.884460 
111.882019 
111.878967 
111.875916 
111.872253 
111.869507 
111.866150 
111.862488 
111.859131 
111.855469 
111.853027 
111.850891 
111.849365 
111.847229 
111.843872 
111.840820 
111.837463 
111.834106 
111.830750 
111.827393 
111.824036 
111.820679 
111.817627 
111.814575 
111.811218 
111.808167 
111.806030 
111.802673 
111.800232 
111.797485 
111.794128 
111.789551 
111.785278 
111.781616 
111.778259 
111.775208 
111.772461 
111.769714 
111.766663 
111.763916 
111.761169 
111.758423 
111.754761 
111.752319 
111.749268 
111.745911 
111.742554 
111.739197 
111.735535 
111.731873 
111.729126 
111.727905 
111.725769 
111.723328 
111.720276 
111.716614 
111.714172 
111.710815 
111.707458 
111.703491 
111.700439 
111.697083 
111.693726 
111.690674 
111.687927 
111.685181 
111.682129 
111.679382 
111.676941 
111.673889 
111.670532 
111.665955 
111.661377 
111.658325 
111.654968 
111.651917 
111.649170 
111.646729 
111.643372 
111.640015 
111.637573 
111.634521 
111.631470 
111.628723 
111.625671 
111.622620 
111.618958 
111.615601 
111.612244 
111.608276 
111.605835 
111.604004 
111.601868 
111.599426 
111.596680 
111.593628 
111.590271 
111.586914 
111.583557 
111.580200 
111.577148 
111.573486 
111.570129 
111.567688 
111.564636 
111.561584 
111.558838 
111.556091 
111.553040 
111.550903 
111.546936 
111.542969 
111.538391 
111.534424 
111.531372 
111.528625 
111.525269 
111.522522 
111.519775 
111.517334 
111.514282 
111.511536 
111.508179 
111.505432 
111.502075 
111.499023 
111.495667 
111.492004 
111.488647 
111.484680 
111.482239 
111.480408 
111.478271 
111.475830 
111.473083 
111.469727 
111.466675 
111.463623 
111.459961 
111.456909 
111.453552 
111.449890 
111.447144 
111.443787 
111.440430 
111.437683 
111.434937 
111.432190 
111.429749 
111.426697 
111.423340 
111.419067 
111.415100 
111.410828 
111.408081 
111.404724 
111.401978 
111.399536 
111.396179 
111.393738 
111.390686 
111.387939 
111.384583 
111.381836 
111.378784 
111.375732 
111.372375 
111.368408 
111.365051 
111.362000 
111.359558 
111.357422 
111.355286 
111.353455 
111.350098 
111.347351 
111.343994 
111.340027 
111.336975 
111.333618 
111.329956 
111.326599 
111.323547 
111.320190 
111.317139 
111.314392 
111.311646 
111.308594 
111.306152 
111.303406 
111.299744 
111.295776 
111.291809 
111.287537 
111.284485 
111.281433 
111.278687 
111.275635 
111.273193 
111.270447 
111.267395 
111.264648 
111.261597 
111.258240 
111.255493 
111.252136 
111.248779 
111.245117 
111.241760 
111.238403 
111.235352 
111.233521 
111.231689 
111.229553 
111.226501 
111.223450 
111.220398 
111.216736 
111.213379 
111.210022 
111.206665 
111.203613 
111.200256 
111.197510 
111.194153 
111.191101 
111.188660 
111.185608 
111.183167 
111.180420 
111.177063 
111.171875 
111.168213 
111.164246 
111.161194 
111.158447 
111.155396 
111.152039 
111.149597 
111.147156 
111.144409 
111.141052 
111.138000 
111.134644 
111.131897 
111.128540 
111.125183 
111.121521 
111.118164 
111.114807 
111.112061 
111.109924 
111.108398 
111.105957 
111.103210 
111.100464 
111.096802 
111.093445 
111.090088 
111.087036 
111.083374 
111.080322 
111.076965 
111.073914 
111.070862 
111.068115 
111.065063 
111.062622 
111.059570 
111.056824 
111.053467 
111.048889 
111.044922 
111.041260 
111.038513 
111.035156 
111.031799 
111.029053 
111.026306 
111.023865 
111.020813 
111.017456 
111.014709 
111.011658 
111.008606 
111.005249 
111.001892 
110.998230 
110.994873 
110.991516 
110.988770 
110.986328 
110.985107 
110.982666 
110.979919 
110.976563 
110.973511 
110.969849 
110.966492 
110.963135 
110.960083 
110.957031 
110.953979 
110.950623 
110.947571 
110.944214 
110.941467 
110.938721 
110.935974 
110.933228 
110.930176 
110.925598 
110.921326 
110.917969 
110.914307 
110.911255 
110.908813 
110.906067 
110.902710 
110.899963 
110.897217 
110.894165 
110.891113 
110.888672 
110.885010 
110.881958 
110.878906 
110.875549 
110.871582 
110.868225 
110.865173 
110.863647 
110.861816 
110.859070 
110.856323 
110.852966 
110.849915 
110.846252 
110.842896 
110.839844 
110.836792 
110.833435 
110.829773 
110.826721 
110.823669 
110.820923 
110.817871 
110.815125 
110.812378 
110.809937 
110.806274 
110.802307 
110.797729 
110.794373 
110.790710 
110.787964 
110.784912 
110.782166 
110.779419 
110.776672 
110.773926 
110.770874 
110.767822 
110.765076 
110.761414 
110.758362 
110.755310 
110.751648 
110.748291 
110.744629 
110.741882 
110.740051 
110.738220 
110.736084 
110.733032 
110.729980 
110.726624 
110.723572 
110.719910 
110.716553 
110.713196 
110.710144 
110.706787 
110.703430 
110.700378 
110.697632 
110.694580 
110.692139 
110.689392 
110.686646 
110.683594 
110.678711 
110.674438 
110.671082 
110.667114 
110.664368 
110.661621 
110.658569 
110.656128 
110.653076 
110.650024 
110.647278 
110.644531 
110.641174 
110.638123 
110.635376 
110.631409 
110.628052 
110.624695 
110.621338 
110.618591 
110.616760 
110.614624 
110.612488 
110.609436 
110.606689 
110.603027 
110.599670 
110.596619 
110.593262 
110.589905 
110.586243 
110.583496 
110.580139 
110.577393 
110.574341 
110.571289 
110.568542 
110.566101 
110.563049 
110.560303 
110.555725 
110.551147 
110.547791 
110.543823 
110.540771 
110.538330 
110.535278 
110.532532 
110.529785 
110.526733 
110.523682 
110.520935 
110.517883 
110.514832 
110.512085 
110.508423 
110.504761 
110.501404 
110.497742 
110.494995 
110.492859 
110.491028 
110.488892 
110.485840 
110.482788 
110.479736 
110.476379 
110.473022 
110.469971 
110.466309 
110.462952 
110.459900 
110.456848 
110.453491 
110.451050 
110.447998 
110.444946 
110.442505 
110.440063 
110.436401 
110.432434 
110.428162 
110.424194 
110.421143 
110.417786 
110.415039 
110.412292 
110.409546 
110.406799 
110.403748 
110.400696 
110.397949 
110.394897 
110.392151 
110.388489 
110.384827 
110.381165 
110.378113 
110.374451 
110.371094 
110.369568 
110.368042 
110.365601 
110.362549 
110.359192 
110.356750 
110.352783 
110.349426 
110.346069 
110.343018 
110.339966 
110.336914 
110.333557 
110.330200 
110.327759 
110.324707 
110.321655 
110.319214 
110.316467 
110.313110 
110.309143 
110.304565 
110.300598 
110.297241 
110.294800 
110.291748 
110.289001 
110.286865 
110.282898 
110.280762 
110.277405 
110.274658 
110.271301 
110.268250 
110.265503 
110.262146 
110.258484 
110.255127 
110.251160 
110.248413 
110.246582 
110.245056 
110.242615 
110.239258 
110.236206 
110.232544 
110.229492 
110.226440 
110.223083 
110.219727 
110.216370 
110.213623 
110.209961 
110.206909 
110.204468 
110.201416 
110.198364 
110.195618 
110.193176 
110.189819 
110.185852 
110.181580 
110.177612 
110.174255 
110.171509 
110.168457 
110.165405 
110.162964 
110.159607 
110.156860 
110.154419 
110.151367 
110.148315 
110.145569 
110.142212 
110.138550 
110.135193 
110.131836 
110.128174 
110.125427 
110.123596 
110.122375 
110.120239 
110.118103 
110.115967 
110.113831 
110.112000 
110.111084 
110.109253 
110.108948 
110.107727 
110.106812 
110.106506 
110.106812 
110.106812 
110.106812 
110.107117 
110.107727 
110.108032 
110.107727 
110.106812 
110.105591 
110.104980 
110.105286 
110.104980 
110.105286 
110.105896 
110.106201 
110.106201 
110.106812 
110.106812 
110.106506 
110.106812 
110.106812 
110.106812 
110.106812 
110.106201 
110.106201 
110.105896 
110.105896 
110.107422 
110.108643 
110.109253 
110.109558 
110.109558 
110.109863 
110.109558 
110.109558 
110.109253 
110.108948 
110.108643 
110.108643 
110.108948 
110.108948 
110.109253 
110.108948 
110.109253 
110.110168 
110.110168 
110.110168 
110.109253 
110.108032 
110.107117 
110.107117 
110.107117 
110.107422 
110.108032 
110.108643 
110.107727 
110.108643 
110.108337 
110.108337 
110.108643 
110.108337 
110.108643 
110.108032 
110.107727 
110.107117 
110.106812 
110.106812 
110.108032 
110.109253 
110.110474 
110.110779 
110.110168 
110.109558 
110.109863 
110.109253 
110.109253 
110.109558 
110.109253 
110.108948 
110.109558 
110.109863 
110.109253 
110.109863 
110.110474 
110.110779 
110.110474 
110.110779 
