Blum, K. P., D’Incamps, B. L., Zytnicki, D., & Ting, L. H. (2017).
Force encoding in muscle spindles during stretch of
passive muscle. PLoS computational biology, 13(9), 
e1005767. <https://journals.plos.org/ploscompbiol/article?
id=10.1371/journal.pcbi.1005767>

cat medial gastrocnemius muscle lengths over t  (in 0.0005 s increments)
110.105591 
110.105896 
110.106506 
110.106201 
110.106812 
110.106812 
110.106506 
110.106812 
110.106506 
110.106506 
110.106506 
110.106201 
110.105591 
110.105286 
110.104980 
110.105591 
110.106812 
110.107422 
110.108032 
110.108032 
110.107727 
110.107422 
110.107727 
110.106812 
110.106506 
110.107117 
110.106812 
110.107117 
110.107422 
110.107422 
110.107117 
110.107422 
110.106812 
110.107727 
110.107727 
110.107727 
110.106506 
110.105286 
110.105896 
110.105591 
110.105896 
110.105896 
110.106201 
110.106201 
110.106812 
110.106201 
110.106201 
110.106506 
110.106812 
110.106506 
110.106201 
110.106201 
110.105591 
110.105286 
110.105591 
110.105591 
110.106201 
110.107727 
110.108032 
110.107727 
110.107422 
110.107422 
110.107422 
110.107117 
110.106506 
110.106812 
110.106812 
110.106812 
110.107117 
110.107117 
110.107117 
110.107422 
110.108032 
110.107727 
110.108032 
110.107727 
110.106506 
110.105896 
110.105591 
110.105896 
110.105896 
110.106201 
110.106506 
110.106506 
110.106201 
110.106506 
110.106506 
110.106506 
110.106506 
110.106506 
110.106201 
110.106201 
110.105591 
110.105286 
110.104980 
110.105591 
110.106506 
110.107422 
110.107422 
110.108032 
110.108032 
110.107727 
110.107727 
110.107117 
110.106506 
110.106812 
110.107422 
110.106812 
110.107117 
110.107422 
110.107422 
110.108032 
110.108643 
110.109863 
110.110474 
110.111084 
110.111694 
110.112305 
110.112610 
110.115356 
110.117493 
110.119629 
110.121765 
110.124817 
110.127258 
110.130920 
110.133362 
110.137024 
110.140381 
110.144348 
110.148010 
110.152588 
110.156250 
110.160522 
110.165710 
110.171814 
110.177612 
110.184631 
110.191040 
110.197754 
110.204163 
110.211487 
110.217896 
110.225220 
110.232544 
110.240784 
110.249329 
110.257874 
110.267029 
110.276184 
110.285645 
110.296021 
110.306091 
110.316772 
110.327759 
110.338440 
110.348511 
110.359192 
110.370789 
110.382996 
110.394897 
110.407104 
110.419312 
110.430603 
110.442200 
110.453796 
110.464783 
110.475769 
110.486145 
110.496826 
110.507507 
110.517578 
110.527649 
110.537720 
110.547791 
110.559082 
110.569763 
110.580750 
110.591431 
110.601807 
110.611572 
110.621338 
110.631714 
110.640869 
110.650635 
110.660400 
110.670166 
110.680237 
110.690308 
110.700073 
110.710754 
110.721130 
110.731506 
110.741577 
110.751953 
110.761414 
110.770569 
110.779724 
110.789490 
110.799866 
110.809631 
110.820007 
110.830383 
110.840454 
110.851135 
110.861511 
110.871277 
110.881348 
110.891418 
110.901184 
110.911560 
110.921326 
110.931396 
110.941467 
110.951233 
110.962219 
110.972900 
110.984497 
110.994873 
111.005554 
111.015930 
111.026001 
111.036377 
111.045837 
111.056213 
111.066589 
111.076660 
111.087036 
111.097717 
111.107788 
111.118164 
111.128845 
111.139221 
111.150208 
111.160583 
111.170349 
111.180115 
111.189270 
111.199646 
111.210327 
111.220093 
111.231079 
111.241455 
111.252136 
111.262512 
111.273193 
111.282959 
111.293030 
111.303406 
111.313477 
111.323853 
111.333923 
111.343384 
111.353149 
111.363525 
111.373596 
111.385193 
111.396484 
111.406860 
111.417542 
111.427612 
111.437988 
111.447449 
111.457520 
111.467285 
111.477661 
111.488647 
111.498413 
111.508789 
111.518860 
111.529236 
111.539612 
111.549988 
111.560669 
111.571045 
111.580505 
111.589966 
111.599426 
111.609497 
111.619263 
111.630249 
111.640015 
111.651001 
111.661377 
111.671753 
111.682129 
111.692200 
111.702271 
111.712036 
111.722412 
111.732178 
111.741943 
111.751709 
111.761780 
111.771545 
111.781921 
111.793213 
111.804504 
111.814880 
111.825562 
111.835632 
111.845703 
111.855164 
111.865540 
111.875000 
111.885376 
111.895752 
111.905518 
111.915588 
111.926270 
111.936646 
111.946716 
111.957397 
111.967773 
111.978149 
111.987305 
111.997070 
112.006836 
112.015686 
112.026672 
112.036438 
112.047119 
112.057495 
112.067871 
112.078552 
112.088318 
112.098083 
112.108459 
112.119141 
112.129211 
112.138977 
112.148743 
112.158813 
112.168579 
112.178040 
112.189026 
112.200012 
112.210999 
112.221680 
112.231445 
112.241821 
112.251587 
112.261353 
112.272339 
112.281799 
112.292175 
112.302246 
112.312317 
112.322388 
112.332458 
112.343140 
112.353516 
112.363586 
112.374268 
112.384338 
112.394104 
112.403564 
112.412720 
112.422485 
112.433472 
112.443542 
112.453613 
112.464294 
112.474670 
112.485352 
112.495422 
112.505493 
112.515564 
112.525635 
112.536011 
112.545471 
112.555237 
112.565613 
112.574768 
112.585449 
112.596130 
112.607117 
112.618103 
112.628479 
112.638855 
112.648926 
112.658997 
112.668762 
112.678528 
112.688904 
112.698669 
112.708740 
112.719116 
112.729187 
112.739868 
112.749634 
112.760315 
112.770081 
112.781067 
112.791138 
112.800903 
112.810059 
112.819519 
112.829285 
112.839661 
112.850037 
112.860413 
112.870789 
112.881470 
112.891541 
112.902222 
112.911682 
112.921753 
112.931824 
112.941589 
112.951660 
112.961426 
112.970276 
112.979431 
112.989197 
112.998657 
113.008728 
113.018494 
113.027344 
113.036499 
113.044739 
113.052673 
113.060913 
113.068237 
113.076172 
113.083191 
113.090820 
113.097839 
113.103943 
113.111572 
113.117676 
113.123779 
113.130493 
113.136292 
113.141785 
113.146057 
113.150024 
113.154297 
113.158264 
113.162842 
113.167114 
113.170471 
113.174438 
113.177795 
113.181458 
113.183899 
113.186035 
113.188477 
113.190918 
113.192444 
113.193665 
113.195190 
113.196411 
113.197021 
113.198242 
113.199158 
113.201599 
113.202209 
113.203430 
113.204346 
113.204041 
113.204651 
113.204651 
113.204651 
113.204041 
113.204346 
113.204041 
113.204041 
113.204346 
113.204041 
113.204041 
113.203735 
113.204346 
113.204041 
113.204041 
113.203735 
113.201599 
113.200684 
113.199768 
113.200073 
113.199463 
113.199463 
113.199158 
113.199158 
113.198547 
113.198547 
113.197327 
113.197021 
113.196411 
113.196411 
113.195801 
113.195190 
113.194275 
113.193359 
113.193054 
113.193054 
113.193970 
113.194275 
113.194580 
113.194275 
113.193665 
113.193359 
113.192749 
113.192139 
113.191833 
113.190918 
113.191223 
113.190918 
113.190918 
113.190918 
113.190613 
113.190613 
113.190918 
113.190613 
113.191223 
113.190002 
113.189392 
113.188477 
113.188171 
113.188171 
113.188477 
113.188477 
113.189087 
113.188477 
113.188782 
113.189087 
113.189087 
113.189087 
113.188782 
113.189087 
113.188782 
113.189087 
113.188477 
113.188171 
113.188171 
113.188782 
113.189392 
113.190308 
113.191223 
113.191528 
113.191528 
113.190918 
113.191223 
113.190918 
113.190308 
113.190613 
113.190613 
113.190918 
113.190918 
113.191223 
113.191528 
113.191528 
113.191833 
113.192139 
113.192749 
113.191833 
113.191223 
113.190613 
113.190002 
113.190918 
113.190613 
113.191223 
113.191223 
113.191528 
113.191833 
113.191223 
113.191833 
113.191833 
113.191223 
113.191528 
113.191223 
113.191223 
113.190918 
113.190613 
113.190308 
113.190613 
113.191833 
113.192749 
113.192139 
113.192749 
113.192444 
113.192139 
113.191833 
113.191833 
113.191223 
113.191223 
113.191528 
113.190918 
113.191223 
113.190308 
113.190918 
113.190918 
113.190918 
113.190918 
113.191223 
113.190613 
113.189392 
113.188782 
113.188171 
113.187866 
113.188782 
113.188477 
113.188477 
113.188782 
113.188782 
113.188477 
113.188477 
113.188171 
113.188171 
113.187866 
113.187866 
113.187561 
113.186951 
113.186646 
113.186340 
113.186951 
113.187256 
113.188477 
113.188477 
113.188171 
113.188782 
113.187866 
113.187866 
113.187561 
113.187256 
113.186951 
113.187561 
113.187561 
113.187561 
113.187561 
113.187561 
113.188171 
113.188171 
113.188171 
113.188171 
113.188171 
113.187256 
113.186035 
113.186035 
113.186646 
113.186340 
113.186951 
113.187256 
113.187561 
113.187561 
113.187561 
113.187866 
113.187866 
113.188171 
113.187866 
113.187561 
113.187866 
113.187561 
113.186951 
113.187256 
113.187561 
113.188782 
113.190002 
113.190002 
113.190613 
113.190613 
113.189697 
113.190308 
113.190002 
113.190002 
113.190002 
113.189697 
113.190308 
113.190308 
113.190308 
113.190613 
113.190613 
113.190918 
113.190918 
113.191528 
113.190918 
113.190002 
113.189392 
113.189392 
113.189697 
113.189697 
113.190002 
113.189697 
113.190002 
113.190308 
113.190308 
113.190308 
113.190308 
113.190308 
113.190308 
113.189697 
113.190002 
113.189392 
113.188782 
113.189087 
113.189087 
113.190002 
113.190613 
113.190918 
113.191223 
113.190613 
113.190613 
113.190308 
113.189697 
113.189697 
113.189697 
113.189697 
113.189087 
113.189087 
113.189087 
113.189087 
113.189392 
113.189087 
113.189392 
113.188782 
113.189087 
113.187561 
113.186951 
113.186340 
113.186340 
113.186951 
113.186646 
113.186951 
113.186951 
113.187256 
113.187256 
113.186340 
113.186646 
113.186646 
113.186646 
113.186340 
113.186340 
113.185730 
113.185730 
113.185120 
113.185425 
113.186340 
113.186951 
113.187561 
113.187256 
113.187561 
113.187256 
113.186646 
113.186951 
113.186646 
113.186340 
113.186951 
113.186646 
113.186951 
113.186340 
113.186340 
113.187256 
113.187256 
113.187561 
113.187561 
113.187256 
113.186646 
113.185730 
113.185730 
113.186035 
113.186340 
113.186035 
113.186646 
113.186951 
113.187256 
113.186646 
113.187256 
113.187561 
113.187256 
113.187256 
113.187561 
113.186951 
113.187256 
113.186646 
113.186646 
113.186951 
113.188171 
113.189392 
113.189697 
113.190002 
113.190002 
113.189697 
113.189697 
113.189087 
113.189087 
113.189087 
113.189392 
113.189087 
113.189087 
113.189392 
113.189697 
113.189697 
113.190002 
113.190308 
113.190308 
113.190002 
113.189087 
113.188171 
113.188171 
113.188477 
113.188477 
113.188477 
113.189087 
113.189087 
113.189087 
113.188782 
113.189087 
113.189087 
113.189087 
113.189087 
113.188477 
113.188782 
113.188171 
113.187866 
113.187866 
113.188171 
113.188782 
113.189697 
113.189697 
113.190002 
113.189392 
113.189087 
113.189087 
113.188782 
113.188477 
113.188782 
113.188477 
113.187866 
113.188171 
113.188477 
113.188477 
113.188477 
113.188477 
113.188782 
113.188782 
113.188477 
113.187561 
113.186340 
113.186340 
113.186646 
113.186340 
113.186646 
113.186340 
113.186646 
113.187256 
113.186951 
113.186951 
113.186951 
113.186646 
113.186646 
113.186340 
113.186340 
113.186035 
113.185120 
113.185425 
113.185730 
113.186951 
113.187561 
113.187866 
113.188171 
113.187866 
113.187866 
113.187561 
113.187561 
113.187256 
113.187561 
113.187256 
113.187256 
113.187561 
113.187561 
113.187561 
113.188171 
113.187866 
113.188171 
113.188477 
113.188171 
113.186951 
113.186340 
113.186340 
113.186646 
113.186951 
113.186646 
113.186951 
113.187256 
113.187561 
113.187866 
113.187561 
113.188171 
113.187561 
113.187866 
113.187866 
113.187866 
113.187256 
113.186951 
113.187256 
113.187561 
113.187866 
113.188782 
113.189392 
113.189697 
113.190002 
113.189392 
113.189087 
113.189087 
113.189087 
113.189087 
113.189392 
113.189087 
113.189087 
113.188782 
113.189087 
113.189392 
113.189087 
113.189697 
113.190002 
113.189087 
113.188782 
113.187561 
113.187256 
113.187256 
113.187561 
113.187866 
113.187866 
113.187866 
113.188477 
113.187866 
113.188477 
113.188171 
113.187866 
113.187866 
113.187561 
113.187256 
113.186951 
113.186951 
113.186951 
113.186951 
113.187561 
113.188171 
113.188477 
113.188782 
113.188782 
113.188477 
113.188171 
113.187561 
113.187866 
113.187561 
113.187256 
113.187561 
113.187561 
113.187256 
113.187866 
113.187561 
113.187866 
113.188477 
113.187866 
113.187866 
113.186646 
113.185730 
113.185425 
113.185730 
113.186035 
113.186035 
113.186035 
113.186646 
113.186035 
113.186646 
113.186646 
113.186340 
113.186646 
113.186035 
113.186340 
113.186035 
113.185730 
113.185425 
113.185425 
113.185425 
113.186646 
113.187561 
113.187561 
113.188171 
113.187866 
113.187561 
113.187866 
113.187561 
113.187256 
113.187561 
113.187561 
113.186951 
113.186951 
113.187256 
113.187866 
113.187866 
113.188171 
113.188171 
113.188477 
113.188477 
113.187866 
113.186340 
113.186340 
113.186646 
113.187561 
113.187256 
113.186951 
113.187561 
113.187866 
113.187866 
113.187561 
113.187561 
113.187866 
113.187866 
113.187561 
113.187561 
113.187256 
113.186951 
113.186951 
113.187256 
113.188171 
113.188477 
113.189392 
113.189392 
113.189392 
113.189087 
113.188782 
113.188782 
113.188782 
113.188477 
113.188477 
113.188782 
113.188477 
113.189087 
113.188782 
113.188477 
113.189392 
113.189087 
113.189392 
113.189392 
113.188171 
113.187561 
113.186646 
113.187256 
113.187256 
113.187256 
113.187866 
113.187561 
113.187866 
113.187866 
113.187866 
113.187866 
113.187866 
113.187561 
113.187256 
113.187561 
113.186646 
113.186340 
113.186035 
113.186646 
113.187561 
113.188477 
113.188477 
113.188782 
113.188171 
113.188171 
113.187561 
113.187561 
113.187256 
113.187256 
113.187866 
113.187256 
113.187561 
113.187561 
113.187256 
113.187866 
113.188171 
113.187561 
113.188171 
113.187866 
113.186951 
113.186035 
113.185425 
113.185730 
113.186035 
113.185730 
113.186340 
113.186340 
113.186646 
113.186340 
113.186646 
113.186340 
113.186646 
113.186340 
113.186340 
113.186035 
113.185730 
113.185120 
113.185425 
113.185730 
113.186951 
113.187561 
113.188171 
113.188171 
113.188477 
113.188171 
113.187561 
113.187561 
113.187256 
113.187561 
113.187561 
113.187256 
113.187256 
113.187256 
113.187561 
113.188171 
113.188171 
113.188477 
113.188782 
113.188477 
113.187866 
113.186646 
113.186340 
113.187256 
113.187256 
113.187256 
113.187256 
113.187256 
113.187561 
113.187561 
113.187866 
113.187561 
113.187256 
113.187561 
113.187256 
113.187561 
113.186951 
113.186951 
113.186340 
113.186951 
113.187561 
113.188477 
113.189087 
113.189087 
113.189392 
113.189087 
113.188782 
113.189087 
113.188171 
113.188477 
113.188171 
113.188477 
113.188477 
113.188171 
113.188477 
113.188477 
113.189087 
113.189087 
113.189087 
113.188782 
113.187561 
113.186951 
113.186646 
113.186951 
113.186951 
113.187256 
113.186951 
113.187256 
113.186951 
113.186951 
113.187256 
113.186951 
113.186951 
113.187256 
113.186646 
113.186951 
113.186340 
113.185425 
113.186035 
113.186035 
113.186646 
113.188171 
113.188171 
113.188477 
113.188171 
113.187866 
113.187866 
113.186951 
113.187256 
113.186951 
113.186951 
113.186951 
113.187256 
113.187256 
113.187561 
113.187866 
113.187561 
113.187866 
113.187866 
113.187866 
113.186951 
113.186035 
113.185425 
113.185730 
113.186035 
113.186035 
113.186340 
113.186951 
113.186646 
113.186646 
113.186646 
113.186646 
113.186646 
113.186340 
113.186646 
113.186951 
113.186035 
113.185425 
113.185730 
113.186035 
113.186951 
113.188171 
113.187561 
113.188477 
113.188171 
113.187256 
113.187866 
113.187866 
113.187561 
113.187866 
113.187866 
113.187866 
113.187561 
113.187561 
113.187866 
113.188171 
113.187866 
113.188782 
113.188477 
113.188171 
113.187561 
113.186340 
113.186340 
113.186951 
113.186951 
113.187256 
113.187561 
113.187561 
113.187256 
113.187561 
113.187866 
113.187561 
113.187256 
113.187256 
113.187256 
113.187256 
113.186951 
113.186340 
113.186035 
113.186340 
113.187561 
113.188477 
113.188477 
113.188782 
113.188782 
113.188477 
113.188171 
113.187866 
113.187561 
113.187866 
113.187866 
113.188171 
113.187561 
113.187866 
113.188171 
113.187866 
113.188477 
113.188477 
113.188477 
113.188171 
113.187256 
113.186340 
113.186035 
113.186035 
113.186646 
113.186646 
113.186340 
113.186951 
113.187256 
113.187256 
113.187561 
113.187561 
113.187256 
113.186951 
113.186951 
113.186646 
113.186035 
113.185730 
113.186035 
113.185730 
113.186951 
113.187561 
113.187866 
113.188171 
113.188171 
113.188171 
113.187866 
113.187256 
113.187256 
113.187561 
113.187256 
113.186951 
113.187256 
113.187256 
113.186951 
113.187561 
113.187866 
113.188171 
113.187866 
113.187866 
113.186646 
113.185730 
113.186035 
113.186035 
113.186340 
113.186340 
113.186340 
113.186951 
113.187256 
113.186951 
113.187256 
113.186646 
113.187256 
113.186646 
113.186646 
113.186340 
113.186340 
113.186035 
113.185730 
113.186340 
113.186951 
113.187866 
113.188171 
113.188782 
113.188171 
113.188171 
113.188171 
113.187866 
113.187866 
113.187866 
113.187561 
113.187561 
113.187866 
113.187866 
113.188171 
113.188171 
113.188477 
113.188477 
113.189087 
113.188171 
113.187256 
113.186951 
113.186035 
113.186646 
113.186951 
113.186951 
113.187256 
113.186951 
113.187561 
113.187561 
113.187561 
113.187561 
113.187256 
113.187256 
113.187561 
113.186951 
113.186340 
113.186340 
113.186340 
113.186646 
113.187561 
113.187866 
113.188477 
113.188477 
113.188171 
113.188171 
113.188171 
113.187561 
113.187256 
113.187866 
113.187866 
113.187561 
113.187866 
113.187866 
113.187256 
113.187561 
113.187866 
113.187866 
113.188171 
113.187866 
113.186951 
113.186340 
113.186035 
113.186340 
113.186340 
113.186646 
113.186340 
113.186340 
113.186951 
113.186951 
113.186951 
113.186951 
113.186951 
113.186646 
113.186646 
113.186646 
113.186340 
113.185730 
113.185730 
113.186035 
113.186951 
113.188171 
113.188171 
113.188477 
113.187866 
113.187866 
113.187256 
113.186951 
113.187256 
113.186951 
113.186646 
113.186646 
113.186951 
113.186951 
113.187256 
113.187256 
113.187866 
113.188171 
113.187866 
113.187866 
113.186951 
113.186340 
113.185730 
113.186340 
113.186646 
113.186951 
113.186646 
113.186951 
113.186951 
113.187256 
113.186951 
113.187561 
113.186951 
113.186646 
113.187256 
113.186951 
113.186646 
113.186035 
113.186035 
113.186646 
113.186951 
113.188171 
113.188477 
113.188477 
113.188477 
113.187866 
113.188171 
113.187866 
113.187866 
113.187866 
113.188171 
113.188477 
113.187561 
113.187561 
113.187561 
113.188171 
113.188171 
113.188782 
113.188477 
113.187866 
113.187256 
113.186646 
113.186035 
113.186646 
113.186951 
113.186951 
113.187256 
113.187561 
113.187256 
113.186951 
113.187256 
113.187256 
113.187256 
113.186951 
113.186646 
113.186646 
113.186340 
113.186340 
113.185730 
113.186035 
113.187561 
113.188171 
113.188782 
113.188782 
113.188171 
113.188171 
113.187866 
113.187561 
113.187561 
113.187866 
113.187256 
113.187561 
113.187561 
113.187256 
113.187561 
113.187561 
113.188171 
113.188171 
113.188171 
113.188171 
113.186951 
113.186035 
113.186035 
113.186035 
113.186646 
113.186035 
113.186646 
113.186646 
113.186646 
113.186646 
113.186951 
113.186646 
113.186951 
113.186646 
113.186340 
113.186646 
113.186035 
113.186035 
113.185730 
113.185730 
113.186951 
113.187561 
113.188477 
113.188477 
113.187866 
113.188171 
113.187866 
113.187866 
113.187561 
113.187256 
113.187256 
113.186951 
113.187256 
113.187561 
113.187561 
113.187561 
113.188171 
113.187866 
113.188477 
113.188171 
113.186646 
113.186340 
113.186340 
113.186646 
113.186340 
113.186646 
113.186951 
113.187256 
113.187256 
113.187256 
113.186951 
113.186646 
113.187256 
113.186646 
113.186951 
113.186951 
113.186646 
113.186035 
113.186035 
113.186646 
113.187256 
113.188171 
113.188171 
113.188782 
113.188171 
113.188477 
113.187866 
113.187866 
113.188171 
113.187866 
113.187561 
113.187561 
113.187256 
113.187866 
113.187866 
113.188171 
113.188171 
113.188171 
113.188782 
113.188171 
113.186951 
113.186340 
113.186035 
113.186340 
113.186646 
113.187256 
113.186951 
113.186951 
113.186951 
113.187256 
113.186951 
113.186951 
113.187256 
113.186951 
113.186951 
113.186951 
113.186646 
113.186340 
113.186035 
113.186035 
113.187256 
113.187866 
113.188477 
113.188171 
113.188171 
113.188171 
113.187561 
113.187561 
113.187256 
113.187561 
113.187866 
113.187256 
113.187561 
113.186951 
113.187561 
113.187561 
113.187561 
113.188171 
113.188477 
113.188171 
113.187256 
113.186340 
113.186035 
113.186035 
113.186340 
113.186035 
113.186646 
113.186646 
113.186951 
113.186951 
113.186646 
113.186951 
113.186951 
113.186646 
113.186951 
113.186646 
113.186035 
113.185730 
113.186035 
113.186340 
113.186646 
113.187866 
113.187866 
113.187866 
113.188171 
113.187866 
113.187561 
113.187561 
113.187866 
113.186951 
113.187256 
113.186951 
113.187561 
113.187561 
113.187561 
113.187866 
113.187866 
113.188171 
113.188477 
113.187866 
113.186951 
113.186340 
113.186035 
113.186340 
113.186646 
113.186646 
113.186951 
113.186646 
113.186951 
113.187256 
113.186951 
113.187256 
113.187256 
113.186646 
113.186951 
113.186951 
113.186035 
113.186340 
113.186340 
113.186951 
113.186951 
113.188171 
113.188782 
113.188477 
113.188782 
113.188171 
113.188171 
113.187866 
113.187561 
113.187866 
113.187866 
113.187561 
113.187256 
113.187561 
113.187561 
113.187866 
113.188477 
113.188477 
113.188171 
113.188171 
113.187256 
113.186035 
113.186340 
113.186951 
113.186646 
113.186340 
113.186646 
113.186646 
113.186951 
113.186951 
113.186646 
113.187256 
113.186951 
113.187256 
113.186646 
113.186646 
113.186340 
113.186340 
113.186340 
113.185730 
113.186951 
113.187866 
113.188171 
113.188477 
113.188171 
113.187561 
113.187866 
113.187256 
113.187256 
113.187256 
113.187256 
113.187256 
113.186951 
113.187561 
113.187561 
113.187561 
113.187561 
113.187561 
113.188171 
113.187866 
113.186951 
113.186035 
113.185730 
113.186035 
113.186340 
113.186340 
113.186646 
113.186646 
113.186646 
113.186646 
113.186646 
113.186035 
113.186646 
113.186646 
113.186646 
113.186340 
113.186035 
113.185730 
113.185730 
113.186035 
113.186951 
113.187866 
113.188171 
113.188171 
113.188171 
113.187866 
113.187866 
113.187561 
113.187256 
113.187561 
113.187256 
113.187256 
113.187561 
113.187561 
113.187561 
113.187866 
113.187866 
113.188171 
113.188171 
113.187866 
113.186646 
113.186340 
113.186035 
113.186035 
113.186340 
113.186340 
113.186646 
113.186951 
113.186951 
113.186951 
113.187256 
113.186646 
113.187256 
113.186951 
113.186340 
113.186340 
113.186340 
113.185730 
113.186035 
113.186035 
113.187561 
113.188171 
113.188477 
113.188171 
113.188477 
113.188171 
113.187866 
113.187866 
113.187561 
113.187256 
113.187256 
113.187561 
113.187256 
113.187561 
113.187256 
113.187866 
113.187866 
113.187866 
113.188171 
113.187866 
113.186340 
113.185730 
113.185425 
113.186035 
113.186035 
113.186340 
113.186340 
113.186646 
113.186951 
113.186951 
113.187256 
113.186951 
113.186646 
113.186646 
113.186646 
113.186646 
113.186035 
113.185730 
113.185730 
113.186035 
113.186951 
113.187256 
113.187866 
113.188171 
113.187866 
113.188171 
113.187866 
113.187561 
113.187256 
113.187561 
113.187866 
113.187561 
113.186951 
113.187561 
113.187256 
113.187561 
113.187866 
113.187866 
113.188477 
113.188171 
113.186646 
113.186340 
113.186035 
113.186035 
113.186035 
113.186340 
113.186646 
113.186646 
113.186951 
113.187256 
113.186340 
113.186951 
113.187256 
113.186951 
113.186646 
113.186646 
113.186340 
113.185730 
113.185730 
113.186035 
113.186951 
113.187561 
113.188171 
113.188171 
113.188171 
113.188477 
113.187561 
113.187561 
113.187561 
113.187256 
113.187561 
113.187561 
113.186951 
113.187256 
113.187561 
113.187866 
113.187561 
113.187561 
113.188477 
113.187561 
113.187256 
113.185730 
113.185730 
113.186340 
113.186951 
113.186646 
113.186646 
113.186340 
113.186951 
113.186951 
113.186951 
113.186951 
113.186951 
113.186951 
113.186951 
113.186646 
113.186035 
113.186340 
113.185425 
113.186035 
113.187561 
113.187866 
113.187866 
113.188477 
113.188171 
113.187866 
113.187561 
113.187561 
113.187866 
113.187256 
113.187866 
113.187561 
113.187256 
113.187256 
113.187866 
113.187561 
113.187866 
113.188171 
113.188477 
113.187866 
113.186646 
113.186035 
113.185425 
113.186340 
113.186035 
113.186646 
113.186646 
113.186951 
113.187256 
113.186951 
113.186951 
113.187256 
113.186646 
113.186951 
113.186951 
113.186951 
113.186035 
113.186035 
113.185730 
113.186340 
113.187561 
113.187866 
113.187866 
113.187866 
113.187866 
113.188171 
113.187561 
113.187561 
113.187256 
113.187256 
113.187256 
113.187256 
113.187561 
113.187256 
113.187256 
113.187561 
113.187866 
113.188171 
113.188171 
113.188171 
113.186951 
113.186340 
113.185730 
113.186340 
113.186340 
113.186646 
113.186646 
113.186035 
113.187256 
113.186951 
113.186646 
113.186646 
113.186646 
113.186646 
113.186646 
113.186340 
113.186340 
113.185730 
113.185425 
113.186340 
113.187256 
113.187561 
113.187866 
113.188171 
113.187866 
113.187866 
113.187561 
113.187561 
113.187256 
113.187256 
113.187561 
113.187561 
113.187256 
113.187561 
113.187866 
113.187561 
113.187866 
113.188477 
113.188477 
113.187561 
113.186951 
113.186340 
113.186035 
113.186340 
113.186646 
113.186340 
113.186340 
113.186951 
113.187256 
113.186951 
113.186951 
113.186951 
113.187256 
113.187256 
113.186646 
113.186646 
113.186035 
113.185730 
113.185425 
113.186340 
113.187256 
113.187866 
113.188477 
113.188171 
113.188171 
113.187561 
113.187256 
113.187866 
113.187561 
113.187256 
113.187561 
113.187256 
113.187256 
113.187561 
113.187561 
113.187561 
113.187256 
113.188171 
113.188477 
113.187866 
113.186951 
113.186035 
113.186035 
113.186340 
113.186340 
113.186646 
113.186951 
113.186646 
113.186951 
113.186646 
113.186951 
113.186951 
113.186646 
113.186951 
113.186340 
113.186646 
113.186035 
113.185730 
113.185425 
113.185730 
113.187256 
113.187561 
113.188171 
113.187866 
113.188171 
113.187866 
113.187256 
113.187561 
113.186951 
113.187256 
113.187561 
113.187256 
113.186951 
113.187256 
113.187256 
113.187561 
113.188171 
113.188171 
113.188171 
113.188171 
113.186951 
113.186340 
113.186035 
113.186646 
113.186340 
113.186646 
113.186646 
113.186646 
113.186951 
113.187256 
113.186646 
113.186951 
113.187256 
113.186646 
113.186646 
113.186646 
113.186340 
113.185730 
113.185730 
113.186340 
113.187256 
113.188171 
113.187866 
113.187866 
113.188171 
113.187866 
113.187866 
113.187256 
113.187561 
113.187256 
113.187256 
113.187256 
113.187256 
113.187256 
113.187561 
113.187866 
113.187561 
113.188171 
113.188171 
113.187866 
113.186951 
113.186340 
113.186035 
113.186646 
113.186340 
113.186646 
113.186951 
113.186646 
113.187256 
113.187256 
113.186646 
113.186951 
113.186951 
113.186646 
113.186646 
113.186646 
113.186035 
113.185730 
113.185730 
113.186340 
113.186646 
113.187866 
113.187866 
113.188171 
113.188171 
113.187866 
113.187561 
113.187561 
113.186951 
113.187866 
113.187561 
113.187256 
113.187561 
113.187256 
113.187561 
113.187561 
113.187561 
113.188171 
113.188171 
113.187561 
113.186951 
113.186035 
113.185730 
113.186340 
113.186035 
113.186340 
113.186951 
113.186646 
113.187256 
113.186646 
113.186951 
113.186951 
113.186951 
113.186951 
113.186340 
113.186646 
113.186035 
113.185730 
113.185730 
113.185730 
113.186951 
113.187866 
113.187866 
113.188171 
113.188171 
113.187866 
113.187561 
113.187256 
113.187256 
113.187561 
113.187256 
113.186951 
113.187256 
113.187256 
113.187866 
113.187561 
113.187561 
113.188171 
113.188477 
113.187866 
113.186951 
113.186035 
113.185730 
113.186340 
113.186340 
113.186646 
113.186646 
113.186951 
113.186646 
113.186646 
113.186951 
113.186951 
113.186951 
113.186646 
113.186646 
113.186951 
113.186035 
113.186035 
113.185730 
113.186035 
113.186646 
113.187866 
113.187561 
113.187866 
113.188477 
113.187866 
113.187561 
113.187256 
113.187256 
113.187256 
113.187256 
113.186951 
113.187256 
113.187256 
113.187561 
113.187561 
113.187561 
113.187866 
113.188477 
113.188171 
113.186951 
113.186035 
113.186035 
113.186035 
113.186646 
113.186646 
113.186340 
113.186646 
113.186951 
113.186951 
113.187256 
113.186951 
113.186646 
113.186951 
113.186646 
113.186340 
113.186340 
113.186035 
113.186035 
113.186035 
113.187561 
113.187561 
113.188171 
113.188171 
113.187866 
113.187866 
113.188171 
113.187561 
113.187256 
113.187561 
113.187256 
113.187256 
113.187256 
113.187256 
113.187561 
113.187256 
113.187866 
113.188171 
113.187866 
113.187866 
113.186340 
113.185730 
113.185730 
113.186340 
113.186035 
113.186035 
113.186340 
113.186646 
113.186340 
113.186951 
113.186951 
113.186646 
113.186646 
113.186951 
113.186646 
113.186340 
113.185730 
113.185120 
113.185730 
113.186035 
113.187256 
113.187866 
113.187866 
113.188171 
113.187561 
113.187561 
113.187561 
113.187256 
113.186951 
113.187256 
113.186951 
113.187561 
113.186951 
113.186951 
113.187256 
113.187561 
113.187561 
113.188171 
113.187866 
113.187866 
113.186646 
113.185730 
113.186340 
113.185730 
113.186340 
113.186340 
113.186646 
113.186646 
113.186646 
113.186340 
113.186646 
113.186646 
113.186646 
113.187256 
113.186340 
113.186340 
113.186035 
113.185730 
113.186035 
113.186035 
113.187256 
113.188171 
113.187866 
113.188171 
113.187866 
113.187866 
113.187561 
113.187256 
113.186951 
113.187256 
113.187256 
113.187256 
113.187256 
113.187256 
113.187561 
113.187256 
113.187866 
113.187866 
113.188171 
113.187866 
113.186951 
113.186340 
113.186035 
113.186646 
113.186340 
113.186340 
113.186646 
113.186340 
113.186951 
113.186646 
113.186951 
113.186951 
113.187256 
113.186646 
113.186951 
113.186340 
113.185730 
113.185730 
113.185730 
113.186035 
113.186646 
113.187561 
113.187866 
113.188171 
113.187866 
113.187866 
113.187256 
113.187561 
113.187256 
113.187256 
113.186951 
113.186951 
113.186951 
113.187256 
113.187256 
113.187256 
113.187561 
113.187866 
113.187866 
113.188171 
113.186340 
113.186035 
113.185425 
113.186035 
113.186340 
113.186035 
113.186646 
113.186035 
113.186646 
113.186646 
113.187256 
113.186646 
113.186340 
113.186035 
113.185730 
113.185730 
113.184509 
113.183899 
113.182678 
113.182068 
113.182373 
113.182373 
113.180847 
113.179932 
113.178101 
113.176575 
113.173828 
113.171692 
113.169250 
113.166809 
113.164368 
113.160706 
113.157654 
113.154602 
113.150940 
113.147278 
113.143311 
113.139648 
113.135376 
113.130188 
113.123779 
113.117981 
113.112183 
113.106079 
113.100281 
113.094177 
113.087769 
113.081360 
113.074341 
113.066711 
113.058777 
113.050537 
113.042297 
113.033752 
113.025208 
113.016357 
113.006592 
112.996521 
112.987366 
112.977905 
112.969360 
112.960510 
112.950745 
112.941284 
112.930603 
112.919922 
112.909241 
112.898560 
112.887573 
112.876587 
112.865906 
112.855530 
112.844543 
112.833557 
112.823181 
112.811890 
112.801208 
112.790527 
112.780151 
112.768555 
112.756653 
112.744446 
112.732849 
112.722473 
112.711487 
112.700500 
112.689514 
112.679138 
112.668152 
112.657776 
112.646484 
112.635193 
112.624512 
112.613220 
112.602234 
112.591248 
112.579346 
112.568359 
112.557373 
112.546997 
112.537537 
112.527161 
112.517090 
112.506409 
112.496033 
112.484741 
112.473755 
112.462769 
112.451782 
112.441406 
112.430725 
112.419434 
112.409058 
112.398987 
112.388000 
112.378235 
112.367554 
112.356873 
112.346802 
112.336121 
112.324829 
112.313232 
112.302856 
112.292480 
112.281799 
112.271729 
112.261963 
112.251282 
112.241516 
112.231140 
112.220764 
112.210388 
112.200012 
112.189636 
112.178955 
112.168579 
112.157898 
112.147217 
112.136536 
112.127075 
112.117615 
112.107849 
112.097778 
112.088013 
112.077637 
112.066956 
112.056580 
112.045898 
112.034912 
112.024841 
112.014465 
112.004395 
111.994019 
111.983643 
111.973267 
111.963196 
111.952515 
111.942749 
111.932373 
111.921692 
111.910095 
111.899109 
111.888428 
111.877747 
111.867676 
111.857605 
111.847229 
111.837463 
111.827087 
111.816711 
111.806335 
111.795654 
111.784973 
111.774902 
111.763916 
111.753540 
111.742554 
111.731262 
111.721191 
111.710815 
111.701355 
111.691895 
111.681824 
111.671448 
111.661072 
111.650391 
111.639404 
111.628418 
111.617432 
111.606750 
111.596680 
111.586304 
111.575623 
111.564941 
111.554871 
111.544495 
111.534119 
111.523438 
111.513672 
111.502075 
111.491089 
111.479492 
111.468506 
111.458740 
111.448059 
111.437683 
111.427612 
111.417542 
111.407471 
111.396790 
111.386719 
111.375732 
111.365662 
111.355286 
111.344299 
111.333923 
111.322632 
111.311951 
111.301880 
111.291504 
111.282043 
111.272583 
111.262512 
111.252441 
111.242371 
111.231384 
111.221008 
111.210327 
111.199341 
111.189270 
111.178894 
111.167908 
111.157837 
111.147156 
111.137085 
111.127014 
111.117249 
111.106567 
111.096497 
111.085815 
111.074219 
111.063232 
111.052246 
111.042480 
111.032104 
111.022034 
111.011353 
111.001282 
110.991211 
110.981750 
110.970764 
110.960999 
110.950012 
110.939636 
110.929565 
110.918884 
110.908508 
110.897522 
110.887146 
110.876770 
110.867920 
110.857849 
110.847778 
110.838013 
110.827332 
110.817261 
110.806580 
110.795593 
110.785217 
110.774841 
110.764160 
110.753784 
110.743408 
110.733032 
110.722961 
110.712585 
110.701904 
110.692139 
110.681763 
110.671082 
110.659790 
110.648499 
110.638123 
110.627747 
110.617371 
110.606995 
110.597229 
110.587158 
110.576477 
110.566711 
110.556335 
110.545654 
110.535278 
110.524597 
110.514221 
110.503540 
110.492859 
110.481873 
110.471191 
110.462036 
110.452271 
110.442810 
110.432739 
110.422668 
110.412903 
110.402222 
110.390930 
110.380249 
110.369873 
110.359497 
110.348816 
110.338745 
110.328979 
110.318909 
110.309143 
110.299377 
110.289917 
110.280457 
110.271912 
110.262146 
110.252380 
110.243225 
110.234070 
110.225830 
110.217590 
110.210266 
110.203552 
110.196533 
110.189819 
110.183411 
110.177002 
110.170898 
110.165405 
110.159302 
110.153809 
110.148315 
110.144043 
110.138855 
110.134583 
110.130920 
110.128174 
110.125427 
110.122375 
110.119934 
110.116882 
110.114746 
110.112000 
110.109863 
110.107422 
110.105896 
110.104980 
110.103455 
110.102844 
110.101624 
110.101929 
110.101624 
110.101318 
110.101318 
110.101318 
110.101013 
110.100098 
110.099182 
110.098877 
110.099487 
110.099487 
110.099792 
110.099792 
110.099792 
110.100403 
110.100403 
110.100403 
110.100708 
110.100403 
110.101013 
110.100403 
110.100403 
110.100403 
110.100098 
110.100403 
110.101013 
110.102234 
110.102844 
110.103455 
110.104065 
110.104370 
110.104370 
110.104370 
110.104065 
110.103455 
110.104370 
110.104370 
110.104065 
110.104980 
110.104980 
110.104675 
110.104980 
110.105591 
110.106506 
110.106506 
110.105896 
110.105591 
110.104370 
110.104065 
110.104370 
110.104675 
110.104980 
110.105286 
110.105591 
110.105591 
110.105591 
110.105896 
110.105591 
110.105896 
110.105591 
110.105591 
110.105591 
110.104675 
110.104980 
110.104675 
110.104980 
110.105896 
110.107117 
110.107117 
110.107422 
110.107727 
110.107422 
110.107422 
110.106812 
110.106812 
110.106812 
110.106506 
110.106506 
110.106812 
110.106506 
110.106812 
110.107117 
110.106812 
110.107422 
110.107422 
110.107117 
110.106201 
110.105591 
110.104980 
110.105591 
110.105286 
