Blum, K. P., D’Incamps, B. L., Zytnicki, D., & Ting, L. H. (2017).
Force encoding in muscle spindles during stretch of
passive muscle. PLoS computational biology, 13(9), 
e1005767. <https://journals.plos.org/ploscompbiol/article?
id=10.1371/journal.pcbi.1005767>

cat medial gastrocnemius muscle lengths over t  (in 0.0005 s increments)
110.109863 
110.110168 
110.110779 
110.110474 
110.109558 
110.109558 
110.108948 
110.108643 
110.108643 
110.109253 
110.111084 
110.111694 
110.111694 
110.111694 
110.111389 
110.111084 
110.111084 
110.111084 
110.110474 
110.109863 
110.110474 
110.110474 
110.110474 
110.111084 
110.111084 
110.111084 
110.111694 
110.112000 
110.111694 
110.111084 
110.109863 
110.108643 
110.108643 
110.109253 
110.109558 
110.109253 
110.109558 
110.110168 
110.110168 
110.110474 
110.110474 
110.110168 
110.109863 
110.110474 
110.110168 
110.109558 
110.108643 
110.108643 
110.108643 
110.109863 
110.111084 
110.112000 
110.112000 
110.112000 
110.111389 
110.111694 
110.111084 
110.111084 
110.110474 
110.110168 
110.110474 
110.110474 
110.110168 
110.110474 
110.110168 
110.110779 
110.111389 
110.112000 
110.112000 
110.111084 
110.109558 
110.108948 
110.108337 
110.109253 
110.109253 
110.108948 
110.109863 
110.109558 
110.110168 
110.109863 
110.110168 
110.110168 
110.109863 
110.110474 
110.109558 
110.108948 
110.108948 
110.108337 
110.108948 
110.109558 
110.110779 
110.111389 
110.112000 
110.111084 
110.111389 
110.110779 
110.110779 
110.110168 
110.110168 
110.110779 
110.110474 
110.109863 
110.110779 
110.110779 
110.110474 
110.110474 
110.111389 
110.111694 
110.112305 
110.110779 
110.110168 
110.108948 
110.108948 
110.108948 
110.109558 
110.109863 
110.110474 
110.111084 
110.111389 
110.111694 
110.112610 
110.112610 
110.113525 
110.114136 
110.114136 
110.114441 
110.114746 
110.115356 
110.116272 
110.118408 
110.120850 
110.122986 
110.124512 
110.125732 
110.127563 
110.128479 
110.129700 
110.131226 
110.132446 
110.134277 
110.136108 
110.137939 
110.140381 
110.142517 
110.144653 
110.147095 
110.149841 
110.152588 
110.154724 
110.156555 
110.158081 
110.159607 
110.161743 
110.164795 
110.167847 
110.170593 
110.173645 
110.176697 
110.180054 
110.183105 
110.186157 
110.189209 
110.192566 
110.196228 
110.198669 
110.202026 
110.204468 
110.207520 
110.210876 
110.215454 
110.220642 
110.225525 
110.229797 
110.233154 
110.237122 
110.241394 
110.245056 
110.248718 
110.252380 
110.256958 
110.260925 
110.265198 
110.269165 
110.274353 
110.278931 
110.284119 
110.289307 
110.295105 
110.299988 
110.303650 
110.307922 
110.312195 
110.316772 
110.322876 
110.328064 
110.333557 
110.339661 
110.345764 
110.350952 
110.357056 
110.362854 
110.368652 
110.374451 
110.380554 
110.386353 
110.392761 
110.397949 
110.404358 
110.410767 
110.418701 
110.426636 
110.434875 
110.441895 
110.448914 
110.456238 
110.463562 
110.470581 
110.478210 
110.485229 
110.492859 
110.500793 
110.508728 
110.517273 
110.525513 
110.534363 
110.542908 
110.552368 
110.561523 
110.570374 
110.578613 
110.585938 
110.594177 
110.602112 
110.610962 
110.619507 
110.628357 
110.636902 
110.645752 
110.653992 
110.662231 
110.671082 
110.678711 
110.687256 
110.695190 
110.702820 
110.710754 
110.718384 
110.726318 
110.734253 
110.743103 
110.752869 
110.762024 
110.770569 
110.779114 
110.788269 
110.796509 
110.805054 
110.813293 
110.822449 
110.831299 
110.840759 
110.849609 
110.859375 
110.869141 
110.878906 
110.888672 
110.899048 
110.909729 
110.919495 
110.929260 
110.937805 
110.947571 
110.957336 
110.967712 
110.978088 
110.988159 
110.998840 
111.009827 
111.020508 
111.031494 
111.041870 
111.052551 
111.062622 
111.072998 
111.083069 
111.093140 
111.102600 
111.112976 
111.123047 
111.134033 
111.145935 
111.157227 
111.167603 
111.178284 
111.188354 
111.197815 
111.208191 
111.217957 
111.227722 
111.238098 
111.248169 
111.258240 
111.268311 
111.278687 
111.288452 
111.299133 
111.309509 
111.319885 
111.329651 
111.339417 
111.348572 
111.356812 
111.366882 
111.376953 
111.387024 
111.397400 
111.407471 
111.417847 
111.427917 
111.437683 
111.447754 
111.457825 
111.467896 
111.477966 
111.488037 
111.497192 
111.507263 
111.516724 
111.526184 
111.537476 
111.548767 
111.559753 
111.570129 
111.580505 
111.590576 
111.600647 
111.609802 
111.620178 
111.629639 
111.640015 
111.650391 
111.660461 
111.670532 
111.680603 
111.691284 
111.701660 
111.712646 
111.723328 
111.733704 
111.742859 
111.752319 
111.761475 
111.771240 
111.781616 
111.792297 
111.802979 
111.813660 
111.824036 
111.834717 
111.845093 
111.855469 
111.865845 
111.875916 
111.885986 
111.895752 
111.905823 
111.915894 
111.925659 
111.935730 
111.946411 
111.958618 
111.969604 
111.979980 
111.990356 
112.000732 
112.010803 
112.020569 
112.030334 
112.040405 
112.050476 
112.060547 
112.070313 
112.080994 
112.091370 
112.102051 
112.113037 
112.123718 
112.134399 
112.144775 
112.154236 
112.163391 
112.172852 
112.182922 
112.193298 
112.203369 
112.214355 
112.224731 
112.235413 
112.245483 
112.256165 
112.266541 
112.277222 
112.287598 
112.297363 
112.307739 
112.317200 
112.327271 
112.337036 
112.346802 
112.358093 
112.369080 
112.380981 
112.391052 
112.400818 
112.410583 
112.420654 
112.430115 
112.439880 
112.449646 
112.459106 
112.468567 
112.478027 
112.487183 
112.496948 
112.506409 
112.516174 
112.525940 
112.535400 
112.545471 
112.553711 
112.561340 
112.569580 
112.577820 
112.586975 
112.595825 
112.604675 
112.613831 
112.622986 
112.631226 
112.640381 
112.648621 
112.657166 
112.665405 
112.673340 
112.680969 
112.688904 
112.695923 
112.703552 
112.710876 
112.719421 
112.728577 
112.737122 
112.745056 
112.752686 
112.759705 
112.767029 
112.773743 
112.781067 
112.787781 
112.794800 
112.801514 
112.808533 
112.815552 
112.822876 
112.829590 
112.836304 
112.843628 
112.850647 
112.857361 
112.862854 
112.868042 
112.873535 
112.879639 
112.885742 
112.892151 
112.899170 
112.905273 
112.911377 
112.917480 
112.923279 
112.929688 
112.935181 
112.940979 
112.946472 
112.951660 
112.956543 
112.961731 
112.966003 
112.971497 
112.977600 
112.983704 
112.989502 
112.994995 
112.999878 
113.004761 
113.009033 
113.013611 
113.017883 
113.022156 
113.026428 
113.031006 
113.034973 
113.039856 
113.043823 
113.048401 
113.053284 
113.057556 
113.062439 
113.066406 
113.069763 
113.072205 
113.074951 
113.078613 
113.082581 
113.085938 
113.089600 
113.093567 
113.097839 
113.100891 
113.104553 
113.107605 
113.110962 
113.114014 
113.116760 
113.119202 
113.121948 
113.124390 
113.126831 
113.128967 
113.132629 
113.136597 
113.139954 
113.142090 
113.144836 
113.146973 
113.149109 
113.151245 
113.152771 
113.153992 
113.156128 
113.157959 
113.159180 
113.161011 
113.163452 
113.164978 
113.166809 
113.168640 
113.171082 
113.172302 
113.172913 
113.173218 
113.173218 
113.174133 
113.175659 
113.177185 
113.178101 
113.179016 
113.180542 
113.181152 
113.182068 
113.182983 
113.183899 
113.183899 
113.184509 
113.184814 
113.184814 
113.184814 
113.184204 
113.184204 
113.185120 
113.186340 
113.187256 
113.187561 
113.187561 
113.187866 
113.187256 
113.186340 
113.186951 
113.186340 
113.186035 
113.186035 
113.186035 
113.186035 
113.186340 
113.186035 
113.186340 
113.186646 
113.186951 
113.186951 
113.186340 
113.185120 
113.183899 
113.183594 
113.183289 
113.183289 
113.183594 
113.183594 
113.183899 
113.184509 
113.184509 
113.184509 
113.184204 
113.184204 
113.184204 
113.183594 
113.183594 
113.182373 
113.182678 
113.182373 
113.182678 
113.183594 
113.185120 
113.184814 
113.184814 
113.184814 
113.184509 
113.183899 
113.183899 
113.183289 
113.182983 
113.182983 
113.183289 
113.182678 
113.183594 
113.183289 
113.183289 
113.183899 
113.184509 
113.183899 
113.183594 
113.182068 
113.181458 
113.181458 
113.181152 
113.181763 
113.181763 
113.182373 
113.182373 
113.182678 
113.182983 
113.182678 
113.182678 
113.182678 
113.182678 
113.182373 
113.182373 
113.181763 
113.181152 
113.181458 
113.181763 
113.183289 
113.184204 
113.184509 
113.184204 
113.183899 
113.183594 
113.183289 
113.182678 
113.182983 
113.182983 
113.182678 
113.182983 
113.182983 
113.182983 
113.182983 
113.183289 
113.183594 
113.183899 
113.184204 
113.183594 
113.182678 
113.181763 
113.181152 
113.180847 
113.181152 
113.181458 
113.182068 
113.182373 
113.182373 
113.182373 
113.182373 
113.182373 
113.182068 
113.182068 
113.182068 
113.181763 
113.181458 
113.180847 
113.180847 
113.181763 
113.182983 
113.183594 
113.183899 
113.183899 
113.183594 
113.183594 
113.183289 
113.182983 
113.182373 
113.182373 
113.182678 
113.182373 
113.182373 
113.182373 
113.182678 
113.182983 
113.183594 
113.183594 
113.183899 
113.183289 
113.182068 
113.181152 
113.180847 
113.180847 
113.181152 
113.181763 
113.181458 
113.181763 
113.182373 
113.182068 
113.182373 
113.182373 
113.182068 
113.182373 
113.181763 
113.181763 
113.181152 
113.180847 
113.180542 
113.181152 
113.182678 
113.183289 
113.183899 
113.183594 
113.183594 
113.183289 
113.183289 
113.182678 
113.182678 
113.182678 
113.182373 
113.182983 
113.182678 
113.182373 
113.182678 
113.182678 
113.183289 
113.183594 
113.184204 
113.183289 
113.182068 
113.181152 
113.180847 
113.181152 
113.181458 
113.181458 
113.181763 
113.182068 
113.182373 
113.182373 
113.182373 
113.182678 
113.182373 
113.181763 
113.181763 
113.181763 
113.181152 
113.181152 
113.180847 
113.181458 
113.182373 
113.183899 
113.183899 
113.184204 
113.183594 
113.183289 
113.182678 
113.182983 
113.182373 
113.182373 
113.182373 
113.182678 
113.182678 
113.182678 
113.182678 
113.183289 
113.183289 
113.183594 
113.183899 
113.183289 
113.181458 
113.180847 
113.180237 
113.180542 
113.180237 
113.181152 
113.181152 
113.181763 
113.181458 
113.181458 
113.181763 
113.182068 
113.181763 
113.182068 
113.181152 
113.181458 
113.180542 
113.180847 
113.179932 
113.181152 
113.182068 
113.183289 
113.183899 
113.182983 
113.182983 
113.182678 
113.182373 
113.182678 
113.182068 
113.181458 
113.181763 
113.181763 
113.182068 
113.182068 
113.181763 
113.182068 
113.182678 
113.182983 
113.183289 
113.182373 
113.181763 
113.180542 
113.180237 
113.180237 
113.180847 
113.180542 
113.181458 
113.181763 
113.181763 
113.181763 
113.181763 
113.181763 
113.181763 
113.181763 
113.181458 
113.180847 
113.180542 
113.180542 
113.179932 
113.180847 
113.182373 
113.183289 
113.183594 
113.182983 
113.182983 
113.182678 
113.182678 
113.182678 
113.182068 
113.181458 
113.182373 
113.182068 
113.182068 
113.182068 
113.182373 
113.182983 
113.183289 
113.183594 
113.183594 
113.182983 
113.181458 
113.180847 
113.180237 
113.180542 
113.180847 
113.180847 
113.180847 
113.181458 
113.181458 
113.181458 
113.182068 
113.182068 
113.181458 
113.181152 
113.181458 
113.181152 
113.180847 
113.180237 
113.179932 
113.180542 
113.182373 
113.183289 
113.182983 
113.182983 
113.183289 
113.182373 
113.182373 
113.182373 
113.182068 
113.181763 
113.181763 
113.181763 
113.181458 
113.182068 
113.182068 
113.182068 
113.182373 
113.182983 
113.182983 
113.182068 
113.181458 
113.180237 
113.179626 
113.180237 
113.179932 
113.180542 
113.181152 
113.181458 
113.181458 
113.181458 
113.181458 
113.181458 
113.181458 
113.181152 
113.181152 
113.180542 
113.179932 
113.179932 
113.179932 
113.180542 
113.181763 
113.182678 
113.182983 
113.182983 
113.182983 
113.182373 
113.182068 
113.182068 
113.181763 
113.181763 
113.181458 
113.181458 
113.181763 
113.181763 
113.181763 
113.182068 
113.182983 
113.182983 
113.182983 
113.182678 
113.181152 
113.179932 
113.179626 
113.180237 
113.180542 
113.180542 
113.181152 
113.181152 
113.181458 
113.181458 
113.181763 
113.181458 
113.181458 
113.181458 
113.181458 
113.180542 
113.180237 
113.180237 
113.179626 
113.180847 
113.182068 
113.182678 
113.183289 
113.183289 
113.182983 
113.182373 
113.182068 
113.182068 
113.181763 
113.181763 
113.181763 
113.181458 
113.182068 
113.182068 
113.181763 
113.182068 
113.182373 
113.183594 
113.183289 
113.182373 
113.181152 
113.180237 
113.179932 
113.179932 
113.179932 
113.180237 
113.181152 
113.181152 
113.181152 
113.181458 
113.181458 
113.181152 
113.181152 
113.180847 
113.181152 
113.180542 
113.180542 
113.179932 
113.179626 
113.180542 
113.181458 
113.182373 
113.182983 
113.182678 
113.182678 
113.182068 
113.182373 
113.181763 
113.181458 
113.181763 
113.181458 
113.181152 
113.181458 
113.182068 
113.181763 
113.182068 
113.182678 
113.182678 
113.182983 
113.182373 
113.181152 
113.179626 
113.179626 
113.179626 
113.179932 
113.180237 
113.180542 
113.181152 
113.181458 
113.181152 
113.181152 
113.181152 
113.181152 
113.180847 
113.181152 
113.180237 
113.180237 
113.179626 
113.179321 
113.179932 
113.181763 
113.182373 
113.182068 
113.182983 
113.182678 
113.182373 
113.182068 
113.181763 
113.181152 
113.181458 
113.181458 
113.181458 
113.181458 
113.181763 
113.181763 
113.182068 
113.182068 
113.182678 
113.182678 
113.182068 
113.181458 
113.179932 
113.179626 
113.179626 
113.179932 
113.180237 
113.180542 
113.181152 
113.180542 
113.181458 
113.181458 
113.181458 
113.180847 
113.180847 
113.180847 
113.180542 
113.179932 
113.179932 
113.179932 
113.179626 
113.181152 
113.182373 
113.182373 
113.182983 
113.182373 
113.182373 
113.182068 
113.181763 
113.181152 
113.181458 
113.181458 
113.181458 
113.181152 
113.181458 
113.181763 
113.182068 
113.182373 
113.182983 
113.182983 
113.182068 
113.180542 
113.179932 
113.179626 
113.179932 
113.180237 
113.179932 
113.180542 
113.180847 
113.180847 
113.181152 
113.180847 
113.180847 
113.181152 
113.180847 
113.181152 
113.180542 
113.179626 
113.179626 
113.179626 
113.179932 
113.181152 
113.182678 
113.182678 
113.182373 
113.182068 
113.182068 
113.181763 
113.181763 
113.181152 
113.181152 
113.181152 
113.181152 
113.181152 
113.181152 
113.181458 
113.181763 
113.181763 
113.182373 
113.182983 
113.182068 
113.180847 
113.180237 
113.179626 
113.179321 
113.179932 
113.179932 
113.180237 
113.180847 
113.180847 
113.180847 
113.180847 
113.181152 
113.181152 
113.180847 
113.180847 
113.180237 
113.180237 
113.179932 
113.179626 
113.180237 
113.181152 
113.182678 
113.182373 
113.182373 
113.182373 
113.181763 
113.182068 
113.181458 
113.181152 
113.180847 
113.180847 
113.181152 
113.180847 
113.181152 
113.181458 
113.181763 
113.181763 
113.182678 
113.182678 
113.182373 
113.180542 
113.180237 
113.179321 
113.179321 
113.179932 
113.180237 
113.179932 
113.180847 
113.181152 
113.181458 
113.181152 
113.181152 
113.181152 
113.180847 
113.180847 
113.180237 
113.179626 
113.179321 
113.179321 
113.179626 
113.181152 
113.182678 
113.182678 
113.182373 
113.182068 
113.181763 
113.181458 
113.181763 
113.181152 
113.180847 
113.181152 
113.181152 
113.181152 
113.181458 
113.181458 
113.181763 
113.181763 
113.182373 
113.182678 
113.182373 
113.181152 
113.179626 
113.179626 
113.179626 
113.179932 
113.180542 
113.180542 
113.180542 
113.180847 
113.180847 
113.181152 
113.180847 
113.180847 
113.180847 
113.180542 
113.180237 
113.179932 
113.179626 
113.179932 
113.179932 
113.181152 
113.182068 
113.182373 
113.182678 
113.182068 
113.181763 
113.181458 
113.181152 
113.181458 
113.180847 
113.180847 
113.181152 
113.181152 
113.181152 
113.181152 
113.181458 
113.181763 
113.182373 
113.182678 
113.182068 
113.180847 
113.179932 
113.179321 
113.179626 
113.180237 
113.180237 
113.180542 
113.180847 
113.181458 
113.181152 
113.181152 
113.181152 
113.181152 
113.180542 
113.180847 
113.180542 
113.179932 
113.179016 
113.179321 
113.179932 
113.181458 
113.182373 
113.182373 
113.182373 
113.182373 
113.181763 
113.181458 
113.181152 
113.181152 
113.181152 
113.181152 
113.181152 
113.180847 
113.181152 
113.181458 
113.181152 
113.181763 
113.182373 
113.182373 
113.181763 
113.180542 
113.179932 
113.179321 
113.179321 
113.180237 
113.179932 
113.180237 
113.180847 
113.181152 
113.180847 
113.181152 
113.181152 
113.180847 
113.180847 
113.180847 
113.179932 
113.180237 
113.179321 
113.179016 
113.179626 
113.181152 
113.182068 
113.182373 
113.182373 
113.182373 
113.181763 
113.181458 
113.181458 
113.180847 
113.181152 
113.181152 
113.181152 
113.180847 
113.181152 
113.180847 
113.181152 
113.181763 
113.182373 
113.182678 
113.181763 
113.180542 
113.179932 
113.179321 
113.179321 
113.179321 
113.179932 
113.180237 
113.180542 
113.180847 
113.180542 
113.181458 
113.181458 
113.180847 
113.180847 
113.180847 
113.180542 
113.180237 
113.179321 
113.179016 
113.179932 
113.180847 
113.182068 
113.182373 
113.182373 
113.181763 
113.181763 
113.181458 
113.181458 
113.181152 
113.181458 
113.181152 
113.180847 
113.180847 
113.181152 
113.181152 
113.181458 
113.181763 
113.182068 
113.182373 
113.181763 
113.180542 
113.179626 
113.179626 
113.179321 
113.179626 
113.179932 
113.180542 
113.180237 
113.180542 
113.181152 
113.180847 
113.181152 
113.180847 
113.180542 
113.180542 
113.180237 
113.179932 
113.179321 
113.179321 
113.179626 
113.180847 
113.182068 
113.182373 
113.182373 
113.181763 
113.182068 
113.181458 
113.181152 
113.180847 
113.180542 
113.180542 
113.180847 
113.180542 
113.180847 
113.181458 
113.181458 
113.181763 
113.182068 
113.182373 
113.181763 
113.180847 
113.179321 
113.179016 
113.179321 
113.179932 
113.179932 
113.179932 
113.180542 
113.180847 
113.180542 
113.180847 
113.180847 
113.180847 
113.180847 
113.180847 
113.180237 
113.179932 
113.179932 
113.179016 
113.179932 
113.180542 
113.182068 
113.182373 
113.182373 
113.182068 
113.181458 
113.181458 
113.181458 
113.180542 
113.180847 
113.180237 
113.180847 
113.180847 
113.181458 
113.181152 
113.181458 
113.181763 
113.182068 
113.182373 
113.182068 
113.181152 
113.179626 
113.179016 
113.179321 
113.179626 
113.179626 
113.180237 
113.180847 
113.180542 
113.180847 
113.181152 
113.181152 
113.180847 
113.180847 
113.180237 
113.179932 
113.179932 
113.179626 
113.179321 
113.179321 
113.180847 
113.182068 
113.182373 
113.182373 
113.182068 
113.181763 
113.181763 
113.181152 
113.180847 
113.181152 
113.180847 
113.180847 
113.181152 
113.181152 
113.180542 
113.181152 
113.181458 
113.182373 
113.182373 
113.182068 
113.180847 
113.179626 
113.179321 
113.179016 
113.179321 
113.179626 
113.180237 
113.180542 
113.180847 
113.180542 
113.180542 
113.180847 
113.181152 
113.180847 
113.180542 
113.180237 
113.179932 
113.179321 
113.178711 
113.179626 
113.180847 
113.182373 
113.182373 
113.182068 
113.181763 
113.182068 
113.181458 
113.180847 
113.180847 
113.180847 
113.181152 
113.181152 
113.180847 
113.180847 
113.180847 
113.180847 
113.181763 
113.182068 
113.182373 
113.182373 
113.180542 
113.179321 
113.179321 
113.179321 
113.179626 
113.179932 
113.180237 
113.180237 
113.180542 
113.180847 
113.180542 
113.180847 
113.181152 
113.180542 
113.180237 
113.180237 
113.179626 
113.179016 
113.179016 
113.179626 
113.180847 
113.182068 
113.182068 
113.182068 
113.182373 
113.181763 
113.181458 
113.181152 
113.180542 
113.180542 
113.180847 
113.180847 
113.180847 
113.180847 
113.181152 
113.181152 
113.181458 
113.182068 
113.182373 
113.182068 
113.180542 
113.179932 
113.178711 
113.179321 
113.179626 
113.180237 
113.180542 
113.180847 
113.180542 
113.180542 
113.180542 
113.180542 
113.180542 
113.180542 
113.180847 
113.179932 
113.179626 
113.179321 
113.179016 
113.179626 
113.180847 
113.182068 
113.182373 
113.182068 
113.182068 
113.182068 
113.181152 
113.181458 
113.180542 
113.180542 
113.180847 
113.180847 
113.181152 
113.180847 
113.180847 
113.181152 
113.181763 
113.182068 
113.182678 
113.181763 
113.180542 
113.179932 
113.179016 
113.179321 
113.179626 
113.179626 
113.179932 
113.180542 
113.180542 
113.180542 
113.180542 
113.180542 
113.180847 
113.180542 
113.180542 
113.179932 
113.179932 
113.179321 
113.179321 
113.179016 
113.180847 
113.181763 
113.182373 
113.182373 
113.181763 
113.181458 
113.181152 
113.181152 
113.180847 
113.181152 
113.181152 
113.180847 
113.180847 
113.180847 
113.180542 
113.181152 
113.181458 
113.181763 
113.182373 
113.182068 
113.181152 
113.179016 
113.178711 
113.179016 
113.179016 
113.179626 
113.180237 
113.180542 
113.180847 
113.180542 
113.180237 
113.180542 
113.180847 
113.180542 
113.180542 
113.180237 
113.180237 
113.179321 
113.179016 
113.179626 
113.180847 
113.181763 
113.182068 
113.182373 
113.182068 
113.182068 
113.181458 
113.180847 
113.181152 
113.180847 
113.180542 
113.180847 
113.180847 
113.180847 
113.181152 
113.181458 
113.181763 
113.182068 
113.182373 
113.181763 
113.180847 
113.179626 
113.179321 
113.179321 
113.179321 
113.179626 
113.179932 
113.180237 
113.180847 
113.180542 
113.180542 
113.180847 
113.180847 
113.180847 
113.179932 
113.179932 
113.179626 
113.179321 
113.179321 
113.179626 
113.180542 
113.182068 
113.182373 
113.182068 
113.181763 
113.181458 
113.181152 
113.181152 
113.181152 
113.180542 
113.180847 
113.181152 
113.180847 
113.180847 
113.181152 
113.181152 
113.181763 
113.182068 
113.182678 
113.182068 
113.180847 
113.179626 
113.179321 
113.179321 
113.179932 
113.179626 
113.180237 
113.179932 
113.180847 
113.180237 
113.180237 
113.180542 
113.180542 
113.180542 
113.180542 
113.179932 
113.179626 
113.179016 
113.179016 
113.179626 
113.180542 
113.182068 
113.182068 
113.181763 
113.181763 
113.181763 
113.181458 
113.180847 
113.180847 
113.180542 
113.180542 
113.180542 
113.180847 
113.180542 
113.180847 
113.181152 
113.181763 
113.181763 
113.182678 
113.181458 
113.180542 
113.179626 
113.179016 
113.179016 
113.179626 
113.179321 
113.179932 
113.180237 
113.180237 
113.180542 
113.180542 
113.180847 
113.180542 
113.180542 
113.180542 
113.179626 
113.179321 
113.179321 
113.179016 
113.179016 
113.180542 
113.181763 
113.182373 
113.182068 
113.182068 
113.182068 
113.181458 
113.181152 
113.180847 
113.180847 
113.180847 
113.180847 
113.180847 
113.180847 
113.181152 
113.181458 
113.181458 
113.182373 
113.182373 
113.182068 
113.181152 
113.179626 
113.179321 
113.179016 
113.179626 
113.179932 
113.180237 
113.180237 
113.180847 
113.180542 
113.180542 
113.180847 
113.180542 
113.180237 
113.180237 
113.179932 
113.179626 
113.179321 
113.179016 
113.179626 
113.180847 
113.182068 
113.182373 
113.182678 
113.182068 
113.181458 
113.181763 
113.181458 
113.181152 
113.180542 
113.180847 
113.180847 
113.180847 
113.180847 
113.180847 
113.181152 
113.181152 
113.182068 
113.182373 
113.181763 
113.181152 
113.179321 
113.179016 
113.179321 
113.179932 
113.179626 
113.180237 
113.180237 
113.180237 
113.180542 
113.180542 
113.180542 
113.180542 
113.180542 
113.180237 
113.180237 
113.179626 
113.179016 
113.178711 
113.179321 
113.180542 
113.181763 
113.181763 
113.182068 
113.181763 
113.181763 
113.181458 
113.180847 
113.180847 
113.180847 
113.180847 
113.180847 
113.180847 
113.181152 
113.180542 
113.181152 
113.181458 
113.182068 
113.182678 
113.181763 
113.180542 
113.179321 
113.179016 
113.179321 
113.179626 
113.179932 
113.179932 
113.180542 
113.180542 
113.180542 
113.180847 
113.180237 
113.180237 
113.180237 
113.180237 
113.179932 
113.179626 
113.179016 
113.179321 
113.179321 
113.180542 
113.181458 
113.182678 
113.181763 
113.181763 
113.181458 
113.181458 
113.181152 
113.180847 
113.180542 
113.181152 
113.180847 
113.180847 
113.180847 
113.180847 
113.181458 
113.181458 
113.182068 
113.182678 
113.182373 
113.180542 
113.179626 
113.179321 
113.179016 
113.179321 
113.179932 
113.180237 
113.180542 
113.180542 
113.180542 
113.180542 
113.180542 
113.180542 
113.180542 
113.180847 
113.180542 
113.179932 
113.179016 
113.179321 
113.179016 
113.180542 
113.182373 
113.182068 
113.182068 
113.182068 
113.181458 
113.181458 
113.181458 
113.180847 
113.180542 
113.180847 
113.180847 
113.181152 
113.180847 
113.181152 
113.181152 
113.181763 
113.182068 
113.182068 
113.182068 
113.180847 
113.179626 
113.178711 
113.179016 
113.179321 
113.179626 
113.180237 
113.179932 
113.180237 
113.180542 
113.180847 
113.180847 
113.180542 
113.180542 
113.180237 
113.180237 
113.179626 
113.179321 
113.179016 
113.179016 
113.180542 
113.181458 
113.182068 
113.181763 
113.181763 
113.181458 
113.181152 
113.181152 
113.180847 
113.180542 
113.180847 
113.181152 
113.180847 
113.180847 
113.181152 
113.181152 
113.182068 
113.182373 
113.182068 
113.181763 
113.180847 
113.179932 
113.179016 
113.179321 
113.179321 
113.179626 
113.179932 
113.180237 
113.180542 
113.180542 
113.180542 
113.180542 
113.180847 
113.180542 
113.179932 
113.179932 
113.179626 
113.179321 
113.179016 
113.179016 
113.180847 
113.181458 
113.182373 
113.182068 
113.182068 
113.182068 
113.181152 
113.181152 
113.180847 
113.180847 
113.180542 
113.181152 
113.180847 
113.180847 
113.181152 
113.181152 
113.181458 
113.182068 
113.181763 
113.182068 
113.180847 
113.179626 
113.179016 
113.179321 
113.179626 
113.179626 
113.179932 
113.180237 
113.180542 
113.180847 
113.180542 
113.180542 
113.180542 
113.180542 
113.180237 
113.179932 
113.179321 
113.179321 
113.179016 
113.179321 
113.180847 
113.181458 
113.182068 
113.182373 
113.181763 
113.181458 
113.181458 
113.181152 
113.180847 
113.181152 
113.181152 
113.180847 
113.180542 
113.180847 
113.181152 
113.181763 
113.181763 
113.181763 
113.182373 
113.182068 
113.180847 
113.179321 
113.179016 
113.179321 
113.179626 
113.179626 
113.179932 
113.180237 
113.180542 
113.180847 
113.180847 
113.180542 
113.180542 
113.180542 
113.180237 
113.180237 
113.179932 
113.179016 
113.179016 
113.179321 
113.180542 
113.181458 
113.182068 
113.182373 
113.181763 
113.181152 
113.181458 
113.180542 
113.180847 
113.181152 
113.180847 
113.180237 
113.180847 
113.180847 
113.180847 
113.181152 
113.181458 
113.181763 
113.182373 
113.182068 
113.180542 
113.179321 
113.179016 
113.179321 
113.179321 
113.179626 
113.180237 
113.179932 
113.180542 
113.180542 
113.180237 
113.181152 
113.180847 
113.180237 
113.180847 
113.179932 
113.179626 
113.179321 
113.178711 
113.179016 
113.180237 
113.181763 
113.182373 
113.182068 
113.181763 
113.182068 
113.181458 
113.180847 
113.180542 
113.180542 
113.180542 
113.181152 
113.180847 
113.180847 
113.181152 
113.180847 
113.181458 
113.181458 
113.182373 
113.182068 
113.180542 
113.179321 
113.178711 
113.179016 
113.179626 
113.179626 
113.179932 
113.180237 
113.180542 
113.180237 
113.180847 
113.180542 
113.180847 
113.180237 
113.180237 
113.180237 
113.179626 
113.179321 
113.179016 
113.179321 
113.180237 
113.181458 
113.182068 
113.182373 
113.182068 
113.181763 
113.181458 
113.181152 
113.180542 
113.181152 
113.180542 
113.180847 
113.180847 
113.180542 
113.180542 
113.180847 
113.181458 
113.181763 
113.182068 
113.182068 
113.181152 
113.179932 
113.178711 
113.179016 
113.179626 
113.179932 
113.179626 
113.180237 
113.180542 
113.180542 
113.180542 
113.180847 
113.180542 
113.180542 
113.180237 
113.179932 
113.179626 
113.179321 
113.179016 
113.179016 
113.180542 
113.181763 
113.182068 
113.181763 
113.181763 
113.181458 
113.181152 
113.180847 
113.180847 
113.180847 
113.180847 
113.180847 
113.180847 
113.180542 
113.180847 
113.181152 
113.181458 
113.182068 
113.182068 
113.181763 
113.180542 
113.179626 
113.179016 
113.179321 
113.179321 
113.179626 
113.179932 
113.180542 
113.180237 
113.180542 
113.180542 
113.180542 
113.180542 
113.180237 
113.180237 
113.179932 
113.179321 
113.179626 
113.179321 
113.179016 
113.180237 
113.181458 
113.182068 
113.182373 
113.181763 
113.181763 
113.181458 
113.181152 
113.180542 
113.180542 
113.180847 
113.180542 
113.180542 
113.180847 
113.180542 
113.180847 
113.181458 
113.182068 
113.182678 
113.182068 
113.180542 
113.179321 
113.179016 
113.179626 
113.179321 
113.179626 
113.179932 
113.180237 
113.180542 
113.180847 
113.180847 
113.180237 
113.180237 
113.180237 
113.180237 
113.179932 
113.179626 
113.179016 
113.179016 
113.179321 
113.180237 
113.181763 
113.182068 
113.182068 
113.181763 
113.181763 
113.181458 
113.180542 
113.180542 
113.180847 
113.180847 
113.180542 
113.180542 
113.180847 
113.180847 
113.181458 
113.181458 
113.181763 
113.182068 
113.182068 
113.181152 
113.179932 
113.179016 
113.179016 
113.179626 
113.179932 
113.179932 
113.180542 
113.180847 
113.180847 
113.180542 
113.180237 
113.180847 
113.180847 
113.180542 
113.180237 
113.179932 
113.179321 
113.179016 
113.179321 
113.180237 
113.181763 
113.182373 
113.182068 
113.182068 
113.181152 
113.181458 
113.180542 
113.180847 
113.180542 
113.180847 
113.180847 
113.180847 
113.180847 
113.181152 
113.181458 
113.181763 
113.181763 
113.181763 
113.181763 
113.180542 
113.179626 
113.179321 
113.179016 
113.179626 
113.179626 
113.179932 
113.180237 
113.180847 
113.180847 
113.180847 
113.180847 
113.180542 
113.180237 
113.180237 
113.180237 
113.179932 
113.179016 
113.179321 
113.178711 
113.180542 
113.182068 
113.182678 
113.182373 
113.182068 
113.181458 
113.181458 
113.181458 
113.180847 
113.180847 
113.180542 
113.180847 
113.180542 
113.181152 
113.180847 
113.181458 
113.181458 
113.181763 
113.182373 
113.182373 
113.180847 
113.179321 
113.179321 
113.179016 
113.179321 
113.179932 
113.179932 
113.180237 
113.180237 
113.180847 
113.180847 
113.180542 
113.180542 
113.180847 
113.180237 
113.179932 
113.179626 
113.179321 
113.179016 
113.179016 
113.180237 
113.181763 
113.182068 
113.182678 
113.182068 
113.181458 
113.181458 
113.180847 
113.180847 
113.180542 
113.181152 
113.180542 
113.180847 
113.180847 
113.181152 
113.181152 
113.181763 
113.182373 
113.182068 
113.182373 
113.181152 
113.179321 
113.179016 
113.179016 
113.179626 
113.179626 
113.179932 
113.179932 
113.180237 
113.180847 
113.180847 
113.180542 
113.180542 
113.180542 
113.180237 
113.180237 
113.179626 
113.178711 
113.179321 
113.179016 
113.180542 
113.181763 
113.182373 
113.182068 
113.182068 
113.181763 
113.181458 
113.180847 
113.181152 
113.180847 
113.180542 
113.180542 
113.180847 
113.180542 
113.180847 
113.181458 
113.181763 
113.181763 
113.182068 
113.181763 
113.181152 
113.179932 
113.179321 
113.179016 
113.179321 
113.179626 
113.179932 
113.180237 
113.180542 
113.181152 
113.180542 
113.180847 
113.180847 
113.180542 
113.180542 
113.179932 
113.179626 
113.179321 
113.179321 
113.179626 
113.180237 
113.181458 
113.181763 
113.182373 
113.182068 
113.181763 
113.181152 
113.180542 
113.180847 
113.180542 
113.180847 
113.180542 
113.181152 
113.180847 
113.180542 
113.181458 
113.181763 
113.181763 
113.182373 
113.182068 
113.180542 
113.179626 
113.179016 
113.178711 
113.179321 
113.179932 
113.180237 
113.180542 
113.180542 
113.180237 
113.180542 
113.181152 
113.180542 
113.180542 
113.180542 
113.180237 
113.179321 
113.179321 
113.179321 
113.179016 
113.180237 
113.181763 
113.182068 
113.181763 
113.181458 
113.181152 
113.180237 
113.179932 
113.179321 
113.178711 
113.178406 
113.177490 
113.176880 
113.176270 
113.175964 
113.175354 
113.174438 
113.174133 
113.174133 
113.172607 
113.170166 
113.167725 
113.165588 
113.164368 
113.163147 
113.161621 
113.160400 
113.158875 
113.157654 
113.155823 
113.153992 
113.152466 
113.150330 
113.148499 
113.146057 
113.143616 
113.140869 
113.138123 
113.135376 
113.132629 
113.131409 
113.130188 
113.128662 
113.125305 
113.123169 
113.119812 
113.116760 
113.113098 
113.109741 
113.106079 
113.103027 
113.099670 
113.096619 
113.092957 
113.089294 
113.085938 
113.082886 
113.079834 
113.076477 
113.071899 
113.067322 
113.061829 
113.057251 
113.052979 
113.048706 
113.044128 
113.039856 
113.036194 
113.031311 
113.027039 
113.022766 
113.017883 
113.013611 
113.008423 
113.002625 
112.997437 
112.991943 
112.986450 
112.980347 
112.975464 
112.971497 
112.967224 
112.962646 
112.957458 
112.951965 
112.946167 
112.940369 
112.934265 
112.928467 
112.922058 
112.916565 
112.910767 
112.904358 
112.898865 
112.892151 
112.886353 
112.880859 
112.875061 
112.869263 
112.862854 
112.855225 
112.847595 
112.840576 
112.833557 
112.827454 
112.820740 
112.814026 
112.807617 
112.801208 
112.794495 
112.787476 
112.780762 
112.773438 
112.766418 
112.758789 
112.751160 
112.743530 
112.735291 
112.727051 
112.719421 
112.712708 
112.706299 
112.699585 
112.691345 
112.683105 
112.675476 
112.666931 
112.658386 
112.649536 
112.641602 
112.633057 
112.623901 
112.616272 
112.607422 
112.598572 
112.590332 
112.581482 
112.573242 
112.565308 
112.556152 
112.546082 
112.535706 
112.526245 
112.516479 
112.507629 
112.498474 
112.489624 
112.480164 
112.471619 
112.462158 
112.452393 
112.443542 
112.433472 
112.423096 
112.413330 
112.403259 
112.392578 
112.382507 
112.372131 
112.361755 
112.352905 
112.343750 
112.334595 
112.324524 
112.313843 
112.303467 
112.292480 
112.282410 
112.271729 
112.260742 
112.250061 
112.239685 
112.229919 
112.219543 
112.209167 
112.199707 
112.189636 
112.180176 
112.170410 
112.159424 
112.148438 
112.137146 
112.126465 
112.115784 
112.105713 
112.095947 
112.085876 
112.075500 
112.066345 
112.055969 
112.046204 
112.036133 
112.025757 
112.015076 
112.005005 
111.994019 
111.983337 
111.972656 
111.961670 
111.950989 
111.941833 
111.932983 
111.922913 
111.912842 
111.902161 
111.891785 
111.880798 
111.870117 
111.859436 
111.848450 
111.838074 
111.827393 
111.817017 
111.806641 
111.796265 
111.785583 
111.776123 
111.766663 
111.756287 
111.746216 
111.735229 
111.723328 
111.712646 
111.702271 
111.691895 
111.681824 
111.672363 
111.661682 
111.651917 
111.641846 
111.632080 
111.622009 
111.611938 
111.601563 
111.590576 
111.580200 
111.569519 
111.558838 
111.548462 
111.538086 
111.528931 
111.520081 
111.510620 
111.500549 
111.489868 
111.479187 
111.469116 
111.458130 
111.447754 
111.437378 
111.426392 
111.416626 
111.406250 
111.396179 
111.385803 
111.375732 
111.365967 
111.356201 
111.346436 
111.336060 
111.324463 
111.313171 
111.302185 
111.291809 
111.281433 
111.271362 
111.261597 
111.251526 
111.241760 
111.231995 
111.221619 
111.211548 
111.201477 
111.191101 
111.180725 
111.169739 
111.159363 
111.148682 
111.138306 
111.128235 
111.119080 
111.109619 
111.100464 
111.090088 
111.080017 
111.069641 
111.060181 
111.048584 
111.038208 
111.028442 
111.017151 
111.007080 
110.996704 
110.986023 
110.976257 
110.965881 
110.956116 
110.946350 
110.936584 
110.926514 
110.915222 
110.903931 
110.892639 
110.882568 
110.872803 
110.863037 
110.852661 
110.843506 
110.834351 
110.824585 
110.815125 
110.805969 
110.796204 
110.786743 
110.777588 
110.767822 
110.758362 
110.748596 
110.739136 
110.730286 
110.722046 
110.714722 
110.706482 
110.697632 
110.689392 
110.680542 
110.671692 
110.663452 
110.654297 
110.646057 
110.637512 
110.628967 
110.621033 
110.613098 
110.605164 
110.597534 
110.590210 
110.582886 
110.575867 
110.567627 
110.559387 
110.550842 
110.542297 
110.534363 
110.527344 
110.520630 
110.513306 
110.506287 
110.499878 
110.493164 
110.486755 
110.479431 
110.472717 
110.466003 
110.458984 
110.452271 
110.445251 
110.438232 
110.431213 
110.425110 
110.419922 
110.414734 
110.409546 
110.403442 
110.397339 
110.390625 
110.384827 
110.378418 
110.372009 
110.366211 
110.360718 
110.354614 
110.349121 
110.343323 
110.338440 
110.332947 
110.328064 
110.323486 
110.318298 
110.313110 
110.307617 
110.300903 
110.295410 
110.290527 
110.285950 
110.281067 
110.277100 
110.272217 
110.268250 
110.264282 
110.260315 
110.256042 
110.251770 
110.247498 
110.243225 
110.238953 
110.234070 
110.229492 
110.224915 
110.221558 
110.218811 
110.216064 
110.213318 
110.209961 
110.206299 
110.203247 
110.198975 
110.195618 
110.191956 
110.188293 
110.184937 
110.181885 
110.179138 
110.175781 
110.172729 
110.170288 
110.168457 
110.165405 
110.163879 
110.161133 
110.157776 
110.154114 
110.151062 
110.148621 
110.146484 
110.144653 
110.142822 
110.140686 
110.139465 
110.137329 
110.135803 
110.134277 
110.133057 
110.130615 
110.129089 
110.127258 
110.125732 
110.123291 
110.121460 
110.119934 
110.119629 
110.120239 
110.119934 
110.118713 
110.117798 
110.116577 
110.115356 
110.114136 
110.113525 
110.112610 
110.112000 
110.111694 
110.110779 
110.110168 
110.110168 
110.110168 
110.110168 
110.110779 
110.110779 
110.110474 
110.108948 
110.108643 
110.107727 
110.107117 
110.107727 
110.107727 
110.107727 
110.108643 
110.108337 
110.108337 
110.108337 
110.108948 
110.108643 
110.108643 
110.108337 
110.108643 
110.108337 
110.107727 
110.107117 
110.107422 
110.108643 
110.109863 
110.110779 
110.110779 
110.111084 
110.110474 
110.110168 
110.110168 
110.110168 
110.109558 
110.109558 
110.109558 
110.109558 
110.110168 
110.109863 
110.110168 
110.110474 
110.111389 
110.111389 
110.110474 
110.110168 
110.109253 
110.108032 
110.108032 
110.108337 
110.108643 
110.108643 
110.109558 
110.109558 
110.110168 
110.109558 
110.110168 
110.109863 
110.109863 
110.109863 
110.109558 
110.109253 
110.108643 
110.108032 
110.108032 
110.109558 
110.111084 
110.111084 
110.111694 
110.111389 
110.111389 
110.110779 
110.110474 
110.110168 
110.110168 
110.110168 
110.110474 
110.110168 
110.110779 
110.110474 
110.110474 
110.111084 
110.111389 
110.111694 
110.111694 
110.110779 
110.109253 
110.108337 
110.108948 
110.108948 
110.108643 
110.109253 
110.109558 
110.109253 
110.110168 
110.110168 
