Blum, K. P., D’Incamps, B. L., Zytnicki, D., & Ting, L. H. (2017).
Force encoding in muscle spindles during stretch of
passive muscle. PLoS computational biology, 13(9), 
e1005767. <https://journals.plos.org/ploscompbiol/article?
id=10.1371/journal.pcbi.1005767>

cat medial gastrocnemius muscle lengths over t  (in 0.0005 s increments)
110.106201 
110.106506 
110.107117 
110.106812 
110.106812 
110.105896 
110.104675 
110.104675 
110.104065 
110.104675 
110.104370 
110.105286 
110.105286 
110.105286 
110.105591 
110.105286 
110.104980 
110.105591 
110.105591 
110.105286 
110.105591 
110.104980 
110.104370 
110.104370 
110.104675 
110.105286 
110.106812 
110.107117 
110.106812 
110.106812 
110.106812 
110.106201 
110.105896 
110.105896 
110.105896 
110.105896 
110.105896 
110.105896 
110.106201 
110.106201 
110.106201 
110.106201 
110.106506 
110.106812 
110.106506 
110.105896 
110.104980 
110.104065 
110.104065 
110.104370 
110.104980 
110.104980 
110.105591 
110.105591 
110.105286 
110.105286 
110.105591 
110.105591 
110.105286 
110.105591 
110.104980 
110.104370 
110.104675 
110.104675 
110.104675 
110.105286 
110.106506 
110.106812 
110.106812 
110.107117 
110.106506 
110.106201 
110.106201 
110.105896 
110.105896 
110.105591 
110.105896 
110.105896 
110.106506 
110.106201 
110.106201 
110.106201 
110.106812 
110.106506 
110.106506 
110.105591 
110.104675 
110.104370 
110.104065 
110.104675 
110.104980 
110.104980 
110.105286 
110.105286 
110.105286 
110.105286 
110.105286 
110.105286 
110.105286 
110.105286 
110.104980 
110.104675 
110.104675 
110.104065 
110.104675 
110.105286 
110.106201 
110.106506 
110.106812 
110.107422 
110.107422 
110.107422 
110.107422 
110.108032 
110.108337 
110.109558 
110.110779 
110.111694 
110.113831 
110.115356 
110.117493 
110.119629 
110.121765 
110.124817 
110.127258 
110.129395 
110.130920 
110.134583 
110.137634 
110.141602 
110.145874 
110.150452 
110.155334 
110.160217 
110.165710 
110.170593 
110.176392 
110.182495 
110.187988 
110.194397 
110.200806 
110.207214 
110.214233 
110.221252 
110.229187 
110.238342 
110.247803 
110.256653 
110.265198 
110.274963 
110.283508 
110.292664 
110.302124 
110.311584 
110.321045 
110.331726 
110.342407 
110.353088 
110.363464 
110.375061 
110.386047 
110.397644 
110.409241 
110.420532 
110.432129 
110.442200 
110.452271 
110.462646 
110.473633 
110.485229 
110.495911 
110.506592 
110.517883 
110.528259 
110.539551 
110.549622 
110.560608 
110.570679 
110.580750 
110.590515 
110.600586 
110.610657 
110.620422 
110.630493 
110.640259 
110.651550 
110.662231 
110.672913 
110.684204 
110.693970 
110.704041 
110.713806 
110.723572 
110.733337 
110.743713 
110.753479 
110.763550 
110.773621 
110.783997 
110.794067 
110.804138 
110.814514 
110.824890 
110.835266 
110.845337 
110.854492 
110.863953 
110.873718 
110.883789 
110.894165 
110.904541 
110.914612 
110.925293 
110.935974 
110.946045 
110.955811 
110.966187 
110.976563 
110.986633 
110.996399 
111.007080 
111.015930 
111.026611 
111.036377 
111.046753 
111.057434 
111.069031 
111.079407 
111.089783 
111.100159 
111.110229 
111.119690 
111.129761 
111.139526 
111.149597 
111.159363 
111.169739 
111.180420 
111.190491 
111.200867 
111.211243 
111.221619 
111.232300 
111.242676 
111.252136 
111.261597 
111.271057 
111.280518 
111.290894 
111.301270 
111.311340 
111.322021 
111.332703 
111.343384 
111.353455 
111.363525 
111.373901 
111.383667 
111.394653 
111.404724 
111.414795 
111.424561 
111.434326 
111.444397 
111.454468 
111.466064 
111.476746 
111.488342 
111.499023 
111.509094 
111.519470 
111.529541 
111.539001 
111.549072 
111.559143 
111.569519 
111.579895 
111.590271 
111.600647 
111.611023 
111.621094 
111.631470 
111.642456 
111.653442 
111.662903 
111.672668 
111.681519 
111.691284 
111.701660 
111.712036 
111.722717 
111.733093 
111.743164 
111.753845 
111.764526 
111.774597 
111.784363 
111.794739 
111.805420 
111.815491 
111.825562 
111.835327 
111.845398 
111.855469 
111.865540 
111.876526 
111.887817 
111.898499 
111.908875 
111.919250 
111.929016 
111.938782 
111.949158 
111.959229 
111.968689 
111.979065 
111.989441 
111.999817 
112.009583 
112.019958 
112.030640 
112.040405 
112.051086 
112.061768 
112.071838 
112.080383 
112.090149 
112.099915 
112.109680 
112.120361 
112.131042 
112.141418 
112.151489 
112.161560 
112.172241 
112.182007 
112.192383 
112.202454 
112.212524 
112.222595 
112.232361 
112.242126 
112.252502 
112.262268 
112.272949 
112.283630 
112.294617 
112.305603 
112.315674 
112.326660 
112.335815 
112.345276 
112.355347 
112.365112 
112.375183 
112.385254 
112.395630 
112.405701 
112.416077 
112.426758 
112.436523 
112.447205 
112.457581 
112.467651 
112.477722 
112.487183 
112.495728 
112.505493 
112.515869 
112.526245 
112.536621 
112.547302 
112.557068 
112.567444 
112.578125 
112.588501 
112.598572 
112.608337 
112.618408 
112.628784 
112.638550 
112.648621 
112.657776 
112.668152 
112.678528 
112.689514 
112.700500 
112.711487 
112.721558 
112.731628 
112.741699 
112.751770 
112.761536 
112.771301 
112.781372 
112.791748 
112.801819 
112.811890 
112.822266 
112.832947 
112.842712 
112.852783 
112.863159 
112.873840 
112.883606 
112.893066 
112.902527 
112.912292 
112.922363 
112.932739 
112.942200 
112.952271 
112.962341 
112.972412 
112.981873 
112.991333 
113.000183 
113.009033 
113.017883 
113.026733 
113.035278 
113.042908 
113.051147 
113.059082 
113.067322 
113.075562 
113.083801 
113.091736 
113.099060 
113.105774 
113.112183 
113.117981 
113.123779 
113.129578 
113.135376 
113.140564 
113.145752 
113.150635 
113.155518 
113.160095 
113.164063 
113.168335 
113.172607 
113.175659 
113.179016 
113.181152 
113.183289 
113.184204 
113.187256 
113.189087 
113.190918 
113.192444 
113.193970 
113.194580 
113.195801 
113.196106 
113.195801 
113.195496 
113.195496 
113.194580 
113.193359 
113.192444 
113.190002 
113.188782 
113.186646 
113.185425 
113.183594 
113.180847 
113.178406 
113.174744 
113.170776 
113.166504 
113.162231 
113.157654 
113.152771 
113.147278 
113.142090 
113.137207 
113.131409 
113.125305 
113.119507 
113.113098 
113.106384 
113.099365 
113.091431 
113.083496 
113.074036 
113.066101 
113.057861 
113.048706 
113.040771 
113.031921 
113.023376 
113.014221 
113.005066 
112.995300 
112.985840 
112.975464 
112.966003 
112.955627 
112.945557 
112.934570 
112.923889 
112.914124 
112.903442 
112.893372 
112.883911 
112.873535 
112.862854 
112.852478 
112.841797 
112.829590 
112.819214 
112.808228 
112.796936 
112.785950 
112.774963 
112.764282 
112.752991 
112.742310 
112.731323 
112.720337 
112.709656 
112.698975 
112.688293 
112.676086 
112.664490 
112.652893 
112.641907 
112.631531 
112.620544 
112.610474 
112.599792 
112.588806 
112.578430 
112.567139 
112.556458 
112.545776 
112.534485 
112.524109 
112.513123 
112.501831 
112.491150 
112.480164 
112.469788 
112.460327 
112.450562 
112.440491 
112.430115 
112.419128 
112.408142 
112.397766 
112.386780 
112.375793 
112.364807 
112.354431 
112.344055 
112.333374 
112.323303 
112.312622 
112.302551 
112.292175 
112.281494 
112.271423 
112.260742 
112.249451 
112.237854 
112.227173 
112.216797 
112.206421 
112.196350 
112.186279 
112.175903 
112.165527 
112.155457 
112.144775 
112.134094 
112.124329 
112.113647 
112.102356 
112.092285 
112.081299 
112.070007 
112.059631 
112.049561 
112.040100 
112.030640 
112.020569 
112.010498 
111.999512 
111.989136 
111.977844 
111.967773 
111.955872 
111.945190 
111.935425 
111.924438 
111.914063 
111.903992 
111.893311 
111.882935 
111.872253 
111.862488 
111.851807 
111.841125 
111.829529 
111.818237 
111.807251 
111.796265 
111.785889 
111.775513 
111.765137 
111.755066 
111.744385 
111.734619 
111.723633 
111.712952 
111.702271 
111.691589 
111.680908 
111.669922 
111.659241 
111.648865 
111.637268 
111.627502 
111.617737 
111.607971 
111.597900 
111.587830 
111.577454 
111.566467 
111.555481 
111.544800 
111.534119 
111.523438 
111.512756 
111.502380 
111.492004 
111.481018 
111.470642 
111.460266 
111.449890 
111.439209 
111.429138 
111.418762 
111.407166 
111.395874 
111.385193 
111.374512 
111.364136 
111.353760 
111.343689 
111.333618 
111.323547 
111.312866 
111.302490 
111.292114 
111.281738 
111.271057 
111.260681 
111.250000 
111.239319 
111.228333 
111.218567 
111.207886 
111.198730 
111.188965 
111.179199 
111.168823 
111.158752 
111.148071 
111.137085 
111.126709 
111.116028 
111.105347 
111.094971 
111.084595 
111.074219 
111.064148 
111.054077 
111.043396 
111.033325 
111.022949 
111.012268 
111.001892 
110.990601 
110.979309 
110.968018 
110.958252 
110.948181 
110.937805 
110.927734 
110.917053 
110.906982 
110.897217 
110.886841 
110.876465 
110.865784 
110.855103 
110.844727 
110.834045 
110.823059 
110.812683 
110.802002 
110.791626 
110.782166 
110.773010 
110.762634 
110.752869 
110.742493 
110.731812 
110.720825 
110.710449 
110.699463 
110.688477 
110.678101 
110.667725 
110.657349 
110.646362 
110.636597 
110.626526 
110.616150 
110.605774 
110.595703 
110.584717 
110.573730 
110.562134 
110.551453 
110.540771 
110.530090 
110.520020 
110.509644 
110.499878 
110.489502 
110.480042 
110.469055 
110.458984 
110.448608 
110.438232 
110.428162 
110.416870 
110.406189 
110.395813 
110.384827 
110.374756 
110.365601 
110.356750 
110.346069 
110.336304 
110.326843 
110.316467 
110.306396 
110.296326 
110.286560 
110.276489 
110.267334 
110.258484 
110.249634 
110.241394 
110.232849 
110.224304 
110.216675 
110.209961 
110.202332 
110.195313 
110.187378 
110.180054 
110.173035 
110.167236 
110.161743 
110.156250 
110.151062 
110.146484 
110.141907 
110.137634 
110.133667 
110.129395 
110.126038 
110.122681 
110.119324 
110.115967 
110.113220 
110.110168 
110.108337 
110.106506 
110.105896 
110.105286 
110.104675 
110.104370 
110.103760 
110.102844 
110.102844 
110.102234 
110.102539 
110.103149 
110.103760 
110.104370 
110.105591 
110.106812 
110.108948 
110.111084 
110.113525 
110.116577 
110.119324 
110.122070 
110.124817 
110.127258 
110.130615 
110.134888 
110.139465 
110.143738 
110.149231 
110.153809 
110.159607 
110.165710 
110.171509 
110.177917 
110.183411 
110.190430 
110.196838 
110.203552 
110.210876 
110.218201 
110.225830 
110.234375 
110.243835 
110.253601 
110.263062 
110.272522 
110.282288 
110.291138 
110.300598 
110.310364 
110.319824 
110.329590 
110.339661 
110.350037 
110.360107 
110.370178 
110.381165 
110.391235 
110.402527 
110.413513 
110.423584 
110.433960 
110.443115 
110.452881 
110.462646 
110.473328 
110.484009 
110.494690 
110.505066 
110.515137 
110.526123 
110.536804 
110.547180 
110.557251 
110.567932 
110.578308 
110.588379 
110.598450 
110.608521 
110.617981 
110.628357 
110.638733 
110.650024 
110.661011 
110.671692 
110.682068 
110.692444 
110.702820 
110.712891 
110.722656 
110.732727 
110.742798 
110.753174 
110.762939 
110.773315 
110.783691 
110.793762 
110.804443 
110.814819 
110.824890 
110.835571 
110.845032 
110.854492 
110.863953 
110.873718 
110.884094 
110.894470 
110.904236 
110.914917 
110.925598 
110.935364 
110.946045 
110.955811 
110.966187 
110.976563 
110.986328 
110.996399 
111.006470 
111.016235 
111.026001 
111.036072 
111.046753 
111.057739 
111.068726 
111.079102 
111.089783 
111.099854 
111.109924 
111.119385 
111.129456 
111.139221 
111.148987 
111.159668 
111.169128 
111.179810 
111.190186 
111.200562 
111.210938 
111.221008 
111.231079 
111.241760 
111.251526 
111.260681 
111.269836 
111.279602 
111.290283 
111.300354 
111.310730 
111.321106 
111.331482 
111.342163 
111.352234 
111.362305 
111.372681 
111.382751 
111.392822 
111.403198 
111.413269 
111.423035 
111.432800 
111.443481 
111.453552 
111.464233 
111.475830 
111.486816 
111.497498 
111.507568 
111.517334 
111.527405 
111.537170 
111.547546 
111.557617 
111.567383 
111.578064 
111.588440 
111.598206 
111.608887 
111.619568 
111.629639 
111.640015 
111.651001 
111.660767 
111.670227 
111.679688 
111.689148 
111.700134 
111.710205 
111.720276 
111.730652 
111.740723 
111.752014 
111.762085 
111.771851 
111.782532 
111.792603 
111.802979 
111.813354 
111.823120 
111.833191 
111.842957 
111.853333 
111.863403 
111.875000 
111.885376 
111.896057 
111.906738 
111.917419 
111.926880 
111.936951 
111.946716 
111.956482 
111.967163 
111.977539 
111.987305 
111.997375 
112.008057 
112.018433 
112.028503 
112.038574 
112.049255 
112.059326 
112.069397 
112.078552 
112.087708 
112.097473 
112.108154 
112.118530 
112.127991 
112.138977 
112.149353 
112.159729 
112.170105 
112.179565 
112.190247 
112.200012 
112.210388 
112.219543 
112.229919 
112.239380 
112.249451 
112.259216 
112.270203 
112.281189 
112.292480 
112.302551 
112.313538 
112.323303 
112.333374 
112.343140 
112.352600 
112.362976 
112.372437 
112.383118 
112.392578 
112.402954 
112.413025 
112.423096 
112.434082 
112.444153 
112.454834 
112.464905 
112.474976 
112.484131 
112.493286 
112.502747 
112.513123 
112.523499 
112.533875 
112.543945 
112.554626 
112.564697 
112.574768 
112.585449 
112.595825 
112.605591 
112.615967 
112.626038 
112.635498 
112.645264 
112.655640 
112.664795 
112.674866 
112.686768 
112.697449 
112.707825 
112.718506 
112.728882 
112.738647 
112.749023 
112.758789 
112.768250 
112.778625 
112.789001 
112.798767 
112.809143 
112.819824 
112.829895 
112.839966 
112.850647 
112.860718 
112.871094 
112.880859 
112.890320 
112.899780 
112.909546 
112.920227 
112.929688 
112.940063 
112.950134 
112.959595 
112.969971 
112.979431 
112.988586 
112.997742 
113.006897 
113.015442 
113.023987 
113.032532 
113.040466 
113.048706 
113.056946 
113.064880 
113.073730 
113.082275 
113.089600 
113.096924 
113.103638 
113.110352 
113.115540 
113.121948 
113.128052 
113.133545 
113.138733 
113.144531 
113.149414 
113.153687 
113.158569 
113.162842 
113.166809 
113.170776 
113.174438 
113.177490 
113.179626 
113.181458 
113.183899 
113.186035 
113.188171 
113.189697 
113.191528 
113.193054 
113.193359 
113.194885 
113.195190 
113.194885 
113.194580 
113.194275 
113.193970 
113.192749 
113.191528 
113.189697 
113.187866 
113.186035 
113.184509 
113.182678 
113.179932 
113.177490 
113.173828 
113.170166 
113.166199 
113.161621 
113.157043 
113.152161 
113.146973 
113.142090 
113.136902 
113.130798 
113.125305 
113.118591 
113.112183 
113.106079 
113.099060 
113.091431 
113.082581 
113.074036 
113.065796 
113.057251 
113.049011 
113.040161 
113.031921 
113.023071 
113.013916 
113.005066 
112.994995 
112.985229 
112.975464 
112.965698 
112.955627 
112.944946 
112.934570 
112.924194 
112.913208 
112.902832 
112.893066 
112.883606 
112.873230 
112.863159 
112.852173 
112.841187 
112.830200 
112.818909 
112.807312 
112.796631 
112.785339 
112.774963 
112.763977 
112.752991 
112.742310 
112.731323 
112.720337 
112.709656 
112.698975 
112.687988 
112.676086 
112.664490 
112.652893 
112.641907 
112.631531 
112.620544 
112.610168 
112.599487 
112.588806 
112.578125 
112.567444 
112.556458 
112.545471 
112.534485 
112.524719 
112.512817 
112.502136 
112.491150 
112.480469 
112.469788 
112.460327 
112.450562 
112.440491 
112.430115 
112.419434 
112.408447 
112.397766 
112.386780 
112.375793 
112.365723 
112.355042 
112.344666 
112.333679 
112.323608 
112.313232 
112.303162 
112.292480 
112.282410 
112.272034 
112.261047 
112.249451 
112.238464 
112.227783 
112.217407 
112.207642 
112.196960 
112.186584 
112.176514 
112.165833 
112.156372 
112.145386 
112.135620 
112.124329 
112.113953 
112.102966 
112.092590 
112.081604 
112.070313 
112.060242 
112.049866 
112.040710 
112.031250 
112.021179 
112.010803 
112.000427 
111.989746 
111.979065 
111.967773 
111.956787 
111.946106 
111.935425 
111.925049 
111.914978 
111.904602 
111.893921 
111.883545 
111.873169 
111.862793 
111.852722 
111.841736 
111.830444 
111.818542 
111.807556 
111.796875 
111.786499 
111.776123 
111.765747 
111.755676 
111.744995 
111.734619 
111.724548 
111.713562 
111.702881 
111.692200 
111.681824 
111.670532 
111.659851 
111.649475 
111.637878 
111.627502 
111.618042 
111.608276 
111.598206 
111.588440 
111.577454 
111.567078 
111.556091 
111.545105 
111.534119 
111.523438 
111.512756 
111.502380 
111.492004 
111.481323 
111.470947 
111.460571 
111.449890 
111.439819 
111.429443 
111.419067 
111.407471 
111.396179 
111.385498 
111.375122 
111.364746 
111.354675 
111.344299 
111.333923 
111.323242 
111.313477 
111.303101 
111.292419 
111.281738 
111.271667 
111.260986 
111.250305 
111.239624 
111.228333 
111.218567 
111.208191 
111.198730 
111.189270 
111.179810 
111.169128 
111.159058 
111.148376 
111.137390 
111.126709 
111.116028 
111.105652 
111.095276 
111.084900 
111.074524 
111.064453 
111.054077 
111.044006 
111.033630 
111.023254 
111.012878 
111.002197 
110.990601 
110.979919 
110.968933 
110.958557 
110.948181 
110.938110 
110.928040 
110.917969 
110.907898 
110.897522 
110.887146 
110.877075 
110.866394 
110.855408 
110.845032 
110.834351 
110.823669 
110.812988 
110.802002 
110.792236 
110.783081 
110.773621 
110.763245 
110.753174 
110.742798 
110.732422 
110.721130 
110.710754 
110.699768 
110.689087 
110.678711 
110.667725 
110.657654 
110.647583 
110.636902 
110.626526 
110.616455 
110.606384 
110.596008 
110.585632 
110.574036 
110.562439 
110.552368 
110.541382 
110.531006 
110.520935 
110.510559 
110.500488 
110.490417 
110.480347 
110.469971 
110.459900 
110.449524 
110.438538 
110.428162 
110.417786 
110.407104 
110.396118 
110.385132 
110.375061 
110.365906 
110.357056 
110.347290 
110.337219 
110.326843 
110.316772 
110.306396 
110.296631 
110.286865 
110.277100 
110.267944 
110.258789 
110.249939 
110.241699 
110.233459 
110.225830 
110.217285 
110.210571 
110.202637 
110.195923 
110.187683 
110.180359 
110.173645 
110.167542 
110.162354 
110.156555 
110.151672 
110.147095 
110.142517 
110.138550 
110.133667 
110.130005 
110.126038 
110.122986 
110.119324 
110.116272 
110.113220 
110.110474 
110.108032 
110.106812 
110.106506 
110.105591 
110.104980 
110.104675 
110.103149 
110.102844 
110.102539 
110.102234 
110.102234 
110.102539 
110.102844 
110.103760 
110.105286 
110.107117 
110.108337 
110.110779 
110.113220 
110.116272 
110.119324 
110.122375 
110.124817 
110.127258 
110.130310 
110.135193 
110.139465 
110.144348 
110.149231 
110.154724 
110.160217 
110.166321 
110.171509 
110.177612 
110.184326 
110.191040 
110.197144 
110.204773 
110.211487 
110.218506 
110.226746 
110.235291 
110.244751 
110.254517 
110.263672 
110.273438 
110.282593 
110.292053 
110.301208 
110.310364 
110.320129 
110.330200 
110.340271 
110.350037 
110.360107 
110.370789 
110.381165 
110.391235 
110.401917 
110.412903 
110.422974 
110.433350 
110.442505 
110.451965 
110.461731 
110.472717 
110.483398 
110.493164 
110.504456 
110.515137 
110.525818 
110.536194 
110.546570 
110.556946 
110.567627 
110.577698 
110.587769 
110.597839 
110.607910 
110.617371 
110.628052 
110.638123 
110.649719 
110.661011 
110.671387 
110.682373 
110.692444 
110.701904 
110.712280 
110.722046 
110.732117 
110.741882 
110.752258 
110.762634 
110.772400 
110.783081 
110.793457 
110.803833 
110.813904 
110.824585 
110.834961 
110.844727 
110.853882 
110.863647 
110.873413 
110.883789 
110.893860 
110.904541 
110.914612 
110.924988 
110.935364 
110.945435 
110.955505 
110.966492 
110.975952 
110.985718 
110.996094 
111.005859 
111.015320 
111.025696 
111.035767 
111.046143 
111.057129 
111.068420 
111.079102 
111.089478 
111.099243 
111.109314 
111.118774 
111.128845 
111.138306 
111.148682 
111.158752 
111.168823 
111.179504 
111.189575 
111.199646 
111.209717 
111.220398 
111.230774 
111.241150 
111.250610 
111.260071 
111.269531 
111.278992 
111.289368 
111.299744 
111.310120 
111.320496 
111.331177 
111.341553 
111.352234 
111.362305 
111.372375 
111.382446 
111.392212 
111.402588 
111.412659 
111.422119 
111.432495 
111.442566 
111.452942 
111.463928 
111.475220 
111.485901 
111.496582 
111.506958 
111.516724 
111.526489 
111.536865 
111.546631 
111.557007 
111.567078 
111.577148 
111.587524 
111.597595 
111.608276 
111.618958 
111.628723 
111.639404 
111.650085 
111.659851 
111.669006 
111.678467 
111.688538 
111.698608 
111.709290 
111.719360 
111.730042 
111.740417 
111.751099 
111.760864 
111.771240 
111.781616 
111.791687 
111.802673 
111.812439 
111.822205 
111.832275 
111.842651 
111.852112 
111.862793 
111.874390 
111.885376 
111.895752 
111.906433 
111.916504 
111.925964 
111.936035 
111.945801 
111.956482 
111.966553 
111.976318 
111.986694 
111.997070 
112.007446 
112.017517 
112.027893 
112.038269 
112.048340 
112.058411 
112.068787 
112.077637 
112.086792 
112.096863 
112.106628 
112.117310 
112.127686 
112.138062 
112.148438 
112.158813 
112.169189 
112.178955 
112.189331 
112.199402 
112.209473 
112.219543 
112.229614 
112.239075 
112.249451 
112.258911 
112.269592 
112.280884 
112.291870 
112.301941 
112.312927 
112.322693 
112.332764 
112.342224 
112.352295 
112.361450 
112.371826 
112.381897 
112.392578 
112.402344 
112.412720 
112.422791 
112.433472 
112.443237 
112.454224 
112.464294 
112.474060 
112.483215 
112.492676 
112.502136 
112.512207 
112.522583 
112.532654 
112.543030 
112.554016 
112.563782 
112.574158 
112.584229 
112.594604 
112.604675 
112.614441 
112.625122 
112.634277 
112.644348 
112.654419 
112.664185 
112.674866 
112.685547 
112.697144 
112.707214 
112.718201 
112.727966 
112.737427 
112.748108 
112.757874 
112.767639 
112.778015 
112.787781 
112.798462 
112.808533 
112.818909 
112.828979 
112.839355 
112.850037 
112.859802 
112.870178 
112.880554 
112.889099 
112.898865 
112.908630 
112.919006 
112.929077 
112.938843 
112.949219 
112.958984 
112.969360 
112.978516 
112.987671 
112.997131 
113.006287 
113.014526 
113.023376 
113.031616 
113.040161 
113.047791 
113.056030 
113.064270 
113.073120 
113.081360 
113.088684 
113.096008 
113.103027 
113.109131 
113.115845 
113.121948 
113.127136 
113.132629 
113.138733 
113.143616 
113.148804 
113.153381 
113.158264 
113.161926 
113.166504 
113.170471 
113.174133 
113.177185 
113.179321 
113.181152 
113.182983 
113.185730 
113.187561 
113.189392 
113.190918 
113.192444 
113.193665 
113.194580 
113.194885 
113.194580 
113.194580 
113.194275 
113.193665 
113.192139 
113.190918 
113.190002 
113.187866 
113.186035 
113.185120 
113.182983 
113.180237 
113.177795 
113.174438 
113.170471 
113.166504 
113.161926 
113.157043 
113.152161 
113.147583 
113.142090 
113.136292 
113.131409 
113.125305 
113.119202 
113.113098 
113.106384 
113.099365 
113.091736 
113.083191 
113.074341 
113.066101 
113.057861 
113.049316 
113.040771 
113.032227 
113.023376 
113.014221 
113.004761 
112.995300 
112.985840 
112.975769 
112.965698 
112.955627 
112.945557 
112.934265 
112.923889 
112.913818 
112.904053 
112.893372 
112.883911 
112.873230 
112.863770 
112.852173 
112.841492 
112.829895 
112.819214 
112.808228 
112.796936 
112.785950 
112.775269 
112.764282 
112.753906 
112.742615 
112.731628 
112.720642 
112.710266 
112.699280 
112.688293 
112.676697 
112.664490 
112.653198 
112.643127 
112.631836 
112.621155 
112.610779 
112.600098 
112.589417 
112.578735 
112.567749 
112.556458 
112.546082 
112.535706 
112.524414 
112.513733 
112.502441 
112.491760 
112.481079 
112.470703 
112.461243 
112.451172 
112.441406 
112.431030 
112.419739 
112.409058 
112.398376 
112.387390 
112.376404 
112.366333 
112.355652 
112.345276 
112.334900 
112.324524 
112.313843 
112.303772 
112.293396 
112.283325 
112.273254 
112.261963 
112.250366 
112.239075 
112.228394 
112.218018 
112.207947 
112.197876 
112.187500 
112.177429 
112.166443 
112.156372 
112.145691 
112.135925 
112.125244 
112.114563 
112.103882 
112.092896 
112.082214 
112.071533 
112.060852 
112.050781 
112.041321 
112.031860 
112.021790 
112.011108 
112.001038 
111.990662 
111.979675 
111.968384 
111.957703 
111.947021 
111.936035 
111.925964 
111.915283 
111.904907 
111.894836 
111.884155 
111.874084 
111.863708 
111.853027 
111.842041 
111.830750 
111.819153 
111.808167 
111.797791 
111.786804 
111.777039 
111.766357 
111.756592 
111.745911 
111.735229 
111.724548 
111.713867 
111.703491 
111.692810 
111.682129 
111.670837 
111.660461 
111.649475 
111.638489 
111.628418 
111.618958 
111.609192 
111.598816 
111.588745 
111.578064 
111.567078 
111.556702 
111.545410 
111.535034 
111.524048 
111.513672 
111.503296 
111.492615 
111.481934 
111.471558 
111.461182 
111.450500 
111.440735 
111.430664 
111.419678 
111.408081 
111.396484 
111.386108 
111.376038 
111.365662 
111.354980 
111.345215 
111.335144 
111.324463 
111.314087 
111.303406 
111.293030 
111.282349 
111.271973 
111.261597 
111.250916 
111.239624 
111.229858 
111.218872 
111.209106 
111.200256 
111.189880 
111.180115 
111.169434 
111.159363 
111.148682 
111.138306 
111.127930 
111.116638 
111.106262 
111.095581 
111.085510 
111.074829 
111.064758 
111.054688 
111.044312 
111.034546 
111.024170 
111.013794 
111.003113 
110.991211 
110.980530 
110.969238 
110.959473 
110.949097 
110.938721 
110.928650 
110.918274 
110.908508 
110.898132 
110.887451 
110.877380 
110.867004 
110.856018 
110.845642 
110.834961 
110.824280 
110.813599 
110.802612 
110.792847 
110.783386 
110.774231 
110.763855 
110.753784 
110.743103 
110.732727 
110.722351 
110.711060 
110.700073 
110.689697 
110.679321 
110.668640 
110.658264 
110.648193 
110.637817 
110.627136 
110.617065 
110.607300 
110.596619 
110.585938 
110.574036 
110.563354 
110.552368 
110.541687 
110.531921 
110.521240 
110.511169 
110.501099 
110.491028 
110.480652 
110.470276 
110.460510 
110.449829 
110.439453 
110.428772 
110.418091 
110.407104 
110.396729 
110.386047 
110.375671 
110.366516 
110.357666 
110.347290 
110.337830 
110.327454 
110.317383 
110.307007 
110.297241 
110.287476 
110.277405 
110.268860 
110.259399 
110.250854 
110.242004 
110.234070 
110.225525 
110.218201 
110.210876 
110.202942 
110.195923 
110.188293 
110.180664 
110.174255 
110.168152 
110.162659 
110.156860 
110.151978 
110.147095 
110.142822 
110.138855 
110.134277 
110.130310 
110.126343 
110.123291 
110.119629 
110.115967 
110.113525 
110.110474 
110.108643 
110.106812 
110.106201 
110.105591 
110.104980 
110.104370 
110.103149 
110.102844 
110.102539 
110.101624 
110.101929 
110.102234 
110.102844 
110.103760 
110.105286 
110.106506 
110.108337 
110.111084 
110.113525 
110.116272 
110.119629 
110.121765 
110.124207 
110.127258 
110.130920 
110.134888 
110.139465 
110.144043 
110.149231 
110.154419 
110.160217 
110.166016 
110.171509 
110.177917 
110.184021 
110.191040 
110.197449 
110.204468 
110.211182 
110.218811 
110.226440 
110.235596 
110.245361 
110.254822 
110.263977 
110.273438 
110.282593 
110.291443 
110.300903 
110.310364 
110.319824 
110.329285 
110.339966 
110.349731 
110.359497 
110.370178 
110.380554 
110.390930 
110.401611 
110.412292 
110.422668 
110.432739 
110.441895 
110.451355 
110.461731 
110.472412 
110.482483 
110.492859 
110.504150 
110.514221 
110.524902 
110.535583 
110.545349 
110.556641 
110.566711 
110.576782 
110.587158 
110.596924 
110.607300 
110.617065 
110.626831 
110.637817 
110.649109 
110.660095 
110.670776 
110.681458 
110.691528 
110.701294 
110.711670 
110.721741 
110.731506 
110.741577 
110.751953 
110.762024 
110.772705 
110.782471 
110.792847 
110.803223 
110.813599 
110.823975 
110.834351 
110.843811 
110.852966 
110.863037 
110.872498 
110.883179 
110.893250 
110.903625 
110.913696 
110.924683 
110.935059 
110.945129 
110.955200 
110.965271 
110.974731 
110.985718 
110.995483 
111.005249 
111.015015 
111.024780 
111.035156 
111.045532 
111.056824 
111.067505 
111.077881 
111.088867 
111.098633 
111.108704 
111.118164 
111.127930 
111.137695 
111.148071 
111.158142 
111.168213 
111.178589 
111.188965 
111.199341 
111.209106 
111.220093 
111.230469 
111.240540 
111.250000 
111.259155 
111.268616 
111.278687 
111.289063 
111.299133 
111.309204 
111.319885 
111.330566 
111.340942 
111.351318 
111.361694 
111.371765 
111.382141 
111.391907 
111.401978 
111.411438 
111.421814 
111.431885 
111.441650 
111.452637 
111.463318 
111.474609 
111.485596 
111.496277 
111.506042 
111.516113 
111.525879 
111.535950 
111.546021 
111.555786 
111.566772 
111.576538 
111.586914 
111.597290 
111.607666 
111.617737 
111.628418 
111.638794 
111.649475 
111.658936 
111.668701 
111.677551 
111.687927 
111.698608 
111.708679 
111.719055 
111.730347 
111.740417 
111.750488 
111.760559 
111.771240 
111.781311 
111.791382 
111.802063 
111.812134 
111.821899 
111.831665 
111.841431 
111.851807 
111.862793 
111.873779 
111.885071 
111.895447 
111.905518 
111.915894 
111.925659 
111.935425 
111.945190 
111.954956 
111.965637 
111.975708 
111.986084 
111.996155 
112.006531 
112.016907 
112.027283 
112.037354 
112.047424 
112.057800 
112.067566 
112.076416 
112.086487 
112.095947 
112.106628 
112.117310 
112.127380 
112.137756 
112.148438 
112.158813 
112.168579 
112.178650 
112.188721 
112.199097 
112.209167 
112.218933 
112.228394 
112.238464 
112.248535 
112.258606 
112.268982 
112.280579 
112.291260 
112.301636 
112.311707 
112.321777 
112.331543 
112.341614 
112.351379 
112.361450 
112.371521 
112.381592 
112.391663 
112.401733 
112.412415 
112.422180 
112.432861 
112.442932 
112.453613 
112.463074 
112.473145 
112.481995 
112.491455 
112.501526 
112.511597 
112.521667 
112.532349 
112.542725 
112.553101 
112.563782 
112.573547 
112.583923 
112.593994 
112.604065 
112.613831 
112.624207 
112.634583 
112.644043 
112.653809 
112.663879 
112.674561 
112.685242 
112.696533 
112.706909 
112.717285 
112.727356 
112.737122 
112.746887 
112.756958 
112.767029 
112.777100 
112.787170 
112.797546 
112.807617 
112.817688 
112.828674 
112.838440 
112.848816 
112.859497 
112.869568 
112.879333 
112.888489 
112.898254 
112.908020 
112.918701 
112.928162 
112.938232 
112.948608 
112.958679 
112.967834 
112.977905 
112.986755 
112.996216 
113.005371 
113.014221 
113.022766 
113.031006 
113.039551 
113.047180 
113.055725 
113.063965 
113.072510 
113.081055 
113.088379 
113.096008 
113.102722 
113.109131 
113.114929 
113.120728 
113.126831 
113.132324 
113.137817 
113.143311 
113.147888 
113.153076 
113.157349 
113.161926 
113.165894 
113.169861 
113.173828 
113.176270 
113.179016 
113.180542 
113.182983 
113.185425 
113.187256 
113.189392 
113.190918 
113.192444 
113.193359 
113.194275 
113.194885 
113.194580 
113.194580 
113.193970 
113.193665 
113.192444 
113.190918 
113.189697 
113.187866 
113.186340 
113.185120 
113.182983 
113.180847 
113.178101 
113.174438 
113.170471 
113.166199 
113.161926 
113.157349 
113.152771 
113.147888 
113.142395 
113.136902 
113.131409 
113.125305 
113.119507 
113.113098 
113.106995 
113.099365 
113.091736 
113.083191 
113.074341 
113.066711 
113.058777 
113.049927 
113.041077 
113.032532 
113.023987 
113.015137 
113.005676 
112.996216 
112.986450 
112.976685 
112.966309 
112.956238 
112.945862 
112.935486 
112.925110 
112.914429 
112.904053 
112.894287 
112.884827 
112.874146 
112.863770 
112.852783 
112.842102 
112.830811 
112.819824 
112.808838 
112.797852 
112.786865 
112.776184 
112.764587 
112.754517 
112.743225 
112.731934 
112.721252 
112.710876 
112.699585 
112.688293 
112.677002 
112.664795 
112.653503 
112.643127 
112.632141 
112.621765 
112.611389 
112.600708 
112.590027 
112.578735 
112.568054 
112.557678 
112.546692 
112.536011 
112.524719 
112.514038 
112.503052 
112.492371 
112.481689 
112.471313 
112.461853 
112.451782 
112.442017 
112.431030 
112.420349 
112.409973 
112.398987 
112.387390 
112.376709 
112.366638 
112.356262 
112.345886 
112.335205 
112.325134 
112.314758 
112.304382 
112.294006 
112.283936 
112.273254 
112.261963 
112.250366 
112.239380 
112.228699 
112.218628 
112.208557 
112.197876 
112.187805 
112.177734 
112.167053 
112.157593 
112.146301 
112.136536 
112.125854 
112.115173 
112.104492 
112.093506 
112.082825 
112.072144 
112.061462 
112.051697 
112.042542 
112.032471 
112.022095 
112.012329 
112.001343 
111.990967 
111.979980 
111.969299 
111.958008 
111.947632 
111.936646 
111.926575 
111.915894 
111.905518 
111.895142 
111.884460 
111.874390 
111.864319 
111.853638 
111.842651 
111.830444 
111.819458 
111.808777 
111.798096 
111.787720 
111.777344 
111.767578 
111.756287 
111.746216 
111.736145 
111.725159 
111.714478 
111.704102 
111.693420 
111.682739 
111.671753 
111.660767 
111.649780 
111.639099 
111.629028 
111.619568 
111.610107 
111.599426 
111.589355 
111.578979 
111.567688 
111.556702 
111.546021 
111.535339 
111.524658 
111.514282 
111.503601 
111.493225 
111.482544 
111.472168 
111.461792 
111.451111 
111.441650 
111.430664 
111.419678 
111.408386 
111.397095 
111.386414 
111.376343 
111.365662 
111.355286 
111.345520 
111.335144 
111.324768 
111.314392 
111.304016 
111.293335 
111.283264 
111.272583 
111.261902 
111.251221 
111.240540 
111.229858 
111.219788 
111.210022 
111.200562 
111.190491 
111.181030 
111.170654 
111.159668 
111.149597 
111.138916 
111.127930 
111.117249 
111.107178 
111.096497 
111.085510 
111.075745 
111.065674 
111.055603 
111.044922 
111.034851 
111.024780 
111.014099 
111.003418 
110.991516 
110.980835 
110.969849 
110.959778 
110.949402 
110.939026 
110.928650 
110.918884 
110.908813 
110.898438 
110.888062 
110.877991 
110.867310 
110.856323 
110.845947 
110.834961 
110.824585 
110.813904 
110.803223 
110.793457 
110.783997 
110.774536 
110.764465 
110.754089 
110.744019 
110.733337 
110.722656 
110.711975 
110.700378 
110.690308 
110.679626 
110.669250 
110.658875 
110.648499 
110.638123 
110.628052 
110.617676 
110.607605 
110.597229 
110.585938 
110.574646 
110.563965 
110.552673 
110.542603 
110.532227 
110.521851 
110.511780 
110.501709 
110.491638 
110.480957 
110.471191 
110.460815 
110.450134 
110.440063 
110.429077 
110.418396 
110.408020 
110.397034 
110.386658 
110.376892 
110.367432 
110.357666 
110.347900 
110.338135 
110.328064 
110.317993 
110.307617 
110.297546 
110.287476 
110.278320 
110.268860 
110.259705 
110.251160 
110.242920 
110.234375 
110.226440 
110.218811 
110.211487 
110.203552 
110.196533 
110.188293 
110.181274 
110.174561 
110.168457 
110.162354 
110.157166 
110.152283 
110.147400 
110.142822 
110.138550 
110.133667 
110.130005 
110.126343 
110.122986 
110.119324 
110.116272 
110.113220 
110.110474 
110.108643 
110.106506 
110.106201 
110.105591 
110.104675 
110.104370 
110.103455 
110.102539 
110.101929 
110.101929 
110.101624 
110.102234 
110.103149 
110.103760 
110.104980 
110.106201 
110.108337 
110.110168 
110.113220 
110.115967 
110.119324 
110.121765 
110.124207 
110.126953 
110.130005 
110.134888 
110.139160 
110.143433 
110.148926 
110.154114 
110.159912 
110.165710 
110.171509 
110.177612 
110.183411 
110.190735 
110.197144 
110.204163 
110.211182 
110.218506 
110.226135 
110.235291 
110.244751 
110.254517 
110.263367 
110.272827 
110.281982 
110.291138 
110.300293 
110.310059 
110.319519 
110.328979 
110.339050 
110.349731 
110.359802 
110.369873 
110.380249 
110.390625 
110.401611 
110.411987 
110.422363 
110.432129 
110.440979 
110.451050 
110.460815 
110.471497 
110.482178 
110.492554 
110.502930 
110.513916 
110.524597 
110.534973 
110.545349 
110.555725 
110.565796 
110.576172 
110.586243 
110.596313 
110.606384 
110.616455 
110.626526 
110.637817 
110.648499 
110.659485 
110.670166 
110.681152 
110.691223 
110.701294 
110.711060 
110.721130 
110.730896 
110.741272 
110.751343 
110.761108 
110.772095 
110.782166 
110.792847 
110.802612 
110.813293 
110.823669 
110.833740 
110.843811 
110.852966 
110.862122 
110.872498 
110.882874 
110.892944 
110.903320 
110.913696 
110.923767 
110.934143 
110.944519 
110.954590 
110.964966 
110.974426 
110.984802 
110.994873 
111.004333 
111.014404 
111.024170 
111.034546 
111.045227 
111.055908 
111.067200 
111.077576 
111.088257 
111.098022 
111.107788 
111.117554 
111.127319 
111.137085 
111.147461 
111.157532 
111.167297 
111.178589 
111.188660 
111.198730 
111.209106 
111.219788 
111.229858 
111.240234 
111.249695 
111.258850 
111.268311 
111.278076 
111.288452 
111.298828 
111.308899 
111.319580 
111.329956 
111.340637 
111.350708 
111.360474 
111.371155 
111.380920 
111.390991 
111.401367 
111.411438 
111.420898 
111.430969 
111.440735 
111.452026 
111.463318 
111.474304 
111.484680 
111.495361 
111.505432 
111.515503 
111.525574 
111.535034 
111.545410 
111.555481 
111.565857 
111.575928 
111.585999 
111.596985 
111.607056 
111.617737 
111.627808 
111.638489 
111.648865 
111.658630 
111.667480 
111.677246 
111.687622 
111.697998 
111.708069 
111.718445 
111.729431 
111.739807 
111.749878 
111.760254 
111.770325 
111.780396 
111.790466 
111.801147 
111.811523 
111.821289 
111.831055 
111.840820 
111.850891 
111.861877 
111.873169 
111.883850 
111.894226 
111.905212 
111.914673 
111.924438 
111.934509 
111.944580 
111.954956 
111.965027 
111.975098 
111.985779 
111.995544 
112.005920 
112.016296 
112.026672 
112.037048 
112.047424 
112.057495 
112.067566 
112.076111 
112.085876 
112.095642 
112.106018 
112.116699 
112.127075 
112.137146 
112.147827 
112.157898 
112.167969 
112.178040 
112.188416 
112.197876 
112.208252 
112.218323 
112.228088 
112.237854 
112.247009 
112.257080 
112.268372 
112.279968 
112.290344 
112.300720 
112.311096 
112.321167 
112.330627 
112.341003 
112.351074 
112.360840 
112.370911 
112.380981 
112.391052 
112.401123 
112.411804 
112.421570 
112.431946 
112.442322 
112.452698 
112.463074 
112.472534 
112.481689 
112.490845 
112.501221 
112.511292 
112.521667 
112.531738 
112.542419 
112.552185 
112.562561 
112.573242 
112.582703 
112.593384 
112.603455 
112.613525 
112.623291 
112.633667 
112.643433 
112.652893 
112.662964 
112.673645 
112.684937 
112.695313 
112.705994 
112.716370 
112.726440 
112.736511 
112.746582 
112.756348 
112.766418 
112.776794 
112.786255 
112.796631 
112.807007 
112.817078 
112.827454 
112.838135 
112.848206 
112.858887 
112.868652 
112.878418 
112.887268 
112.897339 
112.907104 
112.917175 
112.927551 
112.937927 
112.947693 
112.957764 
112.968140 
112.976990 
112.986145 
112.995911 
113.004150 
113.013611 
113.022461 
113.030396 
113.038635 
113.047180 
113.055115 
113.063660 
113.071899 
113.080750 
113.087769 
113.094788 
113.102112 
113.108215 
113.114624 
113.120117 
113.125610 
113.131409 
113.137207 
113.142700 
113.147278 
113.152466 
113.157349 
113.161316 
113.166199 
113.170166 
113.173523 
113.176575 
113.178101 
113.180542 
113.182678 
113.185120 
113.186951 
113.189087 
113.191223 
113.192444 
113.193970 
113.194275 
113.194275 
113.194580 
113.194885 
113.194580 
113.193665 
113.192444 
113.190613 
113.189392 
113.187866 
113.186340 
113.185425 
113.182983 
113.180542 
113.178101 
113.174438 
113.170471 
113.166199 
113.161926 
113.157043 
113.152466 
113.147888 
113.142700 
113.137512 
113.132019 
113.125610 
113.120117 
113.113098 
113.106995 
113.099976 
113.092041 
113.083496 
113.074951 
113.067017 
113.058777 
113.050232 
113.041992 
113.033142 
113.024902 
113.015442 
113.006592 
112.996521 
112.987366 
112.976990 
112.966919 
112.957153 
112.946472 
112.936096 
112.925415 
112.915344 
112.904968 
112.895203 
112.885132 
112.874756 
112.864380 
112.853699 
112.842407 
112.831726 
112.820435 
112.809448 
112.798157 
112.787476 
112.776489 
112.765503 
112.754822 
112.744141 
112.732849 
112.722168 
112.711487 
112.700500 
112.689209 
112.677002 
112.665710 
112.654419 
112.643738 
112.633057 
112.622375 
112.612000 
112.601318 
112.591248 
112.579956 
112.568970 
112.558289 
112.547302 
112.536316 
112.525635 
112.514648 
112.503967 
112.492676 
112.481995 
112.471924 
112.462463 
112.452698 
112.442322 
112.432251 
112.420959 
112.410278 
112.398987 
112.388306 
112.377625 
112.367249 
112.356567 
112.346191 
112.335815 
112.325439 
112.315063 
112.304688 
112.294617 
112.284241 
112.274170 
112.262268 
112.251282 
112.240295 
112.229614 
112.218933 
112.208862 
112.198486 
112.188721 
112.178650 
112.168274 
112.157593 
112.147827 
112.136841 
112.125854 
112.115784 
112.104797 
112.094421 
112.082825 
112.072449 
112.062378 
112.052307 
112.042847 
112.032776 
112.022705 
112.012329 
112.001648 
111.991272 
111.980286 
111.969299 
111.958923 
111.947937 
111.936951 
111.926880 
111.916504 
111.905823 
111.895752 
111.885376 
111.875000 
111.864624 
111.854553 
111.842957 
111.831055 
111.820068 
111.809692 
111.799011 
111.788330 
111.777954 
111.767578 
111.757202 
111.747131 
111.736450 
111.726074 
111.715393 
111.705017 
111.694336 
111.682739 
111.672363 
111.661377 
111.651001 
111.639709 
111.629944 
111.620178 
111.610107 
111.600037 
111.589966 
111.579285 
111.567993 
111.557312 
111.546631 
111.535339 
111.524963 
111.514893 
111.503906 
111.493530 
111.483154 
111.472778 
111.462708 
111.452332 
111.441956 
111.431580 
111.420288 
111.408997 
111.397705 
111.386719 
111.376953 
111.366577 
111.356201 
111.346436 
111.335754 
111.325378 
111.315002 
111.304932 
111.293945 
111.283875 
111.273804 
111.262817 
111.252136 
111.241455 
111.230469 
111.220093 
111.210327 
111.200867 
111.191406 
111.181641 
111.170959 
111.160583 
111.149902 
111.138916 
111.128235 
111.117859 
111.106873 
111.096802 
111.086426 
111.076355 
111.065674 
111.055908 
111.045532 
111.035156 
111.025696 
111.014404 
111.003418 
110.992432 
110.981140 
110.970764 
110.960388 
110.950317 
110.939941 
110.929871 
110.919800 
110.909424 
110.899353 
110.888977 
110.878296 
110.867920 
110.856934 
110.846863 
110.836182 
110.825195 
110.814819 
110.804138 
110.794678 
110.784912 
110.775146 
110.765076 
110.755005 
110.744324 
110.733643 
110.723267 
110.712280 
110.701294 
110.690613 
110.679932 
110.669556 
110.659180 
110.649414 
110.638733 
110.628357 
110.618286 
110.607605 
110.597839 
110.586853 
110.575562 
110.564270 
110.553894 
110.543213 
110.532837 
110.522461 
110.513000 
110.502625 
110.492249 
110.481873 
110.471497 
110.462036 
110.450745 
110.440369 
110.429993 
110.419006 
110.408325 
110.397949 
110.387573 
110.377502 
110.368042 
110.358887 
110.348816 
110.339050 
110.328674 
110.318298 
110.307922 
110.298157 
110.288086 
110.278625 
110.269470 
110.260315 
110.251465 
110.243530 
110.234680 
110.227051 
110.219421 
110.211792 
110.204163 
110.196838 
110.188293 
110.180969 
110.174561 
110.169067 
110.162354 
110.157776 
110.152588 
110.148010 
110.143433 
110.138855 
110.134583 
110.130615 
110.126648 
110.123291 
110.119934 
110.116577 
110.113525 
110.110779 
110.108643 
110.107422 
110.106506 
110.105896 
110.105286 
110.104370 
110.102844 
110.101929 
110.101013 
110.100098 
110.099487 
110.099182 
110.098877 
110.099182 
110.099182 
110.098572 
110.098877 
110.099182 
110.099182 
110.099487 
110.100098 
110.099487 
110.098572 
110.097961 
110.097961 
110.098572 
110.099182 
110.098572 
110.100098 
110.099792 
110.100708 
110.100403 
110.100708 
110.101318 
110.101318 
110.101318 
110.101624 
110.101624 
110.101318 
110.101318 
110.101318 
110.102234 
110.103455 
110.103760 
110.104675 
110.105286 
110.104980 
110.104675 
110.104370 
110.104370 
110.104370 
110.104675 
110.104370 
110.104675 
110.104370 
110.104980 
110.104675 
110.104980 
110.105591 
110.105896 
110.105896 
110.105591 
110.104370 
110.103760 
110.103760 
110.104370 
110.104065 
110.104675 
110.104980 
110.104980 
110.105286 
110.105286 
110.105286 
110.104980 
110.104980 
110.104675 
110.104980 
110.104980 
110.104675 
110.104065 
110.104065 
110.104675 
110.105896 
110.106812 
110.106506 
110.106812 
110.107117 
110.106201 
110.106201 
110.105896 
110.105591 
110.105591 
110.105896 
110.106201 
110.105896 
110.105896 
110.106201 
110.106201 
