Blum, K. P., D’Incamps, B. L., Zytnicki, D., & Ting, L. H. (2017).
Force encoding in muscle spindles during stretch of
passive muscle. PLoS computational biology, 13(9), 
e1005767. <https://journals.plos.org/ploscompbiol/article?
id=10.1371/journal.pcbi.1005767>

cat medial gastrocnemius muscle lengths over t  (in 0.0005 s increments)
110.105591 
110.106201 
110.106201 
110.105896 
110.106812 
110.106506 
110.106506 
110.105896 
110.104675 
110.104370 
110.104370 
110.104980 
110.104980 
110.105286 
110.105896 
110.105591 
110.105286 
110.105286 
110.105286 
110.104980 
110.105286 
110.105286 
110.104675 
110.104980 
110.104065 
110.104065 
110.104675 
110.105591 
110.106201 
110.106506 
110.107117 
110.106812 
110.106201 
110.106201 
110.105896 
110.105896 
110.106201 
110.105896 
110.106201 
110.105896 
110.106201 
110.105896 
110.106201 
110.106201 
110.106812 
110.107117 
110.106201 
110.105286 
110.104675 
110.104065 
110.104675 
110.104065 
110.104675 
110.105286 
110.104980 
110.105591 
110.105591 
110.105286 
110.105591 
110.105591 
110.104980 
110.105286 
110.105286 
110.104675 
110.104370 
110.104370 
110.104370 
110.105591 
110.106812 
110.106506 
110.106812 
110.107117 
110.106506 
110.105896 
110.106201 
110.105591 
110.105896 
110.106201 
110.106201 
110.105896 
110.105896 
110.106201 
110.105896 
110.106201 
110.106812 
110.106506 
110.106201 
110.105591 
110.104370 
110.103760 
110.104980 
110.104675 
110.104980 
110.105286 
110.105286 
110.105286 
110.105896 
110.105591 
110.105591 
110.105286 
110.105286 
110.105286 
110.104980 
110.104675 
110.104675 
110.104370 
110.104675 
110.105896 
110.106812 
110.107727 
110.108337 
110.108948 
110.109558 
110.109863 
110.111084 
110.112000 
110.113831 
110.115662 
110.117798 
110.121155 
110.123596 
110.126953 
110.130310 
110.133972 
110.138550 
110.143433 
110.147400 
110.151367 
110.156250 
110.161438 
110.167847 
110.174561 
110.181274 
110.188904 
110.196533 
110.204468 
110.212708 
110.220947 
110.229797 
110.238647 
110.247498 
110.256348 
110.265808 
110.274658 
110.284119 
110.294189 
110.304260 
110.315857 
110.327148 
110.338135 
110.349731 
110.360718 
110.371704 
110.382996 
110.394897 
110.406494 
110.418701 
110.430603 
110.442505 
110.454102 
110.465698 
110.477295 
110.489197 
110.500183 
110.511475 
110.522461 
110.532837 
110.542603 
110.552368 
110.562439 
110.573425 
110.583191 
110.594177 
110.604553 
110.615234 
110.625000 
110.635376 
110.645752 
110.655212 
110.665588 
110.675659 
110.685120 
110.695190 
110.704651 
110.714417 
110.724487 
110.734863 
110.745850 
110.756836 
110.767517 
110.777588 
110.787354 
110.796814 
110.807190 
110.816650 
110.826416 
110.836487 
110.846558 
110.856323 
110.867004 
110.877075 
110.887146 
110.897522 
110.907593 
110.917969 
110.928345 
110.938110 
110.947571 
110.956726 
110.966797 
110.976868 
110.987244 
110.997009 
111.007996 
111.018677 
111.029053 
111.039124 
111.049500 
111.059570 
111.069641 
111.080017 
111.089783 
111.099548 
111.109924 
111.119385 
111.129150 
111.140137 
111.151123 
111.162415 
111.172791 
111.183472 
111.193542 
111.203613 
111.212769 
111.223145 
111.232910 
111.243591 
111.253052 
111.263733 
111.273804 
111.284180 
111.294556 
111.304932 
111.315308 
111.325684 
111.336670 
111.346130 
111.354980 
111.364746 
111.374512 
111.385193 
111.395569 
111.405945 
111.416321 
111.427002 
111.437683 
111.447449 
111.458130 
111.468201 
111.477966 
111.489258 
111.499634 
111.509399 
111.518860 
111.528931 
111.538696 
111.549377 
111.561279 
111.571960 
111.582642 
111.593323 
111.603699 
111.613464 
111.623840 
111.633606 
111.643372 
111.654053 
111.664429 
111.674194 
111.685181 
111.694946 
111.705322 
111.716003 
111.726379 
111.737061 
111.747437 
111.757507 
111.766052 
111.775513 
111.785583 
111.795959 
111.806946 
111.816711 
111.827393 
111.838074 
111.848145 
111.858826 
111.868896 
111.879272 
111.889343 
111.899109 
111.909485 
111.919250 
111.929016 
111.938782 
111.948853 
111.959839 
111.970825 
111.982117 
111.992798 
112.002563 
112.012939 
112.023010 
112.032471 
112.042236 
112.052307 
112.062378 
112.072754 
112.082825 
112.092896 
112.102966 
112.113647 
112.123718 
112.134094 
112.144775 
112.154846 
112.164001 
112.173767 
112.182922 
112.192993 
112.203064 
112.213745 
112.223206 
112.234192 
112.244568 
112.254639 
112.265015 
112.275391 
112.285767 
112.295532 
112.305603 
112.315674 
112.325439 
112.335510 
112.345276 
112.355347 
112.366028 
112.376709 
112.387695 
112.398682 
112.409058 
112.419128 
112.428894 
112.438965 
112.448730 
112.458496 
112.468567 
112.479248 
112.489319 
112.499390 
112.509460 
112.519531 
112.530212 
112.540588 
112.550964 
112.561340 
112.570801 
112.579956 
112.589417 
112.599792 
112.609863 
112.619629 
112.630615 
112.640991 
112.651367 
112.661743 
112.671814 
112.681885 
112.691650 
112.702026 
112.712097 
112.722168 
112.732544 
112.742004 
112.751770 
112.761841 
112.772522 
112.783813 
112.794800 
112.805176 
112.815552 
112.825623 
112.835388 
112.845154 
112.855225 
112.864990 
112.875061 
112.885437 
112.895813 
112.905884 
112.916565 
112.926636 
112.936707 
112.946777 
112.957458 
112.967834 
112.977600 
112.986450 
112.995300 
113.005066 
113.014832 
113.024597 
113.034363 
113.044128 
113.053589 
113.062744 
113.071594 
113.079834 
113.088074 
113.096008 
113.103638 
113.110657 
113.117676 
113.124084 
113.130188 
113.136597 
113.143311 
113.149109 
113.155518 
113.161011 
113.165894 
113.170166 
113.173828 
113.177185 
113.180237 
113.182983 
113.186340 
113.188782 
113.191528 
113.193665 
113.195496 
113.197632 
113.198853 
113.200684 
113.202515 
113.203430 
113.204041 
113.203735 
113.204041 
113.204346 
113.204956 
113.205261 
113.205872 
113.206177 
113.206787 
113.207397 
113.207092 
113.206787 
113.207092 
113.206787 
113.206787 
113.206177 
113.206177 
113.205261 
113.204651 
113.204346 
113.204346 
113.205261 
113.205261 
113.205261 
113.204956 
113.204651 
113.203735 
113.202820 
113.202209 
113.200989 
113.200684 
113.200073 
113.199768 
113.198853 
113.198853 
113.198242 
113.197632 
113.197632 
113.197327 
113.196716 
113.196106 
113.194580 
113.193665 
113.192444 
113.192749 
113.192139 
113.192139 
113.192444 
113.192139 
113.191833 
113.191833 
113.191528 
113.191223 
113.191223 
113.190613 
113.190613 
113.190002 
113.189392 
113.188782 
113.188782 
113.189087 
113.190002 
113.190918 
113.190918 
113.191223 
113.190918 
113.190613 
113.190308 
113.190002 
113.190002 
113.190002 
113.189697 
113.190002 
113.190308 
113.190002 
113.190308 
113.190613 
113.190613 
113.191223 
113.191528 
113.190918 
113.190002 
113.189392 
113.188782 
113.189392 
113.189697 
113.190308 
113.190918 
113.190613 
113.190918 
113.191223 
113.191223 
113.191223 
113.191528 
113.191528 
113.192139 
113.191223 
113.191223 
113.191223 
113.191223 
113.191528 
113.193054 
113.193665 
113.193970 
113.194580 
113.194580 
113.193970 
113.193970 
113.193970 
113.193970 
113.193665 
113.194275 
113.193970 
113.193665 
113.193970 
113.194275 
113.193665 
113.194580 
113.194580 
113.194580 
113.194275 
113.193054 
113.192139 
113.191833 
113.192139 
113.192139 
113.192139 
113.192444 
113.192749 
113.192444 
113.192749 
113.191833 
113.192139 
113.191833 
113.192139 
113.191528 
113.191223 
113.190613 
113.190002 
113.189697 
113.190308 
113.190918 
113.191833 
113.191833 
113.192139 
113.191223 
113.190613 
113.190308 
113.190308 
113.189697 
113.190002 
113.189087 
113.189087 
113.189697 
113.189087 
113.188782 
113.189392 
113.189392 
113.189392 
113.189087 
113.188782 
113.187561 
113.186951 
113.186340 
113.186340 
113.186340 
113.186951 
113.186646 
113.186951 
113.186951 
113.187256 
113.186951 
113.187256 
113.187256 
113.186646 
113.186646 
113.186340 
113.185730 
113.185730 
113.185730 
113.185730 
113.187256 
113.187866 
113.187866 
113.188171 
113.188477 
113.188171 
113.187866 
113.187561 
113.187866 
113.187866 
113.188171 
113.187561 
113.188171 
113.188171 
113.188171 
113.188782 
113.188477 
113.189087 
113.189392 
113.188782 
113.188171 
113.187256 
113.187256 
113.187866 
113.187561 
113.188171 
113.188782 
113.188782 
113.189087 
113.189087 
113.189392 
113.189697 
113.190002 
113.189697 
113.189697 
113.189087 
113.189087 
113.189087 
113.188782 
113.189392 
113.190918 
113.191528 
113.192139 
113.192139 
113.192139 
113.192139 
113.191528 
113.191223 
113.191528 
113.191223 
113.191528 
113.191223 
113.191528 
113.191528 
113.191833 
113.191223 
113.191528 
113.192139 
113.192444 
113.191528 
113.190613 
113.189697 
113.189392 
113.190002 
113.190308 
113.190002 
113.190613 
113.190308 
113.190308 
113.190002 
113.190308 
113.190613 
113.190308 
113.190002 
113.190002 
113.189087 
113.189087 
113.188477 
113.188171 
113.188782 
113.190002 
113.190613 
113.190918 
113.190613 
113.190613 
113.189697 
113.189697 
113.189392 
113.188782 
113.189392 
113.188477 
113.188782 
113.188782 
113.188477 
113.188782 
113.188477 
113.188782 
113.188782 
113.188782 
113.188477 
113.186951 
113.186340 
113.185730 
113.185730 
113.186035 
113.186035 
113.186951 
113.186646 
113.186646 
113.186646 
113.186646 
113.186646 
113.186646 
113.186646 
113.186340 
113.186035 
113.185730 
113.185425 
113.185425 
113.186035 
113.186646 
113.187866 
113.187866 
113.188171 
113.187866 
113.188171 
113.187866 
113.187256 
113.186951 
113.187561 
113.187561 
113.187561 
113.187866 
113.188171 
113.188171 
113.188171 
113.188477 
113.188782 
113.188782 
113.188171 
113.187561 
113.186951 
113.186646 
113.187256 
113.186951 
113.187561 
113.187561 
113.188477 
113.188477 
113.188477 
113.188171 
113.188477 
113.188477 
113.188782 
113.188477 
113.188477 
113.187561 
113.187866 
113.187866 
113.188477 
113.189087 
113.190308 
113.190613 
113.190613 
113.190613 
113.190918 
113.190613 
113.190308 
113.190002 
113.190308 
113.190613 
113.190308 
113.190308 
113.190308 
113.190308 
113.190308 
113.190308 
113.190918 
113.191223 
113.190308 
113.189392 
113.188782 
113.188171 
113.188782 
113.188782 
113.188782 
113.189697 
113.189392 
113.189392 
113.189697 
113.189392 
113.189697 
113.189392 
113.189087 
113.189087 
113.188477 
113.188171 
113.188171 
113.187256 
113.187561 
113.188782 
113.189697 
113.190002 
113.190002 
113.190308 
113.189697 
113.188782 
113.189392 
113.189087 
113.188782 
113.188782 
113.188782 
113.188477 
113.188477 
113.188782 
113.188477 
113.188782 
113.188782 
113.189087 
113.188477 
113.186951 
113.186035 
113.186035 
113.186646 
113.186646 
113.186340 
113.186646 
113.186646 
113.186951 
113.187561 
113.186951 
113.186951 
113.186951 
113.186951 
113.186646 
113.186646 
113.186340 
113.185730 
113.185730 
113.186340 
113.187256 
113.187866 
113.188782 
113.188477 
113.188477 
113.188171 
113.188171 
113.187866 
113.187561 
113.187866 
113.187866 
113.187866 
113.187866 
113.187866 
113.188171 
113.187866 
113.188477 
113.188782 
113.189697 
113.188171 
113.187561 
113.186646 
113.186646 
113.186951 
113.187256 
113.187256 
113.187561 
113.187866 
113.188171 
113.188171 
113.188171 
113.187866 
113.188477 
113.187866 
113.187866 
113.187866 
113.186951 
113.186951 
113.187256 
113.187561 
113.188782 
113.189392 
113.189697 
113.190002 
113.190002 
113.190002 
113.190002 
113.189392 
113.189087 
113.189392 
113.189697 
113.189697 
113.189087 
113.189697 
113.190002 
113.189392 
113.190308 
113.190308 
113.190308 
113.190002 
113.188477 
113.187866 
113.187866 
113.188477 
113.187866 
113.188477 
113.188782 
113.189087 
113.188477 
113.189087 
113.188477 
113.188782 
113.188782 
113.188477 
113.188477 
113.187866 
113.187866 
113.187256 
113.187561 
113.187561 
113.188477 
113.189392 
113.189392 
113.189697 
113.189697 
113.189392 
113.188782 
113.188477 
113.188171 
113.188782 
113.188171 
113.188171 
113.188171 
113.188477 
113.188477 
113.188171 
113.188477 
113.188782 
113.189087 
113.188171 
113.187561 
113.186646 
113.186340 
113.186340 
113.186340 
113.186951 
113.186646 
113.187256 
113.187561 
113.186951 
113.187256 
113.186951 
113.186951 
113.186951 
113.186646 
113.186646 
113.186340 
113.186035 
113.186035 
113.186035 
113.187256 
113.188171 
113.187866 
113.188782 
113.188477 
113.187866 
113.187866 
113.187866 
113.187866 
113.187561 
113.188171 
113.187561 
113.187256 
113.187866 
113.187866 
113.188171 
113.188477 
113.188782 
113.188477 
113.188477 
113.187256 
113.186646 
113.186646 
113.186646 
113.186951 
113.187561 
113.187561 
113.187561 
113.187561 
113.187866 
113.187561 
113.188171 
113.188171 
113.187866 
113.187866 
113.187561 
113.186951 
113.186646 
113.186646 
113.187256 
113.188171 
113.189087 
113.189392 
113.190002 
113.190002 
113.189392 
113.189087 
113.189087 
113.188477 
113.189087 
113.188782 
113.189087 
113.189087 
113.188782 
113.189087 
113.189392 
113.190002 
113.189697 
113.190002 
113.189392 
113.188171 
113.187866 
113.187866 
113.187561 
113.188171 
113.187866 
113.187866 
113.188782 
113.188477 
113.188171 
113.188171 
113.188477 
113.188782 
113.188477 
113.188171 
113.187561 
113.187561 
113.186951 
113.186951 
113.187561 
113.188782 
113.189392 
113.189087 
113.189392 
113.189087 
113.189087 
113.189087 
113.188782 
113.188477 
113.188477 
113.188782 
113.188477 
113.188171 
113.188477 
113.188477 
113.188171 
113.189087 
113.188477 
113.189392 
113.188171 
113.187256 
113.186340 
113.186035 
113.186646 
113.186340 
113.186340 
113.187256 
113.186646 
113.187256 
113.186951 
113.186951 
113.186951 
113.187256 
113.186646 
113.186951 
113.186646 
113.186340 
113.186035 
113.186340 
113.186340 
113.187561 
113.188171 
113.188171 
113.188477 
113.188477 
113.187866 
113.188171 
113.187256 
113.188171 
113.187561 
113.187561 
113.187866 
113.187561 
113.188171 
113.188477 
113.188171 
113.188171 
113.188782 
113.188477 
113.187866 
113.187256 
113.186646 
113.186340 
113.186340 
113.186646 
113.187256 
113.187256 
113.187866 
113.187561 
113.187866 
113.187561 
113.187561 
113.187866 
113.187561 
113.187561 
113.186951 
113.186951 
113.186951 
113.186646 
113.187561 
113.188782 
113.189087 
113.189392 
113.190002 
113.189392 
113.189392 
113.188782 
113.189087 
113.188782 
113.188782 
113.188782 
113.189087 
113.188782 
113.189087 
113.189087 
113.189087 
113.189087 
113.189392 
113.189697 
113.189087 
113.187866 
113.187256 
113.187561 
113.187866 
113.187561 
113.188171 
113.187866 
113.188477 
113.188477 
113.188782 
113.188171 
113.188171 
113.188477 
113.188171 
113.187866 
113.187866 
113.187256 
113.187256 
113.186951 
113.187561 
113.188171 
113.189087 
113.189392 
113.189087 
113.189392 
113.189087 
113.188171 
113.188477 
113.188171 
113.188171 
113.188171 
113.187866 
113.187866 
113.187866 
113.188171 
113.188477 
113.188171 
113.188782 
113.188782 
113.188477 
113.187256 
113.186340 
113.185425 
113.186646 
113.186646 
113.186340 
113.186646 
113.186951 
113.186951 
113.186951 
113.187256 
113.186951 
113.186951 
113.186951 
113.186646 
113.186340 
113.186646 
113.186035 
113.185730 
113.186646 
113.187561 
113.188171 
113.188171 
113.188477 
113.188171 
113.188171 
113.187866 
113.187561 
113.187561 
113.187866 
113.188171 
113.187866 
113.187256 
113.187561 
113.187866 
113.188171 
113.188477 
113.188171 
113.188477 
113.188171 
113.187561 
113.186340 
113.186646 
113.186951 
113.186646 
113.186646 
113.187561 
113.187561 
113.187866 
113.187561 
113.187866 
113.187866 
113.187866 
113.187561 
113.187866 
113.187256 
113.186646 
113.186951 
113.186951 
113.186951 
113.188477 
113.189087 
113.189087 
113.189697 
113.189087 
113.189392 
113.188782 
113.188477 
113.188477 
113.188782 
113.188477 
113.188477 
113.189087 
113.188477 
113.188782 
113.189087 
113.189087 
113.189697 
113.189392 
113.189087 
113.187866 
113.186951 
113.186646 
113.187561 
113.187866 
113.187561 
113.187866 
113.188171 
113.187866 
113.188477 
113.188171 
113.187866 
113.187866 
113.187561 
113.187561 
113.187256 
113.187561 
113.186951 
113.186340 
113.186951 
113.188171 
113.188477 
113.189087 
113.189697 
113.188782 
113.188477 
113.188171 
113.187866 
113.187866 
113.188171 
113.187866 
113.187866 
113.187866 
113.188477 
113.188477 
113.187866 
113.188477 
113.188782 
113.188782 
113.187866 
113.186951 
113.186340 
113.186035 
113.186340 
113.186340 
113.186951 
113.186951 
113.187256 
113.187561 
113.187561 
113.186951 
113.186951 
113.187256 
113.186646 
113.186951 
113.186951 
113.186340 
113.185425 
113.186035 
113.186951 
113.187561 
113.188477 
113.188477 
113.188782 
113.188782 
113.188477 
113.188171 
113.188171 
113.187866 
113.187561 
113.188171 
113.187866 
113.188171 
113.187866 
113.187866 
113.188171 
113.188782 
113.188782 
113.188782 
113.187866 
113.187561 
113.186646 
113.186646 
113.186646 
113.186951 
113.186951 
113.187256 
113.187866 
113.187561 
113.187256 
113.187866 
113.187561 
113.187866 
113.188171 
113.187561 
113.187256 
113.186646 
113.186646 
113.186646 
113.187561 
113.188477 
113.189087 
113.189697 
113.189697 
113.189392 
113.188782 
113.189087 
113.188782 
113.188171 
113.188477 
113.188782 
113.188477 
113.188782 
113.188477 
113.188782 
113.188782 
113.188782 
113.189392 
113.189392 
113.188477 
113.187561 
113.187256 
113.186646 
113.187256 
113.187256 
113.187256 
113.187561 
113.187866 
113.187866 
113.187866 
113.187256 
113.187866 
113.187866 
113.187866 
113.187561 
113.187256 
113.186951 
113.186646 
113.186340 
113.187256 
113.187561 
113.188477 
113.188782 
113.189087 
113.188782 
113.188782 
113.188171 
113.187866 
113.187866 
113.187561 
113.188171 
113.187866 
113.187866 
113.188171 
113.188171 
113.188171 
113.188782 
113.188171 
113.188477 
113.188171 
113.186646 
113.186340 
113.186035 
113.186646 
113.186035 
113.186646 
113.186340 
113.186951 
113.187256 
113.186951 
113.186951 
113.187256 
113.186951 
113.186951 
113.186951 
113.186646 
113.186035 
113.186035 
113.186340 
113.186951 
113.187561 
113.188477 
113.188477 
113.188477 
113.188477 
113.188171 
113.188171 
113.187866 
113.187866 
113.187561 
113.188171 
113.187866 
113.187866 
113.187866 
113.187866 
113.188782 
113.188477 
113.189087 
113.188782 
113.188171 
113.187256 
113.186951 
113.186340 
113.187256 
113.186951 
113.186951 
113.187256 
113.187866 
113.187256 
113.187561 
113.187561 
113.187866 
113.187561 
113.187561 
113.187256 
113.187256 
113.186951 
113.186646 
113.186951 
113.187561 
113.188477 
113.189087 
113.189087 
113.189697 
113.189087 
113.188782 
113.188477 
113.188477 
113.188171 
113.188782 
113.188477 
113.188477 
113.188477 
113.188477 
113.188171 
113.188171 
113.188782 
113.188782 
113.189087 
113.188477 
113.187256 
113.186646 
113.186646 
113.186646 
113.186951 
113.187256 
113.187561 
113.187866 
113.188171 
113.187561 
113.187561 
113.187866 
113.187256 
113.187561 
113.187256 
113.186951 
113.186646 
113.186340 
113.186340 
113.186951 
113.187866 
113.188782 
113.188477 
113.189087 
113.188477 
113.188171 
113.188477 
113.188171 
113.187866 
113.187561 
113.188171 
113.188171 
113.187866 
113.187866 
113.187561 
113.188171 
113.188477 
113.188477 
113.188477 
113.187561 
113.186951 
113.186035 
113.186340 
113.186646 
113.186340 
113.186951 
113.186951 
113.186951 
113.187256 
113.187256 
113.187256 
113.187256 
113.187561 
113.186646 
113.186951 
113.186646 
113.186646 
113.186035 
113.186340 
113.186951 
113.188477 
113.188477 
113.189087 
113.188171 
113.188782 
113.188477 
113.188171 
113.187561 
113.187561 
113.187866 
113.187866 
113.187866 
113.187866 
113.187866 
113.188171 
113.188171 
113.188782 
113.188782 
113.189087 
113.187866 
113.187256 
113.186646 
113.186646 
113.186646 
113.187256 
113.186951 
113.187256 
113.187561 
113.187866 
113.187256 
113.187561 
113.188171 
113.187561 
113.187561 
113.187256 
113.186951 
113.186646 
113.186340 
113.186340 
113.187256 
113.188171 
113.188782 
113.189087 
113.189087 
113.189087 
113.188477 
113.188782 
113.188171 
113.187561 
113.188171 
113.188171 
113.188171 
113.188782 
113.188477 
113.188171 
113.188477 
113.189087 
113.188782 
113.189087 
113.188171 
113.186951 
113.186646 
113.186340 
113.186646 
113.186951 
113.186951 
113.187561 
113.187256 
113.187561 
113.187256 
113.187561 
113.187866 
113.186951 
113.187256 
113.187256 
113.186646 
113.186340 
113.186340 
113.186340 
113.187256 
113.187866 
113.188477 
113.188782 
113.188477 
113.188782 
113.188171 
113.187866 
113.187866 
113.187866 
113.187866 
113.187866 
113.187561 
113.188171 
113.187866 
113.187866 
113.188477 
113.188171 
113.188782 
113.188477 
113.187866 
113.186646 
113.186340 
113.186035 
113.186951 
113.186646 
113.186646 
113.187256 
113.187256 
113.186951 
113.187561 
113.187561 
113.186951 
113.187256 
113.186951 
113.186646 
113.186951 
113.186646 
113.186340 
113.186340 
113.186951 
113.187256 
113.188477 
113.188171 
113.188782 
113.188782 
113.188171 
113.188171 
113.187866 
113.188171 
113.187866 
113.187866 
113.188171 
113.187866 
113.188171 
113.188171 
113.188171 
113.188477 
113.188782 
113.188477 
113.187866 
113.187256 
113.186340 
113.186035 
113.186951 
113.186646 
113.186646 
113.187561 
113.187561 
113.187561 
113.187256 
113.187561 
113.187561 
113.187256 
113.187866 
113.186951 
113.186951 
113.186035 
113.186340 
113.186340 
113.186951 
113.187866 
113.188477 
113.188477 
113.188782 
113.188171 
113.188782 
113.188171 
113.188171 
113.187866 
113.187866 
113.188171 
113.188171 
113.188171 
113.187866 
113.188171 
113.188477 
113.188477 
113.188782 
113.189087 
113.188171 
113.186646 
113.186340 
113.185730 
113.186646 
113.187256 
113.187256 
113.186951 
113.187256 
113.187256 
113.187256 
113.187256 
113.187561 
113.187256 
113.186951 
113.187256 
113.186951 
113.186035 
113.185730 
113.186035 
113.186951 
113.187866 
113.188477 
113.188477 
113.188782 
113.188171 
113.188171 
113.188171 
113.187866 
113.187256 
113.187561 
113.188171 
113.187561 
113.187561 
113.187866 
113.187866 
113.187866 
113.188477 
113.188782 
113.188171 
113.187866 
113.186951 
113.186035 
113.186340 
113.186646 
113.186340 
113.186951 
113.187256 
113.187256 
113.187256 
113.187256 
113.186951 
113.187256 
113.187256 
113.186951 
113.186951 
113.186951 
113.186340 
113.186035 
113.186340 
113.186646 
113.188171 
113.188477 
113.188477 
113.188782 
113.188477 
113.188477 
113.187866 
113.187561 
113.187866 
113.187866 
113.188171 
113.187866 
113.188171 
113.188171 
113.188477 
113.188171 
113.188782 
113.189087 
113.188782 
113.188171 
113.186951 
113.186340 
113.186646 
113.187256 
113.186646 
113.187256 
113.187256 
113.187256 
113.188171 
113.187256 
113.187256 
113.187561 
113.187561 
113.187256 
113.187561 
113.186951 
113.186646 
113.186035 
113.186340 
113.186951 
113.188171 
113.188477 
113.189087 
113.189392 
113.189087 
113.188171 
113.188477 
113.188171 
113.187866 
113.188171 
113.188171 
113.187561 
113.188171 
113.188477 
113.188171 
113.188477 
113.188782 
113.188782 
113.189087 
113.187866 
113.186951 
113.186035 
113.186646 
113.186646 
113.186646 
113.186951 
113.187256 
113.186951 
113.187561 
113.187561 
113.187561 
113.187561 
113.187866 
113.186951 
113.187256 
113.186646 
113.186035 
113.186035 
113.186035 
113.186646 
113.187866 
113.188477 
113.188171 
113.188782 
113.188477 
113.187866 
113.188171 
113.188171 
113.187256 
113.187866 
113.187561 
113.187561 
113.187866 
113.187866 
113.188171 
113.187866 
113.188782 
113.188477 
113.188782 
113.187866 
113.186951 
113.186035 
113.186340 
113.186646 
113.186340 
113.186646 
113.187561 
113.186951 
113.187561 
113.187256 
113.186951 
113.186951 
113.187256 
113.186951 
113.187256 
113.186951 
113.186340 
113.185730 
113.186340 
113.186951 
113.187866 
113.188171 
113.188782 
113.188782 
113.188477 
113.188782 
113.188171 
113.187866 
113.187561 
113.187866 
113.187866 
113.187866 
113.188171 
113.187866 
113.188171 
113.188171 
113.188477 
113.188782 
113.189087 
113.188171 
113.186951 
113.186646 
113.186340 
113.186951 
113.186951 
113.186951 
113.187561 
113.187561 
113.187866 
113.187561 
113.187561 
113.187561 
113.187866 
113.187561 
113.186951 
113.186951 
113.186646 
113.186340 
113.186035 
113.187256 
113.188171 
113.188477 
113.188782 
113.188782 
113.188782 
113.187866 
113.188171 
113.188171 
113.187561 
113.188171 
113.188171 
113.188171 
113.188171 
113.188171 
113.188477 
113.188477 
113.188477 
113.188782 
113.188782 
113.188171 
113.187256 
113.186340 
113.186646 
113.186646 
113.186951 
113.187256 
113.186951 
113.187561 
113.187256 
113.187256 
113.187256 
113.187866 
113.187256 
113.187256 
113.187256 
113.186646 
113.186646 
113.186340 
113.186340 
113.186951 
113.187561 
113.188477 
113.188477 
113.189087 
113.188477 
113.187866 
113.188171 
113.187866 
113.187561 
113.187866 
113.188171 
113.187866 
113.187561 
113.188171 
113.187866 
113.188171 
113.188477 
113.188782 
113.188477 
113.187866 
113.187256 
113.186340 
113.186340 
113.186340 
113.186340 
113.187256 
113.187256 
113.186951 
113.187561 
113.187256 
113.187256 
113.187256 
113.187256 
113.187561 
113.186951 
113.187256 
113.186035 
113.186035 
113.186340 
113.186951 
113.187561 
113.188477 
113.188782 
113.188782 
113.188477 
113.188477 
113.188171 
113.188171 
113.187561 
113.187866 
113.187866 
113.187866 
113.187866 
113.188171 
113.187866 
113.187866 
113.188477 
113.188782 
113.188782 
113.187866 
113.186646 
113.186646 
113.186035 
113.186646 
113.186951 
113.186951 
113.186951 
113.187256 
113.187561 
113.187256 
113.187256 
113.188171 
113.186951 
113.187256 
113.187256 
113.186951 
113.186646 
113.186340 
113.185730 
113.186951 
113.187866 
113.188782 
113.188782 
113.189087 
113.188782 
113.188477 
113.187866 
113.187866 
113.187561 
113.187866 
113.187561 
113.187561 
113.187866 
113.187561 
113.188171 
113.187866 
113.188171 
113.188782 
113.188782 
113.187866 
113.186646 
113.186340 
113.186035 
113.186646 
113.186951 
113.186951 
113.186951 
113.186951 
113.187256 
113.187256 
113.187256 
113.187561 
113.187256 
113.187256 
113.186951 
113.186646 
113.186035 
113.186035 
113.186035 
113.186951 
113.187561 
113.188171 
113.188171 
113.188782 
113.188477 
113.188477 
113.187561 
113.187866 
113.187866 
113.187561 
113.188171 
113.187866 
113.187866 
113.188171 
113.187866 
113.187866 
113.188782 
113.188782 
113.188477 
113.188171 
113.186646 
113.186035 
113.186035 
113.186951 
113.186340 
113.186646 
113.187256 
113.187561 
113.187866 
113.187561 
113.187256 
113.187561 
113.187256 
113.187561 
113.186951 
113.186951 
113.186340 
113.186340 
113.185425 
113.186951 
113.188171 
113.188477 
113.188782 
113.188782 
113.188782 
113.188171 
113.187866 
113.188477 
113.187561 
113.187866 
113.187866 
113.187561 
113.187866 
113.188171 
113.188171 
113.188171 
113.188171 
113.188477 
113.188782 
113.187561 
113.186951 
113.186646 
113.186340 
113.186951 
113.186646 
113.186646 
113.187561 
113.187256 
113.187256 
113.187256 
113.187561 
113.187561 
113.187256 
113.187256 
113.187256 
113.186646 
113.186646 
113.186035 
113.186035 
113.186951 
113.187866 
113.188477 
113.188477 
113.188782 
113.189087 
113.188171 
113.187866 
113.188171 
113.187866 
113.187866 
113.187866 
113.187256 
113.187866 
113.188171 
113.187866 
113.187866 
113.188477 
113.188171 
113.188477 
113.187866 
113.186951 
113.186035 
113.186340 
113.186646 
113.186951 
113.186646 
113.186646 
113.186951 
113.187256 
113.187256 
113.187256 
113.187561 
113.187256 
113.187256 
113.187256 
113.186646 
113.186035 
113.186035 
113.186340 
113.186340 
113.188171 
113.188171 
113.188782 
113.188477 
113.188477 
113.188477 
113.188171 
113.187866 
113.187561 
113.187561 
113.188171 
113.187866 
113.187866 
113.187866 
113.187866 
113.188171 
113.188477 
113.188477 
113.188477 
113.187561 
113.186951 
113.185730 
113.186340 
113.186646 
113.186646 
113.186646 
113.186646 
113.186951 
113.186951 
113.187256 
113.186951 
113.187256 
113.186951 
113.186951 
113.186951 
113.186646 
113.186035 
113.186035 
113.186035 
113.186951 
113.188171 
113.188477 
113.188477 
113.188477 
113.188782 
113.188171 
113.187866 
113.188171 
113.187866 
113.187561 
113.187866 
113.187561 
113.187561 
113.187561 
113.188171 
113.187866 
113.188782 
113.188477 
113.188477 
113.187866 
113.186646 
113.186340 
113.186340 
113.186340 
113.186646 
113.186951 
113.187256 
113.186951 
113.187256 
113.187256 
113.187256 
113.187256 
113.187561 
113.186646 
113.186646 
113.186646 
113.186035 
113.186340 
113.186340 
113.186951 
113.188171 
113.188782 
113.188477 
113.188782 
113.188171 
113.188171 
113.187561 
113.187866 
113.187256 
113.187561 
113.187866 
113.187866 
113.187561 
113.187866 
113.188171 
113.188171 
113.188171 
113.188477 
113.188477 
113.187561 
113.186951 
113.186035 
113.186340 
113.186646 
113.186646 
113.187256 
113.187256 
113.187256 
113.187256 
113.187561 
113.186951 
113.187866 
113.187561 
113.186951 
113.186951 
113.186951 
113.186035 
113.186035 
113.186035 
113.186951 
113.187866 
113.188782 
113.188477 
113.188782 
113.188171 
113.188171 
113.187866 
113.188171 
113.187561 
113.187866 
113.187561 
113.187866 
113.187561 
113.188171 
113.187866 
113.188171 
113.188171 
113.188782 
113.188477 
113.187561 
113.186951 
113.186340 
113.185730 
113.186340 
113.186646 
113.186951 
113.187256 
113.187256 
113.187256 
113.187256 
113.187256 
113.187256 
113.186951 
113.187561 
113.186951 
113.186646 
113.186035 
113.185730 
113.186340 
113.186951 
113.187561 
113.188171 
113.188477 
113.189087 
113.188171 
113.188477 
113.187866 
113.187866 
113.187561 
113.187256 
113.186951 
113.186340 
113.185425 
113.184509 
113.183594 
113.182373 
113.181152 
113.179626 
113.177490 
113.174744 
113.171082 
113.168030 
113.164673 
113.161926 
113.157959 
113.154907 
113.150635 
113.146973 
113.142090 
113.137207 
113.131104 
113.125916 
113.119507 
113.113098 
113.106384 
113.098450 
113.091125 
113.083496 
113.075562 
113.068237 
113.061218 
113.052979 
113.044434 
113.035278 
113.026123 
113.016663 
113.006592 
112.996521 
112.986755 
112.976990 
112.966919 
112.956238 
112.946472 
112.936401 
112.925415 
112.915649 
112.904663 
112.894287 
112.883606 
112.872009 
112.859497 
112.848511 
112.836914 
112.826843 
112.815857 
112.805176 
112.793884 
112.783203 
112.772827 
112.761841 
112.750244 
112.738953 
112.727966 
112.716675 
112.705688 
112.694092 
112.682800 
112.671509 
112.660522 
112.650452 
112.639771 
112.630005 
112.619019 
112.608643 
112.597046 
112.586365 
112.574768 
112.563171 
112.552490 
112.541504 
112.530518 
112.520142 
112.509460 
112.498779 
112.488098 
112.476807 
112.467041 
112.456360 
112.445679 
112.434082 
112.422180 
112.410889 
112.399902 
112.389832 
112.379761 
112.368774 
112.359009 
112.348938 
112.338257 
112.327881 
112.317200 
112.306824 
112.295837 
112.285461 
112.274780 
112.263794 
112.253113 
112.242737 
112.232056 
112.222900 
112.213135 
112.203369 
112.193604 
112.183533 
112.172852 
112.161865 
112.151489 
112.140808 
112.130127 
112.120361 
112.109680 
112.098999 
112.088928 
112.078552 
112.068176 
112.057800 
112.048035 
112.037964 
112.027588 
112.016602 
112.005310 
111.994324 
111.983643 
111.973572 
111.963501 
111.952820 
111.943054 
111.932678 
111.922913 
111.912231 
111.901855 
111.891479 
111.881409 
111.870422 
111.860046 
111.849670 
111.838379 
111.827698 
111.817627 
111.808167 
111.798096 
111.788330 
111.778259 
111.767883 
111.757507 
111.746826 
111.735840 
111.725464 
111.714172 
111.703796 
111.693420 
111.683350 
111.672668 
111.662598 
111.652222 
111.641541 
111.631165 
111.621094 
111.610107 
111.599121 
111.587830 
111.576538 
111.565552 
111.555481 
111.544800 
111.534729 
111.524658 
111.514587 
111.504211 
111.493835 
111.482849 
111.472168 
111.462097 
111.451416 
111.440430 
111.429749 
111.419067 
111.408386 
111.398010 
111.388550 
111.378784 
111.369324 
111.359253 
111.348877 
111.338196 
111.327209 
111.316528 
111.305847 
111.295166 
111.285095 
111.274109 
111.264038 
111.253357 
111.242981 
111.233521 
111.222839 
111.213074 
111.202393 
111.192017 
111.180420 
111.169434 
111.158142 
111.147766 
111.137695 
111.126709 
111.117249 
111.107178 
111.096497 
111.086426 
111.076050 
111.066284 
111.055603 
111.045532 
111.034851 
111.024170 
111.013184 
111.002502 
110.991516 
110.981445 
110.971985 
110.962830 
110.952759 
110.942078 
110.932617 
110.921631 
110.911560 
110.900574 
110.890198 
110.878906 
110.869141 
110.858154 
110.847778 
110.837402 
110.827637 
110.816956 
110.806580 
110.796509 
110.786438 
110.776062 
110.764771 
110.753784 
110.742798 
110.732117 
110.722046 
110.711670 
110.701294 
110.691223 
110.681152 
110.671082 
110.661011 
110.650940 
110.640564 
110.630188 
110.619202 
110.609131 
110.598450 
110.587463 
110.576782 
110.566711 
110.557251 
110.547485 
110.537720 
110.527649 
110.517578 
110.507507 
110.496216 
110.485840 
110.475464 
110.465088 
110.454712 
110.444641 
110.433960 
110.423584 
110.413513 
110.403442 
110.393372 
110.382996 
110.372925 
110.362549 
110.351563 
110.340271 
110.329590 
110.318604 
110.308838 
110.298157 
110.288391 
110.278625 
110.269165 
110.259094 
110.249634 
110.239868 
110.229797 
110.220337 
110.211487 
110.202637 
110.193481 
110.185547 
110.177612 
110.169983 
110.163574 
110.157471 
110.151978 
110.146790 
110.140686 
110.135803 
110.130615 
110.126038 
110.121765 
110.117493 
110.113831 
110.111389 
110.108643 
110.106812 
110.104980 
110.103760 
110.102539 
110.101318 
110.101318 
110.100403 
110.098877 
110.097656 
110.096741 
110.096741 
110.096741 
110.096436 
110.097046 
110.096741 
110.097961 
110.097961 
110.097961 
110.097656 
110.098267 
110.097961 
110.097961 
110.098267 
110.098267 
110.097961 
110.098267 
110.098877 
110.099487 
110.100708 
110.101929 
110.101929 
110.102234 
110.102844 
110.102539 
110.102234 
110.102539 
110.102234 
110.102234 
110.102844 
110.102539 
110.102844 
110.103455 
110.103455 
110.103455 
110.104065 
110.104370 
110.104675 
110.103455 
110.102844 
110.102234 
110.102539 
110.102844 
110.102844 
110.103149 
110.103455 
110.103455 
110.104065 
110.104370 
110.104675 
110.104065 
110.103760 
110.104065 
110.104065 
110.103455 
110.103149 
110.103149 
110.102844 
110.104065 
110.104980 
110.105896 
110.105896 
110.105896 
110.106201 
110.105896 
110.105591 
110.104980 
110.104675 
110.104980 
110.104980 
110.105286 
110.105286 
110.105591 
110.105591 
110.105591 
110.105896 
110.106201 
110.105896 
110.105286 
110.103760 
110.103455 
110.103760 
110.103760 
110.104065 
110.104370 
110.104065 
