Blum, K. P., D’Incamps, B. L., Zytnicki, D., & Ting, L. H. (2017).
Force encoding in muscle spindles during stretch of
passive muscle. PLoS computational biology, 13(9), 
e1005767. <https://journals.plos.org/ploscompbiol/article?
id=10.1371/journal.pcbi.1005767>

cat medial gastrocnemius muscle lengths over t  (in 0.0005 s increments)
110.104980 
110.104675 
110.104370 
110.104675 
110.105896 
110.106812 
110.107117 
110.107422 
110.107117 
110.107117 
110.107117 
110.106812 
110.106506 
110.106201 
110.106812 
110.106506 
110.106506 
110.106201 
110.106812 
110.106812 
110.106812 
110.107422 
110.107117 
110.107117 
110.106201 
110.104980 
110.105286 
110.104675 
110.105591 
110.105286 
110.105286 
110.105591 
110.105896 
110.105591 
110.106201 
110.105591 
110.105896 
110.105896 
110.105896 
110.105591 
110.104980 
110.104370 
110.104675 
110.104675 
110.105591 
110.106812 
110.107117 
110.107117 
110.107117 
110.107117 
110.107117 
110.106201 
110.106506 
110.106506 
110.106201 
110.106506 
110.106201 
110.106506 
110.106812 
110.106812 
110.106812 
110.107117 
110.107117 
110.107117 
110.106201 
110.104980 
110.104980 
110.104980 
110.105286 
110.105286 
110.105286 
110.105591 
110.105591 
110.105896 
110.105896 
110.105591 
110.105896 
110.105591 
110.105286 
110.105591 
110.104980 
110.104675 
110.104370 
110.104980 
110.105591 
110.106506 
110.107422 
110.107727 
110.107117 
110.107117 
110.107117 
110.106201 
110.106201 
110.106201 
110.106506 
110.106201 
110.106201 
110.106506 
110.106506 
110.106506 
110.107422 
110.106812 
110.107422 
110.107727 
110.106812 
110.106506 
110.106506 
110.108948 
110.111694 
110.115051 
110.119629 
110.124817 
110.130310 
110.136719 
110.143433 
110.149536 
110.156250 
110.163574 
110.170898 
110.178528 
110.186157 
110.194092 
110.202332 
110.210876 
110.221252 
110.231323 
110.242004 
110.252075 
110.262451 
110.272217 
110.282898 
110.293884 
110.305481 
110.317383 
110.330505 
110.344543 
110.358276 
110.372314 
110.386963 
110.401611 
110.415955 
110.429993 
110.443115 
110.455322 
110.466309 
110.476685 
110.487061 
110.497437 
110.508728 
110.518799 
110.528870 
110.538635 
110.548706 
110.559082 
110.567932 
110.578003 
110.587769 
110.596924 
110.606079 
110.615845 
110.624695 
110.633850 
110.643005 
110.652771 
110.663452 
110.673828 
110.684204 
110.693970 
110.704651 
110.714417 
110.723572 
110.733032 
110.742493 
110.752258 
110.761719 
110.772095 
110.781860 
110.791626 
110.801697 
110.811768 
110.822754 
110.833130 
110.843506 
110.853271 
110.862732 
110.871887 
110.881042 
110.891418 
110.901794 
110.912170 
110.922852 
110.933533 
110.943604 
110.954285 
110.964355 
110.975037 
110.985107 
110.995483 
111.005554 
111.015930 
111.026306 
111.036072 
111.046143 
111.056824 
111.068115 
111.079712 
111.090698 
111.101685 
111.111755 
111.122131 
111.132813 
111.142578 
111.152954 
111.163025 
111.174316 
111.184387 
111.194763 
111.205750 
111.215820 
111.226501 
111.237183 
111.247864 
111.258850 
111.268921 
111.278076 
111.287537 
111.297607 
111.307983 
111.318054 
111.328735 
111.339417 
111.349487 
111.360168 
111.370850 
111.380920 
111.391296 
111.401672 
111.411743 
111.421814 
111.431885 
111.441650 
111.451416 
111.461487 
111.471558 
111.482849 
111.494446 
111.505127 
111.515503 
111.525879 
111.535950 
111.545105 
111.555481 
111.564636 
111.575012 
111.585083 
111.594849 
111.605225 
111.615601 
111.625366 
111.636047 
111.646423 
111.656799 
111.667175 
111.676941 
111.686096 
111.695251 
111.704407 
111.715088 
111.725159 
111.735535 
111.745911 
111.756592 
111.766663 
111.777039 
111.786804 
111.797180 
111.807861 
111.817627 
111.827698 
111.837769 
111.847534 
111.857300 
111.867065 
111.877441 
111.888428 
111.899719 
111.910706 
111.920776 
111.931152 
111.940918 
111.950684 
111.961060 
111.970825 
111.980591 
111.990662 
112.000732 
112.011108 
112.021484 
112.031555 
112.042542 
112.052612 
112.062988 
112.073364 
112.083435 
112.092590 
112.101746 
112.111511 
112.121887 
112.132263 
112.142639 
112.153015 
112.163696 
112.174072 
112.184448 
112.194214 
112.204590 
112.215271 
112.225037 
112.235718 
112.244873 
112.254944 
112.264709 
112.274780 
112.285461 
112.296753 
112.307739 
112.318420 
112.329102 
112.339172 
112.349243 
112.359314 
112.369385 
112.379150 
112.388611 
112.399292 
112.409668 
112.419128 
112.430115 
112.439880 
112.450256 
112.460938 
112.471313 
112.481995 
112.491760 
112.500916 
112.510376 
112.519836 
112.529907 
112.540588 
112.550354 
112.560730 
112.571411 
112.581787 
112.592468 
112.602234 
112.612610 
112.622986 
112.633362 
112.643127 
112.653198 
112.662964 
112.672424 
112.682190 
112.692871 
112.703857 
112.714844 
112.725830 
112.736206 
112.746582 
112.756958 
112.766418 
112.776489 
112.786255 
112.796326 
112.806091 
112.816772 
112.826233 
112.837219 
112.846680 
112.857056 
112.867737 
112.878418 
112.888184 
112.898560 
112.908020 
112.916870 
112.926636 
112.937012 
112.947998 
112.957153 
112.967834 
112.978821 
112.988586 
112.999268 
113.009033 
113.019409 
113.029785 
113.039551 
113.049927 
113.059692 
113.069763 
113.079834 
113.089294 
113.099976 
113.110657 
113.121033 
113.131104 
113.139038 
113.146667 
113.153687 
113.159485 
113.164063 
113.168945 
113.173828 
113.177490 
113.181458 
113.184814 
113.187866 
113.190613 
113.193054 
113.195801 
113.197937 
113.199463 
113.200684 
113.200684 
113.200684 
113.200989 
113.201904 
113.202209 
113.203125 
113.203430 
113.204346 
113.204651 
113.204651 
113.204346 
113.204346 
113.204346 
113.204346 
113.204041 
113.203735 
113.203125 
113.202209 
113.201904 
113.201599 
113.201904 
113.202820 
113.203125 
113.202515 
113.201904 
113.201599 
113.200684 
113.200073 
113.199158 
113.198853 
113.198547 
113.197937 
113.197632 
113.197021 
113.197021 
113.196716 
113.196411 
113.196716 
113.196411 
113.195801 
113.194885 
113.193359 
113.192444 
113.192749 
113.192444 
113.192139 
113.192139 
113.192444 
113.192749 
113.192444 
113.192444 
113.192139 
113.191528 
113.191528 
113.191223 
113.191223 
113.190613 
113.190613 
113.189392 
113.190002 
113.190613 
113.191833 
113.191833 
113.191833 
113.192139 
113.191833 
113.191528 
113.191528 
113.191223 
113.190918 
113.190613 
113.190918 
113.191223 
113.191528 
113.190918 
113.190918 
113.191223 
113.191833 
113.192139 
113.191528 
113.190613 
113.189697 
113.188782 
113.189392 
113.189392 
113.189087 
113.190002 
113.189697 
113.190308 
113.190002 
113.189697 
113.189697 
113.190002 
113.189697 
113.190002 
113.189697 
113.189392 
113.189392 
113.188782 
113.189087 
113.190308 
113.191223 
113.191833 
113.191833 
113.191528 
113.190918 
113.191223 
113.190918 
113.190613 
113.190613 
113.190613 
113.190308 
113.190308 
113.190613 
113.190613 
113.190613 
113.190918 
113.191223 
113.191223 
113.190918 
113.189697 
113.189087 
113.188477 
113.188171 
113.188477 
113.188782 
113.189087 
113.188782 
113.189087 
113.188782 
113.189087 
113.189087 
113.188477 
113.188782 
113.188477 
113.188477 
113.188477 
113.187866 
113.187561 
113.187561 
113.188782 
113.190002 
113.190002 
113.190308 
113.190002 
113.189697 
113.189392 
113.189697 
113.189087 
113.189087 
113.189087 
113.189087 
113.189087 
113.188782 
113.189392 
113.189392 
113.189697 
113.190002 
113.190308 
113.190002 
113.189087 
113.188171 
113.187256 
113.188171 
113.188171 
113.188171 
113.188477 
113.188782 
113.188171 
113.188477 
113.188477 
113.188782 
113.188477 
113.188782 
113.188782 
113.188171 
113.187866 
113.187561 
113.187256 
113.188171 
113.188782 
113.190308 
113.190613 
113.190613 
113.190613 
113.190308 
113.190308 
113.190002 
113.190002 
113.189392 
113.189392 
113.189392 
113.189392 
113.190002 
113.189697 
113.190308 
113.190613 
113.190308 
113.190613 
113.190308 
113.189392 
113.188477 
113.188171 
113.188477 
113.188477 
113.188782 
113.188782 
113.188782 
113.189087 
113.189392 
113.189087 
113.189392 
113.189087 
113.189392 
113.188477 
113.188782 
113.188782 
113.187866 
113.187561 
113.188171 
113.189392 
113.190002 
113.190308 
113.190308 
113.190308 
113.190308 
113.189697 
113.189392 
113.189392 
113.189392 
113.189392 
113.189087 
113.189697 
113.189087 
113.189087 
113.189392 
113.189392 
113.190002 
113.190308 
113.189697 
113.188477 
113.187561 
113.187256 
113.187866 
113.187256 
113.187256 
113.187561 
113.187561 
113.188477 
113.188171 
113.187866 
113.188171 
113.188171 
113.187866 
113.187866 
113.187561 
113.187256 
113.186646 
113.186646 
113.186951 
113.188171 
113.189087 
113.189392 
113.189697 
113.189392 
113.189392 
113.189087 
113.188477 
113.188477 
113.188782 
113.188782 
113.188477 
113.188782 
113.188782 
113.189087 
113.189087 
113.188782 
113.189697 
113.189697 
113.189392 
113.188171 
113.187561 
113.187256 
113.187866 
113.188171 
113.187866 
113.187866 
113.188477 
113.188477 
113.188171 
113.188171 
113.188171 
113.188782 
113.188477 
113.188171 
113.188171 
113.187866 
113.187256 
113.187561 
113.187256 
113.188477 
113.189697 
113.189697 
113.190308 
113.189697 
113.189697 
113.190002 
113.189087 
113.189392 
113.189087 
113.188782 
113.189087 
113.189087 
113.189392 
113.189697 
113.189697 
113.189697 
113.190308 
113.190308 
113.189697 
113.189087 
113.188171 
113.186951 
113.187256 
113.187561 
113.187866 
113.188171 
113.188171 
113.188782 
113.188171 
113.188171 
113.188477 
113.188477 
113.187561 
113.187866 
113.187866 
113.187866 
113.186951 
113.187256 
113.187866 
113.188477 
113.188782 
113.189392 
113.189697 
113.189392 
113.189697 
113.189087 
113.188782 
113.188477 
113.188477 
113.188782 
113.188477 
113.188477 
113.189087 
113.188782 
113.188782 
113.189087 
113.189697 
113.189392 
113.189392 
113.188477 
113.187561 
113.186646 
113.187256 
113.187256 
113.187256 
113.188171 
113.187866 
113.187866 
113.188171 
113.187866 
113.187866 
113.188171 
113.187561 
113.187866 
113.187866 
113.187256 
113.187256 
113.186951 
113.187256 
113.188477 
113.189087 
113.189697 
113.189392 
113.189392 
113.189697 
113.188782 
113.189087 
113.188782 
113.188782 
113.188782 
113.188782 
113.188782 
113.189087 
113.189087 
113.189087 
113.189697 
113.189697 
113.189697 
113.189697 
113.188477 
113.187561 
113.187256 
113.187561 
113.187866 
113.187561 
113.188477 
113.188477 
113.188477 
113.188782 
113.188171 
113.188477 
113.188477 
113.188171 
113.188477 
113.187866 
113.187561 
113.187256 
113.187256 
113.187561 
113.188477 
113.189697 
113.189697 
113.190002 
113.189392 
113.189697 
113.189392 
113.188477 
113.188477 
113.189087 
113.189087 
113.188477 
113.188477 
113.188782 
113.188477 
113.189392 
113.189392 
113.189392 
113.189697 
113.189392 
113.188171 
113.187561 
113.186951 
113.187256 
113.187256 
113.187561 
113.188171 
113.187866 
113.187866 
113.187866 
113.187866 
113.187866 
113.187866 
113.187561 
113.187561 
113.187256 
113.187256 
113.187256 
113.186646 
113.187256 
113.188171 
113.188782 
113.189697 
113.189392 
113.189087 
113.188782 
113.188782 
113.188782 
113.188477 
113.188477 
113.188477 
113.188171 
113.188477 
113.188171 
113.188782 
113.189087 
113.189087 
113.189087 
113.189392 
113.188782 
113.187866 
113.187256 
113.186951 
113.187561 
113.187256 
113.187561 
113.187866 
113.187561 
113.187866 
113.188171 
113.188171 
113.188171 
113.187561 
113.187866 
113.188171 
113.187561 
113.187256 
113.186951 
113.186646 
113.186951 
113.188477 
113.189087 
113.189697 
113.189697 
113.189697 
113.189697 
113.189087 
113.189087 
113.188782 
113.188782 
113.188782 
113.188782 
113.188477 
113.188782 
113.188782 
113.189087 
113.189087 
113.189697 
113.189697 
113.189392 
113.187866 
113.187256 
113.186951 
113.187561 
113.187561 
113.187561 
113.187561 
113.187866 
113.188477 
113.188171 
113.187866 
113.188171 
113.187866 
113.188477 
113.187866 
113.187256 
113.187256 
113.186951 
113.186646 
113.187256 
113.188171 
113.189087 
113.189087 
113.189697 
113.189392 
113.189087 
113.188782 
113.188782 
113.188782 
113.188171 
113.188782 
113.188171 
113.188477 
113.188782 
113.188477 
113.188477 
113.188782 
113.189697 
113.189392 
113.189087 
113.187866 
113.186951 
113.186340 
113.186951 
113.187561 
113.187561 
113.187561 
113.187561 
113.187866 
113.187561 
113.187866 
113.187866 
113.187561 
113.187256 
113.187866 
113.187256 
113.186951 
113.186646 
113.186340 
113.187256 
113.187866 
113.188477 
113.189392 
113.189392 
113.189087 
113.189087 
113.188782 
113.188782 
113.188171 
113.188477 
113.188477 
113.188782 
113.188477 
113.188782 
113.188782 
113.188782 
113.189392 
113.189392 
113.189697 
113.189087 
113.188171 
113.187561 
113.186951 
113.187256 
113.187256 
113.187256 
113.187866 
113.187561 
113.187866 
113.187866 
113.187866 
113.187866 
113.188171 
113.187561 
113.187866 
113.187561 
113.187256 
113.186646 
113.186340 
113.187256 
113.187866 
113.189087 
113.189087 
113.189392 
113.189392 
113.188782 
113.189087 
113.188171 
113.188477 
113.188171 
113.188477 
113.188171 
113.188171 
113.188477 
113.188782 
113.188782 
113.189087 
113.189697 
113.189392 
113.189087 
113.187866 
113.186951 
113.186646 
113.187256 
113.186951 
113.187256 
113.187561 
113.187561 
113.188171 
113.187561 
113.187561 
113.188171 
113.187866 
113.187256 
113.187561 
113.186951 
113.186951 
113.186340 
113.186646 
113.186951 
113.188171 
113.189392 
113.188782 
113.189087 
113.188782 
113.188782 
113.188782 
113.188171 
113.188171 
113.188782 
113.188477 
113.188171 
113.188477 
113.188477 
113.188782 
113.188477 
113.188477 
113.189392 
113.189697 
113.188477 
113.187866 
113.186951 
113.186951 
113.187561 
113.187256 
113.187561 
113.187866 
113.188171 
113.187866 
113.187866 
113.188171 
113.188171 
113.188171 
113.187256 
113.187561 
113.187256 
113.187256 
113.186951 
113.186646 
113.187561 
113.187866 
113.189087 
113.189697 
113.189392 
113.189697 
113.189087 
113.189087 
113.188782 
113.188477 
113.189087 
113.188171 
113.188477 
113.188782 
113.188477 
113.188477 
113.188782 
113.189697 
113.189697 
113.189697 
113.188782 
113.187866 
113.186951 
113.186951 
113.187561 
113.187256 
113.187561 
113.187561 
113.187866 
113.187866 
113.187866 
113.187866 
113.188171 
113.187561 
113.188477 
113.188171 
113.187256 
113.186951 
113.186646 
113.186646 
113.187256 
113.188477 
113.189087 
113.189392 
113.189087 
113.189392 
113.189087 
113.189087 
113.188477 
113.188171 
113.188477 
113.187866 
113.188171 
113.188477 
113.188477 
113.188477 
113.188782 
113.189087 
113.189392 
113.189392 
113.188477 
113.187866 
113.186951 
113.186951 
113.187256 
113.186646 
113.187866 
113.187561 
113.187561 
113.187561 
113.187866 
113.187866 
113.187256 
113.187866 
113.187561 
113.187256 
113.187561 
113.186951 
113.186340 
113.186340 
113.187256 
113.188171 
113.189087 
113.189087 
113.189392 
113.189087 
113.188782 
113.188782 
113.188477 
113.187866 
113.188782 
113.187866 
113.188477 
113.188782 
113.188477 
113.188477 
113.188477 
113.189087 
113.189087 
113.188782 
113.188782 
113.187561 
113.186951 
113.186951 
113.186951 
113.187561 
113.187866 
113.187256 
113.187561 
113.187866 
113.187866 
113.187866 
113.187561 
113.187866 
113.187866 
113.187256 
113.187256 
113.186951 
113.186646 
113.186340 
113.186951 
113.187866 
113.188782 
113.189087 
113.188782 
113.189392 
113.188782 
113.188782 
113.188477 
113.188477 
113.188171 
113.188477 
113.188477 
113.188171 
113.188171 
113.189087 
113.188782 
113.189087 
113.189697 
113.189697 
113.188477 
113.187561 
113.186951 
113.187256 
113.186951 
113.187256 
113.187561 
113.187561 
113.187866 
113.187866 
113.187866 
113.187866 
113.187866 
113.187866 
113.187561 
113.187256 
113.187256 
113.186646 
113.186035 
113.186646 
113.187256 
113.188171 
113.188782 
113.189087 
113.189392 
113.188782 
113.188782 
113.188782 
113.188171 
113.188477 
113.188477 
113.188171 
113.188171 
113.188171 
113.188171 
113.188782 
113.188477 
113.189087 
113.189392 
113.189392 
113.188477 
113.187561 
113.186646 
113.186646 
113.187256 
113.187256 
113.187256 
113.187256 
113.187866 
113.187866 
113.187866 
113.187256 
113.187866 
113.188171 
113.187256 
113.187866 
113.187256 
113.186340 
113.186646 
113.186646 
113.187256 
113.188477 
113.189087 
113.189087 
113.189392 
113.189087 
113.188782 
113.188477 
113.188171 
113.188477 
113.188171 
113.188171 
113.188477 
113.188171 
113.188782 
113.188782 
113.188782 
113.189087 
113.189392 
113.189087 
113.188782 
113.187866 
113.186951 
113.186646 
113.187561 
113.187256 
113.187256 
113.187561 
113.187866 
113.187561 
113.187866 
113.187866 
113.187561 
113.187866 
113.187866 
113.187561 
113.187256 
113.186951 
113.186646 
113.186646 
113.187256 
113.188171 
113.189087 
113.189392 
113.189392 
113.189087 
113.188477 
113.188477 
113.188171 
113.188171 
113.188477 
113.188477 
113.188171 
113.188477 
113.188477 
113.188171 
113.188782 
113.189392 
113.189087 
113.189697 
113.189087 
113.187866 
113.186951 
113.186646 
113.187561 
113.187256 
113.187256 
113.187561 
113.187561 
113.187866 
113.187866 
113.187866 
113.187866 
113.188171 
113.187256 
113.187256 
113.187256 
113.186035 
113.186340 
113.186646 
113.186951 
113.188171 
113.189087 
113.189392 
113.189392 
113.189087 
113.188782 
113.188477 
113.188477 
113.188477 
113.188477 
113.188477 
113.188477 
113.188782 
113.188477 
113.188171 
113.188477 
113.188782 
113.189392 
113.189392 
113.188477 
113.187866 
113.186951 
113.186646 
113.186951 
113.187256 
113.187256 
113.187561 
113.187256 
113.187866 
113.187866 
113.187561 
113.188171 
113.187256 
113.187561 
113.187561 
113.187256 
113.186646 
113.186646 
113.186340 
113.186951 
113.188477 
113.189087 
113.189087 
113.188782 
113.189697 
113.188477 
113.188171 
113.188782 
113.188171 
113.188171 
113.187866 
113.187866 
113.188171 
113.188171 
113.188782 
113.188477 
113.188782 
113.189392 
113.189392 
113.188782 
113.187561 
113.186951 
113.186951 
113.187256 
113.187256 
113.187561 
113.187866 
113.188171 
113.188171 
113.187866 
113.187866 
113.187866 
113.187561 
113.187561 
113.187561 
113.186951 
113.186951 
113.186340 
113.186646 
113.187256 
113.188171 
113.188782 
113.188782 
113.189087 
113.189087 
113.188782 
113.188782 
113.188477 
113.188477 
113.188477 
113.188477 
113.188477 
113.188477 
113.188477 
113.188782 
113.188782 
113.188782 
113.189392 
113.188782 
113.188171 
113.187866 
113.186951 
113.186646 
113.186951 
113.187561 
113.187561 
113.187561 
113.187561 
113.188171 
113.187866 
113.187866 
113.187561 
113.187866 
113.187561 
113.187256 
113.187561 
113.186951 
113.186646 
113.186646 
113.187561 
113.188477 
113.189087 
113.189087 
113.189392 
113.189392 
113.188782 
113.188477 
113.188477 
113.188171 
113.188171 
113.188171 
113.188171 
113.188477 
113.188477 
113.188477 
113.188477 
113.188782 
113.189392 
113.188782 
113.188477 
113.187561 
113.186646 
113.186646 
113.186951 
113.186951 
113.187256 
113.187561 
113.187866 
113.187866 
113.187256 
113.187561 
113.187866 
113.187561 
113.187561 
113.187256 
113.187256 
113.186951 
113.186340 
113.186646 
113.187256 
113.187866 
113.189392 
113.189087 
113.189087 
113.188782 
113.188782 
113.188477 
113.188477 
113.188171 
113.188477 
113.188171 
113.187561 
113.188171 
113.188171 
113.188477 
113.188477 
113.188782 
113.189392 
113.189087 
113.188477 
113.186951 
113.186646 
113.186646 
113.186646 
113.187256 
113.187561 
113.187866 
113.187561 
113.187561 
113.187256 
113.187256 
113.187866 
113.187561 
113.187256 
113.187256 
113.187256 
113.186646 
113.186646 
113.186340 
113.187256 
113.188171 
113.189087 
113.188477 
113.189087 
113.188782 
113.189087 
113.188477 
113.187866 
113.188171 
113.188477 
113.188171 
113.188171 
113.188171 
113.187866 
113.188171 
113.188782 
113.188782 
113.189392 
113.188782 
113.188477 
113.187561 
113.186646 
113.186646 
113.187256 
113.187256 
113.186951 
113.187256 
113.187561 
113.187561 
113.187561 
113.188171 
113.187561 
113.187561 
113.187256 
113.187561 
113.187256 
113.186340 
113.186340 
113.186646 
113.186951 
113.188171 
113.188782 
113.189087 
113.189087 
113.189087 
113.189087 
113.188477 
113.188171 
113.188171 
113.187866 
113.188171 
113.188171 
113.188782 
113.188477 
113.188477 
113.188477 
113.189392 
113.189087 
113.188782 
113.188171 
113.187561 
113.186951 
113.186951 
113.187256 
113.187256 
113.187256 
113.187561 
113.187561 
113.187561 
113.187561 
113.187866 
113.187866 
113.187866 
113.187256 
113.187561 
113.186951 
113.186340 
113.186646 
113.186646 
113.187256 
113.187866 
113.189087 
113.189087 
113.189392 
113.189392 
113.188477 
113.188477 
113.188477 
113.188171 
113.188477 
113.188171 
113.187866 
113.188477 
113.188782 
113.188171 
113.188477 
113.188782 
113.189087 
113.189087 
113.187866 
113.187256 
113.186646 
113.186646 
113.187561 
113.186951 
113.187256 
113.187866 
113.187256 
113.187561 
113.187561 
113.187561 
113.187866 
113.187561 
113.187866 
113.187256 
113.186951 
113.186951 
113.186035 
113.186646 
113.187256 
113.188782 
113.189392 
113.189087 
113.189087 
113.189392 
113.189087 
113.188477 
113.188171 
113.188477 
113.187866 
113.188171 
113.188171 
113.188477 
113.187866 
113.188477 
113.188477 
113.188477 
113.189087 
113.189087 
113.188171 
113.186951 
113.186340 
113.186951 
113.186951 
113.186951 
113.187256 
113.187561 
113.187561 
113.187866 
113.187561 
113.187866 
113.187866 
113.187866 
113.187866 
113.187256 
113.186951 
113.186646 
113.186035 
113.186340 
113.187561 
113.188782 
113.189087 
113.189087 
113.189392 
113.188782 
113.188782 
113.188477 
113.188477 
113.188171 
113.188171 
113.188171 
113.188477 
113.188782 
113.188477 
113.188477 
113.188477 
113.188782 
113.189392 
113.189087 
113.188171 
113.187256 
113.186646 
113.186646 
113.186951 
113.187256 
113.187256 
113.187561 
113.187561 
113.187561 
113.187561 
113.187256 
113.187561 
113.187866 
113.186951 
113.187256 
113.187561 
113.186646 
113.186035 
113.186340 
113.187256 
113.187866 
113.188782 
113.188782 
113.189392 
113.189087 
113.188782 
113.188782 
113.188477 
113.188171 
113.188171 
113.188171 
113.188171 
113.188171 
113.188171 
113.188477 
113.188782 
113.189087 
113.189087 
113.189087 
113.188477 
113.187256 
113.186646 
113.186951 
113.186646 
113.187256 
113.187256 
113.187561 
113.187561 
113.187561 
113.187561 
113.187256 
113.187866 
113.187866 
113.187561 
113.187561 
113.186951 
113.186340 
113.186646 
113.186646 
113.187561 
113.188782 
113.189087 
113.189392 
113.189087 
113.188782 
113.188477 
113.188171 
113.188171 
113.187866 
113.188477 
113.187866 
113.188171 
113.188477 
113.188477 
113.188477 
113.188782 
113.189392 
113.189392 
113.188782 
113.188477 
113.187256 
113.186646 
113.186646 
113.186951 
113.187256 
113.187561 
113.187561 
113.187866 
113.187561 
113.187561 
113.187561 
113.187866 
113.187561 
113.186951 
113.187561 
113.186646 
113.186646 
113.186646 
113.186646 
113.186951 
113.188477 
113.188782 
113.189087 
113.189087 
113.189392 
113.188782 
113.188477 
113.188477 
113.188477 
113.188171 
113.188171 
113.188171 
113.188171 
113.188477 
113.188171 
113.188477 
113.188782 
113.188782 
113.188782 
113.187866 
113.186646 
113.186951 
113.186340 
113.186951 
113.186646 
113.186951 
113.187561 
113.187256 
113.187561 
113.187561 
113.187866 
113.187256 
113.187256 
113.187561 
113.187561 
113.186951 
113.186646 
113.186340 
113.186340 
113.186951 
113.188477 
113.188782 
113.188782 
113.188782 
113.188477 
113.188477 
113.188171 
113.187866 
113.188171 
113.188477 
113.187866 
113.187866 
113.188171 
113.187866 
113.188171 
113.188477 
113.189087 
113.189392 
113.189087 
113.188171 
113.187561 
113.186646 
113.186646 
113.186340 
113.187561 
113.187866 
113.187866 
113.187256 
113.187561 
113.187866 
113.187561 
113.187561 
113.187866 
113.187561 
113.187866 
113.186951 
113.186951 
113.186035 
113.186340 
113.187561 
113.188477 
113.188782 
113.189087 
113.189087 
113.188782 
113.188782 
113.188477 
113.188171 
113.187866 
113.188171 
113.187866 
113.188171 
113.188477 
113.188171 
113.188782 
113.188782 
113.188782 
113.189087 
113.189087 
113.188171 
113.186646 
113.186340 
113.186646 
113.186951 
113.187256 
113.187561 
113.187561 
113.187866 
113.187561 
113.187561 
113.187561 
113.187866 
113.188171 
113.187256 
113.187256 
113.186951 
113.186340 
113.186646 
113.186035 
113.187256 
113.188171 
113.188782 
113.188782 
113.189392 
113.189087 
113.188782 
113.188477 
113.188171 
113.188477 
113.188171 
113.188171 
113.188171 
113.188171 
113.188477 
113.188477 
113.188477 
113.188782 
113.189087 
113.189392 
113.188477 
113.187256 
113.186646 
113.186951 
113.186951 
113.187256 
113.187256 
113.187561 
113.187256 
113.187561 
113.187561 
113.187561 
113.187561 
113.187256 
113.187256 
113.186951 
113.186951 
113.186340 
113.186646 
113.186340 
113.187561 
113.188477 
113.188782 
113.189087 
113.189087 
113.188782 
113.188477 
113.188477 
113.188171 
113.187866 
113.188477 
113.188171 
113.188171 
113.188477 
113.188782 
113.188477 
113.188782 
113.188782 
113.188782 
113.189392 
113.187866 
113.187256 
113.186646 
113.186340 
113.187256 
113.186951 
113.187256 
113.187561 
113.187866 
113.187866 
113.187866 
113.187561 
113.187866 
113.187256 
113.187561 
113.187561 
113.187256 
113.186340 
113.186340 
113.186340 
113.187561 
113.188477 
113.189087 
113.189087 
113.188477 
113.189087 
113.188477 
113.188171 
113.188171 
113.187866 
113.188171 
113.188171 
113.187866 
113.188477 
113.188477 
113.188477 
113.188477 
113.188782 
113.189392 
113.189087 
113.187866 
113.187256 
113.186646 
113.186646 
113.186951 
113.187256 
113.186646 
113.187256 
113.187866 
113.186951 
113.187256 
113.187561 
113.187561 
113.187561 
113.187561 
113.187256 
113.186951 
113.186646 
113.186646 
113.186646 
113.187561 
113.188171 
113.189087 
113.188782 
113.188782 
113.189087 
113.188477 
113.188477 
113.187866 
113.187866 
113.188171 
113.187866 
113.187866 
113.187866 
113.188171 
113.188171 
113.188477 
113.189087 
113.189087 
113.188782 
113.188477 
113.186646 
113.186340 
113.186951 
113.186951 
113.186951 
113.187561 
113.187256 
113.187561 
113.187866 
113.187561 
113.187561 
113.187561 
113.187866 
113.187561 
113.187561 
113.187256 
113.186340 
113.186340 
113.186646 
113.187561 
113.188477 
113.189392 
113.189087 
113.189087 
113.189087 
113.188782 
113.188477 
113.188477 
113.188171 
113.188171 
113.188171 
113.188171 
113.188171 
113.188171 
113.188782 
113.188477 
113.189087 
113.189087 
113.188782 
113.188477 
113.187256 
113.186646 
113.187256 
113.186951 
113.187256 
113.187256 
113.187561 
113.187256 
113.187256 
113.187866 
113.187561 
113.187561 
113.187561 
113.187561 
113.187561 
113.186951 
113.186646 
113.186646 
113.186951 
113.187866 
113.188477 
113.189087 
113.188782 
113.189087 
113.189087 
113.189087 
113.188171 
113.188477 
113.188477 
113.188171 
113.188171 
113.188477 
113.188477 
113.188477 
113.188477 
113.188782 
113.189087 
113.189392 
113.189087 
113.187866 
113.186951 
113.186340 
113.186951 
113.186951 
113.187256 
113.187866 
113.187561 
113.187561 
113.187561 
113.187561 
113.187561 
113.187256 
113.187256 
113.187256 
113.187256 
113.186646 
113.186340 
113.186340 
113.186340 
113.187561 
113.188782 
113.188782 
113.189087 
113.189087 
113.188477 
113.188477 
113.188477 
113.187866 
113.187866 
113.188171 
113.188171 
113.188477 
113.187866 
113.188477 
113.188477 
113.188477 
113.189087 
113.189697 
113.188782 
113.187561 
113.187256 
113.186340 
113.186951 
113.186951 
113.187256 
113.186951 
113.186951 
113.187561 
113.187561 
113.187866 
113.187561 
113.187561 
113.187866 
113.187561 
113.186951 
113.186951 
113.186340 
113.186340 
113.186340 
113.187256 
113.188477 
113.188782 
113.189087 
113.188782 
113.188782 
113.188782 
113.188171 
113.188171 
113.188477 
113.187866 
113.187866 
113.188171 
113.187866 
113.188477 
113.188171 
113.188477 
113.189087 
113.189087 
113.188782 
113.188171 
113.187256 
113.186646 
113.186035 
113.186951 
113.187561 
113.187561 
113.187561 
113.187866 
113.187561 
113.187561 
113.187561 
113.187866 
113.187561 
113.187256 
113.187561 
113.186646 
113.186340 
113.186035 
113.186340 
113.187561 
113.188171 
113.188171 
113.189087 
113.188782 
113.188477 
113.188477 
113.188171 
113.188171 
113.187866 
113.188171 
113.188171 
113.187866 
113.188171 
113.188171 
113.188477 
113.188477 
113.188782 
113.189087 
113.189087 
113.187561 
113.186646 
113.186646 
113.186646 
113.187256 
113.187256 
113.187561 
113.187866 
113.187256 
113.187561 
113.187256 
113.187866 
113.187561 
113.187561 
113.186951 
113.187561 
113.187256 
113.186035 
113.186340 
113.186646 
113.187256 
113.188477 
113.188782 
113.189087 
113.189087 
113.188782 
113.188477 
113.188477 
113.187866 
113.188171 
113.187866 
113.187866 
113.187866 
113.188782 
113.188171 
113.188782 
113.188782 
113.189392 
113.189087 
113.188782 
113.188171 
113.187256 
113.186646 
113.186951 
113.187256 
113.186951 
113.187561 
113.187256 
113.187561 
113.187866 
113.187256 
113.187561 
113.187561 
113.187561 
113.187256 
113.187256 
113.186646 
113.186035 
113.186646 
113.186646 
113.187561 
113.188171 
113.187866 
113.186951 
113.185120 
113.182678 
113.179016 
113.174744 
113.170166 
113.164978 
113.159180 
113.153687 
113.147888 
113.141785 
113.134460 
113.127441 
113.120117 
113.112488 
113.104553 
113.095398 
113.085632 
113.075867 
113.065796 
113.056335 
113.046570 
113.036499 
113.026733 
113.016052 
113.005981 
112.995605 
112.984924 
112.973938 
112.962952 
112.951965 
112.940674 
112.929382 
112.918091 
112.906799 
112.894592 
112.883606 
112.873840 
112.863464 
112.853088 
112.842102 
112.831421 
112.819824 
112.807922 
112.796631 
112.785339 
112.774048 
112.763367 
112.752380 
112.741394 
112.730103 
112.719421 
112.709045 
112.698364 
112.687683 
112.677307 
112.666626 
112.655029 
112.643127 
112.632141 
112.621765 
112.611084 
112.600403 
112.590637 
112.579651 
112.569275 
112.559509 
112.548828 
112.538452 
112.528076 
112.517395 
112.507019 
112.496338 
112.485962 
112.475586 
112.464294 
112.454224 
112.444763 
112.435913 
112.425537 
112.415466 
112.405090 
112.394409 
112.384033 
112.373352 
112.362366 
112.351990 
112.341614 
112.331238 
112.320557 
112.310486 
112.299805 
112.290344 
112.279968 
112.269897 
112.259521 
112.248840 
112.237244 
112.226257 
112.215576 
112.205505 
112.194824 
112.184753 
112.174683 
112.164612 
112.154541 
112.144775 
112.133789 
112.123718 
112.112732 
112.102356 
112.091675 
112.081299 
112.070313 
112.059937 
112.048950 
112.038879 
112.029724 
112.019958 
112.010498 
112.000122 
111.989441 
111.979370 
111.968384 
111.957703 
111.946411 
111.936035 
111.925049 
111.914673 
111.904602 
111.894226 
111.883545 
111.873474 
111.863403 
111.853027 
111.842957 
111.832275 
111.820984 
111.809692 
111.798401 
111.788330 
111.778259 
111.767883 
111.757813 
111.748047 
111.737671 
111.727905 
111.717529 
111.706848 
111.697083 
111.686401 
111.676331 
111.665649 
111.654663 
111.644287 
111.633301 
111.623230 
111.613770 
111.604614 
111.594543 
111.584778 
111.574707 
111.564026 
111.553345 
111.542969 
111.531982 
111.521301 
111.510925 
111.500549 
111.489868 
111.479797 
111.469421 
111.459045 
111.448975 
111.439514 
111.429138 
111.418762 
111.406860 
111.395874 
111.384888 
111.374817 
111.364136 
111.354370 
111.344299 
111.334229 
111.323853 
111.313782 
111.303101 
111.293335 
111.282654 
111.272583 
111.262207 
111.251221 
111.240540 
111.230164 
111.219482 
111.209412 
111.200256 
111.190491 
111.181030 
111.170959 
111.160278 
111.149902 
111.139526 
111.128540 
111.117859 
111.107483 
111.097412 
111.086731 
111.076660 
111.066284 
111.055908 
111.045837 
111.036072 
111.026001 
111.015625 
111.004944 
110.993652 
110.982666 
110.971680 
110.961914 
110.951538 
110.941772 
110.931396 
110.921326 
110.911560 
110.900879 
110.891113 
110.881042 
110.870667 
110.859985 
110.849915 
110.839233 
110.828247 
110.818176 
110.807495 
110.797119 
110.787659 
110.778503 
110.769043 
110.758362 
110.747986 
110.738220 
110.727234 
110.716553 
110.705566 
110.694885 
110.684509 
110.673523 
110.663757 
110.653381 
110.643005 
110.632935 
110.622559 
110.612793 
110.602417 
110.592041 
110.580444 
110.569153 
110.558472 
110.548096 
110.537415 
110.527344 
110.517273 
110.507507 
110.497437 
110.487061 
110.476685 
110.466614 
110.456543 
110.446167 
110.435791 
110.425415 
110.414734 
110.403748 
110.393372 
110.383606 
110.373840 
110.364685 
110.354919 
110.345154 
110.334778 
110.324097 
110.313416 
110.303040 
110.292053 
110.281982 
110.271606 
110.260925 
110.250854 
110.240784 
110.230408 
110.220032 
110.209961 
110.200500 
110.190125 
110.179443 
110.168457 
110.158081 
110.148315 
110.139160 
110.131531 
110.124207 
110.118713 
110.113831 
110.110474 
110.106506 
110.104370 
110.102234 
110.100708 
110.100098 
110.099182 
110.098572 
110.097961 
110.097351 
110.097351 
110.097961 
110.098877 
110.100098 
110.099487 
110.100708 
110.100708 
110.100708 
110.100098 
110.100098 
110.100098 
110.100098 
110.100708 
110.100403 
110.101013 
110.101624 
110.101929 
110.102844 
110.102844 
110.103760 
110.104370 
110.104065 
110.102844 
110.102844 
110.102234 
110.102844 
110.102844 
110.103455 
110.103149 
110.104065 
110.104370 
110.104065 
110.104065 
110.104675 
110.104675 
110.104675 
110.104675 
110.104980 
110.104065 
110.103760 
110.103760 
110.103760 
110.105286 
110.106201 
110.106506 
110.107117 
110.106812 
110.106812 
110.106506 
110.105896 
110.105591 
110.105896 
110.105591 
110.105896 
110.105896 
110.105896 
110.105896 
110.106201 
110.106201 
110.106812 
110.106506 
110.106506 
110.105286 
110.104065 
110.104370 
110.104675 
110.104370 
110.104675 
110.105286 
110.105286 
110.105286 
110.105591 
110.105286 
110.105591 
110.104980 
110.105286 
110.104675 
110.105286 
110.104370 
110.104065 
