Blum, K. P., D’Incamps, B. L., Zytnicki, D., & Ting, L. H. (2017).
Force encoding in muscle spindles during stretch of
passive muscle. PLoS computational biology, 13(9), 
e1005767. <https://journals.plos.org/ploscompbiol/article?
id=10.1371/journal.pcbi.1005767>

cat medial gastrocnemius muscle lengths over t  (in 0.0005 s increments)
110.108948 
110.109253 
110.110168 
110.110168 
110.109863 
110.110168 
110.110168 
110.110168 
110.110168 
110.110168 
110.109863 
110.109863 
110.109558 
110.108948 
110.108643 
110.108643 
110.109863 
110.111084 
110.112000 
110.112000 
110.111694 
110.111694 
110.112000 
110.111084 
110.110779 
110.111389 
110.111084 
110.111084 
110.111389 
110.111084 
110.111084 
110.111389 
110.111694 
110.111694 
110.112610 
110.112915 
110.111389 
110.109863 
110.109253 
110.109253 
110.109253 
110.109253 
110.109863 
110.109863 
110.110474 
110.110168 
110.110474 
110.110474 
110.110474 
110.110474 
110.110168 
110.110168 
110.109558 
110.109253 
110.108643 
110.108948 
110.109863 
110.111084 
110.111694 
110.112000 
110.112000 
110.111694 
110.111694 
110.111389 
110.110474 
110.111084 
110.111389 
110.111084 
110.110779 
110.111084 
110.110779 
110.111389 
110.111694 
110.112000 
110.112610 
110.112610 
110.111389 
110.109863 
110.109253 
110.109253 
110.109253 
110.109253 
110.109558 
110.109863 
110.110168 
110.110474 
110.110168 
110.110474 
110.110474 
110.110168 
110.110168 
110.109863 
110.109558 
110.109253 
110.108643 
110.108643 
110.109863 
110.110779 
110.112305 
110.112000 
110.111694 
110.111694 
110.111389 
110.111389 
110.111084 
110.110779 
110.111084 
110.110779 
110.111389 
110.111084 
110.111389 
110.111694 
110.111389 
110.112610 
110.112610 
110.112915 
110.112000 
110.110779 
110.110474 
110.110779 
110.111084 
110.111694 
110.112915 
110.113525 
110.114746 
110.115051 
110.116272 
110.117188 
110.117798 
110.119019 
110.119629 
110.120850 
110.121765 
110.122681 
110.123291 
110.125122 
110.127563 
110.130615 
110.133057 
110.135498 
110.137329 
110.138550 
110.140686 
110.142517 
110.144043 
110.145874 
110.148315 
110.150146 
110.152588 
110.155334 
110.157471 
110.160217 
110.163269 
110.166321 
110.169373 
110.172119 
110.173950 
110.174561 
110.177002 
110.180054 
110.183105 
110.185852 
110.189209 
110.193176 
110.196533 
110.200195 
110.203857 
110.207214 
110.210876 
110.214844 
110.217896 
110.221252 
110.224915 
110.228271 
110.231934 
110.235901 
110.240784 
110.246277 
110.251770 
110.256348 
110.260620 
110.264587 
110.268860 
110.272827 
110.277100 
110.281677 
110.285950 
110.290527 
110.295410 
110.300293 
110.305176 
110.310669 
110.316162 
110.321350 
110.327454 
110.332642 
110.337219 
110.341187 
110.345764 
110.350952 
110.357361 
110.362854 
110.369263 
110.375671 
110.381775 
110.388184 
110.394897 
110.400696 
110.407715 
110.413513 
110.419922 
110.426636 
110.432434 
110.438538 
110.445251 
110.452271 
110.460510 
110.469055 
110.477295 
110.485229 
110.492859 
110.500183 
110.508118 
110.515442 
110.522766 
110.531006 
110.539246 
110.546875 
110.556335 
110.565186 
110.573730 
110.582886 
110.592651 
110.602417 
110.611572 
110.621643 
110.629578 
110.637817 
110.646362 
110.655518 
110.664673 
110.673828 
110.683594 
110.692749 
110.701599 
110.711365 
110.720520 
110.729370 
110.737915 
110.746155 
110.754395 
110.762634 
110.770874 
110.778503 
110.786743 
110.794678 
110.804443 
110.814209 
110.824280 
110.833130 
110.841980 
110.850525 
110.859375 
110.868530 
110.876770 
110.885925 
110.895081 
110.903931 
110.913391 
110.923157 
110.932617 
110.942078 
110.951843 
110.962219 
110.972290 
110.982361 
110.990906 
110.999451 
111.008301 
111.018372 
111.028137 
111.038208 
111.048889 
111.059265 
111.069641 
111.080017 
111.090393 
111.100769 
111.110840 
111.121826 
111.131287 
111.141357 
111.151428 
111.161499 
111.170959 
111.181641 
111.192932 
111.204529 
111.215820 
111.226196 
111.236572 
111.246948 
111.257324 
111.267090 
111.277161 
111.286926 
111.296997 
111.307373 
111.317749 
111.327515 
111.338196 
111.349182 
111.359558 
111.369934 
111.380920 
111.391296 
111.400452 
111.408386 
111.418457 
111.428223 
111.438599 
111.448975 
111.459045 
111.469727 
111.480103 
111.491089 
111.501465 
111.511841 
111.521912 
111.532288 
111.542358 
111.552429 
111.562195 
111.571960 
111.581726 
111.591797 
111.603088 
111.614380 
111.625671 
111.636353 
111.647034 
111.656494 
111.666870 
111.676941 
111.686707 
111.696472 
111.706543 
111.716614 
111.726685 
111.737061 
111.747742 
111.757507 
111.768494 
111.779480 
111.789551 
111.800537 
111.809692 
111.818848 
111.828003 
111.837769 
111.847839 
111.858215 
111.868896 
111.879578 
111.890259 
111.900940 
111.911621 
111.921692 
111.932068 
111.942444 
111.952820 
111.962891 
111.972656 
111.982727 
111.992493 
112.002563 
112.014160 
112.025757 
112.037048 
112.048035 
112.058105 
112.067871 
112.078247 
112.088318 
112.098083 
112.108154 
112.118835 
112.128601 
112.138977 
112.149658 
112.159729 
112.170410 
112.181091 
112.191772 
112.203064 
112.213135 
112.222290 
112.231445 
112.240601 
112.250977 
112.261047 
112.271729 
112.282410 
112.293091 
112.303772 
112.314453 
112.324829 
112.335205 
112.345581 
112.356262 
112.366333 
112.376404 
112.386780 
112.396240 
112.406006 
112.416077 
112.427673 
112.439575 
112.450867 
112.461548 
112.472534 
112.482300 
112.492065 
112.502136 
112.512512 
112.522583 
112.532654 
112.542725 
112.553406 
112.563477 
112.573853 
112.585144 
112.595520 
112.605896 
112.616882 
112.627258 
112.636719 
112.645264 
112.655029 
112.665100 
112.675171 
112.685547 
112.695923 
112.706604 
112.717285 
112.727966 
112.738342 
112.749023 
112.759399 
112.770081 
112.779846 
112.790222 
112.799988 
112.810059 
112.820129 
112.830505 
112.841187 
112.853088 
112.864075 
112.875061 
112.885132 
112.895203 
112.905884 
112.915344 
112.926025 
112.935791 
112.945862 
112.955322 
112.966003 
112.976379 
112.986755 
112.997437 
113.008118 
113.018799 
113.029175 
113.039856 
113.049011 
113.058472 
113.067322 
113.077393 
113.087769 
113.098145 
113.108826 
113.119812 
113.129883 
113.140259 
113.150940 
113.160706 
113.170776 
113.181458 
113.191833 
113.201599 
113.211670 
113.222046 
113.231506 
113.242188 
113.252869 
113.264465 
113.275757 
113.286438 
113.296814 
113.306580 
113.316650 
113.326721 
113.336487 
113.346252 
113.356934 
113.367004 
113.377075 
113.387756 
113.397522 
113.407593 
113.418274 
113.428650 
113.439331 
113.449097 
113.457947 
113.466187 
113.475037 
113.483887 
113.493652 
113.503418 
113.513489 
113.523560 
113.533325 
113.542480 
113.551941 
113.561096 
113.569946 
113.579407 
113.588257 
113.597107 
113.605347 
113.613892 
113.622437 
113.630371 
113.640137 
113.649902 
113.659058 
113.667908 
113.676147 
113.684998 
113.692322 
113.700256 
113.707886 
113.715515 
113.723755 
113.731384 
113.738708 
113.746643 
113.754578 
113.762207 
113.770142 
113.778076 
113.785400 
113.793030 
113.799438 
113.805237 
113.811340 
113.818054 
113.825073 
113.832397 
113.840027 
113.846741 
113.854065 
113.860779 
113.868103 
113.874512 
113.880920 
113.887634 
113.893738 
113.899841 
113.905945 
113.911438 
113.917236 
113.923340 
113.930359 
113.937378 
113.944092 
113.950500 
113.956299 
113.961792 
113.966980 
113.972473 
113.977661 
113.982849 
113.987732 
113.993530 
113.998718 
114.004211 
114.009094 
114.014282 
114.020081 
114.024963 
114.030762 
114.035339 
114.039001 
114.042664 
114.046021 
114.050598 
114.055481 
114.059143 
114.064026 
114.069214 
114.073181 
114.078064 
114.082336 
114.086304 
114.089966 
114.094238 
114.098206 
114.101257 
114.104614 
114.108276 
114.111328 
114.115295 
114.118958 
114.123840 
114.128418 
114.132385 
114.135437 
114.138489 
114.141235 
114.143982 
114.147034 
114.149475 
114.152222 
114.154968 
114.157410 
114.160156 
114.163208 
114.165649 
114.169006 
114.171753 
114.174194 
114.176636 
114.177856 
114.178772 
114.180603 
114.181519 
114.183350 
114.185791 
114.187622 
114.189453 
114.191895 
114.193726 
114.195251 
114.196777 
114.198608 
114.199524 
114.201050 
114.202271 
114.202881 
114.203491 
114.204102 
114.204712 
114.206848 
114.209290 
114.211121 
114.212341 
114.212646 
114.213562 
114.213257 
114.213867 
114.213867 
114.213867 
114.214172 
114.214478 
114.215088 
114.214478 
114.215393 
114.215393 
114.216003 
114.216003 
114.216614 
114.216919 
114.216003 
114.214478 
114.213562 
114.213257 
114.212952 
114.213562 
114.213562 
114.214172 
114.213867 
114.213867 
114.213867 
114.213867 
114.214172 
114.213867 
114.213257 
114.213257 
114.212646 
114.212341 
114.211426 
114.211121 
114.212036 
114.213562 
114.214172 
114.214172 
114.214172 
114.213562 
114.213562 
114.212952 
114.212952 
114.212036 
114.212341 
114.212341 
114.212341 
114.212341 
114.212341 
114.212646 
114.212646 
114.213257 
114.213562 
114.213867 
114.212646 
114.211426 
114.210205 
114.209595 
114.209595 
114.209900 
114.210205 
114.210205 
114.210510 
114.210815 
114.210510 
114.210510 
114.210815 
114.210815 
114.210815 
114.210205 
114.210205 
114.209290 
114.208984 
114.209290 
114.209595 
114.211426 
114.212036 
114.212036 
114.212341 
114.212036 
114.211731 
114.211426 
114.211731 
114.211121 
114.210815 
114.211121 
114.211121 
114.211121 
114.211426 
114.211731 
114.212036 
114.212341 
114.212952 
114.212646 
114.212036 
114.210815 
114.209290 
114.208984 
114.209290 
114.209595 
114.209595 
114.209900 
114.209900 
114.209900 
114.210205 
114.210510 
114.210510 
114.210205 
114.210205 
114.209900 
114.209900 
114.209290 
114.208679 
114.208679 
114.209290 
114.210815 
114.212036 
114.212036 
114.212036 
114.211731 
114.211426 
114.211121 
114.210510 
114.211121 
114.210815 
114.210815 
114.211121 
114.210815 
114.210815 
114.211426 
114.211731 
114.211731 
114.212341 
114.212341 
114.211426 
114.209595 
114.208679 
114.208374 
114.208679 
114.208374 
114.208679 
114.208984 
114.209290 
114.209900 
114.208984 
114.209595 
114.209595 
114.209595 
114.209595 
114.209290 
114.208374 
114.208679 
114.208374 
114.208374 
114.208679 
114.210510 
114.211121 
114.211426 
114.211426 
114.210815 
114.210815 
114.210510 
114.210205 
114.210205 
114.210205 
114.210205 
114.210205 
114.210205 
114.210510 
114.210815 
114.211121 
114.211426 
114.211731 
114.212036 
114.211121 
114.209595 
114.208374 
114.208984 
114.208374 
114.208984 
114.208984 
114.209900 
114.209290 
114.209900 
114.209900 
114.209595 
114.209900 
114.209900 
114.209595 
114.209595 
114.209290 
114.208374 
114.208374 
114.208069 
114.208984 
114.210510 
114.211121 
114.211731 
114.211731 
114.211731 
114.211426 
114.210815 
114.210815 
114.210510 
114.210815 
114.210510 
114.210815 
114.210815 
114.210205 
114.210815 
114.211121 
114.211731 
114.212036 
114.212341 
114.211426 
114.209900 
114.208679 
114.208374 
114.208679 
114.208679 
114.209290 
114.209595 
114.209595 
114.209900 
114.210205 
114.209595 
114.209900 
114.209595 
114.209290 
114.209290 
114.209290 
114.208679 
114.208069 
114.207764 
114.208679 
114.210205 
114.211731 
114.211731 
114.211121 
114.211121 
114.211121 
114.210510 
114.209900 
114.210205 
114.210205 
114.209595 
114.210510 
114.210205 
114.210205 
114.210510 
114.210815 
114.210815 
114.211426 
114.212036 
114.210815 
114.209290 
114.208374 
114.207764 
114.207764 
114.208679 
114.208984 
114.208984 
114.208984 
114.208984 
114.209290 
114.208984 
114.209290 
114.208984 
114.208984 
114.208984 
114.208679 
114.208069 
114.208069 
114.207458 
114.208679 
114.209900 
114.210815 
114.211121 
114.210815 
114.210815 
114.210510 
114.210510 
114.209900 
114.210205 
114.209900 
114.209595 
114.210205 
114.209900 
114.209900 
114.210510 
114.210815 
114.210815 
114.211426 
114.211426 
114.210510 
114.209290 
114.208679 
114.208069 
114.208374 
114.208679 
114.208679 
114.208984 
114.209595 
114.209595 
114.209290 
114.209595 
114.209595 
114.209290 
114.209290 
114.209290 
114.209290 
114.208374 
114.208069 
114.207764 
114.208679 
114.210205 
114.211426 
114.211731 
114.211121 
114.210510 
114.210815 
114.210205 
114.210510 
114.210205 
114.209900 
114.210510 
114.210205 
114.209900 
114.209900 
114.210510 
114.210815 
114.210815 
114.211731 
114.211731 
114.210510 
114.209290 
114.208069 
114.208374 
114.208069 
114.208069 
114.208679 
114.208984 
114.208679 
114.208984 
114.208984 
114.209290 
114.209290 
114.209290 
114.208679 
114.208984 
114.208679 
114.207764 
114.207458 
114.208069 
114.208679 
114.209595 
114.210815 
114.210815 
114.210815 
114.210510 
114.210205 
114.209595 
114.209900 
114.209595 
114.209290 
114.209595 
114.209595 
114.209900 
114.209595 
114.209900 
114.210510 
114.211121 
114.211121 
114.211121 
114.210205 
114.208679 
114.208069 
114.207764 
114.208069 
114.208069 
114.208374 
114.208679 
114.208984 
114.209290 
114.209595 
114.208679 
114.208984 
114.208679 
114.208984 
114.208679 
114.208374 
114.208069 
114.207764 
114.207764 
114.208069 
114.209595 
114.210510 
114.210815 
114.211121 
114.210510 
114.210205 
114.209900 
114.209595 
114.209900 
114.209595 
114.209900 
114.209595 
114.209900 
114.209900 
114.209900 
114.210815 
114.210815 
114.211426 
114.211426 
114.210205 
114.208679 
114.208069 
114.207764 
114.208069 
114.208374 
114.208374 
114.208374 
114.208679 
114.208679 
114.209290 
114.209290 
114.208984 
114.208984 
114.209290 
114.208679 
114.208679 
114.208069 
114.207458 
114.207764 
114.208374 
114.209595 
114.210510 
114.211121 
114.210815 
114.210510 
114.210815 
114.210205 
114.209595 
114.209595 
114.209595 
114.209595 
114.209900 
114.209900 
114.209900 
114.209900 
114.210815 
114.210510 
114.211121 
114.211121 
114.210510 
114.208679 
114.207764 
114.207764 
114.207764 
114.208069 
114.208069 
114.208069 
114.208679 
114.208984 
114.208679 
114.208679 
114.208984 
114.208984 
114.208984 
114.208679 
114.208069 
114.207458 
114.207458 
114.207153 
114.208069 
114.209290 
114.210205 
114.210205 
114.210510 
114.210205 
114.210205 
114.209290 
114.209595 
114.209595 
114.209290 
114.209595 
114.209290 
114.209900 
114.209595 
114.209595 
114.210510 
114.210510 
114.211121 
114.211121 
114.210510 
114.208984 
114.207764 
114.207458 
114.207458 
114.207764 
114.208069 
114.208374 
114.208679 
114.208679 
114.209290 
114.209290 
114.209290 
114.208679 
114.208679 
114.208374 
114.208374 
114.208069 
114.207458 
114.207458 
114.208069 
114.209290 
114.210205 
114.210815 
114.210815 
114.210205 
114.210205 
114.210205 
114.209595 
114.209595 
114.209595 
114.209595 
114.209595 
114.209595 
114.209595 
114.209595 
114.210510 
114.210510 
114.211121 
114.211426 
114.210510 
114.208984 
114.208069 
114.207764 
114.208069 
114.208069 
114.208679 
114.208679 
114.208984 
114.208679 
114.208984 
114.208984 
114.208984 
114.208679 
114.208374 
114.208679 
114.208374 
114.208069 
114.207153 
114.207458 
114.208374 
114.208984 
114.210510 
114.210510 
114.210510 
114.210205 
114.210205 
114.209900 
114.209595 
114.209595 
114.209595 
114.209290 
114.209595 
114.209595 
114.209900 
114.209290 
114.210510 
114.210510 
114.210815 
114.211121 
114.210205 
114.208679 
114.207764 
114.207458 
114.207153 
114.207764 
114.207764 
114.208069 
114.208374 
114.208984 
114.208374 
114.208679 
114.208984 
114.208374 
114.208679 
114.208679 
114.207764 
114.207153 
114.207153 
114.207153 
114.207764 
114.208984 
114.210205 
114.209900 
114.210205 
114.210510 
114.209900 
114.209900 
114.209900 
114.208984 
114.209595 
114.209290 
114.208984 
114.209290 
114.209595 
114.209290 
114.209900 
114.210205 
114.210815 
114.210510 
114.210205 
114.208374 
114.207764 
114.207458 
114.207153 
114.208069 
114.208069 
114.208374 
114.208374 
114.208679 
114.208679 
114.208679 
114.209290 
114.208679 
114.208374 
114.208374 
114.208069 
114.207764 
114.207458 
114.207153 
114.207764 
114.208984 
114.210205 
114.210205 
114.210815 
114.210510 
114.210205 
114.209595 
114.209595 
114.209290 
114.208984 
114.209595 
114.209290 
114.209290 
114.209595 
114.209595 
114.210205 
114.210205 
114.210815 
114.210815 
114.210510 
114.208679 
114.208069 
114.207764 
114.207458 
114.207458 
114.208069 
114.208374 
114.208679 
114.208069 
114.208679 
114.208374 
114.208984 
114.208679 
114.208679 
114.208374 
114.208374 
114.207458 
114.207153 
114.206848 
114.207764 
114.208984 
114.209900 
114.210205 
114.210205 
114.210205 
114.209900 
114.209290 
114.209595 
114.209290 
114.208984 
114.208984 
114.208984 
114.209290 
114.209290 
114.209290 
114.209595 
114.210205 
114.210815 
114.210510 
114.209900 
114.208984 
114.207458 
114.207153 
114.207458 
114.207764 
114.207458 
114.208069 
114.208374 
114.208374 
114.208069 
114.208374 
114.208679 
114.208069 
114.208069 
114.207458 
114.207764 
114.207764 
114.207153 
114.206848 
114.207153 
114.208984 
114.209595 
114.210205 
114.210510 
114.209595 
114.209900 
114.209290 
114.209595 
114.208984 
114.208679 
114.209290 
114.209290 
114.208984 
114.209290 
114.209900 
114.210205 
114.209900 
114.210815 
114.211121 
114.209595 
114.208679 
114.207458 
114.207153 
114.207458 
114.207764 
114.207764 
114.208069 
114.208374 
114.208069 
114.208374 
114.208679 
114.208374 
114.208374 
114.208374 
114.208984 
114.207764 
114.207458 
114.207153 
114.206848 
114.207764 
114.208679 
114.209900 
114.210205 
114.210510 
114.209900 
114.209900 
114.209290 
114.209595 
114.209290 
114.208984 
114.209595 
114.208984 
114.209290 
114.209595 
114.209900 
114.209900 
114.210205 
114.210815 
114.210510 
114.210205 
114.208679 
114.207153 
114.207153 
114.207458 
114.207458 
114.207764 
114.208069 
114.208069 
114.208374 
114.208679 
114.208374 
114.208374 
114.208374 
114.208069 
114.208069 
114.208069 
114.207458 
114.207153 
114.206848 
114.207458 
114.208984 
114.210205 
114.210205 
114.210205 
114.209595 
114.209595 
114.209595 
114.208984 
114.209290 
114.208984 
114.208984 
114.208679 
114.209290 
114.209595 
114.209290 
114.209595 
114.210205 
114.210205 
114.210815 
114.209900 
114.208679 
114.207153 
114.207153 
114.207458 
114.207458 
114.207458 
114.208069 
114.208069 
114.208374 
114.208679 
114.208374 
114.208374 
114.208374 
114.208069 
114.207764 
114.207764 
114.207153 
114.207153 
114.206543 
114.207458 
114.208984 
114.209900 
114.210205 
114.210510 
114.209900 
114.209900 
114.209595 
114.209290 
114.208984 
114.209290 
114.208984 
114.208679 
114.209290 
114.208984 
114.209290 
114.210205 
114.210510 
114.210510 
114.211121 
114.209900 
114.208679 
114.207458 
114.207458 
114.207458 
114.207458 
114.208069 
114.208069 
114.208374 
114.208374 
114.208679 
114.208374 
114.208679 
114.208679 
114.208069 
114.208069 
114.207764 
114.207764 
114.206543 
114.206543 
114.207458 
114.208984 
114.209595 
114.209900 
114.210205 
114.209900 
114.209900 
114.209595 
114.209595 
114.208984 
114.208984 
114.208679 
114.209595 
114.209290 
114.208984 
114.209290 
114.209595 
114.210205 
114.210815 
114.210510 
114.209900 
114.208679 
114.207458 
114.207153 
114.206848 
114.208069 
114.207764 
114.208069 
114.208069 
114.208374 
114.208374 
114.208679 
114.208984 
114.208374 
114.208069 
114.208374 
114.207764 
114.207458 
114.207153 
114.206543 
114.207153 
114.208984 
114.209900 
114.210205 
114.209900 
114.210205 
114.209900 
114.209595 
114.209290 
114.209290 
114.209290 
114.208679 
114.209290 
114.209595 
114.209290 
114.209595 
114.209595 
114.210205 
114.210510 
114.210815 
114.209900 
114.208679 
114.207764 
114.206848 
114.207153 
114.207458 
114.207458 
114.207764 
114.208069 
114.208069 
114.208679 
114.208679 
114.208679 
114.208374 
114.208069 
114.208374 
114.207764 
114.207458 
114.206848 
114.206543 
114.207153 
114.208374 
114.209900 
114.209900 
114.210205 
114.209900 
114.209290 
114.209290 
114.208984 
114.209290 
114.208679 
114.208984 
114.208984 
114.209290 
114.209290 
114.209595 
114.209595 
114.210205 
114.209900 
114.210510 
114.209900 
114.208679 
114.207153 
114.207153 
114.207153 
114.207458 
114.207764 
114.208374 
114.208069 
114.208374 
114.208069 
114.208679 
114.208069 
114.208069 
114.208374 
114.208069 
114.207764 
114.207458 
114.207458 
114.206848 
114.207458 
114.208679 
114.210205 
114.209900 
114.210510 
114.209900 
114.209595 
114.209290 
114.209290 
114.208984 
114.208679 
114.208679 
114.208984 
114.208984 
114.208984 
114.208984 
114.209595 
114.209595 
114.210205 
114.210510 
114.209900 
114.208374 
114.207764 
114.207458 
114.207153 
114.207458 
114.207458 
114.208069 
114.208374 
114.208679 
114.208374 
114.208069 
114.208069 
114.208374 
114.208374 
114.207764 
114.207764 
114.207458 
114.206848 
114.206848 
114.207458 
114.208374 
114.209595 
114.210510 
114.209900 
114.210205 
114.209290 
114.209290 
114.208984 
114.209290 
114.208984 
114.208984 
114.209290 
114.208984 
114.209290 
114.209595 
114.209595 
114.210205 
114.210510 
114.211121 
114.209900 
114.208374 
114.207153 
114.207764 
114.206848 
114.207153 
114.207458 
114.207764 
114.208069 
114.208069 
114.208374 
114.208374 
114.208984 
114.208069 
114.208069 
114.208374 
114.208069 
114.207153 
114.207153 
114.206848 
114.207458 
114.208374 
114.209900 
114.209900 
114.209900 
114.209900 
114.209595 
114.209595 
114.209290 
114.208984 
114.208679 
114.209290 
114.208984 
114.209290 
114.209595 
114.209290 
114.209900 
114.209900 
114.210205 
114.210815 
114.210205 
114.208679 
114.207153 
114.206848 
114.207153 
114.207458 
114.207764 
114.207764 
114.208069 
114.208374 
114.208374 
114.208374 
114.208374 
114.208069 
114.208069 
114.208374 
114.207764 
114.207153 
114.206848 
114.206848 
114.207153 
114.208069 
114.209900 
114.209900 
114.209900 
114.210205 
114.209290 
114.209290 
114.209290 
114.209290 
114.208679 
114.208984 
114.209290 
114.209595 
114.209290 
114.209595 
114.209290 
114.209900 
114.210205 
114.210205 
114.209900 
114.208679 
114.207153 
114.207153 
114.207458 
114.207458 
114.207458 
114.208069 
114.208679 
114.208374 
114.208374 
114.208374 
114.208374 
114.208069 
114.208069 
114.208374 
114.207764 
114.207153 
114.207153 
114.206543 
114.207153 
114.208374 
114.209900 
114.210510 
114.210205 
114.209900 
114.209900 
114.209290 
114.208984 
114.208984 
114.208984 
114.208679 
114.209290 
114.208679 
114.208984 
114.209595 
114.209290 
114.210205 
114.210205 
114.210205 
114.209595 
114.208679 
114.207458 
114.207458 
114.207153 
114.207764 
114.207764 
114.207458 
114.208374 
114.208374 
114.208069 
114.208374 
114.208374 
114.208374 
114.208069 
114.208069 
114.207764 
114.207458 
114.206848 
114.206238 
114.206848 
114.208679 
114.209595 
114.210205 
114.209900 
114.209900 
114.209290 
114.209290 
114.209595 
114.208984 
114.208679 
114.209290 
114.209290 
114.208679 
114.209290 
114.209595 
114.209595 
114.209900 
114.210205 
114.210205 
114.210205 
114.208374 
114.206848 
114.207153 
114.207153 
114.207458 
114.207153 
114.208069 
114.208069 
114.208679 
114.208374 
114.208374 
114.208069 
114.208374 
114.208069 
114.208374 
114.207764 
114.207153 
114.206848 
114.206238 
114.207153 
114.208374 
114.209595 
114.209900 
114.210205 
114.209595 
114.209595 
114.209290 
114.209290 
114.208374 
114.208679 
114.208984 
114.208984 
114.208984 
114.209290 
114.208984 
114.209290 
114.210205 
114.210510 
114.210205 
114.210205 
114.208984 
114.207458 
114.207153 
114.207153 
114.207458 
114.207764 
114.207458 
114.207764 
114.208374 
114.208374 
114.208069 
114.208374 
114.208069 
114.208069 
114.208069 
114.208069 
114.207458 
114.206543 
114.206238 
114.207153 
114.208374 
114.209595 
114.210510 
114.209900 
114.209900 
114.209290 
114.209595 
114.209290 
114.208984 
114.208984 
114.208679 
114.208679 
114.208679 
114.209595 
114.209290 
114.209595 
114.209290 
114.210205 
114.210510 
114.209595 
114.208374 
114.207153 
114.206848 
114.207153 
114.207458 
114.207153 
114.207764 
114.208374 
114.208069 
114.208374 
114.207764 
114.208069 
114.208069 
114.207764 
114.207764 
114.207764 
114.207458 
114.206848 
114.206238 
114.207458 
114.208679 
114.209290 
114.209900 
114.209900 
114.209900 
114.209900 
114.209290 
114.208984 
114.208984 
114.208984 
114.208679 
114.208679 
114.208984 
114.208984 
114.208984 
114.209290 
114.209595 
114.209900 
114.210205 
114.209595 
114.208679 
114.207458 
114.206848 
114.207153 
114.207153 
114.207458 
114.207764 
114.207764 
114.208374 
114.208374 
114.208374 
114.208069 
114.208374 
114.208374 
114.208374 
114.208069 
114.207153 
114.206848 
114.206543 
114.207153 
114.208679 
114.209595 
114.210510 
114.210205 
114.209900 
114.209290 
114.209290 
114.208984 
114.208679 
114.208984 
114.208679 
114.208679 
114.208984 
114.209290 
114.208984 
114.209595 
114.210205 
114.210205 
114.210205 
114.209900 
114.208679 
114.207153 
114.207458 
114.206848 
114.207458 
114.207458 
114.207764 
114.208069 
114.208374 
114.208069 
114.208679 
114.208374 
114.208374 
114.208069 
114.208069 
114.208069 
114.207153 
114.206543 
114.206848 
114.207153 
114.208374 
114.209595 
114.210205 
114.209900 
114.209290 
114.209900 
114.209595 
114.208984 
114.208679 
114.208679 
114.209290 
114.208984 
114.208679 
114.209290 
114.209290 
114.209290 
114.209900 
114.210205 
114.210510 
114.209595 
114.208679 
114.207153 
114.207153 
114.206848 
114.207153 
114.207153 
114.208069 
114.207153 
114.208374 
114.208374 
114.208374 
114.208069 
114.208069 
114.207764 
114.207458 
114.208069 
114.207458 
114.206848 
114.206848 
114.206848 
114.208374 
114.209595 
114.210205 
114.209595 
114.209595 
114.209595 
114.209290 
114.208679 
114.209290 
114.208679 
114.208374 
114.209290 
114.208679 
114.208984 
114.208984 
114.209595 
114.209595 
114.209900 
114.210510 
114.209900 
114.208374 
114.207764 
114.206848 
114.206848 
114.206848 
114.207764 
114.207764 
114.208069 
114.208679 
114.208679 
114.208374 
114.208069 
114.208069 
114.208069 
114.208069 
114.207764 
114.207458 
114.206848 
114.206238 
114.207458 
114.208374 
114.209595 
114.210205 
114.209900 
114.209900 
114.209595 
114.209595 
114.208984 
114.209290 
114.209290 
114.208679 
114.209290 
114.209290 
114.208984 
114.209595 
114.209900 
114.209900 
114.210510 
114.210510 
114.209900 
114.208374 
114.207764 
114.206848 
114.207153 
114.207153 
114.207458 
114.207764 
114.208069 
114.208679 
114.208374 
114.207764 
114.208374 
114.208374 
114.208069 
114.208069 
114.207764 
114.207458 
114.207153 
114.206543 
114.207153 
114.208374 
114.209595 
114.209595 
114.209900 
114.210205 
114.209290 
114.209290 
114.208984 
114.208984 
114.208679 
114.208679 
114.208984 
114.208679 
114.208984 
114.209595 
114.209595 
114.210205 
114.210510 
114.210510 
114.210205 
114.208679 
114.207764 
114.206543 
114.206848 
114.206848 
114.207153 
114.207764 
114.207764 
114.208069 
114.208069 
114.208069 
114.208069 
114.208069 
114.208069 
114.208374 
114.207458 
114.207153 
114.207458 
114.206543 
114.206848 
114.208069 
114.209595 
114.209900 
114.209595 
114.209595 
114.209595 
114.209290 
114.208984 
114.208679 
114.208984 
114.208984 
114.209290 
114.208984 
114.209290 
114.209290 
114.209595 
114.209900 
114.210205 
114.210510 
114.209595 
114.208984 
114.207764 
114.206543 
114.207153 
114.207458 
114.207764 
114.207764 
114.208374 
114.207764 
114.208374 
114.208374 
114.208374 
114.207764 
114.208069 
114.208069 
114.208069 
114.207153 
114.207153 
114.206848 
114.207153 
114.208679 
114.209900 
114.210205 
114.210510 
114.210510 
114.209900 
114.209290 
114.208984 
114.209290 
114.209290 
114.208984 
114.208679 
114.208679 
114.208984 
114.209290 
114.209900 
114.209900 
114.210205 
114.210510 
114.209900 
114.208679 
114.207458 
114.207153 
114.207153 
114.207458 
114.207764 
114.207764 
114.208374 
114.208374 
114.208374 
114.208374 
114.208374 
114.208069 
114.208374 
114.208679 
114.207764 
114.206848 
114.207153 
114.206848 
114.206848 
114.208679 
114.209595 
114.209900 
114.210205 
114.209290 
114.209900 
114.209290 
114.208984 
114.209290 
114.208984 
114.209290 
114.208984 
114.208984 
114.208984 
114.208984 
114.208984 
114.210205 
114.209900 
114.210510 
114.209595 
114.208679 
114.207458 
114.207153 
114.207153 
114.207153 
114.207153 
114.207764 
114.208069 
114.208069 
114.208069 
114.208069 
114.207764 
114.208374 
114.208069 
114.208069 
114.207458 
114.207458 
114.206848 
114.206848 
114.206848 
114.208984 
114.209595 
114.209595 
114.210205 
114.209595 
114.209595 
114.209290 
114.208984 
114.208679 
114.208984 
114.209595 
114.208679 
114.208984 
114.209290 
114.209595 
114.209290 
114.209900 
114.210205 
114.210815 
114.210205 
114.208984 
114.207764 
114.207153 
114.207153 
114.207153 
114.207764 
114.207764 
114.208069 
114.208069 
114.208374 
114.208374 
114.208679 
114.208374 
114.208069 
114.207764 
114.208069 
114.207458 
114.207153 
114.206848 
114.207153 
114.208069 
114.209595 
114.210205 
114.209595 
114.210205 
114.209900 
114.209290 
114.209595 
114.208679 
114.208984 
114.208984 
114.208984 
114.208984 
114.209290 
114.209595 
114.209595 
114.209595 
114.210205 
114.210815 
114.209900 
114.209290 
114.207458 
114.207458 
114.207153 
114.206848 
114.207458 
114.207764 
114.208069 
114.208374 
114.208374 
114.207764 
114.208069 
114.208069 
114.208374 
114.207764 
114.207764 
114.207458 
114.206848 
114.206543 
114.206848 
114.208069 
114.209900 
114.209900 
114.210205 
114.209595 
114.209290 
114.209290 
114.209290 
114.208679 
114.208679 
114.208679 
114.208984 
114.209290 
114.208984 
114.209290 
114.209595 
114.209900 
114.210510 
114.210510 
114.209900 
114.208679 
114.207764 
114.207153 
114.206848 
114.207153 
114.207458 
114.207764 
114.208069 
114.208374 
114.208069 
114.208069 
114.208374 
114.208374 
114.208069 
114.208069 
114.207764 
114.207153 
114.207153 
114.206238 
114.206848 
114.208069 
114.209595 
114.209900 
114.209595 
114.209595 
114.209595 
114.209290 
114.208984 
114.208984 
114.208984 
114.208984 
114.208984 
114.208679 
114.209290 
114.208984 
114.209290 
114.209900 
114.210510 
114.210510 
114.210205 
114.208984 
114.207764 
114.207153 
114.206848 
114.207458 
114.207764 
114.207458 
114.208374 
114.208374 
114.208374 
114.208374 
114.208374 
114.208374 
114.207458 
114.208069 
114.207764 
114.207153 
114.206848 
114.206543 
114.206543 
114.208374 
114.209900 
114.209900 
114.209900 
114.209595 
114.209900 
114.209290 
114.208984 
114.209290 
114.208679 
114.208984 
114.209290 
114.208679 
114.208984 
114.209290 
114.209595 
114.209595 
114.210510 
114.210510 
114.210205 
114.209290 
114.207764 
114.207153 
114.207153 
114.207153 
114.207458 
114.207764 
114.208069 
114.208374 
114.208069 
114.208069 
114.208374 
114.208374 
114.208679 
114.208069 
114.207764 
114.207458 
114.207153 
114.206848 
114.207153 
114.208374 
114.209595 
114.210205 
114.209900 
114.210205 
114.209900 
114.209290 
114.209290 
114.208679 
114.208984 
114.208984 
114.209290 
114.208679 
114.208984 
114.209595 
114.209290 
114.209900 
114.210510 
114.210510 
114.209595 
114.208679 
114.207458 
114.206848 
114.206848 
114.207458 
114.207764 
114.207458 
114.207764 
114.208069 
114.208069 
114.208374 
114.208374 
114.208069 
114.207764 
114.208069 
114.207458 
114.207458 
114.206543 
114.205933 
114.206848 
114.208679 
114.209290 
114.209900 
114.210205 
114.209900 
114.209595 
114.209595 
114.209290 
114.208984 
114.208679 
114.208984 
114.208984 
114.209290 
114.209290 
114.209290 
114.209290 
114.209900 
114.210510 
114.210205 
114.210205 
114.208984 
114.207764 
114.207153 
114.207153 
114.207153 
114.207458 
114.207764 
114.207764 
114.208374 
114.208374 
114.208069 
114.208374 
114.208069 
114.208069 
114.208374 
114.207764 
114.207458 
114.206848 
114.206543 
114.206848 
114.208679 
114.209290 
114.209900 
114.210205 
114.209595 
114.209290 
114.209595 
114.209290 
114.208984 
114.208984 
114.208984 
114.208679 
114.208679 
114.209595 
114.209290 
114.209290 
114.209900 
114.210510 
114.210815 
114.210510 
114.208984 
114.207458 
114.207153 
114.206848 
114.207458 
114.207458 
114.207458 
114.207764 
114.208069 
114.208374 
114.208069 
114.208374 
114.208374 
114.208069 
114.208069 
114.208374 
114.207458 
114.206848 
114.206543 
114.206848 
114.208374 
114.209290 
114.209900 
114.210205 
114.209595 
114.209290 
114.209900 
114.208679 
114.208374 
114.208984 
114.208984 
114.208679 
114.208984 
114.209290 
114.208984 
114.208984 
114.209290 
114.209900 
114.209900 
114.209290 
114.208069 
114.206238 
114.205627 
114.204712 
114.204407 
114.204102 
114.203491 
114.203491 
114.202881 
114.202576 
114.201660 
114.200745 
114.199524 
114.198608 
114.197388 
114.195557 
114.194336 
114.192200 
114.190369 
114.189148 
114.188538 
114.188538 
114.187317 
114.186096 
114.183655 
114.182129 
114.179077 
114.177551 
114.175110 
114.172363 
114.169617 
114.167175 
114.165344 
114.162903 
114.160461 
114.158020 
114.155884 
114.153748 
114.151001 
114.147339 
114.143066 
114.139099 
114.135437 
114.132385 
114.129028 
114.125977 
114.122925 
114.120178 
114.116821 
114.112854 
114.110107 
114.106140 
114.102478 
114.098816 
114.094543 
114.089661 
114.085693 
114.080811 
114.076233 
114.071655 
114.069214 
114.065552 
114.061890 
114.057007 
114.052734 
114.047546 
114.042664 
114.037170 
114.031982 
114.026489 
114.021606 
114.016113 
114.010620 
114.005737 
114.000549 
113.995361 
113.989868 
113.984985 
113.980408 
113.973999 
113.967285 
113.960266 
113.953552 
113.947754 
113.941345 
113.936157 
113.930359 
113.924561 
113.918762 
113.912354 
113.906555 
113.900757 
113.894043 
113.887939 
113.881531 
113.874512 
113.867493 
113.860779 
113.853760 
113.846741 
113.841553 
113.836060 
113.829346 
113.822937 
113.815308 
113.808289 
113.800964 
113.793640 
113.786011 
113.778076 
113.770752 
113.763428 
113.755188 
113.747559 
113.740234 
113.732300 
113.725281 
113.717957 
113.709717 
113.701782 
113.692627 
113.682861 
113.674011 
113.665771 
113.656921 
113.648987 
113.640747 
113.631897 
113.623962 
113.615417 
113.607178 
113.598022 
113.589172 
113.580322 
113.571167 
113.562012 
113.552856 
113.543091 
113.533325 
113.524170 
113.515625 
113.507385 
113.498535 
113.489380 
113.479614 
113.469849 
113.459778 
113.450012 
113.439636 
113.429565 
113.419800 
113.409729 
113.399353 
113.389282 
113.379211 
113.368835 
113.359070 
113.348999 
113.339233 
113.328552 
113.317261 
113.305664 
113.294373 
113.284302 
113.274231 
113.264160 
113.254395 
113.244324 
113.234558 
113.223877 
113.214111 
113.203735 
113.193359 
113.183289 
113.172913 
113.162231 
113.152161 
113.141174 
113.130493 
113.120422 
113.111877 
113.102417 
113.092957 
113.083191 
113.072815 
113.062439 
113.051453 
113.041077 
113.030396 
113.020325 
113.009338 
112.998962 
112.988281 
112.977600 
112.967834 
112.957764 
112.947388 
112.937927 
112.927856 
112.916870 
112.905273 
112.893372 
112.882080 
112.871704 
112.861633 
112.850952 
112.840576 
112.830811 
112.821045 
112.810669 
112.800598 
112.790527 
112.779846 
112.769775 
112.759094 
112.748718 
112.738037 
112.727661 
112.716675 
112.706909 
112.697449 
112.688904 
112.679138 
112.669067 
112.658386 
112.648926 
112.637634 
112.627258 
112.616882 
112.606201 
112.595520 
112.585754 
112.575073 
112.564392 
112.554321 
112.544556 
112.534790 
112.525024 
112.514954 
112.504578 
112.492676 
112.481384 
112.470398 
112.459717 
112.449646 
112.439575 
112.429504 
112.419434 
112.409668 
112.399597 
112.389526 
112.379456 
112.369385 
112.358398 
112.348938 
112.338257 
112.327271 
112.316895 
112.306213 
112.296143 
112.286987 
112.278137 
112.268372 
112.258606 
112.247925 
112.237549 
112.226563 
112.216797 
112.206116 
112.195740 
112.185059 
112.174683 
112.164612 
112.154236 
112.143555 
112.134094 
112.124329 
112.114563 
112.104492 
112.093506 
112.082520 
112.070923 
112.059937 
112.049561 
112.039490 
112.029114 
112.019348 
112.009277 
111.999207 
111.989441 
111.979065 
111.968994 
111.958313 
111.948242 
111.938171 
111.927185 
111.916199 
111.905212 
111.894836 
111.885071 
111.875610 
111.866760 
111.856995 
111.846313 
111.836548 
111.826172 
111.815186 
111.804810 
111.793823 
111.783447 
111.773071 
111.762695 
111.752319 
111.741943 
111.732178 
111.721497 
111.711731 
111.701965 
111.692200 
111.681519 
111.669922 
111.658630 
111.647949 
111.636658 
111.626282 
111.616211 
111.606140 
111.596680 
111.586914 
111.576233 
111.566162 
111.556091 
111.546021 
111.535950 
111.525269 
111.514893 
111.504211 
111.493530 
111.482544 
111.472778 
111.463623 
111.454468 
111.445007 
111.434937 
111.424561 
111.414490 
111.404114 
111.393433 
111.383057 
111.372681 
111.362000 
111.351624 
111.341248 
111.330872 
111.320801 
111.310730 
111.300964 
111.290894 
111.281128 
111.270447 
111.259155 
111.247559 
111.236877 
111.225891 
111.216431 
111.206360 
111.196289 
111.186523 
111.176453 
111.166077 
111.156006 
111.145630 
111.135864 
111.125793 
111.115417 
111.104736 
111.094055 
111.083374 
111.072998 
111.062927 
111.053772 
111.044922 
111.035156 
111.025391 
111.015015 
111.004333 
110.993652 
110.983582 
110.972290 
110.961914 
110.951538 
110.941467 
110.931396 
110.920715 
110.910950 
110.900879 
110.891418 
110.881958 
110.872498 
110.862122 
110.850830 
110.839539 
110.829468 
110.819702 
110.809937 
110.800781 
110.791321 
110.782471 
110.773926 
110.764771 
110.755615 
110.746765 
110.737915 
110.728760 
110.720215 
110.711060 
110.701294 
110.692139 
110.683594 
110.674744 
110.667725 
110.660400 
110.653076 
110.644836 
110.636902 
110.628662 
110.620422 
110.611877 
110.603333 
110.595093 
110.587158 
110.579529 
110.571899 
110.563660 
110.556641 
110.549316 
110.541992 
110.535278 
110.527954 
110.520630 
110.512695 
110.503845 
110.496216 
110.488586 
110.482178 
110.475464 
110.468750 
110.462646 
110.456238 
110.449829 
110.443420 
110.437317 
110.430603 
110.424500 
110.417786 
110.411682 
110.405273 
110.398560 
110.392151 
110.385742 
110.381165 
110.376587 
110.371704 
110.366211 
110.360107 
110.354614 
110.348511 
110.342712 
110.337219 
110.331726 
110.325928 
110.320740 
110.315552 
110.310364 
110.305481 
110.300903 
110.296326 
110.292053 
110.287781 
110.282593 
110.277100 
110.271301 
110.265808 
110.261230 
110.256958 
110.252991 
110.249023 
110.244751 
110.241089 
110.237122 
110.233154 
110.228882 
110.225525 
110.221863 
110.217590 
110.213928 
110.209961 
110.206299 
110.202026 
110.198669 
110.196838 
110.194702 
110.192261 
110.188904 
110.186462 
110.182800 
110.179749 
110.176392 
110.173035 
110.170593 
110.167542 
110.164795 
110.162048 
110.159607 
110.157166 
110.155029 
110.153198 
110.151062 
110.149231 
110.146790 
110.144043 
110.140381 
110.137939 
110.135193 
110.133972 
110.132141 
110.130615 
110.129089 
110.128479 
110.126953 
110.125427 
110.124512 
110.123291 
110.121460 
110.120544 
110.118713 
110.117493 
110.115967 
110.114746 
110.114136 
110.114136 
110.115051 
110.114746 
110.114136 
110.113525 
110.113220 
110.112305 
110.111694 
110.111084 
110.110474 
110.109863 
110.109558 
110.109863 
110.109863 
110.109863 
110.110168 
110.110168 
110.111084 
110.110779 
110.110779 
110.109253 
110.108337 
110.107422 
110.107422 
110.107727 
110.108032 
110.108337 
110.108337 
110.108948 
110.108948 
110.108643 
110.108948 
110.108948 
110.108948 
110.108948 
110.108948 
110.108337 
110.107727 
110.107422 
110.107727 
110.109558 
110.110474 
110.111084 
110.111084 
110.111084 
110.111389 
110.110779 
110.110779 
110.110474 
110.110474 
110.110474 
110.110474 
110.110168 
110.110474 
110.110779 
110.110474 
110.111084 
110.111694 
110.112000 
110.112000 
110.110474 
110.109558 
110.108337 
110.108643 
110.108948 
110.109253 
110.108948 
110.109558 
110.109863 
110.110168 
110.109558 
110.109863 
110.110168 
110.109863 
110.109558 
110.109558 
110.109253 
110.108643 
110.108337 
110.108643 
110.109863 
110.111389 
110.112000 
110.112305 
110.111694 
110.111694 
110.111084 
110.111084 
110.110779 
110.111084 
110.110779 
110.110779 
110.111084 
110.110474 
110.111084 
110.111694 
110.111694 
110.112000 
110.112610 
110.112000 
110.111084 
110.110168 
110.108643 
110.108337 
