Blum, K. P., D’Incamps, B. L., Zytnicki, D., & Ting, L. H. (2017).
Force encoding in muscle spindles during stretch of
passive muscle. PLoS computational biology, 13(9), 
e1005767. <https://journals.plos.org/ploscompbiol/article?
id=10.1371/journal.pcbi.1005767>

cat medial gastrocnemius muscle lengths over t  (in 0.0005 s increments)
110.105896 
110.105896 
110.105591 
110.105286 
110.104675 
110.104980 
110.104675 
110.105591 
110.106506 
110.107422 
110.107117 
110.107117 
110.106812 
110.106812 
110.106506 
110.106201 
110.106201 
110.106506 
110.106506 
110.106506 
110.106201 
110.106506 
110.106506 
110.106812 
110.106812 
110.107117 
110.107422 
110.105896 
110.105286 
110.104675 
110.104675 
110.105286 
110.104980 
110.105591 
110.105591 
110.105896 
110.105591 
110.105896 
110.105591 
110.105896 
110.105896 
110.105591 
110.105591 
110.105286 
110.104675 
110.104675 
110.104675 
110.105591 
110.106812 
110.107117 
110.107422 
110.107117 
110.107422 
110.106506 
110.106506 
110.106506 
110.106506 
110.106506 
110.106506 
110.106812 
110.106506 
110.106506 
110.106812 
110.107117 
110.107422 
110.107422 
110.106812 
110.106506 
110.105286 
110.104675 
110.104675 
110.105591 
110.104980 
110.105286 
110.105591 
110.105896 
110.106506 
110.105896 
110.105591 
110.106201 
110.105896 
110.106201 
110.105286 
110.105286 
110.104980 
110.104370 
110.104675 
110.105591 
110.106201 
110.107727 
110.107117 
110.107117 
110.106812 
110.107117 
110.106506 
110.106201 
110.106506 
110.106201 
110.106506 
110.106812 
110.106201 
110.106812 
110.106812 
110.106812 
110.106812 
110.107117 
110.106812 
110.106506 
110.105286 
110.104980 
110.105286 
110.105286 
110.105286 
110.105591 
110.105591 
110.106201 
110.106812 
110.105896 
110.107117 
110.107422 
110.108337 
110.108337 
110.109253 
110.109558 
110.109863 
110.110474 
110.111389 
110.112305 
110.114746 
110.116577 
110.117493 
110.119019 
110.119629 
110.120850 
110.121765 
110.122681 
110.123596 
110.125427 
110.126648 
110.128174 
110.129700 
110.131531 
110.133972 
110.135498 
110.137634 
110.140381 
110.142212 
110.143127 
110.144043 
110.145874 
110.148010 
110.150452 
110.153198 
110.155640 
110.158997 
110.161133 
110.164490 
110.167236 
110.170288 
110.172424 
110.176086 
110.178223 
110.181274 
110.184326 
110.186768 
110.190430 
110.193481 
110.197754 
110.202026 
110.206909 
110.210266 
110.214844 
110.217896 
110.222168 
110.225830 
110.229187 
110.233154 
110.238037 
110.241699 
110.246582 
110.251160 
110.256042 
110.261230 
110.265808 
110.271912 
110.276794 
110.282593 
110.287476 
110.291443 
110.296631 
110.302124 
110.308228 
110.314941 
110.321045 
110.326843 
110.333252 
110.339661 
110.346069 
110.352173 
110.358276 
110.364380 
110.369568 
110.375366 
110.381470 
110.386658 
110.392761 
110.398865 
110.405579 
110.413208 
110.419312 
110.425720 
110.432434 
110.437927 
110.444031 
110.449829 
110.455627 
110.462036 
110.468140 
110.474854 
110.481567 
110.487671 
110.494690 
110.501404 
110.508423 
110.515747 
110.522461 
110.530090 
110.535889 
110.541992 
110.549316 
110.556335 
110.563965 
110.571289 
110.579224 
110.587158 
110.595093 
110.603027 
110.611267 
110.619202 
110.626526 
110.634460 
110.643005 
110.651245 
110.659180 
110.666504 
110.675049 
110.683594 
110.693054 
110.702515 
110.711975 
110.721436 
110.730286 
110.738831 
110.747986 
110.756226 
110.765076 
110.774231 
110.783386 
110.792236 
110.801697 
110.810852 
110.820313 
110.829773 
110.839844 
110.850220 
110.859985 
110.869751 
110.878601 
110.887451 
110.897217 
110.906982 
110.917053 
110.927429 
110.937805 
110.948181 
110.958862 
110.968933 
110.979309 
110.989380 
110.999756 
111.009827 
111.020203 
111.031189 
111.040649 
111.050720 
111.060791 
111.071472 
111.082764 
111.094666 
111.105042 
111.116028 
111.126709 
111.137085 
111.147461 
111.157227 
111.166992 
111.177979 
111.188049 
111.198425 
111.208496 
111.218567 
111.229858 
111.239624 
111.250000 
111.261292 
111.271362 
111.281738 
111.290894 
111.299744 
111.309814 
111.319885 
111.330261 
111.341248 
111.351318 
111.362000 
111.372375 
111.383057 
111.393127 
111.403198 
111.413269 
111.423645 
111.433105 
111.443481 
111.453247 
111.463013 
111.473389 
111.483154 
111.494751 
111.505432 
111.516418 
111.527100 
111.537170 
111.547241 
111.557617 
111.566467 
111.576538 
111.586914 
111.596680 
111.607361 
111.616821 
111.627197 
111.637573 
111.647949 
111.658325 
111.669006 
111.679382 
111.689453 
111.698303 
111.707764 
111.717224 
111.727295 
111.737976 
111.748962 
111.758728 
111.769104 
111.779480 
111.789551 
111.800232 
111.810303 
111.820374 
111.830750 
111.840820 
111.850586 
111.860046 
111.869812 
111.880188 
111.890259 
111.901855 
111.912537 
111.923523 
111.933899 
111.944275 
111.954346 
111.964111 
111.974182 
111.983948 
111.994019 
112.004089 
112.014160 
112.024536 
112.034607 
112.044678 
112.055359 
112.065430 
112.076416 
112.086487 
112.096252 
112.105713 
112.114868 
112.124634 
112.135010 
112.145081 
112.155762 
112.165833 
112.176208 
112.187195 
112.197571 
112.207336 
112.217712 
112.227783 
112.237854 
112.247925 
112.257996 
112.267761 
112.277832 
112.287598 
112.297668 
112.308960 
112.319946 
112.330627 
112.340698 
112.351074 
112.360229 
112.369995 
112.379761 
112.389526 
112.398987 
112.408752 
112.418213 
112.428589 
112.438660 
112.447815 
112.457886 
112.467041 
112.477417 
112.486572 
112.495728 
112.503662 
112.511902 
112.520752 
112.529907 
112.539368 
112.547913 
112.557068 
112.566528 
112.575378 
112.584534 
112.593079 
112.601929 
112.610168 
112.618408 
112.626648 
112.635193 
112.643127 
112.651367 
112.658691 
112.666931 
112.676086 
112.684937 
112.693176 
112.701416 
112.709045 
112.716675 
112.723999 
112.731018 
112.738037 
112.745972 
112.752991 
112.760315 
112.767944 
112.775574 
112.781982 
112.789612 
112.797241 
112.803955 
112.811279 
112.817688 
112.823792 
112.829285 
112.835388 
112.842102 
112.848816 
112.854919 
112.861938 
112.868042 
112.875061 
112.881165 
112.886963 
112.892761 
112.899475 
112.905273 
112.911072 
112.916565 
112.922058 
112.926941 
112.932739 
112.938538 
112.944946 
112.951660 
112.957153 
112.962646 
112.968445 
112.973022 
112.977905 
112.982788 
112.987366 
112.992249 
112.996826 
113.002014 
113.006897 
113.011780 
113.016357 
113.020935 
113.025513 
113.030090 
113.034668 
113.038940 
113.041992 
113.045044 
113.049011 
113.053284 
113.057251 
113.061523 
113.065491 
113.069458 
113.073730 
113.077393 
113.081360 
113.084412 
113.088074 
113.091736 
113.094482 
113.097534 
113.100586 
113.103027 
113.106384 
113.109131 
113.113098 
113.116760 
113.120422 
113.123474 
113.126221 
113.128357 
113.131104 
113.132935 
113.135681 
113.138123 
113.139954 
113.142090 
113.144226 
113.146973 
113.149109 
113.150940 
113.153076 
113.155518 
113.157959 
113.158875 
113.159790 
113.160400 
113.161621 
113.163452 
113.164978 
113.166809 
113.168030 
113.169556 
113.170471 
113.171997 
113.173218 
113.174133 
113.175049 
113.175659 
113.176575 
113.177185 
113.177490 
113.177795 
113.178406 
113.179321 
113.180542 
113.182068 
113.182983 
113.183594 
113.183289 
113.183594 
113.183594 
113.183289 
113.183594 
113.182983 
113.183594 
113.183594 
113.183289 
113.183594 
113.184204 
113.183594 
113.184814 
113.184509 
113.184509 
113.184509 
113.183289 
113.182373 
113.182068 
113.182373 
113.182678 
113.182678 
113.182678 
113.182983 
113.182678 
113.182983 
113.182983 
113.182678 
113.182373 
113.182678 
113.182068 
113.182068 
113.181458 
113.180542 
113.180542 
113.180847 
113.181458 
113.182678 
113.182678 
113.182983 
113.182678 
113.182373 
113.182068 
113.182068 
113.181458 
113.181152 
113.181152 
113.180847 
113.181152 
113.180847 
113.181152 
113.180847 
113.181152 
113.181152 
113.181458 
113.181458 
113.179932 
113.179016 
113.178406 
113.179016 
113.179016 
113.179016 
113.179321 
113.179626 
113.179626 
113.179321 
113.179321 
113.179321 
113.179626 
113.179321 
113.179016 
113.179321 
113.178406 
113.178101 
113.177795 
113.178406 
113.179626 
113.179932 
113.180542 
113.180542 
113.180542 
113.180237 
113.179932 
113.179321 
113.179321 
113.179626 
113.179626 
113.179626 
113.179626 
113.179321 
113.179321 
113.179321 
113.180237 
113.179932 
113.180237 
113.179626 
113.178711 
113.177795 
113.177490 
113.177490 
113.177795 
113.178101 
113.178406 
113.178406 
113.178711 
113.178101 
113.178406 
113.178711 
113.178711 
113.178406 
113.178101 
113.178406 
113.177795 
113.177795 
113.176880 
113.177185 
113.178711 
113.179321 
113.179626 
113.179626 
113.179626 
113.179321 
113.179321 
113.179016 
113.178711 
113.178406 
113.179016 
113.178406 
113.178711 
113.179016 
113.179016 
113.179321 
113.179016 
113.179321 
113.179626 
113.179321 
113.178101 
113.176880 
113.176575 
113.177490 
113.178101 
113.177490 
113.177490 
113.177795 
113.177795 
113.178101 
113.178101 
113.177490 
113.178101 
113.177795 
113.177795 
113.177795 
113.176880 
113.176575 
113.176575 
113.176880 
113.178406 
113.179016 
113.179016 
113.179321 
113.179321 
113.178711 
113.178711 
113.178711 
113.178406 
113.178711 
113.178406 
113.178711 
113.178406 
113.178711 
113.179016 
113.179016 
113.178711 
113.179626 
113.179626 
113.179016 
113.178101 
113.177490 
113.176880 
113.176880 
113.177490 
113.177490 
113.177795 
113.177795 
113.177795 
113.178101 
113.177490 
113.178101 
113.178101 
113.177490 
113.177795 
113.177490 
113.176880 
113.176270 
113.176880 
113.177490 
113.178101 
113.178406 
113.179626 
113.179626 
113.179016 
113.179016 
113.178406 
113.178406 
113.178711 
113.178406 
113.178711 
113.178406 
113.178406 
113.178406 
113.178406 
113.178711 
113.179321 
113.179016 
113.179016 
113.178711 
113.177490 
113.176880 
113.176575 
113.176880 
113.176575 
113.177185 
113.177185 
113.176880 
113.177490 
113.177795 
113.177795 
113.177795 
113.177795 
113.177185 
113.177490 
113.177185 
113.176575 
113.176575 
113.176575 
113.176880 
113.177795 
113.178711 
113.178711 
113.178711 
113.179321 
113.178711 
113.178101 
113.177795 
113.177490 
113.178101 
113.178101 
113.177795 
113.178101 
113.178101 
113.177795 
113.179016 
113.178406 
113.178711 
113.178711 
113.178406 
113.177490 
113.176575 
113.175964 
113.176880 
113.176880 
113.176880 
113.177185 
113.176880 
113.177185 
113.177490 
113.176880 
113.177185 
113.177185 
113.177185 
113.177490 
113.176575 
113.176575 
113.176575 
113.176270 
113.176880 
113.177795 
113.178711 
113.179016 
113.179016 
113.178711 
113.178711 
113.178101 
113.178101 
113.177795 
113.177795 
113.177795 
113.178101 
113.178101 
113.178101 
113.178406 
113.177795 
113.178406 
113.178711 
113.179016 
113.179016 
113.177185 
113.176575 
113.176270 
113.176575 
113.177185 
113.177185 
113.176880 
113.177185 
113.177490 
113.176880 
113.177490 
113.177185 
113.177185 
113.177185 
113.176575 
113.176575 
113.176575 
113.175659 
113.175964 
113.176575 
113.177490 
113.178101 
113.178101 
113.178406 
113.178711 
113.178101 
113.178406 
113.178101 
113.177795 
113.178101 
113.177795 
113.177490 
113.177795 
113.178101 
113.178101 
113.178101 
113.178406 
113.178711 
113.178711 
113.177795 
113.177185 
113.175964 
113.175964 
113.176270 
113.176575 
113.176575 
113.176880 
113.177185 
113.176880 
113.176880 
113.176880 
113.176880 
113.177185 
113.176880 
113.176880 
113.176270 
113.176270 
113.175659 
113.175659 
113.175964 
113.177795 
113.178101 
113.178711 
113.178711 
113.178101 
113.178406 
113.178101 
113.177795 
113.177490 
113.177490 
113.177795 
113.177795 
113.177490 
113.177795 
113.178101 
113.177795 
113.178101 
113.179016 
113.178711 
113.178406 
113.177185 
113.176270 
113.175964 
113.176575 
113.176575 
113.176880 
113.176880 
113.176575 
113.177185 
113.177185 
113.176880 
113.177185 
113.177185 
113.177185 
113.176880 
113.176880 
113.176575 
113.175964 
113.175964 
113.176575 
113.177185 
113.178101 
113.178406 
113.178101 
113.178406 
113.178406 
113.178101 
113.177795 
113.177490 
113.177490 
113.177795 
113.177795 
113.177795 
113.177795 
113.178101 
113.178101 
113.178101 
113.178406 
113.178711 
113.177490 
113.176880 
113.176270 
113.175964 
113.176270 
113.176270 
113.176575 
113.176880 
113.177185 
113.177490 
113.176880 
113.177185 
113.176880 
113.176880 
113.176880 
113.176575 
113.176880 
113.175964 
113.175354 
113.175659 
113.176270 
113.177185 
113.177795 
113.177795 
113.179016 
113.178406 
113.177795 
113.177795 
113.177490 
113.177490 
113.177795 
113.177795 
113.177490 
113.177490 
113.177490 
113.178101 
113.178406 
113.178101 
113.178406 
113.178406 
113.178101 
113.176575 
113.175964 
113.175659 
113.175659 
113.176270 
113.176270 
113.176270 
113.176880 
113.176880 
113.176880 
113.176575 
113.177185 
113.177185 
113.176880 
113.176575 
113.176575 
113.175659 
113.175964 
113.175659 
113.176575 
113.177490 
113.178101 
113.178101 
113.178406 
113.178101 
113.178101 
113.177490 
113.177795 
113.177185 
113.177490 
113.177185 
113.177185 
113.177185 
113.177795 
113.177490 
113.177490 
113.178406 
113.178406 
113.178101 
113.177795 
113.176575 
113.176270 
113.175659 
113.176270 
113.176575 
113.176270 
113.176880 
113.176880 
113.177185 
113.177185 
113.176880 
113.176880 
113.176880 
113.176575 
113.177185 
113.176270 
113.175659 
113.175659 
113.175659 
113.176270 
113.177185 
113.178101 
113.177795 
113.178406 
113.177795 
113.177795 
113.178406 
113.178101 
113.177795 
113.177490 
113.177795 
113.177795 
113.177490 
113.177795 
113.177795 
113.178101 
113.178101 
113.178406 
113.178406 
113.177490 
113.176880 
113.175964 
113.176270 
113.175964 
113.176270 
113.176270 
113.176575 
113.176575 
113.176575 
113.177185 
113.176575 
113.176880 
113.176880 
113.176880 
113.176270 
113.176270 
113.175964 
113.175354 
113.175659 
113.176575 
113.177490 
113.177490 
113.178101 
113.178101 
113.177490 
113.178101 
113.177795 
113.177490 
113.177490 
113.177185 
113.177490 
113.177490 
113.177185 
113.177795 
113.177795 
113.177795 
113.178101 
113.178711 
113.178406 
113.178101 
113.176880 
113.176270 
113.175659 
113.175964 
113.175659 
113.176270 
113.176270 
113.176575 
113.176880 
113.176880 
113.176575 
113.176575 
113.176270 
113.176575 
113.176880 
113.175964 
113.175964 
113.175354 
113.175354 
113.176270 
113.177185 
113.177490 
113.178101 
113.177490 
113.177795 
113.177795 
113.177490 
113.177185 
113.176880 
113.177185 
113.176880 
113.176880 
113.177185 
113.177185 
113.177185 
113.177795 
113.177795 
113.177490 
113.178406 
113.177185 
113.176575 
113.175659 
113.175354 
113.176270 
113.175964 
113.176270 
113.176880 
113.176575 
113.176575 
113.176575 
113.176575 
113.176575 
113.176575 
113.176575 
113.176270 
113.175964 
113.175659 
113.175354 
113.175049 
113.176270 
113.176880 
113.178101 
113.177795 
113.178711 
113.177795 
113.177795 
113.177795 
113.177185 
113.177185 
113.177185 
113.177185 
113.177185 
113.177185 
113.177185 
113.177185 
113.177490 
113.177490 
113.177795 
113.178101 
113.177795 
113.176270 
113.175659 
113.175964 
113.175964 
113.175964 
113.175964 
113.176270 
113.176880 
113.176575 
113.176880 
113.176575 
113.176880 
113.176575 
113.176270 
113.175964 
113.175964 
113.175354 
113.175354 
113.175354 
113.176270 
113.177185 
113.177795 
113.177795 
113.177795 
113.177795 
113.177795 
113.177795 
113.177490 
113.177185 
113.177490 
113.177185 
113.177490 
113.177490 
113.177795 
113.177185 
113.177795 
113.177795 
113.178101 
113.178101 
113.177490 
113.175964 
113.175659 
113.175659 
113.176270 
113.175964 
113.175964 
113.176575 
113.176270 
113.176575 
113.176880 
113.176880 
113.176575 
113.176575 
113.176270 
113.176880 
113.176270 
113.175964 
113.175659 
113.175354 
113.176575 
113.177490 
113.178101 
113.177795 
113.178101 
113.177795 
113.177795 
113.177490 
113.177795 
113.177185 
113.177490 
113.177185 
113.177490 
113.177490 
113.177490 
113.177185 
113.177795 
113.177490 
113.178101 
113.178101 
113.177185 
113.176270 
113.175354 
113.175659 
113.176270 
113.175964 
113.176270 
113.176880 
113.176270 
113.176880 
113.176575 
113.176575 
113.176880 
113.176880 
113.176880 
113.176270 
113.175964 
113.175964 
113.175049 
113.175354 
113.176270 
113.176880 
113.178101 
113.178101 
113.178101 
113.177795 
113.177795 
113.177185 
113.177795 
113.176880 
113.177185 
113.177490 
113.176880 
113.177490 
113.177185 
113.177185 
113.178101 
113.177490 
113.178101 
113.178101 
113.177185 
113.176575 
113.175964 
113.175659 
113.176575 
113.175964 
113.176270 
113.176575 
113.176575 
113.176575 
113.176880 
113.176575 
113.176575 
113.176880 
113.176880 
113.176270 
113.176270 
113.175354 
113.175354 
113.175659 
113.176575 
113.177185 
113.178101 
113.177490 
113.177795 
113.177490 
113.177795 
113.177490 
113.177490 
113.177185 
113.177490 
113.177185 
113.177185 
113.177185 
113.177185 
113.177795 
113.177490 
113.178101 
113.178406 
113.177795 
113.177490 
113.176575 
113.175659 
113.175659 
113.175964 
113.175659 
113.176270 
113.176270 
113.176270 
113.176880 
113.176270 
113.176880 
113.176880 
113.176575 
113.176575 
113.176575 
113.176270 
113.175659 
113.175354 
113.175659 
113.176880 
113.177490 
113.177795 
113.177490 
113.178101 
113.177795 
113.177795 
113.177490 
113.177185 
113.177185 
113.176880 
113.177490 
113.177490 
113.177185 
113.177490 
113.177185 
113.177490 
113.178101 
113.178406 
113.178101 
113.177185 
113.175964 
113.175659 
113.175659 
113.175964 
113.175964 
113.175964 
113.176270 
113.176880 
113.176575 
113.176575 
113.176880 
113.176270 
113.176880 
113.176575 
113.176575 
113.175964 
113.175659 
113.175354 
113.175659 
113.176270 
113.177185 
113.177795 
113.177795 
113.178406 
113.178101 
113.177185 
113.177795 
113.176880 
113.177185 
113.177185 
113.176880 
113.177185 
113.177185 
113.177185 
113.177185 
113.177795 
113.177490 
113.178406 
113.178101 
113.177185 
113.175964 
113.175354 
113.175964 
113.175659 
113.176270 
113.175964 
113.175964 
113.176270 
113.176575 
113.176575 
113.176880 
113.176270 
113.176575 
113.176270 
113.176575 
113.175964 
113.175659 
113.175354 
113.175659 
113.176575 
113.176880 
113.177490 
113.178101 
113.178406 
113.177490 
113.177185 
113.177185 
113.177490 
113.176880 
113.177185 
113.177185 
113.176880 
113.177185 
113.177185 
113.177185 
113.177490 
113.177490 
113.178101 
113.177490 
113.177185 
113.175964 
113.175659 
113.175964 
113.175354 
113.175964 
113.176270 
113.176270 
113.176575 
113.176575 
113.176575 
113.176575 
113.176270 
113.176575 
113.176270 
113.176575 
113.176270 
113.175354 
113.175659 
113.175659 
113.176270 
113.177185 
113.178406 
113.177795 
113.177795 
113.177490 
113.177795 
113.176880 
113.177185 
113.177185 
113.177185 
113.176880 
113.177185 
113.177185 
113.177185 
113.177185 
113.177490 
113.178101 
113.178101 
113.178101 
113.176880 
113.175964 
113.175049 
113.175659 
113.175964 
113.175964 
113.176270 
113.176270 
113.176575 
113.176575 
113.176575 
113.175964 
113.176270 
113.176880 
113.176575 
113.175964 
113.175659 
113.175354 
113.175049 
113.175354 
113.176270 
113.177490 
113.177795 
113.178101 
113.177490 
113.177795 
113.177490 
113.177185 
113.177185 
113.177185 
113.176880 
113.176880 
113.177185 
113.177185 
113.177185 
113.177185 
113.176880 
113.177795 
113.177795 
113.177490 
113.176880 
113.175964 
113.175659 
113.175659 
113.175659 
113.176270 
113.176270 
113.176270 
113.176575 
113.176575 
113.176575 
113.176270 
113.176880 
113.176575 
113.175964 
113.175964 
113.175964 
113.175354 
113.175049 
113.175354 
113.176270 
113.177185 
113.177795 
113.178101 
113.177795 
113.177795 
113.177795 
113.177490 
113.177185 
113.177185 
113.177185 
113.177185 
113.177490 
113.177185 
113.176880 
113.177490 
113.177185 
113.177795 
113.178101 
113.177795 
113.176575 
113.175964 
113.175354 
113.175354 
113.176270 
113.175964 
113.176270 
113.176575 
113.176575 
113.176575 
113.176880 
113.176880 
113.176575 
113.176575 
113.176575 
113.176270 
113.175964 
113.175659 
113.175354 
113.175354 
113.176575 
113.177795 
113.177490 
113.178101 
113.177795 
113.177795 
113.177490 
113.177185 
113.176880 
113.177185 
113.176880 
113.177185 
113.176880 
113.177185 
113.177490 
113.177185 
113.177795 
113.177795 
113.178101 
113.177490 
113.177185 
113.175659 
113.175659 
113.175659 
113.175659 
113.175964 
113.176270 
113.175964 
113.176270 
113.176270 
113.176575 
113.176270 
113.176575 
113.176270 
113.175964 
113.175964 
113.175659 
113.175354 
113.175049 
113.175049 
113.176270 
113.177185 
113.177795 
113.178101 
113.177795 
113.177795 
113.177185 
113.177185 
113.177185 
113.177185 
113.177185 
113.176575 
113.176575 
113.176880 
113.176880 
113.177185 
113.177490 
113.177795 
113.177490 
113.177795 
113.176575 
113.175354 
113.175049 
113.175354 
113.175659 
113.175964 
113.175964 
113.176270 
113.175964 
113.176575 
113.176270 
113.176270 
113.176270 
113.175964 
113.176270 
113.175964 
113.175354 
113.175049 
113.175659 
113.175049 
113.176270 
113.177185 
113.177490 
113.177490 
113.177185 
113.177185 
113.177490 
113.177185 
113.176575 
113.176575 
113.176575 
113.176880 
113.177185 
113.177185 
113.177490 
113.177185 
113.177490 
113.178101 
113.177795 
113.177795 
113.176270 
113.176270 
113.175659 
113.175354 
113.175659 
113.175659 
113.175964 
113.175964 
113.176270 
113.176270 
113.176575 
113.176270 
113.175964 
113.175964 
113.176270 
113.175964 
113.175354 
113.175354 
113.175354 
113.175659 
113.176270 
113.177490 
113.178101 
113.178101 
113.177795 
113.177795 
113.177490 
113.177185 
113.177185 
113.176880 
113.177185 
113.177185 
113.176575 
113.177490 
113.176880 
113.177490 
113.177490 
113.178101 
113.178711 
113.177795 
113.176575 
113.175964 
113.175659 
113.175354 
113.175964 
113.175659 
113.175964 
113.176270 
113.176270 
113.176575 
113.176575 
113.176575 
113.176575 
113.176270 
113.176270 
113.176270 
113.175354 
113.175049 
113.175659 
113.175354 
113.176575 
113.177490 
113.178101 
113.177795 
113.177795 
113.177795 
113.177185 
113.177185 
113.176880 
113.176880 
113.176880 
113.177185 
113.176880 
113.177185 
113.176880 
113.176880 
113.177185 
113.178101 
113.178101 
113.177490 
113.176880 
113.175659 
113.175659 
113.175659 
113.175659 
113.175964 
113.176575 
113.176575 
113.176270 
113.176575 
113.176270 
113.176575 
113.176270 
113.176575 
113.176575 
113.175964 
113.175354 
113.175354 
113.175049 
113.175354 
113.176270 
113.177490 
113.178406 
113.178711 
113.178101 
113.178101 
113.177185 
113.177185 
113.176880 
113.176880 
113.176880 
113.177185 
113.177490 
113.177185 
113.177185 
113.177490 
113.177490 
113.177795 
113.178101 
113.177490 
113.176575 
113.175659 
113.175659 
113.175659 
113.175964 
113.175964 
113.175964 
113.176575 
113.176270 
113.176575 
113.176270 
113.176270 
113.176575 
113.176270 
113.176270 
113.176270 
113.175964 
113.175354 
113.175354 
113.175964 
113.176575 
113.177490 
113.178101 
113.177795 
113.177795 
113.177795 
113.177185 
113.177185 
113.176575 
113.176575 
113.176880 
113.177185 
113.176880 
113.176880 
113.177185 
113.177490 
113.177490 
113.177795 
113.178101 
113.177185 
113.176880 
113.176270 
113.175659 
113.175964 
113.175964 
113.176270 
113.176270 
113.176270 
113.176880 
113.176270 
113.176575 
113.176880 
113.176575 
113.176575 
113.176575 
113.175964 
113.175659 
113.175354 
113.175049 
113.175964 
113.176575 
113.176880 
113.177795 
113.178101 
113.178101 
113.178101 
113.177795 
113.177490 
113.177490 
113.177185 
113.177185 
113.177185 
113.176880 
113.176880 
113.177490 
113.176880 
113.177185 
113.177795 
113.177795 
113.177490 
113.176880 
113.175964 
113.175354 
113.175659 
113.175964 
113.176270 
113.176270 
113.176575 
113.176270 
113.176575 
113.176270 
113.176575 
113.176270 
113.176575 
113.176575 
113.176575 
113.175354 
113.175354 
113.175354 
113.175049 
113.176575 
113.177185 
113.177185 
113.178101 
113.177490 
113.177490 
113.177490 
113.177185 
113.176880 
113.177185 
113.177185 
113.176880 
113.176880 
113.177185 
113.177185 
113.177490 
113.177795 
113.177795 
113.177795 
113.177490 
113.176880 
113.175964 
113.175659 
113.175659 
113.175964 
113.175964 
113.176270 
113.176270 
113.176880 
113.176575 
113.176270 
113.176575 
113.176270 
113.176270 
113.176575 
113.176270 
113.175659 
113.175354 
113.175049 
113.175049 
113.176575 
113.177185 
113.178101 
113.178101 
113.177795 
113.177795 
113.177490 
113.176880 
113.177185 
113.176575 
113.176880 
113.176880 
113.176880 
113.177185 
113.177185 
113.177490 
113.177795 
113.177795 
113.178406 
113.177490 
113.176270 
113.175659 
113.175354 
113.175659 
113.175964 
113.175964 
113.175964 
113.175964 
113.176270 
113.176575 
113.176880 
113.176575 
113.176575 
113.176270 
113.175964 
113.176270 
113.175964 
113.175354 
113.175354 
113.175659 
113.176880 
113.177490 
113.177795 
113.177795 
113.177795 
113.177490 
113.177490 
113.176880 
113.176270 
113.176880 
113.177185 
113.176880 
113.176575 
113.177490 
113.177185 
113.177185 
113.177185 
113.177795 
113.177795 
113.177490 
113.176270 
113.175659 
113.175354 
113.175659 
113.176270 
113.175964 
113.176270 
113.175964 
113.176575 
113.176575 
113.176270 
113.176880 
113.176270 
113.176270 
113.176575 
113.176270 
113.175659 
113.175049 
113.175049 
113.175354 
113.176270 
113.177185 
113.177795 
113.178101 
113.177490 
113.177490 
113.177185 
113.176575 
113.176575 
113.176880 
113.177490 
113.176880 
113.177490 
113.177490 
113.176880 
113.177185 
113.177795 
113.177490 
113.178101 
113.177490 
113.176270 
113.175659 
113.175049 
113.175659 
113.175659 
113.175659 
113.175964 
113.176270 
113.175964 
113.176270 
113.176270 
113.175964 
113.176575 
113.176270 
113.176270 
113.175964 
113.175659 
113.175049 
113.175049 
113.175354 
113.176575 
113.177490 
113.177795 
113.178101 
113.177795 
113.177490 
113.177185 
113.177185 
113.176575 
113.176880 
113.176575 
113.176880 
113.177185 
113.176880 
113.176880 
113.177185 
113.177185 
113.178101 
113.177795 
113.177490 
113.176880 
113.175659 
113.175659 
113.176270 
113.175964 
113.175659 
113.176575 
113.176575 
113.176575 
113.175964 
113.176575 
113.176575 
113.176270 
113.176270 
113.175964 
113.176270 
113.175354 
113.175354 
113.175049 
113.175659 
113.176270 
113.177795 
113.177795 
113.177795 
113.178101 
113.177490 
113.177490 
113.176880 
113.177185 
113.177185 
113.176880 
113.176880 
113.176880 
113.177490 
113.177490 
113.177185 
113.177795 
113.178101 
113.178406 
113.177795 
113.176270 
113.175659 
113.175354 
113.175659 
113.175964 
113.175964 
113.175964 
113.175964 
113.175964 
113.176270 
113.176575 
113.176575 
113.176270 
113.175964 
113.175964 
113.175964 
113.175354 
113.174744 
113.175049 
113.175659 
113.177185 
113.177490 
113.178101 
113.177795 
113.177490 
113.177490 
113.177490 
113.176880 
113.176880 
113.176880 
113.176880 
113.176880 
113.176880 
113.176575 
113.176575 
113.176880 
113.177185 
113.177490 
113.177795 
113.176880 
113.176270 
113.175354 
113.175354 
113.175659 
113.175659 
113.175659 
113.175964 
113.176270 
113.176270 
113.176270 
113.176270 
113.176270 
113.176270 
113.176270 
113.176270 
113.175659 
113.175354 
113.175049 
113.175049 
113.175354 
113.176270 
113.177490 
113.177795 
113.177490 
113.177490 
113.177490 
113.177185 
113.176880 
113.176880 
113.176575 
113.176575 
113.176575 
113.176880 
113.177185 
113.176575 
113.177185 
113.177185 
113.177795 
113.177490 
113.177185 
113.176575 
113.175354 
113.175659 
113.175659 
113.175659 
113.175964 
113.175964 
113.176880 
113.176270 
113.176270 
113.176575 
113.176575 
113.176270 
113.176575 
113.175964 
113.176270 
113.175659 
113.175049 
113.175354 
113.175964 
113.176575 
113.177490 
113.177490 
113.177490 
113.177795 
113.177185 
113.177185 
113.176880 
113.176575 
113.176880 
113.176880 
113.176880 
113.176575 
113.176880 
113.177185 
113.176880 
113.177185 
113.177795 
113.178101 
113.176880 
113.176575 
113.175659 
113.175354 
113.175659 
113.175964 
113.175964 
113.175964 
113.176270 
113.176270 
113.176270 
113.176270 
113.176270 
113.176575 
113.175964 
113.176270 
113.175964 
113.175659 
113.175049 
113.175049 
113.175354 
113.176575 
113.177185 
113.177490 
113.178101 
113.177490 
113.177490 
113.177185 
113.176880 
113.177185 
113.176880 
113.177185 
113.177185 
113.176575 
113.176880 
113.177185 
113.177185 
113.177185 
113.177795 
113.178101 
113.177185 
113.176270 
113.175049 
113.175049 
113.175354 
113.176270 
113.176270 
113.175964 
113.176270 
113.176270 
113.175964 
113.176270 
113.176270 
113.176880 
113.176575 
113.176270 
113.176270 
113.175659 
113.175354 
113.175049 
113.175964 
113.177185 
113.177490 
113.178101 
113.177490 
113.177795 
113.177490 
113.177490 
113.177185 
113.176575 
113.176880 
113.177185 
113.176880 
113.176880 
113.176880 
113.176880 
113.177490 
113.177795 
113.177795 
113.177795 
113.177490 
113.176270 
113.175659 
113.175354 
113.175964 
113.175659 
113.175964 
113.176270 
113.175964 
113.176575 
113.176270 
113.176575 
113.176270 
113.176575 
113.175964 
113.175964 
113.175659 
113.175659 
113.175354 
113.175049 
113.175964 
113.176575 
113.177490 
113.177795 
113.177490 
113.177795 
113.177490 
113.177185 
113.177185 
113.177185 
113.177185 
113.176880 
113.176575 
113.176880 
113.177185 
113.176880 
113.177185 
113.177795 
113.177795 
113.177795 
113.177185 
113.176270 
113.175354 
113.175049 
113.175964 
113.175964 
113.175964 
113.176270 
113.176270 
113.176575 
113.176270 
113.176270 
113.176575 
113.175964 
113.176270 
113.175659 
113.175964 
113.175659 
113.174744 
113.175354 
113.176270 
113.176575 
113.177490 
113.177185 
113.177795 
113.177490 
113.177185 
113.177185 
113.177185 
113.176880 
113.177185 
113.176880 
113.176880 
113.177185 
113.177185 
113.176880 
113.177185 
113.177490 
113.177795 
113.177795 
113.176880 
113.176575 
113.175659 
113.175354 
113.175659 
113.175659 
113.175964 
113.175964 
113.176575 
113.176575 
113.176575 
113.175964 
113.176880 
113.176270 
113.175964 
113.176270 
113.175964 
113.175354 
113.175354 
113.175049 
113.176270 
113.177185 
113.177795 
113.178101 
113.178101 
113.177795 
113.177795 
113.177490 
113.176880 
113.176575 
113.176880 
113.176880 
113.176880 
113.177185 
113.176880 
113.177185 
113.177185 
113.177795 
113.178406 
113.177795 
113.177490 
113.176575 
113.175049 
113.175354 
113.175659 
113.175659 
113.175964 
113.176270 
113.176270 
113.175964 
113.176270 
113.176575 
113.176575 
113.176270 
113.176270 
113.175964 
113.175964 
113.175049 
113.175354 
113.175049 
113.175964 
113.176880 
113.177490 
113.177490 
113.177795 
113.177795 
113.177490 
113.177185 
113.176880 
113.177185 
113.177185 
113.176880 
113.176880 
113.176575 
113.177490 
113.176880 
113.177185 
113.177185 
113.177795 
113.177185 
113.176880 
113.175964 
113.175659 
113.175659 
113.175659 
113.175964 
113.175964 
113.176270 
113.176575 
113.176575 
113.176575 
113.176270 
113.176270 
113.176575 
113.176270 
113.176575 
113.175659 
113.175659 
113.175049 
113.175049 
113.175964 
113.176880 
113.177490 
113.177795 
113.177795 
113.177795 
113.177185 
113.176880 
113.176880 
113.176575 
113.176270 
113.176270 
113.175659 
113.175354 
113.175049 
113.174438 
113.174438 
113.174133 
113.173828 
113.173523 
113.172302 
113.170166 
113.168640 
113.167725 
113.167114 
113.166809 
113.165894 
113.164368 
113.164368 
113.163147 
113.161621 
113.160706 
113.159485 
113.157959 
113.156433 
113.154907 
113.152771 
113.150330 
113.148804 
113.146973 
113.146057 
113.144836 
113.144226 
113.141785 
113.139954 
113.138123 
113.135376 
113.132629 
113.129883 
113.127136 
113.125000 
113.122253 
113.119812 
113.117065 
113.114014 
113.111572 
113.109131 
113.106384 
113.103638 
113.099976 
113.096313 
113.092041 
113.088074 
113.084717 
113.081665 
113.078308 
113.074646 
113.071289 
113.067627 
113.064270 
113.060303 
113.056030 
113.051758 
113.047485 
113.043213 
113.039246 
113.034668 
113.029480 
113.024597 
113.020325 
113.016357 
113.012390 
113.009033 
113.004456 
112.999573 
112.994385 
112.989197 
112.983704 
112.978210 
112.973022 
112.967834 
112.962341 
112.956848 
112.951660 
112.945862 
112.940369 
112.934570 
112.929382 
112.923889 
112.918091 
112.911682 
112.904053 
112.897339 
112.890625 
112.884521 
112.878723 
112.872620 
112.866516 
112.860718 
112.854004 
112.847900 
112.840271 
112.834167 
112.827148 
112.820129 
112.812805 
112.805481 
112.798462 
112.790833 
112.783813 
112.777100 
112.771301 
112.763672 
112.756348 
112.749329 
112.741699 
112.733459 
112.725525 
112.717285 
112.708740 
112.701111 
112.692871 
112.685242 
112.676697 
112.669067 
112.660522 
112.652588 
112.644958 
112.636414 
112.627563 
112.618103 
112.608337 
112.599182 
112.590332 
112.581787 
112.572632 
112.563782 
112.554932 
112.546082 
112.537231 
112.527466 
112.518311 
112.509155 
112.499695 
112.489929 
112.480469 
112.470093 
112.460022 
112.450256 
112.440491 
112.431030 
112.422180 
112.413330 
112.402649 
112.392883 
112.383118 
112.372131 
112.362061 
112.351685 
112.340393 
112.330322 
112.319946 
112.309570 
112.299194 
112.288513 
112.278748 
112.268066 
112.257690 
112.248230 
112.237244 
112.225952 
112.214661 
112.203369 
112.192688 
112.182312 
112.171936 
112.162170 
112.151489 
112.141724 
112.131348 
112.120972 
112.109985 
112.099304 
112.089233 
112.078552 
112.067566 
112.056885 
112.045898 
112.035522 
112.024841 
112.015686 
112.005920 
111.996460 
111.986084 
111.975403 
111.965332 
111.954041 
111.943359 
111.932678 
111.921997 
111.911621 
111.900635 
111.890564 
111.879883 
111.869507 
111.859436 
111.848755 
111.838684 
111.828613 
111.817627 
111.806946 
111.794739 
111.783752 
111.773376 
111.763000 
111.753235 
111.742859 
111.732788 
111.722412 
111.712341 
111.701660 
111.691589 
111.681213 
111.670532 
111.659851 
111.649170 
111.638794 
111.627808 
111.617432 
111.606445 
111.596985 
111.587524 
111.578064 
111.567993 
111.557617 
111.547546 
111.536560 
111.525879 
111.514893 
111.504517 
111.494141 
111.483154 
111.472778 
111.462708 
111.452026 
111.441956 
111.432190 
111.422119 
111.412048 
111.401367 
111.390076 
111.378784 
111.368103 
111.357422 
111.347351 
111.336670 
111.326294 
111.316223 
111.306152 
111.296082 
111.285706 
111.275635 
111.264954 
111.254578 
111.244507 
111.233826 
111.223145 
111.212158 
111.201477 
111.191406 
111.182251 
111.172180 
111.162415 
111.152039 
111.142578 
111.132507 
111.121521 
111.110535 
111.100159 
111.089172 
111.078796 
111.068726 
111.058044 
111.047668 
111.037598 
111.027222 
111.017151 
111.006470 
110.996704 
110.986023 
110.974731 
110.963440 
110.953064 
110.942688 
110.932922 
110.922852 
110.912781 
110.903015 
110.893250 
110.883179 
110.873108 
110.863342 
110.853271 
110.842896 
110.833740 
110.823975 
110.813293 
110.803223 
110.793762 
110.784912 
110.775757 
110.767517 
110.758972 
110.749817 
110.740967 
110.731812 
110.722351 
110.713196 
110.704041 
110.694885 
110.686035 
110.677185 
110.668640 
110.660095 
110.651245 
110.643616 
110.635376 
110.627136 
110.619507 
110.611267 
110.602417 
110.593262 
110.584412 
110.576477 
110.568848 
110.561218 
110.554199 
110.546570 
110.539246 
110.531616 
110.524292 
110.517578 
110.510254 
110.503235 
110.495911 
110.488281 
110.480957 
110.473633 
110.466614 
110.460205 
110.454407 
110.447998 
110.442505 
110.436096 
110.429993 
110.423279 
110.416565 
110.410156 
110.403748 
110.397339 
110.390930 
110.384521 
110.378723 
110.372925 
110.367432 
110.361633 
110.355835 
110.350647 
110.345459 
110.339661 
110.333252 
110.327454 
110.321045 
110.316162 
110.310669 
110.306091 
110.300903 
110.296021 
110.292053 
110.286865 
110.281982 
110.277405 
110.273132 
110.268555 
110.263367 
110.259094 
110.254822 
110.249329 
110.244751 
110.240784 
110.237122 
110.234680 
110.231018 
110.227051 
110.223694 
110.219421 
110.215759 
110.211487 
110.207825 
110.203857 
110.199890 
110.196838 
110.193176 
110.189514 
110.186768 
110.183411 
110.180359 
110.178223 
110.174866 
110.172424 
110.168457 
110.164185 
110.161133 
110.158386 
110.155640 
110.153809 
110.151062 
110.149231 
110.147095 
110.144653 
110.142822 
110.140686 
110.138550 
110.136719 
110.134583 
110.132141 
110.129700 
110.127563 
110.125732 
110.123901 
110.123596 
110.123291 
110.122070 
110.120850 
110.119324 
110.118713 
110.116882 
110.114746 
110.113831 
110.112915 
110.111084 
110.110779 
110.109558 
110.108337 
110.108032 
110.107727 
110.107422 
110.107117 
110.106506 
110.105896 
110.104980 
110.103455 
110.103149 
110.102234 
110.102844 
110.102539 
110.102539 
110.103149 
110.102844 
110.102844 
110.103149 
110.102844 
110.103149 
110.103455 
110.103149 
110.103149 
110.102539 
110.102234 
110.102234 
110.102234 
110.103455 
110.103760 
110.104980 
110.105286 
110.104980 
110.105286 
110.104675 
110.104065 
110.104370 
110.103455 
110.104370 
110.104065 
110.104065 
110.104370 
110.104065 
110.104675 
110.105286 
110.105286 
110.106201 
110.105591 
110.104675 
110.103760 
110.103149 
110.103455 
110.103760 
110.103760 
110.104370 
110.104675 
110.104675 
110.104980 
110.104675 
110.104675 
110.104980 
110.104675 
110.104675 
110.104675 
110.104065 
110.104065 
110.103760 
110.104065 
110.105286 
110.106201 
110.106201 
110.106201 
110.106812 
110.106812 
110.106506 
110.106201 
110.106201 
110.105896 
110.106201 
110.105896 
110.105591 
110.106201 
110.105896 
110.105896 
110.106201 
110.106812 
110.106201 
110.106506 
110.105591 
110.105286 
110.104675 
110.104370 
110.104675 
110.104980 
110.104980 
110.104980 
110.105591 
110.105286 
110.105591 
110.105591 
110.105286 
110.105591 
110.104980 
110.105286 
