Blum, K. P., D’Incamps, B. L., Zytnicki, D., & Ting, L. H. (2017).
Force encoding in muscle spindles during stretch of
passive muscle. PLoS computational biology, 13(9), 
e1005767. <https://journals.plos.org/ploscompbiol/article?
id=10.1371/journal.pcbi.1005767>

cat medial gastrocnemius muscle lengths over t  (in 0.0005 s increments)
110.104675 
110.105896 
110.106506 
110.106506 
110.106812 
110.106201 
110.106201 
110.105896 
110.105896 
110.105896 
110.105591 
110.105591 
110.105591 
110.105896 
110.105896 
110.106201 
110.106201 
110.106506 
110.106812 
110.107117 
110.105896 
110.104980 
110.104370 
110.104065 
110.104675 
110.104675 
110.105286 
110.105286 
110.104980 
110.105591 
110.105591 
110.105286 
110.104980 
110.105286 
110.105286 
110.105286 
110.104370 
110.104675 
110.104370 
110.104675 
110.104980 
110.105896 
110.106506 
110.106812 
110.106812 
110.106812 
110.106506 
110.105896 
110.106201 
110.105591 
110.105591 
110.105896 
110.106201 
110.105896 
110.105591 
110.106506 
110.105591 
110.106201 
110.106812 
110.107117 
110.105896 
110.104980 
110.104370 
110.104370 
110.104675 
110.104980 
110.104675 
110.104980 
110.105286 
110.105896 
110.105286 
110.105591 
110.105286 
110.104980 
110.105286 
110.104675 
110.104675 
110.104370 
110.104370 
110.104065 
110.104980 
110.106506 
110.106812 
110.106506 
110.107422 
110.106812 
110.106201 
110.105896 
110.105896 
110.105591 
110.105591 
110.106201 
110.105591 
110.106201 
110.105896 
110.105896 
110.105591 
110.106201 
110.106506 
110.106506 
110.105591 
110.104980 
110.104370 
110.104065 
110.104370 
110.104675 
110.104980 
110.105286 
110.105591 
110.105896 
110.106506 
110.106812 
110.107117 
110.108032 
110.109863 
110.110474 
110.112305 
110.114136 
110.115967 
110.118408 
110.121765 
110.126343 
110.130615 
110.133972 
110.138855 
110.142517 
110.147095 
110.151672 
110.156860 
110.162354 
110.167236 
110.173645 
110.179749 
110.185852 
110.192261 
110.198975 
110.205994 
110.213318 
110.220642 
110.227356 
110.234070 
110.240479 
110.247192 
110.254822 
110.262756 
110.270691 
110.278320 
110.287170 
110.295105 
110.303955 
110.312195 
110.320435 
110.328979 
110.337830 
110.346375 
110.354919 
110.363770 
110.372314 
110.381165 
110.389709 
110.399475 
110.409546 
110.419006 
110.427856 
110.436707 
110.445557 
110.453186 
110.461121 
110.469360 
110.476990 
110.484924 
110.493164 
110.500488 
110.508728 
110.516052 
110.524292 
110.531921 
110.539856 
110.547791 
110.555725 
110.562439 
110.568237 
110.575562 
110.582886 
110.590210 
110.598145 
110.605774 
110.613708 
110.621338 
110.628967 
110.636597 
110.643311 
110.650940 
110.658569 
110.665894 
110.672913 
110.680237 
110.687256 
110.694580 
110.702209 
110.710754 
110.719299 
110.727539 
110.735168 
110.743103 
110.750427 
110.757751 
110.765076 
110.772400 
110.779724 
110.787048 
110.794983 
110.802307 
110.809937 
110.817566 
110.825500 
110.833130 
110.841064 
110.848694 
110.856934 
110.863647 
110.870667 
110.877380 
110.884399 
110.892639 
110.900269 
110.908508 
110.916138 
110.923767 
110.932312 
110.939636 
110.947571 
110.955200 
110.962219 
110.969849 
110.977478 
110.985107 
110.992126 
110.999756 
111.007690 
111.015625 
111.025085 
111.032715 
111.040649 
111.048889 
111.056213 
111.063843 
111.070557 
111.078186 
111.085510 
111.093445 
111.101074 
111.108704 
111.116333 
111.123962 
111.132202 
111.139526 
111.147461 
111.155396 
111.163025 
111.170654 
111.177063 
111.184082 
111.191711 
111.199951 
111.207581 
111.215515 
111.223755 
111.231689 
111.239319 
111.246948 
111.254883 
111.262512 
111.269836 
111.277771 
111.285400 
111.292725 
111.300049 
111.307068 
111.315002 
111.323242 
111.332397 
111.340942 
111.348572 
111.357117 
111.363831 
111.371460 
111.379089 
111.386414 
111.393738 
111.401672 
111.408997 
111.416626 
111.424866 
111.432800 
111.440430 
111.448059 
111.456604 
111.464233 
111.471558 
111.479187 
111.485596 
111.493225 
111.500549 
111.508789 
111.516113 
111.524048 
111.531982 
111.539917 
111.548157 
111.555786 
111.563416 
111.571045 
111.578674 
111.586304 
111.593933 
111.600952 
111.608276 
111.615601 
111.623840 
111.631470 
111.640625 
111.648560 
111.656799 
111.664734 
111.672668 
111.679382 
111.686707 
111.694641 
111.701660 
111.708984 
111.716919 
111.724854 
111.732178 
111.739807 
111.747742 
111.755066 
111.763000 
111.770935 
111.778870 
111.785278 
111.791687 
111.799011 
111.806641 
111.814575 
111.822815 
111.830444 
111.837769 
111.846008 
111.853638 
111.861572 
111.868896 
111.876831 
111.883850 
111.891479 
111.899414 
111.906128 
111.913757 
111.921082 
111.929016 
111.936951 
111.945801 
111.953735 
111.961975 
111.969910 
111.977539 
111.984863 
111.991577 
111.999817 
112.006836 
112.014771 
112.022400 
112.029419 
112.037354 
112.044983 
112.052917 
112.060547 
112.068481 
112.075806 
112.084351 
112.091064 
112.097778 
112.104492 
112.112427 
112.120972 
112.127991 
112.135925 
112.144470 
112.152100 
112.159424 
112.167053 
112.175293 
112.182312 
112.189941 
112.197571 
112.205505 
112.212524 
112.220154 
112.227478 
112.235413 
112.243652 
112.252197 
112.260437 
112.268677 
112.276306 
112.284241 
112.291260 
112.298584 
112.305908 
112.313232 
112.321472 
112.329102 
112.336731 
112.344360 
112.351990 
112.359924 
112.367249 
112.375183 
112.383118 
112.391052 
112.398071 
112.404785 
112.411499 
112.418823 
112.427368 
112.434692 
112.442932 
112.450867 
112.458496 
112.466736 
112.473755 
112.481689 
112.489319 
112.497253 
112.504883 
112.511902 
112.519226 
112.526245 
112.533875 
112.541809 
112.550049 
112.558289 
112.566833 
112.575073 
112.582397 
112.590332 
112.597961 
112.605286 
112.612610 
112.619629 
112.627563 
112.635498 
112.642822 
112.650452 
112.657471 
112.665710 
112.673340 
112.680969 
112.688904 
112.695923 
112.703552 
112.709961 
112.716980 
112.724304 
112.732239 
112.740173 
112.748108 
112.756042 
112.763977 
112.771606 
112.779236 
112.786560 
112.794495 
112.801819 
112.809143 
112.816772 
112.824097 
112.831116 
112.838745 
112.846375 
112.854919 
112.863159 
112.871399 
112.879639 
112.887573 
112.894897 
112.902222 
112.909546 
112.916870 
112.924194 
112.932129 
112.939758 
112.946777 
112.954407 
112.962646 
112.970276 
112.977600 
112.986145 
112.993469 
113.001099 
113.008423 
113.015137 
113.021240 
113.029175 
113.037109 
113.044739 
113.052063 
113.060913 
113.068237 
113.075867 
113.083496 
113.089905 
113.096619 
113.103638 
113.110046 
113.116150 
113.122253 
113.128052 
113.133240 
113.138733 
113.144836 
113.150940 
113.156128 
113.161011 
113.164978 
113.168945 
113.172302 
113.175049 
113.177795 
113.180847 
113.183289 
113.185730 
113.187866 
113.190002 
113.191223 
113.193665 
113.195496 
113.196716 
113.198242 
113.199463 
113.199768 
113.199768 
113.199768 
113.200073 
113.200684 
113.201599 
113.202209 
113.202515 
113.203125 
113.203735 
113.203735 
113.203735 
113.204041 
113.203430 
113.203430 
113.203125 
113.202820 
113.202515 
113.201904 
113.201904 
113.202515 
113.203125 
113.203430 
113.203430 
113.203430 
113.202820 
113.201904 
113.201294 
113.201294 
113.199768 
113.200073 
113.199463 
113.199463 
113.198242 
113.198547 
113.198242 
113.197632 
113.197327 
113.197327 
113.197021 
113.195801 
113.195190 
113.193665 
113.192749 
113.193054 
113.193054 
113.192749 
113.193054 
113.192444 
113.192749 
113.192444 
113.192139 
113.192139 
113.192139 
113.191223 
113.190918 
113.190613 
113.190308 
113.189392 
113.189697 
113.190002 
113.190918 
113.191528 
113.191223 
113.191528 
113.191223 
113.191223 
113.190918 
113.190613 
113.190308 
113.190308 
113.190613 
113.191223 
113.190308 
113.190613 
113.190918 
113.190613 
113.191223 
113.191223 
113.191528 
113.190308 
113.189392 
113.188782 
113.189087 
113.189697 
113.189392 
113.190002 
113.190308 
113.190308 
113.190308 
113.190918 
113.190613 
113.190308 
113.190613 
113.190613 
113.190918 
113.190308 
113.190308 
113.190002 
113.189697 
113.190613 
113.191528 
113.192444 
113.192749 
113.193359 
113.193054 
113.192749 
113.192444 
113.192749 
113.192139 
113.192444 
113.192444 
113.192139 
113.192444 
113.192749 
113.192444 
113.192749 
113.193054 
113.193054 
113.193359 
113.192749 
113.191528 
113.190918 
113.190918 
113.191223 
113.190613 
113.191528 
113.191528 
113.191528 
113.192139 
113.191528 
113.191528 
113.191833 
113.191528 
113.190918 
113.191223 
113.190308 
113.189697 
113.189697 
113.189392 
113.190308 
113.191223 
113.192139 
113.191833 
113.191833 
113.191833 
113.191223 
113.190918 
113.190918 
113.190613 
113.190002 
113.190308 
113.190002 
113.189392 
113.189697 
113.190002 
113.189087 
113.189392 
113.190002 
113.189697 
113.189087 
113.187866 
113.187256 
113.186951 
113.187561 
113.187256 
113.187561 
113.187561 
113.187866 
113.187866 
113.187866 
113.187561 
113.187866 
113.187866 
113.187561 
113.187561 
113.187256 
113.186646 
113.186340 
113.186340 
113.186951 
113.187866 
113.188782 
113.189087 
113.189087 
113.188477 
113.188782 
113.188477 
113.188782 
113.188171 
113.188477 
113.188477 
113.189087 
113.188477 
113.188477 
113.188477 
113.189087 
113.189392 
113.189392 
113.189697 
113.189087 
113.187866 
113.187561 
113.187561 
113.187866 
113.187866 
113.188477 
113.189087 
113.189087 
113.189087 
113.189087 
113.189087 
113.189392 
113.189697 
113.189087 
113.189087 
113.189392 
113.188782 
113.188782 
113.189087 
113.189087 
113.190613 
113.190918 
113.191833 
113.191833 
113.191833 
113.191528 
113.191223 
113.191223 
113.191223 
113.190918 
113.191528 
113.190918 
113.190918 
113.191223 
113.191528 
113.191223 
113.191528 
113.192139 
113.191833 
113.190918 
113.189697 
113.189392 
113.189087 
113.190002 
113.189392 
113.189697 
113.190308 
113.190308 
113.190002 
113.190613 
113.189697 
113.190002 
113.190308 
113.190002 
113.189392 
113.189392 
113.189087 
113.188477 
113.188477 
113.188782 
113.190002 
113.190613 
113.190613 
113.190308 
113.190308 
113.190002 
113.190002 
113.189392 
113.189087 
113.189087 
113.188782 
113.188782 
113.188782 
113.189087 
113.188782 
113.188782 
113.189087 
113.189087 
113.189392 
113.189087 
113.187256 
113.186646 
113.186646 
113.186646 
113.186646 
113.187256 
113.186646 
113.187256 
113.187561 
113.187256 
113.187256 
113.187256 
113.187256 
113.187256 
113.186951 
113.186646 
113.186035 
113.186340 
113.186035 
113.186340 
113.187866 
113.188171 
113.188782 
113.189087 
113.188782 
113.188782 
113.188171 
113.188477 
113.188171 
113.188171 
113.187866 
113.187866 
113.188477 
113.188477 
113.188171 
113.188477 
113.189087 
113.188782 
113.189392 
113.188782 
113.187561 
113.187561 
113.186951 
113.187256 
113.187561 
113.187561 
113.188477 
113.188477 
113.188782 
113.188782 
113.188477 
113.188782 
113.189087 
113.188477 
113.188782 
113.188477 
113.188171 
113.188171 
113.187866 
113.188782 
113.189087 
113.190308 
113.190918 
113.191223 
113.191223 
113.190613 
113.190308 
113.190613 
113.189697 
113.190308 
113.190308 
113.190308 
113.190002 
113.190308 
113.190308 
113.190308 
113.190613 
113.190918 
113.191223 
113.190613 
113.189087 
113.189087 
113.188171 
113.188782 
113.189087 
113.188782 
113.189087 
113.189392 
113.189697 
113.189392 
113.189392 
113.189392 
113.189087 
113.188782 
113.188782 
113.188477 
113.187866 
113.187866 
113.187561 
113.187866 
113.189392 
113.189697 
113.189697 
113.190002 
113.189392 
113.189697 
113.189087 
113.188782 
113.188477 
113.189087 
113.188477 
113.188477 
113.188477 
113.188477 
113.188477 
113.188477 
113.188782 
113.188477 
113.188782 
113.188171 
113.187256 
113.186646 
113.186340 
113.186646 
113.186951 
113.186646 
113.187256 
113.187256 
113.187256 
113.187561 
113.187561 
113.187256 
113.186951 
113.187256 
113.186646 
113.186340 
113.186646 
113.186035 
113.186340 
113.186340 
113.187866 
113.188171 
113.188782 
113.188782 
113.188782 
113.188782 
113.187866 
113.188171 
113.187866 
113.188171 
113.188171 
113.188171 
113.188171 
113.188477 
113.188171 
113.188782 
113.188782 
113.189392 
113.189392 
113.188782 
113.187561 
113.187561 
113.187256 
113.187256 
113.187561 
113.187866 
113.188171 
113.188171 
113.188782 
113.188782 
113.188782 
113.188477 
113.188782 
113.188477 
113.188782 
113.188171 
113.188171 
113.187561 
113.187561 
113.188477 
113.189697 
113.190002 
113.190308 
113.190613 
113.190613 
113.190308 
113.190308 
113.189697 
113.189087 
113.189392 
113.189392 
113.189392 
113.189697 
113.190002 
113.189697 
113.189392 
113.190002 
113.190002 
113.190308 
113.190002 
113.189087 
113.187866 
113.187561 
113.188171 
113.188171 
113.188171 
113.188477 
113.188477 
113.188477 
113.188782 
113.188171 
113.188477 
113.188782 
113.188477 
113.187561 
113.187866 
113.187256 
113.186951 
113.186951 
113.187561 
113.188171 
113.189087 
113.189697 
113.189392 
113.189392 
113.189392 
113.188477 
113.188477 
113.188477 
113.188171 
113.188171 
113.188171 
113.188782 
113.188171 
113.188477 
113.188171 
113.188477 
113.188477 
113.188782 
113.187866 
113.186951 
113.186340 
113.186340 
113.186340 
113.186646 
113.186646 
113.186646 
113.187561 
113.187561 
113.187256 
113.187561 
113.187256 
113.187256 
113.187256 
113.186646 
113.186646 
113.186340 
113.186340 
113.186340 
113.186646 
113.187561 
113.188477 
113.188782 
113.189392 
113.188782 
113.188477 
113.188477 
113.188171 
113.188171 
113.188171 
113.188171 
113.188171 
113.187866 
113.188477 
113.188782 
113.188477 
113.189087 
113.189087 
113.189392 
113.189087 
113.187866 
113.186951 
113.187256 
113.187561 
113.187866 
113.188171 
113.188171 
113.188171 
113.188477 
113.188477 
113.188477 
113.188782 
113.188477 
113.188171 
113.188171 
113.187866 
113.187866 
113.187256 
113.187866 
113.188171 
113.188782 
113.189697 
113.189697 
113.190613 
113.190308 
113.190308 
113.189392 
113.189392 
113.189087 
113.189087 
113.189392 
113.189697 
113.188782 
113.189392 
113.189392 
113.189087 
113.189697 
113.190002 
113.190002 
113.189087 
113.188477 
113.187561 
113.187561 
113.187866 
113.187866 
113.187866 
113.188171 
113.188171 
113.188477 
113.188782 
113.188171 
113.188477 
113.187866 
113.188477 
113.187866 
113.187561 
113.187256 
113.186951 
113.186646 
113.187256 
113.187866 
113.188782 
113.189087 
113.188782 
113.188782 
113.189087 
113.188171 
113.188171 
113.187561 
113.188477 
113.187866 
113.187866 
113.187866 
113.187866 
113.187866 
113.188477 
113.187866 
113.188477 
113.188782 
113.188477 
113.187256 
113.186035 
113.186340 
113.186340 
113.186646 
113.186646 
113.186951 
113.187561 
113.187866 
113.187256 
113.187256 
113.187866 
113.187561 
113.187256 
113.187256 
113.186951 
113.186340 
113.186340 
113.186035 
113.186646 
113.187561 
113.188477 
113.188782 
113.189087 
113.188782 
113.188477 
113.188477 
113.188171 
113.188171 
113.188477 
113.188477 
113.188477 
113.188171 
113.188782 
113.189087 
113.188782 
113.188782 
113.189087 
113.189392 
113.188477 
113.187561 
113.187256 
113.186340 
113.187256 
113.187256 
113.187866 
113.188171 
113.187866 
113.188477 
113.188171 
113.188171 
113.188171 
113.188477 
113.188171 
113.187866 
113.187866 
113.187256 
113.186951 
113.187256 
113.187866 
113.188782 
113.189392 
113.189697 
113.190002 
113.189697 
113.189392 
113.189087 
113.188782 
113.188782 
113.188782 
113.188782 
113.188782 
113.188782 
113.188782 
113.188782 
113.189087 
113.189087 
113.189087 
113.189392 
113.189087 
113.187561 
113.187561 
113.187256 
113.187256 
113.187256 
113.187256 
113.187866 
113.187866 
113.188171 
113.187866 
113.187561 
113.188477 
113.187561 
113.187561 
113.187256 
113.187256 
113.186340 
113.186646 
113.186646 
113.187256 
113.188171 
113.188782 
113.189087 
113.189087 
113.189087 
113.188782 
113.188477 
113.188171 
113.188171 
113.187866 
113.187561 
113.188171 
113.187866 
113.187866 
113.188171 
113.188477 
113.188477 
113.188477 
113.189087 
113.188171 
113.187561 
113.186646 
113.186340 
113.186646 
113.186646 
113.186646 
113.187256 
113.187256 
113.187561 
113.187866 
113.187561 
113.187561 
113.187561 
113.187866 
113.187561 
113.186951 
113.186951 
113.186951 
113.186340 
113.186951 
113.187866 
113.188782 
113.189087 
113.189697 
113.188477 
113.188782 
113.188782 
113.188477 
113.188477 
113.188477 
113.188477 
113.188477 
113.188477 
113.188782 
113.188782 
113.188477 
113.189087 
113.189087 
113.189392 
113.189392 
113.188171 
113.186951 
113.186951 
113.187561 
113.187866 
113.187866 
113.188171 
113.187866 
113.188477 
113.188171 
113.188171 
113.187866 
113.188477 
113.187866 
113.187866 
113.188171 
113.187561 
113.187561 
113.186951 
113.187561 
113.188782 
113.189087 
113.190002 
113.189697 
113.189697 
113.189392 
113.189087 
113.188782 
113.188171 
113.188782 
113.188477 
113.188477 
113.188782 
113.188171 
113.188782 
113.188477 
113.188782 
113.189392 
113.189392 
113.189087 
113.187561 
113.187561 
113.186951 
113.186951 
113.187256 
113.187256 
113.187256 
113.188171 
113.187866 
113.187561 
113.187561 
113.187866 
113.187561 
113.187256 
113.187561 
113.186951 
113.186646 
113.186646 
113.186340 
113.186646 
113.187866 
113.188477 
113.188782 
113.189087 
113.188782 
113.188171 
113.188477 
113.188477 
113.188171 
113.188171 
113.188171 
113.187866 
113.187866 
113.188171 
113.188171 
113.188171 
113.188171 
113.188782 
113.189087 
113.188171 
113.186951 
113.186951 
113.186035 
113.186646 
113.186646 
113.187256 
113.187256 
113.187561 
113.187561 
113.187561 
113.187561 
113.187561 
113.187866 
113.187256 
113.187561 
113.186951 
113.186951 
113.186646 
113.186340 
113.186951 
113.188171 
113.188782 
113.189087 
113.189087 
113.189087 
113.188477 
113.189087 
113.188477 
113.188782 
113.188477 
113.188171 
113.188477 
113.188782 
113.188477 
113.188477 
113.189087 
113.188782 
113.189087 
113.189392 
113.188782 
113.187561 
113.186951 
113.186951 
113.186951 
113.187256 
113.187561 
113.188171 
113.188171 
113.188477 
113.188171 
113.187866 
113.187866 
113.188477 
113.187866 
113.187256 
113.187866 
113.187256 
113.186951 
113.186951 
113.187561 
113.187866 
113.189697 
113.189087 
113.189392 
113.189087 
113.188782 
113.188477 
113.188477 
113.188477 
113.188171 
113.188477 
113.188782 
113.188171 
113.187866 
113.188782 
113.187866 
113.188782 
113.188782 
113.189087 
113.188477 
113.187256 
113.187256 
113.186340 
113.186646 
113.186951 
113.186951 
113.187561 
113.187561 
113.187866 
113.187256 
113.187866 
113.187256 
113.187561 
113.187866 
113.187256 
113.187256 
113.186951 
113.186646 
113.186340 
113.187256 
113.187866 
113.188477 
113.188782 
113.189392 
113.188782 
113.188782 
113.188477 
113.187866 
113.187866 
113.187866 
113.188171 
113.187866 
113.187866 
113.188171 
113.188171 
113.187866 
113.188477 
113.188782 
113.188782 
113.188477 
113.187561 
113.186646 
113.186646 
113.186340 
113.186646 
113.186951 
113.187256 
113.187256 
113.187561 
113.187561 
113.187561 
113.187256 
113.187866 
113.187561 
113.187256 
113.186951 
113.186646 
113.186646 
113.186340 
113.187256 
113.187866 
113.188782 
113.189392 
113.188782 
113.189087 
113.188782 
113.188782 
113.188477 
113.187866 
113.188477 
113.188782 
113.188171 
113.188171 
113.188171 
113.188477 
113.188782 
113.188477 
113.189087 
113.189087 
113.188782 
113.187561 
113.187256 
113.186646 
113.186951 
113.187256 
113.186951 
113.187256 
113.187866 
113.187561 
113.187561 
113.187866 
113.187866 
113.187866 
113.187866 
113.187561 
113.187561 
113.186951 
113.187256 
113.186951 
113.186951 
113.188171 
113.188782 
113.188782 
113.189392 
113.189087 
113.188477 
113.188477 
113.188171 
113.188477 
113.188477 
113.188477 
113.188477 
113.187866 
113.187866 
113.188171 
113.188171 
113.188782 
113.188782 
113.189087 
113.188782 
113.187561 
113.186951 
113.186646 
113.186951 
113.186646 
113.186951 
113.187561 
113.187561 
113.187866 
113.187561 
113.187561 
113.187561 
113.187561 
113.187256 
113.187256 
113.186951 
113.186951 
113.186340 
113.186340 
113.186646 
113.187866 
113.188477 
113.188477 
113.189392 
113.189087 
113.188171 
113.187866 
113.187866 
113.188477 
113.187866 
113.188477 
113.187866 
113.188171 
113.188171 
113.188171 
113.187866 
113.188477 
113.189087 
113.188782 
113.188477 
113.187256 
113.186646 
113.186646 
113.186951 
113.186951 
113.187256 
113.186951 
113.187561 
113.188171 
113.187866 
113.187256 
113.187561 
113.187866 
113.187866 
113.187561 
113.187561 
113.186951 
113.186951 
113.186340 
113.187256 
113.187866 
113.188782 
113.188782 
113.189087 
113.189087 
113.188782 
113.188782 
113.188477 
113.188171 
113.188477 
113.188477 
113.188171 
113.188477 
113.188171 
113.188477 
113.188477 
113.188782 
113.189087 
113.189087 
113.188477 
113.187561 
113.186951 
113.186340 
113.187256 
113.186951 
113.186951 
113.187561 
113.187561 
113.188171 
113.187561 
113.187866 
113.187866 
113.187866 
113.187866 
113.187561 
113.187256 
113.186951 
113.186951 
113.186340 
113.186951 
113.187866 
113.188782 
113.188782 
113.189392 
113.188782 
113.189087 
113.188782 
113.188171 
113.187866 
113.187866 
113.187866 
113.188171 
113.187866 
113.188171 
113.187561 
113.188477 
113.188477 
113.188782 
113.188171 
113.188171 
113.187561 
113.186646 
113.186340 
113.186646 
113.186340 
113.186951 
113.187256 
113.186951 
113.187561 
113.187561 
113.187866 
113.187561 
113.187866 
113.187561 
113.187561 
113.186951 
113.186951 
113.186340 
113.186035 
113.186951 
113.187866 
113.188477 
113.188782 
113.189392 
113.188782 
113.189087 
113.188171 
113.187866 
113.188171 
113.187866 
113.187866 
113.188477 
113.188171 
113.187866 
113.187866 
113.188477 
113.188477 
113.188782 
113.189087 
113.188171 
113.187256 
113.186951 
113.186340 
113.186951 
113.186951 
113.187561 
113.187256 
113.187866 
113.188171 
113.187866 
113.187866 
113.188171 
113.187866 
113.187561 
113.187866 
113.187561 
113.187256 
113.186646 
113.186646 
113.186951 
113.187866 
113.188782 
113.188477 
113.189392 
113.189087 
113.188477 
113.188477 
113.188171 
113.188171 
113.188171 
113.188171 
113.188477 
113.188171 
113.188171 
113.188477 
113.188477 
113.189087 
113.189087 
113.189087 
113.188477 
113.187561 
113.187256 
113.186646 
113.187561 
113.187256 
113.187561 
113.187561 
113.187866 
113.187866 
113.188171 
113.187866 
113.187866 
113.187866 
113.187866 
113.187256 
113.187256 
113.186951 
113.186951 
113.186646 
113.186646 
113.187866 
113.188477 
113.188477 
113.189087 
113.189087 
113.189087 
113.188782 
113.188171 
113.188171 
113.187866 
113.188171 
113.188171 
113.188171 
113.188171 
113.188477 
113.188477 
113.188782 
113.188782 
113.189392 
113.188477 
113.187561 
113.186646 
113.186646 
113.186951 
113.187256 
113.186951 
113.187561 
113.187561 
113.187866 
113.187561 
113.187256 
113.187561 
113.187256 
113.187561 
113.187256 
113.186646 
113.186646 
113.186340 
113.186035 
113.186340 
113.187561 
113.188477 
113.188477 
113.189087 
113.188782 
113.188477 
113.188477 
113.188477 
113.188171 
113.188171 
113.187866 
113.187866 
113.188171 
113.188477 
113.188477 
113.188477 
113.188477 
113.188782 
113.189087 
113.188782 
113.187561 
113.186646 
113.186646 
113.186951 
113.187256 
113.186646 
113.187256 
113.187256 
113.187866 
113.187256 
113.187561 
113.187561 
113.187561 
113.186951 
113.187256 
113.187256 
113.187256 
113.186340 
113.186951 
113.186646 
113.187866 
113.188782 
113.189087 
113.189392 
113.189087 
113.189087 
113.188477 
113.188171 
113.188477 
113.188477 
113.188477 
113.188171 
113.188477 
113.189087 
113.188477 
113.188782 
113.188782 
113.189392 
113.188782 
113.188782 
113.187561 
113.186646 
113.186646 
113.186646 
113.186951 
113.186951 
113.187561 
113.187561 
113.187561 
113.187866 
113.187866 
113.187561 
113.187866 
113.187866 
113.187561 
113.187256 
113.186646 
113.186646 
113.186035 
113.186951 
113.187866 
113.188477 
113.189087 
113.189087 
113.189087 
113.188477 
113.188477 
113.187866 
113.188171 
113.187866 
113.188171 
113.188171 
113.187866 
113.188171 
113.188171 
113.187866 
113.188477 
113.188782 
113.189087 
113.188477 
113.187561 
113.186340 
113.186340 
113.186646 
113.186646 
113.186646 
113.186951 
113.187256 
113.186951 
113.187561 
113.187561 
113.187256 
113.187256 
113.187561 
113.187256 
113.186646 
113.186340 
113.186035 
113.186340 
113.186646 
113.187866 
113.188782 
113.188782 
113.189392 
113.188782 
113.188782 
113.188171 
113.188171 
113.188171 
113.187866 
113.188171 
113.188477 
113.188171 
113.188171 
113.188171 
113.188477 
113.188477 
113.188782 
113.188782 
113.188171 
113.187561 
113.186646 
113.186340 
113.186340 
113.186646 
113.187256 
113.187561 
113.187561 
113.187561 
113.187866 
113.187866 
113.188171 
113.187866 
113.187866 
113.187561 
113.187256 
113.186646 
113.186646 
113.186646 
113.187256 
113.188171 
113.189087 
113.188782 
113.189087 
113.189087 
113.188782 
113.188477 
113.188477 
113.188171 
113.188171 
113.188477 
113.187866 
113.188171 
113.188171 
113.188477 
113.188171 
113.188782 
113.188782 
113.188782 
113.188782 
113.187561 
113.187256 
113.186340 
113.186951 
113.187256 
113.186951 
113.187561 
113.187256 
113.187561 
113.188171 
113.188171 
113.187561 
113.188171 
113.187561 
113.187256 
113.187561 
113.187256 
113.186646 
113.186646 
113.186951 
113.187866 
113.188477 
113.188477 
113.189087 
113.189087 
113.188477 
113.188477 
113.187866 
113.188171 
113.187561 
113.187256 
113.188171 
113.187866 
113.187866 
113.188171 
113.188477 
113.188171 
113.188782 
113.188477 
113.188782 
113.187256 
113.187256 
113.186035 
113.186646 
113.186951 
113.186951 
113.186951 
113.187561 
113.187866 
113.187561 
113.187561 
113.187866 
113.187561 
113.187561 
113.186951 
113.186951 
113.186951 
113.186646 
113.186340 
113.186340 
113.188171 
113.188171 
113.188477 
113.188477 
113.188782 
113.188477 
113.188477 
113.188171 
113.187866 
113.187866 
113.187866 
113.188171 
113.187866 
113.187866 
113.187866 
113.188171 
113.188477 
113.188782 
113.188782 
113.188782 
113.187561 
113.186951 
113.186340 
113.186951 
113.186951 
113.187561 
113.187561 
113.187561 
113.187561 
113.187561 
113.187256 
113.187561 
113.187561 
113.187256 
113.187256 
113.187256 
113.186951 
113.186340 
113.186340 
113.186951 
113.187561 
113.188477 
113.189087 
113.189087 
113.189392 
113.188782 
113.188477 
113.187866 
113.187866 
113.188171 
113.188171 
113.188171 
113.188171 
113.188171 
113.188171 
113.188171 
113.188782 
113.188782 
113.188782 
113.188477 
113.187561 
113.186646 
113.186340 
113.186951 
113.187256 
113.187256 
113.187866 
113.187561 
113.187561 
113.187561 
113.187866 
113.187866 
113.187561 
113.187561 
113.187561 
113.187256 
113.186951 
113.186951 
113.186340 
113.186646 
113.187561 
113.188782 
113.188782 
113.189392 
113.189087 
113.188477 
113.188171 
113.187866 
113.188171 
113.187866 
113.188171 
113.188171 
113.188171 
113.188171 
113.187866 
113.188171 
113.188477 
113.188477 
113.188782 
113.188477 
113.187866 
113.186646 
113.186646 
113.186646 
113.186646 
113.186646 
113.186951 
113.187561 
113.187866 
113.187256 
113.187256 
113.187561 
113.187561 
113.187256 
113.187256 
113.186951 
113.186646 
113.186646 
113.186340 
113.186646 
113.187561 
113.188171 
113.188477 
113.188782 
113.188782 
113.188782 
113.188171 
113.188171 
113.188171 
113.187866 
113.188171 
113.188171 
113.187866 
113.187866 
113.188477 
113.188171 
113.188477 
113.188782 
113.188782 
113.188171 
113.187866 
113.186646 
113.186340 
113.186646 
113.186646 
113.186951 
113.187256 
113.187561 
113.187561 
113.187866 
113.187866 
113.187256 
113.187561 
113.187561 
113.187256 
113.187256 
113.186951 
113.186340 
113.186340 
113.187256 
113.187866 
113.188171 
113.189087 
113.189392 
113.189087 
113.188782 
113.188477 
113.188171 
113.188171 
113.188171 
113.187866 
113.187561 
113.188171 
113.188171 
113.188171 
113.188477 
113.188782 
113.188477 
113.188782 
113.188782 
113.187561 
113.186646 
113.186340 
113.186646 
113.186951 
113.186951 
113.186951 
113.187866 
113.187561 
113.187561 
113.187561 
113.187561 
113.187256 
113.187256 
113.186951 
113.187256 
113.186951 
113.186646 
113.186340 
113.186646 
113.187866 
113.188782 
113.189087 
113.188782 
113.188782 
113.188782 
113.188171 
113.188171 
113.188171 
113.187866 
113.187866 
113.187561 
113.188171 
113.188477 
113.188477 
113.188171 
113.188477 
113.188782 
113.189087 
113.188477 
113.187561 
113.186646 
113.186340 
113.186951 
113.187256 
113.187256 
113.187256 
113.187561 
113.187256 
113.187561 
113.187561 
113.187866 
113.186951 
113.187561 
113.186951 
113.186951 
113.186646 
113.186340 
113.186035 
113.186646 
113.187866 
113.188171 
113.188782 
113.189087 
113.188782 
113.188782 
113.188782 
113.188171 
113.188171 
113.188171 
113.187866 
113.187866 
113.188171 
113.187866 
113.188171 
113.188171 
113.188477 
113.188782 
113.189087 
113.188782 
113.187866 
113.186646 
113.186646 
113.186646 
113.186646 
113.186951 
113.187256 
113.187256 
113.187866 
113.187256 
113.187561 
113.187866 
113.187561 
113.187866 
113.187561 
113.187256 
113.186951 
113.186340 
113.186646 
113.186646 
113.187866 
113.188782 
113.188477 
113.189087 
113.189087 
113.188477 
113.188477 
113.188171 
113.188171 
113.188477 
113.187866 
113.188171 
113.187866 
113.188171 
113.187866 
113.188477 
113.188171 
113.189087 
113.188477 
113.188477 
113.187561 
113.186646 
113.186646 
113.186951 
113.186951 
113.186646 
113.187866 
113.187256 
113.187561 
113.187866 
113.187256 
113.187256 
113.187866 
113.187256 
113.187256 
113.187256 
113.186646 
113.186340 
113.186340 
113.186646 
113.187561 
113.188171 
113.188782 
113.189087 
113.189087 
113.188782 
113.188477 
113.188171 
113.187866 
113.187866 
113.187866 
113.188171 
113.188171 
113.188171 
113.187866 
113.188171 
113.188477 
113.188782 
113.188477 
113.188477 
113.187561 
113.186646 
113.186340 
113.186646 
113.186951 
113.186951 
113.186951 
113.187256 
113.187866 
113.187866 
113.187561 
113.187561 
113.187561 
113.187256 
113.187561 
113.187256 
113.186646 
113.186646 
113.186340 
113.186646 
113.187561 
113.188477 
113.188782 
113.189087 
113.188782 
113.188782 
113.188171 
113.188171 
113.188171 
113.188171 
113.187866 
113.187866 
113.188171 
113.188477 
113.188477 
113.188171 
113.188477 
113.188171 
113.188782 
113.188782 
113.187561 
113.186646 
113.186035 
113.186951 
113.186646 
113.187561 
113.187256 
113.187561 
113.187561 
113.187866 
113.187561 
113.187866 
113.187561 
113.187561 
113.187561 
113.187256 
113.186646 
113.186646 
113.186340 
113.186646 
113.187561 
113.188477 
113.189087 
113.188782 
113.189087 
113.188477 
113.188477 
113.187866 
113.187561 
113.186951 
113.186951 
113.186035 
113.185120 
113.184204 
113.183289 
113.181763 
113.180237 
113.178711 
113.176575 
113.174133 
113.170471 
113.167114 
113.163452 
113.160095 
113.156738 
113.153076 
113.149109 
113.144836 
113.139954 
113.135071 
113.130188 
113.125000 
113.119507 
113.113708 
113.107910 
113.101501 
113.094788 
113.088379 
113.081055 
113.074646 
113.069153 
113.062744 
113.056030 
113.049011 
113.041687 
113.034363 
113.026123 
113.018494 
113.010254 
113.002930 
112.994690 
112.987061 
112.978821 
112.971191 
112.963257 
112.955017 
112.947388 
112.939453 
112.931519 
112.922974 
112.914124 
112.904663 
112.895813 
112.887878 
112.879944 
112.871704 
112.863770 
112.855835 
112.847595 
112.839355 
112.830811 
112.822876 
112.814941 
112.806091 
112.797852 
112.789307 
112.780762 
112.771912 
112.763977 
112.756042 
112.748718 
112.741699 
112.733459 
112.725525 
112.717590 
112.708740 
112.700806 
112.691956 
112.684326 
112.676086 
112.668152 
112.659607 
112.651672 
112.644043 
112.636108 
112.628174 
112.620239 
112.612000 
112.604675 
112.596436 
112.587891 
112.579041 
112.570190 
112.562866 
112.554932 
112.546997 
112.539063 
112.531738 
112.524109 
112.516479 
112.508545 
112.500916 
112.492981 
112.484741 
112.476807 
112.468872 
112.460632 
112.453003 
112.444153 
112.436829 
112.430420 
112.423096 
112.416077 
112.408447 
112.400513 
112.392578 
112.384338 
112.376404 
112.368164 
112.360535 
112.352905 
112.344666 
112.337036 
112.329407 
112.321472 
112.314148 
112.306519 
112.298889 
112.291565 
112.283936 
112.274780 
112.265930 
112.257385 
112.249756 
112.242126 
112.234802 
112.226868 
112.219849 
112.212219 
112.204285 
112.196655 
112.189026 
112.181091 
112.173462 
112.165222 
112.157288 
112.149048 
112.141113 
112.132568 
112.125549 
112.118530 
112.111511 
112.104492 
112.096558 
112.089539 
112.080994 
112.073059 
112.064514 
112.056580 
112.048340 
112.040405 
112.032776 
112.025146 
112.017212 
112.009583 
112.002258 
111.994019 
111.986694 
111.979370 
111.970825 
111.962280 
111.952820 
111.944885 
111.937256 
111.929932 
111.921692 
111.914368 
111.907043 
111.899414 
111.891174 
111.883545 
111.875610 
111.868286 
111.860352 
111.852112 
111.843872 
111.835938 
111.827393 
111.819763 
111.812134 
111.805420 
111.798096 
111.790466 
111.783142 
111.775513 
111.767578 
111.759644 
111.751404 
111.743469 
111.735229 
111.727295 
111.719360 
111.711731 
111.703796 
111.696472 
111.688538 
111.681213 
111.673584 
111.665955 
111.657715 
111.648865 
111.640015 
111.631775 
111.624146 
111.616516 
111.608887 
111.601563 
111.593933 
111.586609 
111.578369 
111.571045 
111.563416 
111.555481 
111.547852 
111.539917 
111.531677 
111.523438 
111.515198 
111.507263 
111.499939 
111.493530 
111.486206 
111.478882 
111.471252 
111.463928 
111.455688 
111.447754 
111.439819 
111.431580 
111.423645 
111.416016 
111.408386 
111.400452 
111.393127 
111.385193 
111.377563 
111.369934 
111.362610 
111.354675 
111.347046 
111.338501 
111.329346 
111.321106 
111.313171 
111.305542 
111.298523 
111.290894 
111.283569 
111.275940 
111.268311 
111.260681 
111.253052 
111.245422 
111.237488 
111.229248 
111.221313 
111.213379 
111.204834 
111.196899 
111.189880 
111.183167 
111.176147 
111.168518 
111.161194 
111.153564 
111.145935 
111.137390 
111.129456 
111.121216 
111.113281 
111.105652 
111.097717 
111.090088 
111.082764 
111.074524 
111.066895 
111.059875 
111.051941 
111.044312 
111.036377 
111.026917 
111.018677 
111.010437 
111.002808 
110.994873 
110.987549 
110.979919 
110.972595 
110.964661 
110.957031 
110.949402 
110.942078 
110.934143 
110.926208 
110.917969 
110.910645 
110.902100 
110.893860 
110.885925 
110.878601 
110.871582 
110.864868 
110.857239 
110.849609 
110.841980 
110.834045 
110.825806 
110.817871 
110.809326 
110.801392 
110.793762 
110.785828 
110.777893 
110.770569 
110.762939 
110.755005 
110.747375 
110.740356 
110.732117 
110.724487 
110.715942 
110.707092 
110.698547 
110.691223 
110.683594 
110.675659 
110.668030 
110.660400 
110.653076 
110.645752 
110.637817 
110.630493 
110.622253 
110.614929 
110.606689 
110.598755 
110.590820 
110.582581 
110.574646 
110.567322 
110.560303 
110.553894 
110.546570 
110.538940 
110.531006 
110.523071 
110.514832 
110.507202 
110.498962 
110.491333 
110.483093 
110.475769 
110.467834 
110.460205 
110.452576 
110.445251 
110.437317 
110.429993 
110.422974 
110.414734 
110.405884 
110.397339 
110.388794 
110.381470 
110.373535 
110.365906 
110.358582 
110.350952 
110.343933 
110.336609 
110.328674 
110.321045 
110.313110 
110.305481 
110.297546 
110.289612 
110.281677 
110.273438 
110.265503 
110.258179 
110.251465 
110.245056 
110.237732 
110.230103 
110.222168 
110.214539 
110.206604 
110.198975 
110.191345 
110.183716 
110.176697 
110.169678 
110.163574 
110.157471 
110.151367 
110.145874 
110.140686 
110.136414 
110.131531 
110.127258 
110.122375 
110.117493 
110.113831 
110.111389 
110.108643 
110.106812 
110.105286 
110.104065 
110.102539 
110.102539 
110.101624 
110.100708 
110.099792 
110.099487 
110.099182 
110.098572 
110.097656 
110.097351 
110.097046 
110.097351 
110.098877 
110.099792 
110.100403 
110.100403 
110.100403 
110.100708 
110.100403 
110.100098 
110.100098 
110.100098 
110.100403 
110.100708 
110.100708 
110.101013 
110.101318 
110.102234 
110.102234 
110.102844 
110.103455 
110.102844 
110.102234 
110.101929 
110.101624 
110.101624 
110.101929 
110.102234 
110.102844 
110.102844 
110.103455 
110.103455 
110.103455 
110.103455 
110.103760 
110.103455 
110.103760 
110.104065 
110.103455 
110.103149 
110.102844 
110.103149 
110.103760 
110.105286 
110.105896 
110.105591 
110.105896 
110.106201 
110.105591 
110.105591 
110.105286 
110.104980 
110.105286 
110.105286 
110.104980 
110.105286 
110.105591 
110.105591 
110.105591 
110.105896 
110.105896 
110.105591 
110.104980 
110.103760 
110.103760 
110.103455 
110.104065 
110.104065 
110.104370 
110.104370 
110.104370 
110.104370 
110.104675 
110.104370 
110.104675 
110.104370 
110.104370 
110.103760 
110.103760 
110.103760 
110.103455 
110.103149 
