Blum, K. P., D’Incamps, B. L., Zytnicki, D., & Ting, L. H. (2017).
Force encoding in muscle spindles during stretch of
passive muscle. PLoS computational biology, 13(9), 
e1005767. <https://journals.plos.org/ploscompbiol/article?
id=10.1371/journal.pcbi.1005767>

cat medial gastrocnemius muscle lengths over t  (in 0.0005 s increments)
110.110779 
110.111084 
110.111084 
110.111084 
110.111389 
110.111694 
110.112000 
110.112305 
110.112305 
110.110779 
110.109863 
110.109253 
110.109253 
110.109253 
110.109253 
110.109863 
110.110168 
110.110168 
110.110474 
110.110168 
110.109863 
110.110168 
110.109863 
110.109863 
110.109253 
110.109558 
110.108948 
110.108337 
110.108337 
110.110168 
110.111084 
110.111694 
110.111694 
110.112000 
110.111389 
110.111084 
110.111389 
110.110779 
110.110474 
110.110779 
110.110779 
110.110474 
110.111389 
110.111084 
110.111389 
110.111694 
110.112000 
110.112000 
110.112305 
110.111084 
110.109558 
110.108948 
110.108948 
110.108948 
110.109253 
110.109558 
110.109863 
110.109863 
110.110168 
110.110474 
110.109863 
110.110474 
110.110168 
110.109863 
110.109558 
110.109863 
110.108643 
110.108337 
110.108948 
110.109863 
110.111389 
110.111389 
110.111694 
110.111694 
110.111389 
110.111084 
110.111084 
110.110474 
110.110779 
110.110779 
110.110779 
110.110779 
110.111389 
110.110779 
110.111084 
110.111694 
110.111694 
110.112610 
110.112610 
110.111084 
110.109253 
110.109253 
110.108643 
110.108948 
110.108948 
110.109558 
110.109863 
110.110168 
110.109863 
110.110168 
110.109863 
110.110168 
110.109863 
110.109863 
110.110168 
110.109558 
110.108948 
110.109253 
110.109558 
110.111084 
110.113220 
110.115051 
110.115967 
110.117188 
110.118408 
110.119934 
110.121155 
110.122681 
110.124207 
110.126953 
110.128784 
110.131531 
110.133972 
110.136414 
110.139771 
110.142517 
110.145569 
110.148621 
110.151367 
110.153198 
110.154114 
110.156250 
110.158081 
110.161133 
110.163879 
110.166321 
110.169678 
110.172729 
110.175476 
110.178223 
110.180969 
110.183716 
110.185547 
110.188904 
110.191040 
110.192871 
110.195313 
110.197449 
110.199890 
110.203552 
110.207520 
110.210571 
110.213928 
110.216675 
110.219116 
110.220947 
110.223389 
110.225525 
110.227966 
110.230408 
110.232849 
110.235901 
110.238647 
110.240784 
110.244141 
110.247192 
110.250549 
110.253601 
110.255737 
110.257568 
110.258484 
110.260620 
110.262451 
110.264893 
110.267944 
110.270386 
110.273438 
110.276489 
110.278931 
110.281982 
110.284729 
110.287170 
110.289612 
110.292358 
110.294495 
110.296631 
110.299377 
110.301208 
110.303650 
110.307617 
110.311584 
110.314636 
110.317688 
110.320740 
110.323181 
110.325623 
110.327759 
110.329590 
110.332336 
110.334473 
110.336914 
110.339661 
110.342712 
110.345459 
110.347900 
110.350952 
110.354309 
110.357361 
110.360413 
110.361328 
110.363159 
110.364380 
110.366821 
110.369568 
110.372009 
110.375366 
110.378113 
110.381165 
110.384521 
110.386963 
110.390320 
110.393066 
110.395508 
110.397949 
110.401001 
110.403137 
110.405884 
110.407715 
110.410461 
110.414124 
110.418701 
110.422363 
110.425110 
110.428162 
110.430298 
110.433044 
110.435486 
110.437927 
110.440063 
110.442810 
110.445862 
110.447998 
110.451660 
110.453796 
110.457153 
110.460205 
110.462952 
110.466309 
110.469055 
110.470886 
110.471802 
110.473633 
110.476379 
110.479126 
110.482178 
110.484924 
110.487976 
110.490723 
110.493774 
110.496521 
110.499268 
110.501709 
110.504456 
110.506897 
110.509338 
110.511475 
110.514221 
110.516052 
110.518494 
110.522156 
110.526123 
110.529785 
110.532227 
110.534668 
110.536804 
110.539551 
110.541687 
110.543518 
110.545959 
110.548706 
110.551147 
110.553284 
110.556030 
110.558167 
110.561218 
110.563965 
110.567322 
110.570068 
110.572205 
110.573730 
110.574951 
110.576172 
110.578613 
110.581360 
110.583191 
110.586243 
110.588989 
110.591736 
110.594788 
110.597534 
110.600281 
110.602112 
110.605164 
110.607605 
110.609741 
110.611877 
110.614014 
110.616150 
110.618591 
110.622253 
110.625916 
110.629272 
110.632324 
110.635071 
110.636902 
110.639343 
110.641785 
110.643921 
110.646362 
110.649109 
110.651550 
110.653687 
110.656433 
110.658875 
110.661621 
110.664673 
110.667725 
110.670471 
110.673218 
110.675049 
110.676270 
110.677795 
110.679932 
110.682373 
110.684814 
110.687866 
110.690613 
110.693665 
110.696411 
110.698853 
110.701599 
110.704346 
110.707397 
110.710144 
110.711975 
110.714111 
110.716553 
110.718384 
110.721130 
110.724487 
110.728455 
110.731506 
110.734863 
110.737610 
110.739746 
110.742188 
110.744629 
110.746460 
110.748901 
110.751343 
110.753479 
110.755920 
110.758972 
110.761414 
110.764771 
110.766907 
110.770264 
110.773010 
110.775757 
110.777588 
110.778809 
110.780334 
110.782471 
110.784912 
110.787354 
110.790710 
110.793457 
110.796204 
110.799255 
110.801392 
110.804138 
110.807190 
110.809326 
110.811768 
110.814514 
110.816956 
110.818787 
110.820313 
110.823364 
110.826416 
110.830383 
110.834351 
110.837402 
110.839844 
110.842285 
110.844421 
110.846558 
110.849304 
110.851746 
110.853577 
110.856628 
110.859070 
110.861511 
110.864258 
110.866394 
110.869751 
110.872803 
110.876160 
110.878906 
110.880432 
110.881653 
110.883484 
110.885010 
110.887756 
110.890808 
110.893555 
110.895996 
110.898743 
110.902100 
110.904541 
110.907288 
110.910034 
110.912476 
110.914612 
110.917664 
110.919495 
110.921631 
110.924072 
110.926208 
110.929565 
110.933228 
110.937195 
110.939941 
110.942383 
110.944824 
110.947266 
110.949402 
110.952148 
110.954590 
110.956726 
110.959167 
110.961609 
110.964050 
110.966797 
110.969849 
110.972290 
110.975952 
110.978699 
110.981140 
110.982971 
110.984192 
110.985718 
110.987549 
110.990601 
110.993042 
110.995483 
110.998840 
111.001587 
111.004333 
111.007080 
111.009827 
111.012573 
111.014709 
111.018372 
111.020203 
111.022339 
111.024475 
111.026611 
111.029053 
111.032104 
111.036377 
111.039734 
111.042786 
111.045532 
111.047974 
111.050415 
111.052551 
111.054688 
111.056824 
111.059570 
111.062012 
111.064453 
111.066895 
111.069946 
111.072388 
111.075439 
111.078186 
111.081238 
111.083984 
111.085815 
111.087036 
111.088562 
111.090698 
111.093140 
111.095581 
111.098633 
111.101379 
111.104431 
111.107483 
111.109924 
111.112671 
111.115112 
111.117859 
111.120605 
111.123047 
111.124878 
111.127014 
111.129456 
111.131592 
111.134644 
111.138916 
111.142578 
111.145630 
111.148071 
111.150208 
111.152649 
111.155090 
111.157837 
111.159363 
111.162109 
111.164551 
111.166992 
111.169434 
111.172180 
111.174927 
111.178284 
111.181030 
111.184082 
111.187134 
111.188965 
111.189880 
111.191101 
111.193542 
111.195984 
111.198730 
111.201477 
111.204529 
111.206970 
111.210022 
111.213074 
111.215210 
111.218262 
111.220703 
111.222839 
111.225586 
111.228027 
111.229858 
111.231689 
111.234436 
111.237488 
111.241760 
111.245422 
111.248169 
111.250305 
111.253052 
111.255493 
111.257629 
111.260071 
111.262512 
111.264648 
111.267395 
111.269836 
111.272278 
111.275024 
111.277771 
111.280518 
111.283569 
111.286621 
111.289368 
111.290894 
111.292419 
111.293945 
111.295776 
111.298523 
111.300964 
111.303711 
111.306763 
111.309204 
111.312256 
111.315308 
111.317444 
111.320496 
111.323242 
111.325378 
111.328125 
111.330566 
111.332703 
111.334534 
111.336975 
111.340332 
111.344299 
111.348267 
111.351013 
111.353149 
111.355896 
111.358032 
111.360474 
111.363220 
111.365051 
111.367493 
111.369629 
111.372986 
111.375122 
111.377563 
111.380920 
111.383057 
111.386108 
111.389160 
111.392212 
111.394043 
111.394958 
111.396790 
111.398621 
111.401367 
111.404114 
111.406555 
111.409607 
111.412354 
111.414795 
111.417236 
111.420898 
111.423340 
111.425476 
111.427917 
111.430664 
111.432495 
111.434937 
111.437073 
111.439209 
111.442871 
111.446838 
111.450195 
111.453247 
111.455994 
111.458435 
111.460876 
111.463013 
111.465149 
111.467285 
111.469727 
111.472168 
111.474915 
111.477356 
111.480103 
111.482849 
111.485901 
111.488953 
111.491699 
111.495056 
111.496582 
111.498108 
111.499329 
111.501465 
111.503906 
111.506653 
111.509705 
111.512451 
111.514893 
111.517944 
111.520691 
111.523438 
111.525879 
111.528931 
111.531067 
111.533508 
111.535645 
111.537781 
111.539917 
111.542053 
111.545410 
111.549683 
111.553040 
111.556396 
111.558838 
111.561584 
111.563721 
111.565552 
111.567993 
111.570435 
111.572571 
111.575012 
111.577759 
111.580200 
111.583252 
111.585693 
111.588440 
111.591492 
111.594543 
111.596985 
111.598816 
111.600342 
111.601868 
111.603699 
111.606140 
111.608582 
111.611938 
111.614685 
111.617432 
111.620483 
111.623230 
111.626282 
111.628418 
111.630859 
111.633606 
111.636353 
111.638184 
111.640625 
111.642151 
111.645203 
111.647644 
111.652527 
111.655579 
111.658936 
111.661682 
111.663818 
111.666260 
111.668701 
111.670837 
111.673279 
111.675415 
111.678162 
111.680298 
111.682739 
111.685791 
111.688232 
111.690979 
111.694031 
111.697388 
111.700134 
111.702271 
111.703186 
111.704407 
111.706543 
111.708984 
111.711731 
111.714172 
111.717529 
111.720581 
111.723328 
111.726074 
111.728516 
111.731567 
111.734009 
111.736450 
111.738586 
111.741028 
111.743164 
111.745300 
111.747437 
111.750793 
111.754456 
111.758423 
111.761475 
111.763916 
111.766357 
111.768494 
111.771240 
111.773071 
111.775818 
111.778259 
111.781006 
111.782837 
111.785583 
111.788025 
111.791077 
111.793823 
111.796875 
111.799622 
111.802673 
111.805115 
111.806030 
111.807861 
111.809387 
111.812134 
111.814575 
111.817932 
111.820374 
111.823120 
111.825867 
111.828918 
111.831665 
111.833801 
111.836548 
111.839294 
111.841431 
111.843872 
111.846008 
111.847839 
111.850281 
111.853638 
111.857300 
111.861267 
111.864014 
111.866760 
111.868896 
111.871643 
111.874084 
111.876221 
111.878357 
111.881104 
111.882935 
111.885681 
111.888733 
111.891174 
111.893311 
111.896973 
111.899109 
111.902161 
111.905518 
111.907349 
111.909180 
111.910095 
111.911926 
111.914368 
111.917419 
111.919861 
111.922607 
111.925354 
111.928711 
111.931152 
111.933899 
111.936646 
111.939087 
111.941528 
111.943970 
111.946716 
111.948547 
111.950378 
111.952515 
111.955872 
111.959839 
111.963501 
111.966248 
111.969299 
111.972046 
111.974182 
111.976929 
111.979065 
111.981506 
111.983948 
111.986389 
111.988831 
111.990967 
111.993713 
111.996765 
111.999512 
112.002258 
112.005615 
112.008057 
112.010498 
112.011414 
112.013245 
112.015076 
112.017517 
112.019653 
112.023010 
112.025452 
112.028198 
112.031555 
112.033691 
112.037048 
112.039490 
112.042236 
112.044678 
112.046814 
112.049255 
112.051697 
112.053833 
112.055969 
112.059021 
112.062378 
112.066650 
112.069092 
112.072144 
112.074585 
112.077332 
112.079468 
112.081604 
112.084045 
112.086182 
112.088928 
112.091675 
112.093506 
112.096252 
112.099304 
112.102051 
112.105103 
112.108154 
112.111206 
112.113342 
112.114868 
112.116089 
112.117920 
112.120361 
112.122803 
112.125549 
112.128296 
112.131348 
112.134094 
112.137146 
112.139893 
112.142639 
112.145081 
112.147217 
112.149658 
112.152405 
112.154541 
112.156067 
112.158508 
112.161865 
112.165222 
112.169189 
112.172852 
112.174988 
112.177429 
112.179871 
112.182007 
112.184143 
112.186584 
112.188721 
112.191467 
112.193604 
112.196655 
112.199097 
112.201843 
112.204895 
112.207947 
112.210693 
112.213745 
112.216187 
112.217102 
112.218323 
112.220154 
112.222900 
112.225647 
112.227783 
112.230835 
112.233276 
112.236633 
112.239685 
112.242432 
112.244873 
112.247620 
112.250061 
112.251892 
112.254639 
112.256775 
112.258911 
112.261353 
112.263794 
112.267761 
112.272034 
112.274780 
112.277832 
112.279968 
112.282715 
112.285156 
112.287292 
112.289734 
112.291870 
112.294617 
112.296753 
112.299805 
112.301941 
112.304688 
112.307434 
112.310486 
112.313843 
112.316589 
112.318726 
112.320251 
112.321167 
112.323608 
112.325745 
112.328186 
112.330933 
112.333679 
112.336426 
112.340088 
112.342224 
112.344666 
112.347412 
112.350464 
112.352905 
112.355652 
112.357483 
112.359619 
112.362366 
112.364197 
112.366943 
112.370911 
112.374573 
112.377930 
112.380371 
112.382507 
112.385559 
112.387695 
112.389832 
112.392578 
112.394409 
112.397156 
112.399292 
112.402344 
112.404480 
112.407532 
112.409668 
112.413025 
112.416077 
112.419434 
112.421570 
112.422485 
112.424011 
112.425842 
112.428589 
112.431030 
112.434082 
112.436829 
112.439575 
112.442627 
112.445374 
112.448120 
112.450562 
112.453613 
112.455750 
112.458191 
112.460327 
112.462769 
112.464600 
112.466736 
112.469482 
112.473450 
112.477417 
112.480469 
112.483521 
112.485962 
112.488098 
112.490234 
112.492371 
112.494812 
112.497253 
112.499695 
112.502136 
112.504578 
112.507324 
112.510376 
112.513123 
112.515564 
112.519226 
112.521057 
112.524109 
112.525330 
112.526245 
112.528687 
112.530823 
112.533569 
112.536316 
112.539063 
112.542419 
112.545166 
112.547913 
112.550659 
112.553101 
112.555847 
112.557983 
112.560730 
112.562866 
112.565002 
112.567139 
112.569580 
112.572021 
112.575989 
112.580261 
112.583008 
112.586060 
112.588501 
112.590637 
112.593079 
112.595825 
112.597961 
112.600098 
112.602539 
112.604980 
112.607422 
112.610168 
112.612610 
112.615662 
112.618713 
112.621765 
112.624512 
112.626648 
112.628479 
112.629700 
112.631226 
112.633972 
112.636414 
112.639465 
112.642212 
112.644653 
112.647400 
112.650452 
112.653809 
112.655945 
112.658386 
112.661133 
112.663574 
112.665710 
112.668152 
112.670288 
112.672119 
112.675171 
112.679138 
112.682495 
112.685852 
112.689209 
112.690735 
112.693481 
112.695618 
112.698059 
112.700195 
112.702637 
112.705383 
112.707520 
112.710266 
112.712708 
112.715149 
112.718201 
112.720947 
112.723999 
112.727051 
112.729187 
112.730713 
112.732239 
112.734070 
112.736206 
112.738953 
112.741699 
112.744751 
112.747803 
112.750854 
112.753296 
112.755737 
112.758789 
112.760925 
112.763977 
112.766418 
112.768555 
112.770996 
112.773132 
112.774963 
112.777710 
112.781372 
112.785339 
112.788391 
112.791443 
112.793884 
112.796021 
112.798767 
112.800903 
112.803040 
112.805481 
112.807617 
112.810059 
112.812805 
112.815552 
112.817993 
112.821045 
112.823792 
112.826843 
112.829895 
112.832336 
112.833862 
112.834778 
112.836609 
112.839050 
112.841797 
112.844849 
112.847595 
112.850037 
112.853088 
112.855835 
112.858582 
112.861023 
112.863770 
112.866516 
112.868652 
112.871094 
112.873535 
112.875366 
112.877197 
112.880249 
112.883911 
112.887878 
112.891541 
112.893982 
112.896423 
112.898865 
112.901306 
112.903442 
112.905884 
112.908325 
112.910461 
112.912903 
112.915649 
112.918091 
112.920837 
112.923279 
112.926941 
112.929382 
112.931824 
112.935181 
112.936707 
112.937927 
112.939453 
112.941589 
112.944336 
112.947083 
112.949829 
112.952881 
112.955627 
112.958374 
112.960815 
112.963867 
112.966309 
112.969360 
112.971191 
112.974243 
112.976074 
112.978210 
112.980042 
112.983398 
112.986755 
112.990417 
112.993469 
112.996521 
112.998657 
113.001404 
113.004150 
113.005981 
113.008423 
113.010864 
113.013000 
113.015442 
113.017883 
113.020935 
113.023376 
113.026123 
113.029175 
113.031921 
113.035278 
113.037415 
113.038940 
113.040161 
113.041687 
113.044128 
113.046875 
113.049622 
113.052979 
113.055420 
113.057861 
113.061523 
113.063965 
113.066711 
113.069458 
113.071899 
113.074036 
113.076477 
113.078613 
113.080750 
113.082886 
113.085327 
113.089294 
113.093262 
113.096924 
113.099365 
113.101501 
113.104553 
113.106689 
113.108521 
113.110657 
113.113708 
113.115845 
113.118286 
113.120728 
113.123169 
113.125916 
113.128662 
113.131714 
113.134460 
113.137512 
113.139954 
113.141479 
113.143005 
113.144226 
113.146667 
113.149414 
113.152161 
113.155518 
113.157349 
113.161011 
113.163757 
113.166199 
113.168945 
113.171387 
113.174133 
113.176880 
113.178711 
113.181152 
113.182678 
113.184204 
113.186340 
113.188782 
113.191528 
113.193665 
113.194885 
113.195496 
113.195801 
113.196106 
113.196106 
113.196411 
113.196411 
113.196411 
113.196411 
113.196411 
113.196716 
113.196716 
113.196411 
113.197021 
113.197632 
113.197632 
113.197937 
113.196716 
113.195190 
113.194580 
113.194275 
113.193970 
113.194275 
113.194580 
113.194580 
113.194885 
113.195190 
113.194885 
113.194580 
113.194580 
113.194580 
113.194580 
113.193970 
113.193359 
113.193054 
113.192139 
113.192749 
113.193665 
113.194580 
113.195190 
113.195496 
113.195190 
113.194885 
113.194580 
113.194885 
113.193970 
113.193054 
113.193970 
113.193359 
113.193359 
113.193665 
113.193665 
113.193970 
113.194275 
113.194580 
113.194885 
113.195190 
113.193665 
113.192444 
113.191223 
113.191528 
113.191223 
113.191528 
113.191528 
113.192139 
113.192139 
113.192444 
113.192139 
113.192139 
113.192139 
113.192139 
113.191833 
113.191833 
113.191528 
113.190918 
113.190918 
113.190918 
113.191528 
113.193359 
113.193970 
113.193970 
113.194275 
113.193970 
113.193359 
113.193054 
113.193054 
113.193359 
113.193359 
113.193054 
113.193359 
113.193359 
113.193359 
113.193970 
113.193970 
113.193970 
113.194580 
113.194580 
113.193665 
113.192444 
113.191528 
113.190918 
113.191528 
113.191223 
113.191528 
113.191833 
113.192444 
113.192139 
113.192139 
113.192139 
113.192444 
113.192444 
113.191833 
113.192444 
113.191833 
113.191223 
113.190918 
113.190918 
113.192139 
113.193054 
113.194580 
113.193970 
113.194275 
113.193665 
113.193359 
113.193359 
113.192749 
113.193054 
113.192749 
113.192749 
113.193359 
113.193359 
113.193359 
113.193359 
113.193970 
113.193970 
113.194580 
113.194580 
113.193359 
113.192139 
113.190918 
113.190918 
113.190918 
113.191528 
113.191223 
113.191833 
113.192139 
113.192444 
113.192444 
113.192139 
113.192139 
113.192139 
113.192139 
113.191833 
113.191528 
113.191223 
113.190613 
113.190613 
113.191528 
113.193054 
113.193970 
113.193970 
113.193665 
113.193665 
113.193359 
113.193054 
113.192749 
113.193359 
113.193054 
113.192444 
113.193054 
113.193359 
113.193054 
113.193359 
113.193359 
113.193970 
113.194580 
113.194885 
113.193665 
113.192139 
113.191223 
113.190613 
113.190918 
113.191223 
113.191833 
113.191833 
113.192139 
113.192444 
113.192139 
113.192139 
113.192444 
113.192139 
113.191833 
113.191833 
113.191833 
113.191223 
113.190918 
113.190613 
113.191833 
113.193054 
113.193970 
113.193665 
113.193970 
113.193665 
113.193359 
113.193359 
113.193054 
113.193054 
113.192749 
113.193054 
113.193054 
113.192749 
113.193054 
113.193665 
113.193359 
113.193665 
113.194275 
113.194885 
113.193054 
113.192444 
113.191223 
113.191223 
113.191528 
113.191223 
113.191528 
113.191833 
113.192139 
113.192139 
113.191833 
113.192444 
113.192139 
113.191833 
113.191833 
113.191833 
113.191528 
113.190613 
113.190613 
113.190308 
113.191528 
113.193054 
113.193359 
113.193665 
113.193665 
113.193970 
113.193054 
113.193054 
113.193359 
113.192444 
113.192749 
113.193054 
113.193054 
113.193054 
113.193359 
113.193359 
113.193359 
113.193665 
113.194275 
113.193970 
113.193359 
113.191833 
113.190918 
113.190613 
113.190918 
113.191223 
113.191223 
113.191833 
113.191833 
113.192444 
113.192139 
113.192139 
113.192139 
113.192139 
113.192139 
113.191223 
113.190918 
113.190918 
113.190613 
113.190613 
113.191528 
113.192749 
113.193665 
113.193665 
113.193665 
113.193359 
113.193359 
113.192749 
113.193054 
113.192749 
113.193054 
113.193054 
113.193054 
113.192749 
113.192749 
113.193359 
113.193359 
113.193970 
113.194580 
113.194275 
113.193665 
113.192139 
113.191223 
113.190613 
113.191223 
113.190918 
113.191528 
113.191223 
113.192139 
113.192139 
113.192444 
113.192139 
113.191833 
113.192139 
113.191833 
113.191833 
113.191223 
113.191223 
113.190613 
113.190308 
113.191528 
113.192749 
113.193665 
113.193970 
113.193970 
113.193970 
113.193665 
113.193054 
113.192749 
113.192749 
113.192444 
113.192749 
113.192749 
113.193054 
113.192749 
113.193359 
113.193665 
113.193970 
113.194580 
113.194275 
113.193359 
113.192444 
113.190918 
113.190918 
113.191223 
113.191223 
113.191223 
113.191223 
113.192139 
113.191833 
113.191833 
113.192139 
113.192444 
113.191833 
113.191528 
113.191833 
113.190918 
113.191223 
113.190613 
113.190308 
113.191223 
113.192444 
113.193665 
113.193665 
113.193970 
113.193970 
113.193054 
113.192749 
113.192749 
113.192444 
113.192444 
113.193054 
113.192749 
113.193054 
113.193054 
113.193359 
113.193359 
113.193970 
113.193970 
113.193970 
113.193665 
113.192139 
113.191223 
113.190918 
113.190613 
113.190918 
113.191528 
113.191833 
113.191833 
113.192444 
113.191833 
113.192139 
113.192444 
113.192139 
113.191833 
113.191528 
113.191528 
113.190918 
113.190613 
113.190308 
113.191528 
113.192749 
113.193665 
113.193665 
113.193665 
113.193665 
113.193054 
113.193054 
113.192749 
113.192749 
113.192749 
113.193054 
113.192749 
113.192749 
113.193359 
113.193054 
113.193359 
113.194275 
113.194580 
113.194275 
113.193665 
113.192139 
113.190918 
113.190918 
113.190918 
113.191223 
113.191223 
113.191833 
113.191833 
113.192444 
113.192139 
113.192139 
113.192139 
113.191528 
113.192139 
113.191833 
113.191528 
113.190613 
113.190613 
113.190002 
113.190918 
113.192444 
113.193359 
113.193970 
113.193665 
113.193665 
113.193359 
113.193054 
113.193054 
113.193054 
113.192444 
113.192139 
113.192749 
113.192749 
113.192749 
113.193054 
113.193054 
113.193970 
113.194275 
113.194580 
113.193665 
113.192139 
113.190918 
113.190613 
113.190918 
113.191223 
113.190918 
113.191528 
113.191833 
113.192139 
113.192139 
113.192139 
113.192139 
113.191833 
113.191833 
113.191528 
113.191223 
113.190918 
113.190613 
113.190002 
113.190918 
113.192444 
113.193054 
113.194275 
113.193970 
113.193665 
113.193665 
113.193054 
113.192749 
113.193054 
113.192749 
113.192749 
113.192749 
113.192749 
113.192749 
113.193054 
113.193054 
113.193970 
113.194275 
113.193970 
113.193359 
113.192444 
113.191223 
113.190918 
113.190918 
113.191223 
113.191223 
113.191833 
113.191833 
113.192139 
113.191833 
113.192139 
113.191833 
113.192139 
113.192139 
113.191528 
113.191223 
113.190918 
113.190308 
113.190002 
113.191223 
113.192444 
113.193359 
113.193359 
113.193970 
113.193665 
113.193665 
113.193359 
113.192749 
113.192444 
113.192749 
113.192444 
113.192444 
113.192139 
113.193054 
113.193054 
113.193359 
113.193665 
113.193970 
113.194580 
113.193665 
113.192444 
113.191528 
113.190613 
113.190918 
113.191223 
113.191223 
113.191528 
113.191528 
113.191833 
113.192139 
113.192139 
113.192139 
113.191833 
113.191528 
113.191833 
113.191528 
113.190613 
113.190613 
113.190308 
113.190918 
113.192139 
113.193665 
113.193665 
113.193970 
113.193665 
113.193359 
113.192749 
113.192139 
113.192749 
113.192749 
113.192444 
113.192749 
113.192444 
113.193054 
113.193054 
113.193054 
113.193665 
113.194275 
113.194275 
113.193665 
113.192749 
113.191223 
113.190613 
113.190918 
113.191223 
113.191528 
113.191833 
113.191833 
113.192444 
113.191833 
113.191833 
113.192444 
113.191833 
113.191833 
113.192139 
113.191528 
113.190918 
113.190918 
113.190308 
113.190613 
113.192139 
113.193359 
113.193665 
113.193665 
113.193665 
113.193359 
113.193054 
113.192749 
113.193054 
113.192444 
113.192749 
113.192749 
113.192444 
113.192749 
113.193359 
113.193359 
113.193359 
113.194275 
113.194275 
113.193054 
113.192749 
113.190918 
113.190918 
113.191223 
113.191223 
113.190918 
113.191833 
113.192139 
113.191833 
113.191833 
113.192139 
113.191833 
113.192139 
113.191833 
113.191223 
113.191223 
113.190918 
113.190613 
113.190308 
113.190918 
113.192444 
113.193359 
113.193665 
113.193665 
113.193359 
113.193054 
113.193359 
113.193054 
113.192444 
113.192444 
113.192749 
113.192749 
113.192444 
113.193054 
113.192749 
113.193054 
113.193665 
113.193970 
113.194275 
113.193665 
113.192444 
113.190918 
113.190613 
113.191223 
113.190918 
113.191528 
113.191528 
113.192139 
113.192139 
113.191833 
113.192444 
113.192444 
113.191833 
113.192139 
113.192139 
113.190918 
113.191223 
113.190308 
113.190308 
113.190918 
113.192139 
113.193054 
113.193665 
113.193665 
113.193359 
113.193665 
113.193054 
113.192749 
113.192749 
113.192444 
113.193054 
113.192749 
113.192444 
113.192749 
113.192749 
113.193054 
113.193665 
113.193665 
113.194275 
113.193665 
113.192444 
113.190613 
113.190613 
113.190613 
113.190918 
113.191528 
113.191528 
113.192139 
113.191833 
113.191833 
113.192139 
113.191833 
113.191833 
113.191833 
113.191528 
113.191528 
113.190918 
113.190613 
113.190002 
113.190918 
113.191833 
113.193359 
113.193665 
113.193665 
113.193665 
113.193359 
113.193054 
113.192749 
113.192749 
113.193054 
113.192749 
113.192444 
113.192749 
113.192749 
113.192444 
113.193054 
113.193665 
113.193970 
113.194275 
113.193970 
113.192139 
113.191223 
113.191223 
113.190918 
113.191223 
113.190918 
113.191833 
113.192139 
113.191528 
113.191833 
113.191528 
113.191833 
113.192139 
113.191528 
113.191528 
113.191528 
113.190918 
113.190613 
113.190308 
113.190918 
113.192139 
113.193665 
113.193970 
113.193665 
113.193665 
113.193359 
113.193054 
113.192749 
113.192749 
113.192444 
113.192444 
113.192749 
113.192749 
113.193054 
113.192749 
113.193054 
113.193970 
113.193970 
113.193970 
113.193665 
113.192139 
113.191223 
113.190918 
113.191223 
113.191223 
113.191223 
113.191528 
113.191833 
113.191833 
113.192444 
113.191833 
113.191833 
113.192139 
113.191528 
113.191528 
113.191223 
113.190918 
113.190613 
113.190613 
113.190613 
113.192139 
113.193359 
113.193665 
113.193359 
113.193665 
113.193054 
113.193054 
113.192749 
113.192444 
113.192749 
113.192444 
113.192749 
113.192749 
113.192749 
113.192749 
113.193359 
113.193665 
113.193970 
113.194580 
113.193665 
113.192139 
113.191223 
113.190308 
113.190918 
113.190613 
113.191223 
113.191223 
113.191528 
113.191528 
113.192139 
113.191833 
113.192139 
113.192139 
113.191833 
113.191528 
113.191528 
113.191223 
113.190613 
113.190308 
113.190308 
113.192139 
113.193359 
113.193970 
113.193359 
113.193665 
113.193054 
113.193054 
113.192749 
113.192444 
113.193054 
113.192444 
113.192444 
113.192444 
113.192749 
113.193054 
113.193359 
113.193359 
113.193970 
113.194580 
113.193665 
113.192139 
113.191528 
113.190918 
113.190613 
113.191223 
113.191223 
113.191528 
113.191528 
113.192139 
113.192139 
113.191833 
113.192444 
113.191833 
113.191833 
113.191833 
113.191833 
113.190918 
113.190613 
113.190613 
113.190613 
113.192139 
113.193359 
113.193665 
113.194275 
113.193359 
113.193054 
113.192444 
113.193054 
113.192749 
113.192444 
113.192749 
113.192749 
113.192444 
113.192749 
113.193054 
113.193054 
113.193665 
113.193970 
113.194275 
113.193665 
113.192749 
113.191528 
113.190918 
113.190613 
113.191223 
113.190918 
113.190918 
113.191528 
113.191833 
113.191833 
113.191833 
113.191833 
113.192139 
113.192139 
113.191528 
113.191528 
113.191223 
113.190613 
113.190308 
113.190613 
113.191833 
113.193359 
113.193665 
113.193665 
113.193665 
113.193359 
113.193054 
113.192749 
113.192749 
113.192444 
113.192444 
113.193054 
113.192444 
113.192749 
113.192749 
113.193054 
113.193665 
113.193970 
113.193970 
113.193970 
113.192749 
113.191223 
113.190918 
113.190613 
113.191223 
113.190918 
113.191833 
113.192139 
113.191833 
113.192139 
113.191833 
113.192139 
113.192139 
113.191833 
113.191833 
113.191528 
113.190918 
113.190918 
113.190002 
113.190308 
113.191833 
113.193054 
113.193665 
113.193970 
113.193359 
113.193665 
113.193359 
113.193054 
113.192444 
113.192444 
113.192749 
113.192749 
113.192749 
113.193054 
113.193054 
113.193054 
113.193665 
113.194275 
113.194580 
113.194275 
113.192444 
113.191223 
113.190918 
113.190918 
113.190918 
113.191223 
113.191528 
113.191833 
113.191833 
113.191833 
113.191833 
113.192139 
113.191528 
113.192139 
113.191528 
113.190918 
113.190918 
113.190308 
113.190308 
113.190002 
113.192139 
113.192749 
113.193665 
113.193970 
113.193054 
113.193359 
113.193359 
113.193359 
113.192444 
113.192749 
113.192749 
113.192444 
113.192139 
113.192749 
113.192749 
113.193359 
113.193665 
113.193970 
113.194580 
113.194275 
113.192749 
113.191528 
113.190918 
113.190613 
113.190918 
113.191223 
113.191223 
113.191833 
113.191833 
113.192139 
113.192139 
113.192139 
113.191528 
113.191528 
113.191528 
113.191528 
113.191223 
113.190613 
113.190613 
113.190613 
113.191833 
113.193054 
113.193970 
113.193665 
113.193359 
113.193359 
113.193054 
113.192749 
113.192444 
113.192749 
113.192749 
113.192749 
113.192444 
113.192749 
113.192749 
113.193054 
113.193665 
113.193665 
113.194275 
113.194275 
113.192749 
113.190918 
113.190918 
113.191223 
113.191223 
113.191223 
113.191528 
113.191833 
113.192139 
113.192139 
113.191833 
113.192139 
113.192139 
113.191833 
113.191528 
113.190918 
113.191223 
113.190918 
113.190308 
113.190918 
113.191528 
113.193054 
113.193359 
113.193359 
113.193665 
113.193054 
113.193359 
113.192444 
113.192749 
113.192749 
113.192749 
113.192139 
113.192749 
113.192749 
113.193054 
113.192749 
113.193359 
113.193665 
113.194275 
113.194275 
113.193054 
113.191528 
113.190918 
113.190613 
113.190613 
113.191223 
113.191528 
113.191833 
113.191833 
113.192139 
113.191833 
113.192139 
113.191833 
113.191528 
113.191528 
113.191528 
113.191223 
113.190613 
113.190613 
113.190613 
113.191223 
113.192749 
113.193665 
113.193665 
113.193359 
113.193054 
113.193359 
113.192749 
113.193054 
113.193054 
113.192749 
113.192139 
113.192444 
113.192139 
113.192749 
113.192749 
113.193359 
113.193970 
113.194275 
113.194275 
113.192749 
113.191528 
113.190613 
113.190613 
113.190918 
113.191223 
113.191528 
113.191833 
113.191833 
113.191833 
113.191833 
113.191833 
113.192444 
113.191833 
113.191528 
113.191223 
113.191223 
113.190613 
113.190308 
113.190308 
113.191528 
113.193359 
113.193665 
113.193665 
113.193359 
113.193665 
113.193054 
113.192749 
113.192749 
113.192749 
113.192749 
113.192749 
113.193054 
113.192444 
113.192749 
113.193359 
113.193665 
113.193665 
113.193970 
113.193970 
113.192444 
113.191223 
113.190613 
113.190613 
113.190918 
113.191528 
113.191528 
113.191528 
113.191833 
113.191833 
113.191528 
113.192139 
113.192139 
113.191528 
113.191528 
113.191528 
113.190918 
113.190918 
113.190918 
113.190308 
113.191223 
113.193665 
113.193665 
113.193665 
113.193665 
113.193359 
113.193054 
113.193054 
113.192749 
113.192444 
113.192749 
113.192749 
113.192444 
113.192444 
113.193054 
113.192749 
113.193359 
113.193970 
113.194275 
113.193970 
113.192749 
113.191528 
113.190918 
113.190613 
113.191223 
113.191223 
113.191528 
113.191833 
113.191528 
113.192139 
113.192139 
113.192139 
113.191833 
113.191833 
113.191833 
113.191833 
113.191223 
113.190613 
113.190613 
113.190918 
113.191528 
113.193054 
113.193665 
113.193665 
113.193665 
113.193359 
113.193054 
113.192749 
113.193054 
113.192444 
113.192749 
113.192749 
113.192444 
113.192749 
113.193054 
113.193054 
113.193054 
113.193970 
113.194580 
113.193665 
113.193054 
113.191833 
113.190918 
113.190613 
113.191223 
113.191223 
113.190918 
113.191528 
113.191528 
113.192139 
113.191833 
113.191833 
113.192139 
113.191833 
113.191528 
113.191223 
113.190918 
113.190918 
113.190308 
113.190613 
113.191223 
113.192749 
113.193359 
113.193359 
113.193665 
113.193054 
113.193054 
113.192749 
113.192749 
113.192749 
113.192444 
113.192749 
113.192139 
113.192749 
113.192749 
113.193359 
113.193665 
113.193359 
113.194275 
113.193970 
113.193054 
113.191528 
113.190613 
113.190613 
113.190918 
113.191223 
113.191528 
113.191528 
113.191833 
113.192139 
113.191833 
113.192139 
113.191833 
113.192139 
113.192139 
113.191528 
113.190918 
113.190613 
113.190002 
113.190308 
113.191223 
113.192749 
113.193359 
113.193665 
113.193359 
113.193359 
113.193054 
113.193054 
113.193054 
113.192444 
113.192444 
113.192444 
113.192749 
113.192749 
113.192749 
113.193054 
113.193359 
113.193970 
113.194275 
113.193970 
113.192749 
113.191833 
113.190918 
113.190613 
113.191223 
113.191528 
113.191528 
113.191528 
113.191833 
113.192139 
113.192139 
113.192139 
113.191833 
113.191833 
113.191833 
113.191833 
113.191223 
113.191223 
113.190613 
113.190308 
113.191528 
113.193054 
113.193665 
113.193665 
113.193970 
113.193359 
113.193359 
113.192444 
113.192749 
113.192444 
113.192749 
113.193054 
113.192749 
113.192749 
113.193359 
113.193054 
113.193359 
113.193665 
113.194275 
113.193665 
113.192749 
113.191833 
113.190613 
113.190613 
113.190918 
113.191528 
113.191528 
113.191528 
113.191528 
113.192139 
113.191528 
113.192139 
113.191528 
113.191833 
113.191223 
113.191528 
113.190918 
113.190918 
113.190308 
113.190002 
113.191223 
113.192749 
113.193665 
113.193359 
113.193665 
113.193054 
113.192749 
113.192444 
113.192749 
113.192749 
113.192444 
113.192749 
113.192139 
113.192139 
113.192749 
113.193054 
113.193054 
113.193665 
113.193970 
113.194275 
113.193359 
113.191833 
113.190613 
113.190308 
113.190918 
113.191223 
113.191223 
113.191528 
113.191223 
113.192139 
113.192139 
113.192139 
113.192139 
113.192139 
113.191833 
113.191528 
113.191223 
113.190613 
113.190613 
113.190002 
113.191528 
113.193054 
113.193665 
113.193970 
113.193359 
113.193665 
113.193054 
113.193359 
113.192749 
113.192139 
113.192749 
113.192749 
113.192749 
113.192749 
113.192749 
113.193054 
113.193359 
113.193665 
113.194275 
113.194275 
113.193359 
113.191833 
113.191223 
113.190918 
113.190918 
113.190613 
113.191223 
113.191833 
113.191833 
113.192139 
113.192139 
113.192139 
113.192139 
113.192139 
113.192139 
113.191528 
113.191223 
113.190918 
113.190308 
113.190308 
113.191833 
113.192444 
113.193665 
113.193970 
113.193359 
113.193665 
113.193359 
113.193359 
113.192444 
113.192444 
113.193054 
113.192444 
113.192444 
113.192749 
113.192749 
113.193054 
113.193054 
113.193665 
113.194275 
113.194580 
113.193665 
113.191833 
113.191223 
113.191223 
113.190613 
113.191833 
113.191223 
113.191833 
113.191528 
113.192139 
113.192139 
113.191833 
113.191833 
113.191833 
113.191528 
113.191528 
113.191528 
113.190918 
113.190613 
113.190613 
113.191528 
113.192749 
113.193359 
113.193970 
113.193665 
113.193054 
113.193359 
113.193054 
113.192749 
113.192444 
113.193054 
113.192139 
113.192444 
113.192749 
113.192749 
113.193054 
113.193665 
113.194275 
113.193970 
113.194275 
113.193359 
113.191833 
113.190918 
113.190613 
113.190613 
113.191223 
113.191528 
113.191528 
113.191528 
113.192139 
113.191833 
113.192444 
113.192139 
113.192444 
113.191833 
113.191833 
113.191528 
113.190918 
113.190308 
113.190613 
113.190918 
113.192139 
113.193970 
113.193359 
113.193665 
113.193359 
113.193054 
113.193359 
113.192444 
113.192444 
113.192749 
113.192749 
113.192749 
113.192749 
113.192749 
113.193054 
113.193359 
113.193665 
113.193970 
113.194275 
113.193359 
113.192139 
113.190918 
113.190918 
113.190918 
113.190918 
113.191528 
113.191833 
113.191528 
113.191833 
113.192139 
113.191833 
113.191833 
113.192444 
113.191833 
113.191528 
113.191833 
113.190918 
113.190308 
113.190613 
113.191528 
113.192444 
113.193665 
113.193665 
113.193665 
113.193359 
113.193054 
113.193054 
113.193054 
113.192444 
113.192444 
113.192444 
113.192444 
113.192749 
113.192444 
113.192749 
113.193359 
113.193665 
113.194275 
113.194275 
113.193665 
113.192444 
113.190613 
113.190613 
113.190918 
113.190918 
113.191223 
113.191528 
113.191528 
113.191833 
113.192444 
113.191833 
113.191833 
113.192139 
113.191528 
113.191528 
113.191223 
113.190613 
113.190918 
113.190002 
113.190918 
113.192444 
113.193359 
113.193970 
113.193970 
113.193359 
113.193359 
113.192444 
113.192444 
113.192749 
113.192444 
113.192444 
113.192749 
113.192749 
113.192749 
113.192749 
113.193665 
113.193665 
113.194275 
113.194580 
113.193359 
113.191528 
113.190613 
113.190613 
113.190918 
113.190613 
113.191223 
113.191223 
113.191833 
113.192139 
113.192139 
113.191833 
113.191833 
113.191833 
113.191833 
113.191528 
113.191528 
113.190613 
113.190613 
113.190308 
113.190918 
113.192749 
113.193359 
113.193665 
113.193359 
113.193359 
113.193054 
113.193054 
113.192444 
113.192749 
113.192749 
113.193054 
113.193054 
113.192749 
113.192749 
113.192749 
113.193359 
113.193970 
113.193970 
113.194275 
113.193665 
113.192139 
113.191223 
113.190308 
113.190613 
113.190918 
113.191528 
113.191528 
113.191833 
113.191833 
113.191833 
113.191528 
113.192139 
113.191528 
113.191833 
113.191833 
113.191223 
113.191223 
113.190613 
113.190613 
113.190613 
113.192749 
113.193359 
113.193665 
113.193665 
113.193665 
113.193054 
113.192749 
113.192749 
113.192444 
113.192749 
113.192749 
113.192749 
113.193054 
113.193054 
113.193054 
113.193054 
113.193359 
113.194275 
113.194275 
113.193665 
113.192444 
113.190918 
113.190613 
113.190918 
113.191223 
113.191223 
113.191528 
113.191528 
113.192139 
113.192139 
113.192444 
113.192139 
113.191833 
113.191833 
113.191833 
113.191223 
113.190918 
113.190613 
113.190308 
113.190918 
113.192139 
113.193359 
113.193970 
113.193970 
113.193359 
113.193054 
113.192444 
113.192749 
113.193054 
113.192749 
113.193054 
113.192749 
113.192444 
113.193359 
113.193359 
113.193054 
113.193970 
113.194275 
113.193970 
113.193359 
113.192444 
113.191223 
113.190918 
113.190918 
113.190918 
113.191223 
113.191528 
113.192139 
113.192139 
113.192139 
113.192139 
113.192139 
113.191833 
113.192139 
113.191223 
113.191528 
113.191223 
113.190613 
113.190002 
113.190918 
113.192139 
113.193665 
113.193970 
113.193665 
113.193665 
113.193665 
113.193359 
113.192749 
113.192444 
113.192749 
113.192749 
113.192444 
113.192749 
113.193359 
113.192749 
113.193359 
113.193970 
113.193970 
113.194275 
113.193665 
113.192139 
113.190918 
113.190613 
113.190918 
113.190918 
113.191223 
113.191223 
113.192139 
113.191833 
113.191833 
113.192139 
113.191833 
113.191833 
113.191833 
113.191528 
113.191528 
113.191223 
113.190613 
113.190002 
113.190613 
113.192444 
113.193054 
113.193665 
113.193970 
113.193359 
113.193054 
113.193054 
113.193054 
113.192749 
113.192749 
113.192749 
113.192749 
113.192749 
113.193054 
113.193054 
113.193665 
113.193970 
113.194275 
113.194275 
113.193970 
113.192139 
113.190613 
113.190613 
113.190613 
113.191223 
113.191528 
113.191528 
113.191833 
113.192139 
113.192139 
113.191528 
113.192139 
113.191528 
113.191833 
113.192139 
113.191528 
113.191223 
113.190613 
113.190308 
113.190613 
113.192444 
113.193359 
113.193665 
113.193359 
113.193359 
113.193054 
113.192444 
113.193054 
113.192444 
113.192444 
113.192749 
113.192749 
113.192749 
113.192749 
113.192749 
113.193054 
113.193665 
113.194275 
113.194275 
113.193359 
113.192444 
113.191223 
113.190613 
113.190613 
113.190918 
113.190613 
113.191223 
113.191833 
113.191833 
113.191833 
113.191528 
113.192139 
113.191833 
113.191833 
113.191833 
113.191223 
113.191223 
113.190613 
113.190613 
113.190308 
113.191833 
113.193359 
113.193970 
113.193359 
113.193970 
113.193359 
113.193054 
113.192749 
113.192749 
113.192444 
113.192749 
113.192444 
113.193054 
113.192444 
113.193054 
113.193054 
113.193359 
113.194275 
113.194275 
113.193970 
113.192749 
113.191528 
113.190918 
113.190918 
113.190918 
113.191223 
113.191528 
113.191833 
113.192139 
113.192139 
113.191833 
113.192139 
113.191833 
113.191528 
113.191528 
113.190918 
113.191528 
113.191223 
113.190002 
113.191223 
113.192139 
113.193359 
113.193970 
113.193665 
113.193665 
113.193359 
113.193054 
113.193054 
113.192749 
113.192749 
113.192749 
113.192749 
113.192444 
113.193054 
113.193054 
113.193054 
113.193665 
113.193970 
113.194580 
113.193359 
113.192139 
113.191528 
113.190308 
113.190918 
113.191223 
113.190918 
113.191528 
113.191833 
113.192139 
113.191528 
113.192139 
113.191833 
113.191833 
113.191833 
113.191833 
113.190918 
113.190308 
113.189087 
113.188171 
113.187866 
113.187866 
113.187561 
113.186951 
113.185425 
113.183594 
113.181458 
113.179016 
113.176270 
113.174133 
113.171387 
113.168945 
113.166199 
113.163757 
113.161011 
113.158875 
113.156128 
113.153992 
113.152161 
113.149719 
113.146362 
113.142700 
113.139038 
113.135376 
113.132324 
113.129883 
113.127441 
113.125000 
113.123169 
113.120422 
113.117676 
113.115234 
113.112793 
113.109741 
113.106995 
113.104553 
113.101196 
113.098145 
113.094788 
113.091736 
113.089294 
113.088074 
113.086853 
113.084106 
113.081665 
113.078613 
113.076172 
113.072510 
113.069763 
113.066406 
113.063965 
113.060608 
113.057861 
113.055115 
113.052368 
113.049622 
113.046570 
113.044739 
113.042297 
113.039856 
113.037109 
113.033142 
113.028870 
113.025513 
113.023071 
113.020630 
113.017883 
113.015137 
113.012695 
113.010864 
113.008423 
113.005981 
113.003540 
113.000793 
112.998047 
112.995911 
112.992859 
112.989502 
112.987061 
112.984009 
112.982178 
112.980652 
112.980042 
112.977295 
112.974854 
112.972412 
112.969666 
112.967224 
112.964172 
112.961731 
112.958984 
112.956543 
112.953491 
112.950745 
112.948303 
112.946167 
112.943420 
112.941589 
112.939148 
112.937012 
112.934265 
112.930298 
112.926331 
112.923279 
112.920227 
112.918091 
112.915955 
112.913208 
112.911072 
112.908936 
112.906494 
112.904358 
112.901917 
112.898560 
112.895813 
112.893677 
112.890625 
112.887878 
112.884521 
112.882385 
112.879333 
112.878113 
112.876892 
112.875061 
112.872314 
112.869873 
112.867126 
112.864380 
112.861328 
112.858887 
112.856140 
112.853088 
112.850647 
112.847900 
112.845459 
112.842712 
112.840271 
112.838440 
112.836304 
112.833862 
112.831116 
112.826843 
112.823792 
112.820435 
112.817688 
112.815247 
112.812500 
112.810059 
112.807922 
112.806091 
112.803345 
112.800598 
112.798462 
112.796021 
112.793274 
112.791443 
112.788086 
112.785034 
112.782288 
112.778931 
112.776794 
112.775269 
112.774353 
112.772522 
112.769775 
112.767639 
112.764893 
112.762146 
112.759094 
112.756042 
112.753601 
112.750854 
112.748108 
112.745361 
112.742920 
112.740784 
112.737732 
112.735596 
112.733459 
112.731018 
112.727966 
112.724609 
112.720642 
112.717285 
112.714844 
112.712402 
112.709656 
112.707520 
112.705383 
112.703247 
112.700500 
112.697754 
112.695923 
112.693176 
112.690735 
112.688293 
112.685242 
112.682190 
112.679138 
112.676392 
112.673950 
112.672729 
112.671814 
112.669678 
112.666931 
112.664490 
112.662048 
112.658691 
112.655945 
112.653198 
112.651062 
112.647705 
112.645264 
112.642822 
112.639771 
112.637634 
112.635498 
112.633057 
112.630920 
112.629089 
112.626038 
112.621765 
112.618713 
112.614746 
112.612000 
112.609863 
112.607117 
112.604675 
112.602844 
112.600403 
112.597961 
112.595520 
112.593079 
112.590942 
112.588196 
112.585144 
112.582092 
112.579346 
112.576599 
112.573853 
112.570801 
112.569580 
112.568665 
112.566528 
112.564087 
112.561340 
112.558594 
112.555542 
112.553101 
112.550659 
112.547607 
112.545166 
112.542114 
112.539063 
112.536926 
112.534790 
112.532349 
112.530212 
112.528687 
112.525635 
112.522888 
112.519226 
112.515564 
112.512512 
112.509460 
112.507019 
112.504272 
112.502136 
112.500000 
112.497559 
112.495117 
112.492981 
112.490540 
112.487793 
112.485352 
112.482910 
112.479858 
112.476807 
112.474060 
112.471008 
112.468567 
112.467041 
112.465820 
112.463989 
112.461548 
112.458801 
112.456360 
112.453308 
112.450867 
112.448120 
112.445068 
112.442322 
112.439880 
112.436829 
112.434387 
112.432556 
112.430115 
112.427368 
112.425232 
112.423096 
112.420349 
112.416382 
112.413025 
112.409058 
112.406616 
112.404175 
112.401428 
112.398987 
112.397156 
112.394714 
112.392578 
112.390137 
112.387390 
112.384949 
112.382202 
112.379761 
112.377014 
112.373962 
112.370911 
112.368164 
112.365723 
112.363892 
112.363586 
112.361145 
112.358704 
112.356262 
112.353210 
112.350464 
112.347717 
112.345276 
112.342529 
112.340088 
112.337036 
112.334595 
112.331543 
112.329712 
112.327271 
112.324524 
112.322388 
112.320251 
112.317810 
112.314148 
112.310181 
112.306824 
112.304077 
112.301636 
112.299194 
112.296753 
112.294312 
112.292175 
112.289734 
112.287292 
112.285156 
112.282104 
112.279968 
112.277222 
112.274475 
112.271423 
112.268372 
112.265015 
112.262573 
112.261658 
112.260132 
112.258301 
112.256165 
112.253418 
112.250671 
112.248230 
112.245483 
112.242432 
112.239380 
112.236633 
112.234192 
112.231750 
112.229004 
112.226868 
112.224426 
112.222290 
112.220154 
112.217712 
112.215271 
112.211609 
112.207642 
112.204285 
112.201538 
112.199097 
112.196350 
112.194214 
112.192078 
112.189636 
112.187195 
112.185059 
112.182617 
112.180176 
112.177429 
112.174988 
112.172241 
112.168884 
112.166138 
112.163086 
112.160339 
112.159119 
112.157898 
112.156067 
112.153625 
112.151489 
112.148743 
112.145691 
112.142944 
112.140503 
112.137146 
112.134399 
112.131958 
112.129211 
112.126770 
112.124329 
112.122192 
112.119446 
112.117615 
112.115173 
112.112122 
112.108765 
112.104797 
112.101440 
112.098389 
112.096252 
112.093506 
112.091675 
112.089539 
112.086487 
112.084656 
112.081909 
112.079773 
112.077026 
112.074585 
112.071838 
112.069092 
112.065735 
112.063293 
112.060242 
112.057495 
112.055969 
112.054749 
112.052917 
112.050476 
112.048340 
112.045593 
112.042236 
112.039185 
112.036743 
112.033997 
112.031250 
112.028503 
112.025757 
112.023315 
112.020874 
112.018433 
112.015991 
112.013855 
112.012329 
112.009277 
112.005310 
112.001953 
111.998291 
111.995544 
111.993103 
111.990662 
111.988525 
111.986084 
111.983643 
111.981812 
111.978760 
111.976624 
111.974182 
111.971436 
111.968994 
111.966248 
111.963196 
111.959839 
111.957092 
111.954041 
111.953125 
111.951599 
111.949768 
111.947327 
111.944885 
111.942139 
111.939392 
111.936646 
111.933899 
111.930847 
111.928101 
111.925354 
111.923218 
111.919861 
111.918030 
111.915283 
111.913147 
111.911316 
111.908875 
111.905823 
111.902466 
111.898804 
111.895447 
111.892395 
111.889954 
111.887817 
111.885681 
111.882935 
111.880493 
111.878357 
111.875916 
111.873474 
111.871033 
111.868591 
111.866150 
111.863098 
111.860657 
111.857300 
111.854248 
111.851501 
111.850281 
111.849060 
111.846619 
111.845093 
111.842346 
111.839600 
111.836853 
111.834106 
111.831360 
111.828613 
111.825562 
111.822815 
111.820374 
111.817932 
111.815491 
111.812744 
111.810608 
111.808472 
111.806335 
111.803894 
111.800232 
111.795959 
111.792603 
111.789856 
111.787109 
111.784363 
111.782227 
111.780090 
111.777649 
111.775513 
111.773376 
111.770630 
111.768188 
111.766052 
111.763306 
111.760254 
111.757813 
111.754456 
111.751099 
111.748962 
111.747437 
111.745605 
111.744385 
111.741943 
111.739502 
111.736755 
111.733704 
111.731567 
111.728210 
111.725159 
111.722412 
111.719971 
111.717224 
111.715088 
111.712341 
111.709595 
111.707764 
111.705627 
111.703796 
111.701050 
111.697693 
111.693726 
111.690063 
111.687012 
111.684265 
111.682129 
111.679688 
111.677856 
111.675415 
111.672974 
111.670837 
111.668091 
111.665955 
111.663208 
111.660461 
111.657410 
111.654968 
111.651917 
111.648560 
111.646118 
111.644897 
111.643066 
111.641541 
111.639099 
111.636658 
111.633911 
111.631165 
111.628113 
111.625366 
111.622620 
111.619568 
111.617126 
111.614380 
111.611633 
111.609497 
111.607056 
111.604919 
111.602478 
111.600342 
111.597900 
111.594849 
111.590576 
111.587219 
111.584167 
111.581726 
111.579285 
111.576538 
111.574707 
111.572571 
111.569824 
111.567993 
111.565552 
111.562805 
111.560669 
111.557617 
111.555176 
111.551819 
111.549072 
111.546021 
111.543274 
111.541443 
111.540527 
111.539001 
111.536865 
111.534119 
111.531372 
111.528625 
111.526184 
111.523132 
111.519775 
111.517029 
111.514893 
111.512146 
111.509399 
111.506958 
111.504211 
111.502380 
111.500244 
111.498108 
111.495667 
111.492004 
111.487732 
111.484070 
111.481628 
111.478882 
111.476440 
111.473999 
111.471863 
111.469421 
111.467285 
111.464844 
111.462708 
111.459656 
111.457520 
111.454773 
111.452026 
111.448975 
111.445923 
111.443481 
111.440430 
111.438904 
111.437683 
111.435852 
111.434021 
111.431580 
111.428223 
111.425476 
111.423035 
111.420288 
111.416931 
111.414185 
111.412048 
111.408997 
111.406555 
111.404419 
111.401367 
111.399231 
111.397400 
111.395264 
111.392517 
111.389160 
111.385498 
111.381836 
111.378784 
111.376343 
111.374207 
111.371765 
111.369629 
111.367188 
111.364746 
111.362915 
111.360168 
111.357422 
111.355286 
111.352539 
111.349487 
111.346436 
111.343994 
111.341248 
111.338196 
111.336060 
111.335449 
111.333618 
111.331482 
111.328430 
111.325989 
111.322937 
111.319885 
111.317139 
111.314087 
111.311646 
111.309204 
111.306152 
111.304016 
111.301575 
111.298523 
111.296387 
111.294556 
111.292419 
111.289978 
111.286621 
111.282349 
111.278992 
111.276245 
111.273804 
111.271057 
111.268311 
111.266785 
111.264648 
111.261902 
111.260071 
111.257019 
111.254883 
111.252136 
111.249695 
111.246338 
111.244202 
111.240845 
111.238098 
111.235046 
111.233521 
111.232605 
111.230774 
111.228638 
111.226196 
111.223450 
111.220398 
111.217651 
111.215210 
111.212158 
111.209412 
111.206970 
111.204224 
111.201477 
111.199341 
111.196594 
111.194458 
111.192322 
111.189880 
111.187439 
111.184082 
111.180420 
111.176758 
111.173706 
111.171265 
111.168518 
111.166077 
111.163940 
111.161194 
111.159058 
111.157227 
111.154480 
111.152039 
111.149597 
111.146851 
111.143799 
111.141357 
111.138306 
111.135559 
111.132507 
111.130981 
111.129761 
111.128235 
111.126099 
111.123657 
111.120605 
111.118164 
111.115417 
111.112366 
111.109619 
111.106567 
111.103821 
111.101379 
111.098633 
111.096191 
111.094055 
111.091614 
111.089478 
111.087036 
111.084900 
111.081848 
111.077576 
111.074219 
111.070862 
111.068726 
111.065674 
111.063538 
111.061707 
111.059570 
111.056824 
111.054688 
111.051941 
111.049500 
111.047058 
111.044617 
111.041260 
111.039124 
111.036072 
111.033020 
111.029968 
111.028442 
111.027222 
111.025085 
111.023560 
111.020508 
111.018066 
111.015320 
111.012268 
111.008911 
111.006165 
111.004028 
111.001282 
110.998230 
110.995789 
110.993347 
110.990906 
110.988770 
110.986328 
110.983887 
110.982056 
110.978394 
110.974121 
110.970764 
110.967712 
110.965271 
110.962524 
110.960388 
110.958252 
110.955811 
110.954285 
110.951843 
110.949097 
110.946655 
110.944214 
110.941467 
110.938416 
110.935974 
110.932312 
110.929565 
110.926514 
110.925293 
110.923767 
110.922546 
110.920105 
110.917969 
110.915222 
110.912476 
110.909424 
110.906372 
110.903931 
110.900879 
110.898132 
110.895386 
110.892944 
110.890503 
110.888062 
110.885925 
110.883789 
110.881653 
110.879211 
110.875854 
110.872192 
110.868225 
110.865173 
110.862427 
110.859375 
110.857849 
110.855408 
110.852966 
110.850830 
110.848694 
110.845947 
110.843506 
110.840759 
110.838013 
110.835876 
110.832825 
110.829773 
110.827026 
110.823975 
110.822449 
110.820923 
110.819397 
110.817261 
110.814514 
110.812073 
110.809326 
110.806580 
110.803528 
110.800781 
110.798035 
110.795593 
110.792542 
110.790405 
110.787659 
110.785217 
110.782776 
110.781250 
110.778809 
110.776062 
110.773010 
110.769043 
110.765076 
110.762634 
110.759888 
110.757141 
110.754700 
110.752869 
110.750427 
110.747986 
110.745850 
110.743408 
110.740967 
110.738220 
110.735779 
110.733337 
110.730286 
110.727234 
110.723877 
110.721436 
110.719299 
110.718079 
110.716858 
110.714722 
110.711975 
110.709229 
110.706787 
110.704041 
110.700684 
110.697632 
110.695190 
110.692749 
110.689697 
110.687256 
110.684814 
110.682373 
110.679932 
110.677490 
110.675049 
110.673218 
110.670166 
110.665894 
110.662537 
110.659485 
110.656738 
110.654602 
110.651855 
110.649719 
110.647888 
110.645142 
110.643005 
110.640259 
110.637817 
110.635376 
110.632935 
110.630188 
110.627441 
110.624390 
110.621338 
110.618591 
110.616760 
110.615540 
110.613708 
110.612183 
110.609436 
110.606384 
110.603943 
110.601196 
110.598145 
110.595398 
110.592651 
110.589905 
110.586853 
110.584717 
110.581970 
110.579529 
110.578003 
110.575256 
110.573120 
110.570679 
110.567627 
110.563660 
110.559692 
110.556946 
110.554199 
110.552063 
110.549622 
110.546875 
110.544739 
110.542603 
110.540161 
110.537720 
110.535278 
110.532532 
110.530090 
110.527039 
110.524597 
110.520935 
110.518494 
110.516357 
110.513916 
110.513000 
110.511169 
110.509338 
110.506897 
110.503845 
110.501404 
110.498352 
110.495300 
110.492249 
110.489807 
110.487061 
110.484009 
110.481873 
110.479431 
110.476685 
110.474854 
110.472717 
110.470276 
110.468140 
110.464783 
110.460510 
110.457153 
110.454407 
110.451355 
110.448914 
110.446777 
110.444336 
110.442200 
110.439758 
110.437317 
110.434875 
110.432739 
110.429993 
110.427551 
110.425110 
110.422363 
110.419006 
110.416260 
110.413208 
110.411072 
110.409546 
110.408630 
110.406189 
110.403748 
110.401306 
110.399170 
110.395813 
110.393066 
110.390015 
110.386658 
110.384521 
110.381775 
110.379028 
110.376587 
110.373840 
110.371704 
110.369263 
110.367126 
110.365295 
110.361938 
110.357971 
110.354614 
110.351563 
110.348511 
110.346375 
110.343933 
110.341492 
110.339355 
110.337219 
110.334473 
110.332336 
110.329590 
110.327759 
110.324707 
110.322266 
110.319214 
110.316162 
110.312805 
110.310364 
110.308228 
110.306702 
110.305481 
110.303955 
110.300903 
110.298157 
110.295715 
110.292664 
110.289917 
110.287170 
110.284424 
110.281982 
110.278931 
110.276489 
110.274048 
110.271606 
110.269470 
110.267029 
110.264893 
110.262756 
110.259399 
110.255432 
110.252075 
110.248718 
110.246277 
110.243835 
110.241089 
110.238647 
110.237122 
110.234680 
110.231628 
110.229492 
110.227051 
110.224609 
110.221863 
110.219421 
110.216675 
110.213318 
110.210571 
110.207520 
110.205383 
110.204163 
110.202942 
110.201111 
110.198364 
110.195618 
110.193176 
110.190430 
110.187683 
110.184326 
110.181274 
110.178833 
110.176392 
110.173340 
110.171204 
110.169067 
110.166626 
110.164185 
110.162048 
110.160217 
110.156860 
110.152893 
110.149536 
110.146179 
110.143127 
110.141296 
110.138855 
110.136108 
110.133972 
110.131836 
110.129089 
110.127258 
110.124817 
110.122375 
110.119629 
110.117493 
110.115356 
110.112915 
110.111389 
110.109558 
110.108948 
110.109253 
110.109863 
110.109863 
110.109863 
110.109863 
110.108948 
110.109253 
110.108643 
110.108643 
110.108337 
110.108948 
110.108337 
110.108337 
110.108643 
110.108337 
110.109558 
110.109863 
110.109863 
110.110168 
110.110168 
110.108643 
110.107422 
110.107117 
110.107422 
110.107422 
110.108337 
110.107727 
110.108643 
110.108337 
110.108337 
110.108948 
110.108643 
110.108948 
110.108643 
110.108948 
110.108337 
110.108337 
110.107727 
110.107727 
110.108032 
110.109558 
110.111389 
110.111389 
110.111694 
110.111389 
110.111389 
110.111084 
110.111084 
110.110779 
110.110474 
110.110779 
110.110474 
110.110779 
110.110779 
110.111084 
110.110779 
110.111694 
110.112000 
110.112000 
110.111694 
110.110474 
110.108643 
110.108643 
110.108948 
110.108948 
110.109253 
110.109863 
110.109558 
110.110168 
110.109863 
110.110168 
110.109863 
110.110168 
110.109863 
110.109558 
110.109253 
110.108948 
110.108643 
110.108032 
110.108643 
110.109863 
110.111084 
110.112000 
110.112000 
110.111389 
110.111694 
110.111084 
110.110474 
110.110779 
