Blum, K. P., D’Incamps, B. L., Zytnicki, D., & Ting, L. H. (2017).
Force encoding in muscle spindles during stretch of
passive muscle. PLoS computational biology, 13(9), 
e1005767. <https://journals.plos.org/ploscompbiol/article?
id=10.1371/journal.pcbi.1005767>

cat medial gastrocnemius muscle lengths over t  (in 0.0005 s increments)
110.107117 
110.107117 
110.107117 
110.106506 
110.107117 
110.107117 
110.107117 
110.107422 
110.107117 
110.107117 
110.107727 
110.108032 
110.107727 
110.107117 
110.106201 
110.105896 
110.105286 
110.105896 
110.106201 
110.106201 
110.106201 
110.106506 
110.106812 
110.106506 
110.106506 
110.106506 
110.106506 
110.106812 
110.106201 
110.105896 
110.105591 
110.104980 
110.105286 
110.105896 
110.107117 
110.107727 
110.108337 
110.107727 
110.107727 
110.107422 
110.107117 
110.107117 
110.106812 
110.107117 
110.106812 
110.107117 
110.106812 
110.107117 
110.107422 
110.107422 
110.107727 
110.108032 
110.108032 
110.106812 
110.106201 
110.105591 
110.105591 
110.105896 
110.106201 
110.106201 
110.106812 
110.106812 
110.107117 
110.106812 
110.106812 
110.106812 
110.106506 
110.106506 
110.106201 
110.105591 
110.105286 
110.104980 
110.105286 
110.106506 
110.107117 
110.107727 
110.108032 
110.108032 
110.107727 
110.107727 
110.107117 
110.106812 
110.106812 
110.106812 
110.107117 
110.106812 
110.106812 
110.106812 
110.107422 
110.107727 
110.107422 
110.107727 
110.108032 
110.106506 
110.105896 
110.105896 
110.105286 
110.105896 
110.106201 
110.106506 
110.106506 
110.106506 
110.106506 
110.106812 
110.106506 
110.106506 
110.106201 
110.106812 
110.106506 
110.106506 
110.106506 
110.106506 
110.106812 
110.108643 
110.110168 
110.111694 
110.113220 
110.114746 
110.116272 
110.117798 
110.119629 
110.122070 
110.125122 
110.128784 
110.133362 
110.138550 
110.144348 
110.149841 
110.156250 
110.162354 
110.169983 
110.176392 
110.184021 
110.190430 
110.197754 
110.204773 
110.212708 
110.222168 
110.230408 
110.240479 
110.249634 
110.259705 
110.269165 
110.278931 
110.288696 
110.298462 
110.309143 
110.318909 
110.329285 
110.339966 
110.350037 
110.361023 
110.372009 
110.384216 
110.397034 
110.408936 
110.420837 
110.431824 
110.443726 
110.454712 
110.466003 
110.476990 
110.488281 
110.499268 
110.510559 
110.521545 
110.532532 
110.543823 
110.554810 
110.566101 
110.576477 
110.587769 
110.598145 
110.607605 
110.617371 
110.627136 
110.637207 
110.647888 
110.658264 
110.668640 
110.679626 
110.690308 
110.700073 
110.710754 
110.721130 
110.731506 
110.741577 
110.751648 
110.761719 
110.771484 
110.781555 
110.791016 
110.801392 
110.812378 
110.823669 
110.834656 
110.844421 
110.854797 
110.865479 
110.875549 
110.885315 
110.895081 
110.905151 
110.914917 
110.925598 
110.935059 
110.945435 
110.955811 
110.965881 
110.976563 
110.987244 
110.997009 
111.007690 
111.016235 
111.026001 
111.035461 
111.045532 
111.056213 
111.066284 
111.076965 
111.087341 
111.098022 
111.108093 
111.118164 
111.128540 
111.138611 
111.148987 
111.159058 
111.168823 
111.178894 
111.189270 
111.199341 
111.208801 
111.220398 
111.231689 
111.242371 
111.253357 
111.263428 
111.273804 
111.283569 
111.293945 
111.303711 
111.313782 
111.324463 
111.335144 
111.345520 
111.355896 
111.366577 
111.377563 
111.387939 
111.398621 
111.409607 
111.420288 
111.429749 
111.439819 
111.449890 
111.460266 
111.471863 
111.483154 
111.494446 
111.505432 
111.516724 
111.527710 
111.538696 
111.549683 
111.560669 
111.571655 
111.582642 
111.593018 
111.604309 
111.615295 
111.625977 
111.637268 
111.649475 
111.661072 
111.673889 
111.684570 
111.696167 
111.707458 
111.718445 
111.728821 
111.739807 
111.751404 
111.762085 
111.773376 
111.784668 
111.795654 
111.807251 
111.819153 
111.829834 
111.841431 
111.852722 
111.863708 
111.874390 
111.884155 
111.894836 
111.905823 
111.917419 
111.928101 
111.939392 
111.950684 
111.962280 
111.972961 
111.984558 
111.994934 
112.006226 
112.016602 
112.027283 
112.037659 
112.048035 
112.058411 
112.068481 
112.079468 
112.090759 
112.102661 
112.113953 
112.124634 
112.135315 
112.145691 
112.156067 
112.165833 
112.176208 
112.186279 
112.196350 
112.207031 
112.216797 
112.227478 
112.237549 
112.248535 
112.258606 
112.268677 
112.279663 
112.289734 
112.299194 
112.308044 
112.317200 
112.327576 
112.337646 
112.347717 
112.358093 
112.368469 
112.378845 
112.388306 
112.398376 
112.408447 
112.418213 
112.428284 
112.437744 
112.447510 
112.456970 
112.466736 
112.476501 
112.486267 
112.496948 
112.507935 
112.517700 
112.528076 
112.537537 
112.547607 
112.557068 
112.566528 
112.575989 
112.586060 
112.595520 
112.605286 
112.615356 
112.624817 
112.634888 
112.644653 
112.654419 
112.664795 
112.674866 
112.684021 
112.693481 
112.702026 
112.711487 
112.720947 
112.731323 
112.741089 
112.751770 
112.761841 
112.771912 
112.782288 
112.792358 
112.801514 
112.811584 
112.821655 
112.831726 
112.841492 
112.850952 
112.860718 
112.870483 
112.880859 
112.890930 
112.902832 
112.913513 
112.923584 
112.934265 
112.943726 
112.953491 
112.963562 
112.973328 
112.983093 
112.993164 
113.003235 
113.013306 
113.023071 
113.033752 
113.043518 
113.053589 
113.063354 
113.073425 
113.082886 
113.091125 
113.098755 
113.106995 
113.115234 
113.123779 
113.131714 
113.139954 
113.147583 
113.154297 
113.161926 
113.167725 
113.173828 
113.179626 
113.185120 
113.189087 
113.193970 
113.197937 
113.200989 
113.204346 
113.207092 
113.210754 
113.214417 
113.216553 
113.218689 
113.219910 
113.221130 
113.221436 
113.222046 
113.221741 
113.221436 
113.221436 
113.221436 
113.221130 
113.221130 
113.220825 
113.220520 
113.219910 
113.219910 
113.218994 
113.218689 
113.217163 
113.215332 
113.213501 
113.212585 
113.211670 
113.210449 
113.209839 
113.208313 
113.207397 
113.206177 
113.204346 
113.202820 
113.201599 
113.200378 
113.198547 
113.197021 
113.195496 
113.193970 
113.192749 
113.191223 
113.191223 
113.191223 
113.190002 
113.189697 
113.189087 
113.188171 
113.187256 
113.185730 
113.184814 
113.184204 
113.182983 
113.182678 
113.182373 
113.182068 
113.182068 
113.181763 
113.181763 
113.181763 
113.181763 
113.181763 
113.180542 
113.179932 
113.179321 
113.179016 
113.179626 
113.179932 
113.179932 
113.179932 
113.180237 
113.180542 
113.180542 
113.180542 
113.180237 
113.180237 
113.180237 
113.179932 
113.179626 
113.179626 
113.179321 
113.179321 
113.180237 
113.181152 
113.181763 
113.181763 
113.181763 
113.182373 
113.181763 
113.181763 
113.181458 
113.181152 
113.181458 
113.182068 
113.181763 
113.182068 
113.182373 
113.182678 
113.182678 
113.182983 
113.183899 
113.183594 
113.182983 
113.182373 
113.181763 
113.182068 
113.182068 
113.182678 
113.182983 
113.183289 
113.183594 
113.184204 
113.184509 
113.184509 
113.184814 
113.185120 
113.185120 
113.184814 
113.185120 
113.184814 
113.184509 
113.184509 
113.185730 
113.187256 
113.187866 
113.188477 
113.188782 
113.188782 
113.188477 
113.188782 
113.188477 
113.188477 
113.189087 
113.188782 
113.189087 
113.189697 
113.190002 
113.190002 
113.190002 
113.190918 
113.191528 
113.191833 
113.190918 
113.190002 
113.190002 
113.189697 
113.190308 
113.190002 
113.190918 
113.191223 
113.191223 
113.191528 
113.191223 
113.191223 
113.191528 
113.191528 
113.191223 
113.191223 
113.191528 
113.190613 
113.190308 
113.190613 
113.191223 
113.192444 
113.192444 
113.192749 
113.193054 
113.192749 
113.192444 
113.192139 
113.191528 
113.192139 
113.192139 
113.191833 
113.191528 
113.191528 
113.191528 
113.191528 
113.191528 
113.191833 
113.191833 
113.191223 
113.190918 
113.189697 
113.188477 
113.188477 
113.188782 
113.188782 
113.189697 
113.189392 
113.189392 
113.189087 
113.189087 
113.188782 
113.188477 
113.187866 
113.188171 
113.188171 
113.187561 
113.187561 
113.186646 
113.186646 
113.187256 
113.188171 
113.188477 
113.188477 
113.188782 
113.188171 
113.187561 
113.187256 
113.187256 
113.186951 
113.186951 
113.186646 
113.186646 
113.186951 
113.186951 
113.186951 
113.186951 
113.186951 
113.186951 
113.187256 
113.186340 
113.185120 
113.184509 
113.184814 
113.184814 
113.184814 
113.185120 
113.185120 
113.185425 
113.186035 
113.185425 
113.184814 
113.185730 
113.185120 
113.185425 
113.185425 
113.184814 
113.184204 
113.184204 
113.184204 
113.185730 
113.186035 
113.186951 
113.186951 
113.187256 
113.186951 
113.186646 
113.186646 
113.186340 
113.186340 
113.186646 
113.186340 
113.186646 
113.186646 
113.186646 
113.186951 
113.186951 
113.186951 
113.188171 
113.187866 
113.186951 
113.186340 
113.186035 
113.185730 
113.186035 
113.186340 
113.186035 
113.186951 
113.186951 
113.187561 
113.186951 
113.187561 
113.187256 
113.187256 
113.187561 
113.186951 
113.186951 
113.186951 
113.186340 
113.186340 
113.187561 
113.188171 
113.188782 
113.189087 
113.189697 
113.189392 
113.189087 
113.188477 
113.188477 
113.188477 
113.188477 
113.188477 
113.188171 
113.188477 
113.188782 
113.188782 
113.188782 
113.189392 
113.189392 
113.189087 
113.188477 
113.187561 
113.187256 
113.186951 
113.187256 
113.187561 
113.187866 
113.188171 
113.188477 
113.188171 
113.188477 
113.188782 
113.188171 
113.188171 
113.188171 
113.187866 
113.187561 
113.187256 
113.186951 
113.187561 
113.187866 
113.188477 
113.189392 
113.189697 
113.189697 
113.189697 
113.189697 
113.189392 
113.189087 
113.188477 
113.189087 
113.188782 
113.188782 
113.189087 
113.189087 
113.189392 
113.189087 
113.189697 
113.189392 
113.189392 
113.189087 
113.188171 
113.187561 
113.187866 
113.188171 
113.188171 
113.188171 
113.188477 
113.188477 
113.188782 
113.188782 
113.188477 
113.188171 
113.188477 
113.188477 
113.188477 
113.188171 
113.187866 
113.187561 
113.187561 
113.188171 
113.189392 
113.190002 
113.190002 
113.190002 
113.190002 
113.189697 
113.189392 
113.188782 
113.189087 
113.188782 
113.189087 
113.188782 
113.188782 
113.188782 
113.189087 
113.188782 
113.189697 
113.189697 
113.189697 
113.189087 
113.187866 
113.187256 
113.187256 
113.187256 
113.187561 
113.187561 
113.187866 
113.188171 
113.188171 
113.187866 
113.187866 
113.187866 
113.187866 
113.187866 
113.187866 
113.186951 
113.186646 
113.186951 
113.186646 
113.187561 
113.188171 
113.188782 
113.188477 
113.188782 
113.188477 
113.188171 
113.187866 
113.187866 
113.186951 
113.187866 
113.187256 
113.187256 
113.187561 
113.187256 
113.187561 
113.187256 
113.187866 
113.187866 
113.187561 
113.186646 
113.185730 
113.185425 
113.185425 
113.185425 
113.185730 
113.186340 
113.186035 
113.186035 
113.186340 
113.186646 
113.186340 
113.186035 
113.186646 
113.185730 
113.186035 
113.185425 
113.184509 
113.185120 
113.185120 
113.185730 
113.186951 
113.186951 
113.187561 
113.187561 
113.187866 
113.186951 
113.186646 
113.186951 
113.186951 
113.186951 
113.187256 
113.187256 
113.186951 
113.187256 
113.187256 
113.187256 
113.187866 
113.188477 
113.188171 
113.187561 
113.186646 
113.186340 
113.186035 
113.186646 
113.186951 
113.187256 
113.187866 
113.187256 
113.187866 
113.187866 
113.187561 
113.187866 
113.188171 
113.187561 
113.187866 
113.187256 
113.187256 
113.187561 
113.187561 
113.188171 
113.189087 
113.190002 
113.189697 
113.190002 
113.190002 
113.190002 
113.189697 
113.189087 
113.189392 
113.189697 
113.189087 
113.189087 
113.189087 
113.189697 
113.189697 
113.190002 
113.190308 
113.190308 
113.190613 
113.189392 
113.189087 
113.187866 
113.188477 
113.188782 
113.188477 
113.189087 
113.188782 
113.189392 
113.189392 
113.188782 
113.189087 
113.189392 
113.189087 
113.188782 
113.189087 
113.188782 
113.188171 
113.187866 
113.188171 
113.188477 
113.189697 
113.190308 
113.190308 
113.190308 
113.190002 
113.190308 
113.189697 
113.189392 
113.188782 
113.189087 
113.189087 
113.188782 
113.189087 
113.189087 
113.189392 
113.188782 
113.189392 
113.189392 
113.189392 
113.188782 
113.187256 
113.186951 
113.186646 
113.186951 
113.187256 
113.186951 
113.187256 
113.187256 
113.187561 
113.187256 
113.187256 
113.187256 
113.187256 
113.186951 
113.186951 
113.186340 
113.186340 
113.186035 
113.185730 
113.186646 
113.187256 
113.187866 
113.188171 
113.188171 
113.187561 
113.187561 
113.187256 
113.186951 
113.186646 
113.186951 
113.186951 
113.186646 
113.186646 
113.186951 
113.186951 
113.186951 
113.187256 
113.187561 
113.187866 
113.187256 
113.186035 
113.185120 
113.185730 
113.185730 
113.186035 
113.186646 
113.186340 
113.186340 
113.186951 
113.186646 
113.186951 
113.186646 
113.186646 
113.186646 
113.186340 
113.186035 
113.185730 
113.186035 
113.186340 
113.186340 
113.187256 
113.188171 
113.188477 
113.188477 
113.188782 
113.188477 
113.187866 
113.187866 
113.187866 
113.187866 
113.188171 
113.187866 
113.188171 
113.188171 
113.188171 
113.188782 
113.188782 
113.189392 
113.189087 
113.188171 
113.187256 
113.186646 
113.186951 
113.187561 
113.187561 
113.187866 
113.187866 
113.188477 
113.188477 
113.188171 
113.188477 
113.188782 
113.188171 
113.188171 
113.188171 
113.187866 
113.187561 
113.187561 
113.186951 
113.188171 
113.189392 
113.190002 
113.190613 
113.190308 
113.190002 
113.190002 
113.189697 
113.189697 
113.189087 
113.189087 
113.188782 
113.189087 
113.189087 
113.189087 
113.189087 
113.189392 
113.189697 
113.190002 
113.189697 
113.189087 
113.187561 
113.187561 
113.187256 
113.187866 
113.187561 
113.188171 
113.188477 
113.188171 
113.188782 
113.187866 
113.188171 
113.188171 
113.187866 
113.188171 
113.187866 
113.187256 
113.186951 
113.186646 
113.187256 
113.187256 
113.188477 
113.189697 
113.189392 
113.189392 
113.188477 
113.188782 
113.188477 
113.188477 
113.187866 
113.187866 
113.187866 
113.188171 
113.188171 
113.187866 
113.188171 
113.188171 
113.188782 
113.188782 
113.188477 
113.187866 
113.186646 
113.186646 
113.186340 
113.186646 
113.186951 
113.186951 
113.186951 
113.187256 
113.187561 
113.187256 
113.187256 
113.187561 
113.187561 
113.187256 
113.187256 
113.186646 
113.186035 
113.186035 
113.185730 
113.186646 
113.187866 
113.188171 
113.188782 
113.189087 
113.188477 
113.188171 
113.188171 
113.187866 
113.187866 
113.187561 
113.187866 
113.187866 
113.188171 
113.188171 
113.187561 
113.187866 
113.188477 
113.188782 
113.188782 
113.187561 
113.186646 
113.186340 
113.186646 
113.186646 
113.186951 
113.186951 
113.187561 
113.187256 
113.187866 
113.187561 
113.187561 
113.187561 
113.187866 
113.187561 
113.187256 
113.187256 
113.186340 
113.186340 
113.186035 
113.187256 
113.188171 
113.188782 
113.188782 
113.189087 
113.189392 
113.188782 
113.188171 
113.188171 
113.188171 
113.188171 
113.187866 
113.187866 
113.188477 
113.188477 
113.188477 
113.188171 
113.188782 
113.189087 
113.189087 
113.188477 
113.186951 
113.186646 
113.186340 
113.186951 
113.186646 
113.187256 
113.187256 
113.187866 
113.187561 
113.187561 
113.187866 
113.187561 
113.187561 
113.187561 
113.187561 
113.186951 
113.186340 
113.186646 
113.186646 
113.187256 
113.188477 
113.188782 
113.189392 
113.189392 
113.189087 
113.188782 
113.188782 
113.188477 
113.187866 
113.188477 
113.188477 
113.188171 
113.188171 
113.188782 
113.188171 
113.188171 
113.188782 
113.189087 
113.188782 
113.188477 
113.187256 
113.186646 
113.186951 
113.186951 
113.187256 
113.187561 
113.187866 
113.187866 
113.188171 
113.187866 
113.187561 
113.187561 
113.187561 
113.187561 
113.187256 
113.187256 
113.186951 
113.186646 
113.186646 
113.187866 
113.189087 
113.189087 
113.189087 
113.189087 
113.189087 
113.188782 
113.188782 
113.188477 
113.188477 
113.188477 
113.188171 
113.188477 
113.188477 
113.189087 
113.188477 
113.188477 
113.189087 
113.189087 
113.189392 
113.188171 
113.187561 
113.186951 
113.186646 
113.186951 
113.187256 
113.187256 
113.187866 
113.187561 
113.188171 
113.187866 
113.187866 
113.187866 
113.187561 
113.187866 
113.187256 
113.186646 
113.186951 
113.186340 
113.186340 
113.187256 
113.188171 
113.188782 
113.188782 
113.189087 
113.189087 
113.188782 
113.187866 
113.188171 
113.188171 
113.188171 
113.188171 
113.188171 
113.188171 
113.188477 
113.187866 
113.188171 
113.188782 
113.188477 
113.188477 
113.187866 
113.186646 
113.186035 
113.186340 
113.186951 
113.186646 
113.187561 
113.187561 
113.187256 
113.187561 
113.187561 
113.187561 
113.187561 
113.187561 
113.187256 
113.186951 
113.186951 
113.186035 
113.186646 
113.186340 
113.186951 
113.187866 
113.189087 
113.188477 
113.188782 
113.188782 
113.188477 
113.188171 
113.188171 
113.187561 
113.188171 
113.187866 
113.187866 
113.187866 
113.188171 
113.188171 
113.187866 
113.188782 
113.189087 
113.188477 
113.187866 
113.186951 
113.186646 
113.186646 
113.187256 
113.186951 
113.187561 
113.187866 
113.187866 
113.188477 
113.187866 
113.188171 
113.187561 
113.187866 
113.187561 
113.187256 
113.187256 
113.186646 
113.186646 
113.186340 
113.187256 
113.188477 
113.189087 
113.189392 
113.189087 
113.189392 
113.189087 
113.188477 
113.188477 
113.188477 
113.188477 
113.187866 
113.188477 
113.188782 
113.188477 
113.188477 
113.188782 
113.189087 
113.189392 
113.189087 
113.188171 
113.187561 
113.187256 
113.186646 
113.187256 
113.186951 
113.187866 
113.187866 
113.187866 
113.187866 
113.187866 
113.187866 
113.187866 
113.187866 
113.187561 
113.187866 
113.187256 
113.186646 
113.186646 
113.186646 
113.187561 
113.188477 
113.189087 
113.188782 
113.189392 
113.189087 
113.188477 
113.188477 
113.188477 
113.188171 
113.188171 
113.187866 
113.188171 
113.188171 
113.188782 
113.187866 
113.188477 
113.188782 
113.188782 
113.188477 
113.187866 
113.186951 
113.186340 
113.186340 
113.186951 
113.186951 
113.186951 
113.187561 
113.187256 
113.187256 
113.187561 
113.187256 
113.186951 
113.187256 
113.186951 
113.187256 
113.186646 
113.186340 
113.186035 
113.186035 
113.186951 
113.188171 
113.188477 
113.188782 
113.189087 
113.188782 
113.188171 
113.188171 
113.187866 
113.187866 
113.187866 
113.188171 
113.188171 
113.187561 
113.188171 
113.188477 
113.188477 
113.188171 
113.189087 
113.188477 
113.187866 
113.187561 
113.186646 
113.186646 
113.186951 
113.186951 
113.187256 
113.187256 
113.187866 
113.187561 
113.187256 
113.187561 
113.187561 
113.188171 
113.187561 
113.186951 
113.187256 
113.186646 
113.186951 
113.186646 
113.187256 
113.188171 
113.188782 
113.189087 
113.189087 
113.189087 
113.188782 
113.188171 
113.187866 
113.188477 
113.188171 
113.188171 
113.188782 
113.188477 
113.188171 
113.188782 
113.188477 
113.188782 
113.189087 
113.189697 
113.188782 
113.187256 
113.186951 
113.186646 
113.187256 
113.187256 
113.187866 
113.187866 
113.187561 
113.187561 
113.187561 
113.188171 
113.188171 
113.187866 
113.187866 
113.187866 
113.187561 
113.186951 
113.186646 
113.186951 
113.187256 
113.188477 
113.189087 
113.189087 
113.189392 
113.188782 
113.188782 
113.188477 
113.188477 
113.188477 
113.188477 
113.188171 
113.188477 
113.188477 
113.188477 
113.188171 
113.188782 
113.188477 
113.188782 
113.189087 
113.188171 
113.186951 
113.186951 
113.186646 
113.186951 
113.187256 
113.187256 
113.187561 
113.187561 
113.187256 
113.187256 
113.187866 
113.187561 
113.187256 
113.187256 
113.187561 
113.187256 
113.186646 
113.186340 
113.186340 
113.186951 
113.188171 
113.188782 
113.188782 
113.189087 
113.188477 
113.188477 
113.188477 
113.188171 
113.187866 
113.188171 
113.188171 
113.187866 
113.187866 
113.188171 
113.188477 
113.188171 
113.188782 
113.188782 
113.188782 
113.188171 
113.186951 
113.186340 
113.186340 
113.186646 
113.187256 
113.187256 
113.187256 
113.187561 
113.187561 
113.187256 
113.187561 
113.187866 
113.187561 
113.187561 
113.187256 
113.187256 
113.186646 
113.186646 
113.186646 
113.187256 
113.188171 
113.188782 
113.189087 
113.189392 
113.189087 
113.189087 
113.188477 
113.188477 
113.188477 
113.188171 
113.188477 
113.187866 
113.187866 
113.188477 
113.188477 
113.188477 
113.189087 
113.188782 
113.188782 
113.188171 
113.187256 
113.186951 
113.186340 
113.187256 
113.187256 
113.187256 
113.187561 
113.187866 
113.187866 
113.187866 
113.187561 
113.187561 
113.187866 
113.187561 
113.187256 
113.186951 
113.186646 
113.186035 
113.186646 
113.187561 
113.188477 
113.188477 
113.189392 
113.189087 
113.188782 
113.188171 
113.188171 
113.188477 
113.188171 
113.188171 
113.187866 
113.187866 
113.188171 
113.188477 
113.188782 
113.188477 
113.188782 
113.189087 
113.188782 
113.188171 
113.187256 
113.186646 
113.186646 
113.186951 
113.187256 
113.187561 
113.187866 
113.187866 
113.187866 
113.187561 
113.187561 
113.187561 
113.187561 
113.187256 
113.187256 
113.186951 
113.186951 
113.186646 
113.186340 
113.187561 
113.188477 
113.189087 
113.189087 
113.189087 
113.188782 
113.188782 
113.188171 
113.188477 
113.187866 
113.187866 
113.188171 
113.188171 
113.188171 
113.188171 
113.188477 
113.188477 
113.188477 
113.188477 
113.188477 
113.187866 
113.186951 
113.186951 
113.186340 
113.187256 
113.187256 
113.187561 
113.187866 
113.187866 
113.187866 
113.187561 
113.187561 
113.187561 
113.187866 
113.187866 
113.187561 
113.187256 
113.186646 
113.186951 
113.186646 
113.187256 
113.188477 
113.188782 
113.189087 
113.188782 
113.188782 
113.188782 
113.188782 
113.188477 
113.188171 
113.188477 
113.188477 
113.188171 
113.188477 
113.188477 
113.188477 
113.188477 
113.188782 
113.189087 
113.189392 
113.187866 
113.187256 
113.186646 
113.186646 
113.186646 
113.187256 
113.186951 
113.188171 
113.187561 
113.188171 
113.187866 
113.187256 
113.187866 
113.187866 
113.187256 
113.187256 
113.186951 
113.186340 
113.186646 
113.186646 
113.187256 
113.188171 
113.189087 
113.188782 
113.189392 
113.188782 
113.188782 
113.188171 
113.188477 
113.188171 
113.188171 
113.188477 
113.188171 
113.188171 
113.188477 
113.188477 
113.188477 
113.188782 
113.188782 
113.188782 
113.188171 
113.186646 
113.186340 
113.186951 
113.187256 
113.186951 
113.187256 
113.187561 
113.187256 
113.187866 
113.187866 
113.188171 
113.187561 
113.187561 
113.187561 
113.187561 
113.187561 
113.187256 
113.186340 
113.186646 
113.187561 
113.188171 
113.189087 
113.188782 
113.189392 
113.189087 
113.188477 
113.188171 
113.188782 
113.188477 
113.187866 
113.188477 
113.188171 
113.188171 
113.188171 
113.188477 
113.188782 
113.189087 
113.189392 
113.189087 
113.188477 
113.187561 
113.186646 
113.186646 
113.187256 
113.186951 
113.187561 
113.187561 
113.187866 
113.188171 
113.187866 
113.187561 
113.187561 
113.187866 
113.187561 
113.187561 
113.186951 
113.186646 
113.186646 
113.186646 
113.187561 
113.188477 
113.189087 
113.189392 
113.189087 
113.189087 
113.188782 
113.188171 
113.188171 
113.187866 
113.188477 
113.188477 
113.188171 
113.188171 
113.188171 
113.188477 
113.188477 
113.189087 
113.189392 
113.189087 
113.188171 
113.187256 
113.186646 
113.186646 
113.186951 
113.187256 
113.187561 
113.187866 
113.187561 
113.187866 
113.187561 
113.187561 
113.187866 
113.187866 
113.187561 
113.187866 
113.187256 
113.186951 
113.186340 
113.186646 
113.187256 
113.188477 
113.189392 
113.189087 
113.189087 
113.189087 
113.188782 
113.188477 
113.188171 
113.188171 
113.188171 
113.188477 
113.188171 
113.187866 
113.188477 
113.188477 
113.188477 
113.189087 
113.188782 
113.189087 
113.187866 
113.187561 
113.186646 
113.186646 
113.187256 
113.187256 
113.187561 
113.187561 
113.187561 
113.187866 
113.187866 
113.187866 
113.187256 
113.188171 
113.187866 
113.187561 
113.187256 
113.186646 
113.186340 
113.186646 
113.187561 
113.188477 
113.188782 
113.189087 
113.189087 
113.189392 
113.189087 
113.188477 
113.188477 
113.187866 
113.187866 
113.188782 
113.188171 
113.188477 
113.188171 
113.188477 
113.188171 
113.188782 
113.189087 
113.189087 
113.188477 
113.187561 
113.186951 
113.186951 
113.186951 
113.186951 
113.187256 
113.187866 
113.187256 
113.187866 
113.187561 
113.188171 
113.188171 
113.187866 
113.187561 
113.187561 
113.186951 
113.186951 
113.186646 
113.186646 
113.187561 
113.188477 
113.188782 
113.189087 
113.189392 
113.189087 
113.188782 
113.188171 
113.188171 
113.188171 
113.188171 
113.188477 
113.188782 
113.188171 
113.188477 
113.188782 
113.188477 
113.188782 
113.189087 
113.189697 
113.188477 
113.187256 
113.186646 
113.186951 
113.186951 
113.186951 
113.187256 
113.187866 
113.187256 
113.187866 
113.187561 
113.187866 
113.187561 
113.187866 
113.187561 
113.187256 
113.186951 
113.186646 
113.186646 
113.186951 
113.187256 
113.188477 
113.189087 
113.189392 
113.189087 
113.188782 
113.189087 
113.188477 
113.188171 
113.188171 
113.188171 
113.188171 
113.188477 
113.188171 
113.188171 
113.188477 
113.188171 
113.188782 
113.189392 
113.188782 
113.188171 
113.186951 
113.186340 
113.186646 
113.187256 
113.187561 
113.186951 
113.187866 
113.187866 
113.187866 
113.187866 
113.187866 
113.187561 
113.187561 
113.187561 
113.187561 
113.186951 
113.186646 
113.186340 
113.186340 
113.187256 
113.188171 
113.188477 
113.188782 
113.189087 
113.189087 
113.188782 
113.187866 
113.188171 
113.188171 
113.188171 
113.187866 
113.188477 
113.187866 
113.188171 
113.188782 
113.188477 
113.188477 
113.189392 
113.189087 
113.187866 
113.187256 
113.186646 
113.186340 
113.187561 
113.187561 
113.186951 
113.187561 
113.187866 
113.187561 
113.187866 
113.188171 
113.187866 
113.187866 
113.188171 
113.187561 
113.187561 
113.187256 
113.186340 
113.186646 
113.187256 
113.188477 
113.189087 
113.189087 
113.189087 
113.189087 
113.188782 
113.188477 
113.188171 
113.188477 
113.188171 
113.188171 
113.187866 
113.188477 
113.187866 
113.188477 
113.188171 
113.188782 
113.189087 
113.189087 
113.188171 
113.187256 
113.186646 
113.186340 
113.186951 
113.187561 
113.187256 
113.187866 
113.188171 
113.188171 
113.187561 
113.187866 
113.187561 
113.187561 
113.187256 
113.187866 
113.187256 
113.186951 
113.186646 
113.186340 
113.186951 
113.188477 
113.188782 
113.189087 
113.189087 
113.189392 
113.188477 
113.188477 
113.188171 
113.187866 
113.187866 
113.188171 
113.188477 
113.187866 
113.188477 
113.188477 
113.188477 
113.188782 
113.189392 
113.188782 
113.187561 
113.186951 
113.186340 
113.186646 
113.186951 
113.186951 
113.187256 
113.187866 
113.187561 
113.187866 
113.187866 
113.187561 
113.187561 
113.187561 
113.187561 
113.187561 
113.187256 
113.186951 
113.186340 
113.186035 
113.187561 
113.188171 
113.188782 
113.189392 
113.189697 
113.188477 
113.188477 
113.187866 
113.187866 
113.188171 
113.188171 
113.188171 
113.187866 
113.188171 
113.188477 
113.187866 
113.188171 
113.188477 
113.188782 
113.189087 
113.187866 
113.187256 
113.186646 
113.186951 
113.186951 
113.187256 
113.187256 
113.187256 
113.187561 
113.187256 
113.187256 
113.187561 
113.187561 
113.187561 
113.187561 
113.187561 
113.186646 
113.186340 
113.186646 
113.186951 
113.187561 
113.188171 
113.188782 
113.188782 
113.188782 
113.189087 
113.188477 
113.188477 
113.187866 
113.187866 
113.188477 
113.188171 
113.188171 
113.187866 
113.188171 
113.188171 
113.188477 
113.188782 
113.188782 
113.188782 
113.188477 
113.186951 
113.186646 
113.186646 
113.186951 
113.187256 
113.186951 
113.187866 
113.187256 
113.187866 
113.187561 
113.187561 
113.187561 
113.187561 
113.186951 
113.187256 
113.186951 
113.186646 
113.186340 
113.186646 
113.187256 
113.188171 
113.189087 
113.188782 
113.188782 
113.188782 
113.188782 
113.188782 
113.188171 
113.187866 
113.188171 
113.187866 
113.187866 
113.188477 
113.188477 
113.188477 
113.188477 
113.188782 
113.189087 
113.189087 
113.188171 
113.186951 
113.186340 
113.186951 
113.187256 
113.187256 
113.187561 
113.187561 
113.187561 
113.187866 
113.187561 
113.187561 
113.187866 
113.187866 
113.187561 
113.187561 
113.186951 
113.186646 
113.186646 
113.186951 
113.186951 
113.188477 
113.189087 
113.188782 
113.189697 
113.189087 
113.188782 
113.188477 
113.188477 
113.188171 
113.188477 
113.188477 
113.188171 
113.188477 
113.188477 
113.188477 
113.188477 
113.188782 
113.188782 
113.189087 
113.188171 
113.187256 
113.186646 
113.186340 
113.186951 
113.186951 
113.187561 
113.187561 
113.187866 
113.187866 
113.187561 
113.187561 
113.187561 
113.187256 
113.187256 
113.187561 
113.186951 
113.186340 
113.186340 
113.186340 
113.187561 
113.188171 
113.188782 
113.188782 
113.189392 
113.188782 
113.188782 
113.188477 
113.188171 
113.188171 
113.188171 
113.188171 
113.187866 
113.188171 
113.188171 
113.188171 
113.188171 
113.188782 
113.188782 
113.188782 
113.188171 
113.186951 
113.186340 
113.186340 
113.186951 
113.187256 
113.187256 
113.187561 
113.187561 
113.188171 
113.187561 
113.187256 
113.187866 
113.187561 
113.187256 
113.187561 
113.186951 
113.186340 
113.186340 
113.186340 
113.187256 
113.188171 
113.188782 
113.189087 
113.189392 
113.189087 
113.188477 
113.188477 
113.187866 
113.187866 
113.188477 
113.188782 
113.188171 
113.187866 
113.188171 
113.188171 
113.188477 
113.188782 
113.188782 
113.188782 
113.188171 
113.187256 
113.186035 
113.186646 
113.186646 
113.187256 
113.187561 
113.187561 
113.187866 
113.187561 
113.187866 
113.187866 
113.187561 
113.187866 
113.187866 
113.187561 
113.186951 
113.186951 
113.186340 
113.186035 
113.187561 
113.188171 
113.188782 
113.188171 
113.188171 
113.187561 
113.186035 
113.185425 
113.184509 
113.182983 
113.181763 
113.180237 
113.177795 
113.175659 
113.172607 
113.169556 
113.165283 
113.161926 
113.157043 
113.152466 
113.146667 
113.139954 
113.133545 
113.127747 
113.121338 
113.114014 
113.106995 
113.099670 
113.091736 
113.083496 
113.074646 
113.066101 
113.056641 
113.046265 
113.036499 
113.026428 
113.016052 
113.005066 
112.994385 
112.984009 
112.974243 
112.963867 
112.953796 
112.943420 
112.932434 
112.921753 
112.910461 
112.898865 
112.887268 
112.875671 
112.864380 
112.853088 
112.842407 
112.831421 
112.821045 
112.809753 
112.798767 
112.788696 
112.777710 
112.766724 
112.755432 
112.743835 
112.732239 
112.720947 
112.710571 
112.699890 
112.689819 
112.679443 
112.669373 
112.658691 
112.648315 
112.637939 
112.627563 
112.616882 
112.605896 
112.595520 
112.584534 
112.573242 
112.562866 
112.552490 
112.543030 
112.533875 
112.523804 
112.513428 
112.503357 
112.493286 
112.482605 
112.471924 
112.461243 
112.450562 
112.440491 
112.430115 
112.419434 
112.409363 
112.399292 
112.389526 
112.379150 
112.369385 
112.359009 
112.349243 
112.338257 
112.326965 
112.315979 
112.305298 
112.295837 
112.285156 
112.275391 
112.265320 
112.254944 
112.245178 
112.234192 
112.224121 
112.214355 
112.203674 
112.193298 
112.182922 
112.171936 
112.161255 
112.150269 
112.139893 
112.130127 
112.121277 
112.110901 
112.100830 
112.090454 
112.079773 
112.069397 
112.058716 
112.048645 
112.037659 
112.026978 
112.016907 
112.006531 
111.995850 
111.986084 
111.975708 
111.965332 
111.954956 
111.944885 
111.934509 
111.923218 
111.912231 
111.901245 
111.891174 
111.881104 
111.870728 
111.860352 
111.850891 
111.840515 
111.830444 
111.820679 
111.810303 
111.799622 
111.789246 
111.778870 
111.768188 
111.757507 
111.746826 
111.736145 
111.726074 
111.716614 
111.707153 
111.697388 
111.687927 
111.677246 
111.667175 
111.656494 
111.645813 
111.635132 
111.624146 
111.613770 
111.603394 
111.593018 
111.582947 
111.572876 
111.562500 
111.552429 
111.542053 
111.532593 
111.521912 
111.510620 
111.499329 
111.488647 
111.478271 
111.468201 
111.457214 
111.447449 
111.437378 
111.427307 
111.417847 
111.407166 
111.396790 
111.386719 
111.376648 
111.366272 
111.355286 
111.345215 
111.333923 
111.323242 
111.313171 
111.304016 
111.294250 
111.284790 
111.274719 
111.264648 
111.254272 
111.243591 
111.232910 
111.222229 
111.212158 
111.201172 
111.191101 
111.180420 
111.169739 
111.159973 
111.149597 
111.139221 
111.129456 
111.119080 
111.108704 
111.097412 
111.086426 
111.075439 
111.065063 
111.054993 
111.044617 
111.034546 
111.024780 
111.014404 
111.004333 
110.993958 
110.983887 
110.973511 
110.963135 
110.952759 
110.942383 
110.932007 
110.920715 
110.910339 
110.900269 
110.890808 
110.881348 
110.871887 
110.861816 
110.851135 
110.841370 
110.830994 
110.820007 
110.809326 
110.798340 
110.788269 
110.777893 
110.767822 
110.757446 
110.747375 
110.737000 
110.726624 
110.716858 
110.707092 
110.696106 
110.685120 
110.674133 
110.662842 
110.652771 
110.642700 
110.632629 
110.622253 
110.612793 
110.602112 
110.592041 
110.582275 
110.571594 
110.561523 
110.551147 
110.540466 
110.530396 
110.519409 
110.508728 
110.498352 
110.487976 
110.478210 
110.468750 
110.459595 
110.449524 
110.439758 
110.429382 
110.418396 
110.408020 
110.397034 
110.386353 
110.375977 
110.365601 
110.355225 
110.344543 
110.335083 
110.324707 
110.314026 
110.304565 
110.294495 
110.284424 
110.272827 
110.262146 
110.251770 
110.241089 
110.231934 
110.222778 
110.213623 
110.205078 
110.196533 
110.189209 
110.180664 
110.173645 
110.166626 
110.159302 
110.152893 
110.146179 
110.140381 
110.134583 
110.129700 
110.125427 
110.121765 
110.119934 
110.116272 
110.114136 
110.111389 
110.109558 
110.107727 
110.105896 
110.104065 
110.103149 
110.101929 
110.101624 
110.101318 
110.101013 
110.101318 
110.101013 
110.101929 
110.101624 
110.102234 
110.102234 
110.101318 
110.100403 
110.099792 
110.100098 
110.100403 
110.100403 
110.101318 
110.101318 
110.101929 
110.101929 
110.102234 
110.102234 
110.102539 
110.102539 
110.102539 
110.102234 
110.102234 
110.102234 
110.101929 
110.102234 
110.103149 
110.104370 
110.104980 
110.105591 
110.105896 
110.105591 
110.104980 
110.105591 
110.105286 
110.105286 
110.105286 
110.105286 
110.105591 
110.105286 
110.105591 
110.105896 
110.105896 
110.106506 
110.106506 
110.106812 
110.105591 
110.104980 
110.104370 
110.104065 
110.104980 
110.105591 
110.105591 
110.105591 
110.105896 
110.106201 
110.106506 
110.106201 
110.105591 
110.105896 
110.105896 
110.105896 
110.105591 
110.104980 
110.104675 
110.104675 
110.105896 
110.106812 
110.107117 
110.107727 
110.108032 
110.107422 
110.107727 
110.106812 
110.107117 
110.106812 
110.106201 
110.106812 
110.106812 
110.106812 
110.106812 
110.106812 
110.106812 
110.106812 
110.107422 
110.107422 
110.106201 
