Blum, K. P., D’Incamps, B. L., Zytnicki, D., & Ting, L. H. (2017).
Force encoding in muscle spindles during stretch of
passive muscle. PLoS computational biology, 13(9), 
e1005767. <https://journals.plos.org/ploscompbiol/article?
id=10.1371/journal.pcbi.1005767>

cat medial gastrocnemius muscle lengths over t  (in 0.0005 s increments)
110.111389 
110.111694 
110.111389 
110.112305 
110.112305 
110.112000 
110.111084 
110.109253 
110.109253 
110.109863 
110.109558 
110.109558 
110.109863 
110.110168 
110.110168 
110.110474 
110.110474 
110.110168 
110.110474 
110.110474 
110.109863 
110.109253 
110.109558 
110.108643 
110.108643 
110.109253 
110.110779 
110.111694 
110.112305 
110.112000 
110.112000 
110.111389 
110.111694 
110.111084 
110.111084 
110.111084 
110.110474 
110.110779 
110.111389 
110.110779 
110.111084 
110.111389 
110.112305 
110.112305 
110.112915 
110.111694 
110.110168 
110.109558 
110.108948 
110.109253 
110.109253 
110.109863 
110.109863 
110.110168 
110.110168 
110.110474 
110.110168 
110.110168 
110.110168 
110.110168 
110.109863 
110.109558 
110.109253 
110.109253 
110.108337 
110.109253 
110.110474 
110.111694 
110.112305 
110.112000 
110.112000 
110.111389 
110.111084 
110.110779 
110.110474 
110.111389 
110.111084 
110.110779 
110.110779 
110.111084 
110.111084 
110.112000 
110.111694 
110.112000 
110.112915 
110.112000 
110.110779 
110.109558 
110.109253 
110.108948 
110.109253 
110.109558 
110.109863 
110.110168 
110.110474 
110.110474 
110.110474 
110.110474 
110.111084 
110.110168 
110.109863 
110.109863 
110.109558 
110.108948 
110.108948 
110.108643 
110.110779 
110.111694 
110.112305 
110.112610 
110.113220 
110.113831 
110.114136 
110.115051 
110.116272 
110.117798 
110.120239 
110.122681 
110.126648 
110.129700 
110.134888 
110.140076 
110.145264 
110.151978 
110.158386 
110.165100 
110.171509 
110.178223 
110.185242 
110.194092 
110.203247 
110.213013 
110.223389 
110.234375 
110.245972 
110.257874 
110.269775 
110.282593 
110.295410 
110.308533 
110.321960 
110.335693 
110.349426 
110.363464 
110.377808 
110.393677 
110.410461 
110.427856 
110.444031 
110.460205 
110.476685 
110.493469 
110.510559 
110.527649 
110.545654 
110.565186 
110.584106 
110.604553 
110.625000 
110.646057 
110.668335 
110.689392 
110.710754 
110.732117 
110.751953 
110.770569 
110.787048 
110.803528 
110.818787 
110.834351 
110.849609 
110.864258 
110.878296 
110.892029 
110.905762 
110.918884 
110.931702 
110.945435 
110.958557 
110.971375 
110.984192 
110.997314 
111.010742 
111.023865 
111.037292 
111.050415 
111.065063 
111.080017 
111.093750 
111.107178 
111.120300 
111.133423 
111.145935 
111.159363 
111.172180 
111.185913 
111.199036 
111.212769 
111.226807 
111.240540 
111.254883 
111.269531 
111.283875 
111.298828 
111.313782 
111.328125 
111.341858 
111.355286 
111.369324 
111.384277 
111.399231 
111.414185 
111.430054 
111.445313 
111.460876 
111.476135 
111.492004 
111.507263 
111.522827 
111.538086 
111.553650 
111.568298 
111.583557 
111.598206 
111.613464 
111.629333 
111.646118 
111.663208 
111.679077 
111.694641 
111.709900 
111.725159 
111.740112 
111.755676 
111.770020 
111.785889 
111.801453 
111.816406 
111.831665 
111.847534 
111.863403 
111.878967 
111.894836 
111.911011 
111.926575 
111.941528 
111.955872 
111.970215 
111.984863 
112.000732 
112.015686 
112.031250 
112.047424 
112.062683 
112.078552 
112.094116 
112.109375 
112.125244 
112.140808 
112.156067 
112.171326 
112.185974 
112.201233 
112.215881 
112.230835 
112.246704 
112.263184 
112.279968 
112.296143 
112.311401 
112.327271 
112.341919 
112.357483 
112.372131 
112.387085 
112.402039 
112.417603 
112.433472 
112.448120 
112.464294 
112.479553 
112.495117 
112.510376 
112.526855 
112.541809 
112.557678 
112.571716 
112.585449 
112.599792 
112.615356 
112.630920 
112.646484 
112.661743 
112.677917 
112.693176 
112.709351 
112.724609 
112.740479 
112.755737 
112.771301 
112.786865 
112.801819 
112.816772 
112.831726 
112.846680 
112.862854 
112.879028 
112.896118 
112.912292 
112.927246 
112.941895 
112.957153 
112.970886 
112.984619 
112.998352 
113.012085 
113.025513 
113.038025 
113.050842 
113.063354 
113.075256 
113.086853 
113.098450 
113.109436 
113.119507 
113.128967 
113.136597 
113.143921 
113.150940 
113.159180 
113.165894 
113.172607 
113.179016 
113.185120 
113.190308 
113.194885 
113.199463 
113.202515 
113.205261 
113.207397 
113.209534 
113.210754 
113.210754 
113.210449 
113.209839 
113.209229 
113.208923 
113.208618 
113.206787 
113.204651 
113.201599 
113.197021 
113.192444 
113.186646 
113.180847 
113.174744 
113.167114 
113.160095 
113.151855 
113.143311 
113.134766 
113.125000 
113.115234 
113.105164 
113.094177 
113.081970 
113.068237 
113.054199 
113.039856 
113.026123 
113.011780 
112.998047 
112.983093 
112.968445 
112.953491 
112.938232 
112.922668 
112.906799 
112.890625 
112.874146 
112.857361 
112.841187 
112.823792 
112.807007 
112.789612 
112.773438 
112.757568 
112.742615 
112.725830 
112.709656 
112.692566 
112.675781 
112.658691 
112.641602 
112.624512 
112.607727 
112.590942 
112.574158 
112.557373 
112.540894 
112.524719 
112.508240 
112.492371 
112.476196 
112.460327 
112.443848 
112.425842 
112.408142 
112.391052 
112.374573 
112.358704 
112.342834 
112.326965 
112.310791 
112.294922 
112.279358 
112.263184 
112.247620 
112.231750 
112.215271 
112.199097 
112.183228 
112.166748 
112.150269 
112.134094 
112.118530 
112.103577 
112.089539 
112.073975 
112.058411 
112.042542 
112.026978 
112.010803 
111.994629 
111.978455 
111.962891 
111.946411 
111.930847 
111.915283 
111.899414 
111.884155 
111.868591 
111.853027 
111.838074 
111.822815 
111.806946 
111.789856 
111.772766 
111.756287 
111.740417 
111.725159 
111.709900 
111.694336 
111.678772 
111.663513 
111.648254 
111.632080 
111.616821 
111.600647 
111.585693 
111.570129 
111.553955 
111.538086 
111.521912 
111.506042 
111.490479 
111.476135 
111.461487 
111.446533 
111.431274 
111.415710 
111.400146 
111.384277 
111.368408 
111.352234 
111.336670 
111.320496 
111.305237 
111.289673 
111.274109 
111.258850 
111.243286 
111.228638 
111.213379 
111.198120 
111.182556 
111.165466 
111.148376 
111.132507 
111.116943 
111.101685 
111.085815 
111.070557 
111.055908 
111.040649 
111.025696 
111.010132 
110.994873 
110.979309 
110.963440 
110.948486 
110.932007 
110.917053 
110.900879 
110.884705 
110.869141 
110.855103 
110.840454 
110.825500 
110.810547 
110.794678 
110.778809 
110.762939 
110.747681 
110.731506 
110.716248 
110.699768 
110.684204 
110.668335 
110.653381 
110.637512 
110.622253 
110.607300 
110.592651 
110.577087 
110.561523 
110.544434 
110.527649 
110.512390 
110.496216 
110.480652 
110.465393 
110.450134 
110.435486 
110.419922 
110.404968 
110.389099 
110.374451 
110.359497 
110.344849 
110.330200 
110.315552 
110.300903 
110.286560 
110.273132 
110.260010 
110.248718 
110.238342 
110.227356 
110.216675 
110.206299 
110.196228 
110.186768 
110.178223 
110.169373 
110.161438 
110.154419 
110.148010 
110.141602 
110.135803 
110.130920 
110.126648 
110.122681 
110.119934 
110.116882 
110.114136 
110.111389 
110.108032 
110.106812 
110.105896 
110.105896 
110.106201 
110.107117 
110.108643 
110.110474 
110.112610 
110.115051 
110.118408 
110.121765 
110.125732 
110.130615 
110.135803 
110.141602 
110.148010 
110.154419 
110.162354 
110.171814 
110.182495 
110.192261 
110.202332 
110.212708 
110.223999 
110.234985 
110.246582 
110.258789 
110.271301 
110.284729 
110.298462 
110.313110 
110.328064 
110.343628 
110.359192 
110.375671 
110.392456 
110.409241 
110.425110 
110.440674 
110.455627 
110.470581 
110.487061 
110.503845 
110.520020 
110.535889 
110.552673 
110.568848 
110.585022 
110.601196 
110.617065 
110.633240 
110.648804 
110.664673 
110.679932 
110.695190 
110.711060 
110.726318 
110.742188 
110.758667 
110.775757 
110.791931 
110.807190 
110.823059 
110.838013 
110.853271 
110.868835 
110.883789 
110.898743 
110.914001 
110.928955 
110.944214 
110.959473 
110.974731 
110.989990 
111.005249 
111.021423 
111.036987 
111.052246 
111.066284 
111.080322 
111.094055 
111.109314 
111.124878 
111.140137 
111.155090 
111.170959 
111.187134 
111.202698 
111.217957 
111.233521 
111.248779 
111.264343 
111.279602 
111.294556 
111.309814 
111.325073 
111.340332 
111.355591 
111.372375 
111.388855 
111.405334 
111.421204 
111.436768 
111.452026 
111.466675 
111.481934 
111.497498 
111.512756 
111.528015 
111.543274 
111.558228 
111.573792 
111.589355 
111.604614 
111.620789 
111.636047 
111.652222 
111.667480 
111.682129 
111.695251 
111.709595 
111.725159 
111.740112 
111.755676 
111.770935 
111.786499 
111.802673 
111.817932 
111.833191 
111.848450 
111.863708 
111.878967 
111.893921 
111.909180 
111.923523 
111.938171 
111.952820 
111.968384 
111.984253 
112.000427 
112.016296 
112.031250 
112.046814 
112.061157 
112.076111 
112.090759 
112.105103 
112.120361 
112.135010 
112.149658 
112.164612 
112.180176 
112.194824 
112.209778 
112.225342 
112.240906 
112.255859 
112.271729 
112.286072 
112.299194 
112.313538 
112.328796 
112.343750 
112.359009 
112.374573 
112.390137 
112.405396 
112.420959 
112.436829 
112.452087 
112.467346 
112.482300 
112.497253 
112.512512 
112.527466 
112.542114 
112.557068 
112.572632 
112.588806 
112.605591 
112.621460 
112.637024 
112.652283 
112.667542 
112.682800 
112.697449 
112.713013 
112.727356 
112.743225 
112.758179 
112.773743 
112.788696 
112.803955 
112.819824 
112.835388 
112.851257 
112.866516 
112.882080 
112.896118 
112.910156 
112.924500 
112.938538 
112.953796 
112.968445 
112.982483 
112.996826 
113.010559 
113.023682 
113.037109 
113.049011 
113.061218 
113.072815 
113.083496 
113.094177 
113.103333 
113.111877 
113.120728 
113.129578 
113.138123 
113.147583 
113.155212 
113.161621 
113.168030 
113.172913 
113.177795 
113.181458 
113.185425 
113.188171 
113.190918 
113.193359 
113.195496 
113.196716 
113.197021 
113.197937 
113.198242 
113.198242 
113.197327 
113.196106 
113.192749 
113.189392 
113.185730 
113.181152 
113.177490 
113.173218 
113.167725 
113.162231 
113.156738 
113.150330 
113.143311 
113.137207 
113.129578 
113.122253 
113.114319 
113.106079 
113.097839 
113.089294 
113.080750 
113.072205 
113.064880 
113.057861 
113.050232 
113.042297 
113.034058 
113.024902 
113.016052 
113.007507 
112.998657 
112.989502 
112.980957 
112.972717 
112.963867 
112.955933 
112.947998 
112.940063 
112.932129 
112.924500 
112.916870 
112.908630 
112.899780 
112.890015 
112.881165 
112.872925 
112.864685 
112.856750 
112.849121 
112.841797 
112.834167 
112.826538 
112.818604 
112.811279 
112.803345 
112.795410 
112.787781 
112.779846 
112.771301 
112.763062 
112.755432 
112.746887 
112.740479 
112.733765 
112.726746 
112.719116 
112.711792 
112.704163 
112.695618 
112.687683 
112.679443 
112.671509 
112.663879 
112.655640 
112.648010 
112.640381 
112.633057 
112.625427 
112.617798 
112.610779 
112.603760 
112.595520 
112.586975 
112.577515 
112.568665 
112.560730 
112.553101 
112.545471 
112.537842 
112.530518 
112.522888 
112.515564 
112.507935 
112.500610 
112.492371 
112.485046 
112.477112 
112.468567 
112.460632 
112.452698 
112.444153 
112.436523 
112.430115 
112.423401 
112.416382 
112.409058 
112.401123 
112.392883 
112.385254 
112.376709 
112.369080 
112.361145 
112.353516 
112.345581 
112.337646 
112.329102 
112.321777 
112.314453 
112.307129 
112.299805 
112.292480 
112.284241 
112.276001 
112.266541 
112.257690 
112.249756 
112.242432 
112.234497 
112.226868 
112.219849 
112.212524 
112.204285 
112.197571 
112.189636 
112.182007 
112.174377 
112.166443 
112.158203 
112.150574 
112.141724 
112.134094 
112.126465 
112.119751 
112.113342 
112.106323 
112.098999 
112.091370 
112.083435 
112.075500 
112.067566 
112.059326 
112.051697 
112.043762 
112.035828 
112.028198 
112.020264 
112.012939 
112.005310 
111.998291 
111.990662 
111.983643 
111.976013 
111.967468 
111.958618 
111.949463 
111.941528 
111.933899 
111.926270 
111.918945 
111.911621 
111.903992 
111.896667 
111.889343 
111.881714 
111.874390 
111.866150 
111.858521 
111.850586 
111.842651 
111.834412 
111.826477 
111.818542 
111.812439 
111.805115 
111.798096 
111.791077 
111.783752 
111.775208 
111.767578 
111.759644 
111.751404 
111.743469 
111.735535 
111.727600 
111.719666 
111.712036 
111.704712 
111.697083 
111.690063 
111.682434 
111.675110 
111.667786 
111.658936 
111.649475 
111.640625 
111.632690 
111.624756 
111.617126 
111.609802 
111.602783 
111.594849 
111.587830 
111.579895 
111.572266 
111.564941 
111.557007 
111.549377 
111.541748 
111.532898 
111.525269 
111.516724 
111.509399 
111.502380 
111.495972 
111.489258 
111.481628 
111.473694 
111.465759 
111.458130 
111.449585 
111.441956 
111.433716 
111.426086 
111.418152 
111.410217 
111.402588 
111.394958 
111.387634 
111.380005 
111.372681 
111.365662 
111.358032 
111.349182 
111.340027 
111.331787 
111.323242 
111.315613 
111.307983 
111.300354 
111.293030 
111.286011 
111.278381 
111.271057 
111.263428 
111.255798 
111.248169 
111.240845 
111.232605 
111.224670 
111.216431 
111.208801 
111.200562 
111.193542 
111.187439 
111.180725 
111.173096 
111.164856 
111.157532 
111.149902 
111.141357 
111.133728 
111.125488 
111.117859 
111.110229 
111.102600 
111.094666 
111.087036 
111.079712 
111.071777 
111.065369 
111.058044 
111.049805 
111.041870 
111.032715 
111.023865 
111.015625 
111.007996 
111.000366 
110.993042 
110.985413 
110.978088 
110.970459 
110.963135 
110.955505 
110.947876 
110.939941 
110.932617 
110.924377 
110.916748 
110.908508 
110.899963 
110.892334 
110.885620 
110.879211 
110.871887 
110.865173 
110.857239 
110.848694 
110.840759 
110.833130 
110.824890 
110.816956 
110.809021 
110.801392 
110.792847 
110.785522 
110.778198 
110.769958 
110.763245 
110.755615 
110.748291 
110.740967 
110.732117 
110.722961 
110.714417 
110.706482 
110.698242 
110.690613 
110.682983 
110.675964 
110.668030 
110.661011 
110.653381 
110.645447 
110.638123 
110.630188 
110.622864 
110.614929 
110.606689 
110.599060 
110.590515 
110.582581 
110.575562 
110.569458 
110.562744 
110.555115 
110.547180 
110.539246 
110.531921 
110.523376 
110.515137 
110.507507 
110.499878 
110.491638 
110.484009 
110.476685 
110.468445 
110.461121 
110.453796 
110.446472 
110.439148 
110.431519 
110.422974 
110.414124 
110.405273 
110.397644 
110.389404 
110.382080 
110.374451 
110.366821 
110.359192 
110.352478 
110.344543 
110.337219 
110.329895 
110.321960 
110.314026 
110.306702 
110.298157 
110.290222 
110.282288 
110.274353 
110.267029 
110.260925 
110.254517 
110.246887 
110.238953 
110.231323 
110.223389 
110.215454 
110.207214 
110.199280 
110.191040 
110.184021 
110.176392 
110.169373 
110.162659 
110.155945 
110.149536 
110.144043 
110.139160 
110.133972 
110.128479 
110.122986 
110.118103 
110.115051 
110.112305 
110.110779 
110.108948 
110.108643 
110.108337 
110.108643 
110.108643 
110.110168 
110.111084 
110.112610 
110.114746 
110.117188 
110.119629 
110.123291 
110.127258 
110.131836 
110.138245 
110.145569 
110.154114 
110.161133 
110.169067 
110.177307 
110.185547 
110.195007 
110.204468 
110.214233 
110.224915 
110.236511 
110.248718 
110.261230 
110.274963 
110.288086 
110.302734 
110.318298 
110.333557 
110.349121 
110.364380 
110.378723 
110.393982 
110.410156 
110.426636 
110.442810 
110.459290 
110.475464 
110.491943 
110.508118 
110.523987 
110.539856 
110.555725 
110.571289 
110.587158 
110.602112 
110.617065 
110.632019 
110.646973 
110.661926 
110.678711 
110.694885 
110.711365 
110.726929 
110.742493 
110.757751 
110.772705 
110.787964 
110.802612 
110.817871 
110.833435 
110.847778 
110.863647 
110.878906 
110.894470 
110.910034 
110.925903 
110.941162 
110.957031 
110.972595 
110.986938 
111.000366 
111.014709 
111.030273 
111.045532 
111.061096 
111.076355 
111.091919 
111.107483 
111.123047 
111.138306 
111.153564 
111.169434 
111.184692 
111.199951 
111.215515 
111.230164 
111.245117 
111.260376 
111.275635 
111.291809 
111.308594 
111.325073 
111.340942 
111.356506 
111.371765 
111.387329 
111.402588 
111.417542 
111.432800 
111.448059 
111.463318 
111.478577 
111.494446 
111.509705 
111.525574 
111.541138 
111.557007 
111.573181 
111.588745 
111.603088 
111.617126 
111.631165 
111.647034 
111.661682 
111.677856 
111.693420 
111.708679 
111.724243 
111.739807 
111.755371 
111.770325 
111.786194 
111.801453 
111.816711 
111.832275 
111.846619 
111.861572 
111.876526 
111.891785 
111.907959 
111.924438 
111.940613 
111.955566 
111.971130 
111.986389 
112.001648 
112.015991 
112.031250 
112.045898 
112.060242 
112.075500 
112.090759 
112.105408 
112.120667 
112.136230 
112.151184 
112.167053 
112.182312 
112.197266 
112.211609 
112.225342 
112.239380 
112.253418 
112.268677 
112.284546 
112.299500 
112.315063 
112.330627 
112.345886 
112.361450 
112.377014 
112.391968 
112.406921 
112.422485 
112.437744 
112.452087 
112.467041 
112.481995 
112.496948 
112.513123 
112.529297 
112.545776 
112.561340 
112.577209 
112.592468 
112.607422 
112.622375 
112.637329 
112.652588 
112.667236 
112.682495 
112.697754 
112.712708 
112.728271 
112.744141 
112.759705 
112.775574 
112.790833 
112.806702 
112.821045 
112.835083 
112.849121 
112.864380 
112.879639 
112.894592 
112.909851 
112.926025 
112.940979 
112.955627 
112.970276 
112.984924 
112.998962 
113.012390 
113.025513 
113.037720 
113.049316 
113.060913 
113.071899 
113.082581 
113.094177 
113.105164 
113.115540 
113.125000 
113.132935 
113.141174 
113.148804 
113.155212 
113.161011 
113.166809 
113.171997 
113.176880 
113.180847 
113.184509 
113.187866 
113.191223 
113.193665 
113.195496 
113.197327 
113.198242 
113.197632 
113.196106 
113.194275 
113.193054 
113.191223 
113.190002 
113.187866 
113.184814 
113.181763 
113.179016 
113.174133 
113.170166 
113.165588 
113.160706 
113.155518 
113.150330 
113.144531 
113.138733 
113.132629 
113.126831 
113.121948 
113.117676 
113.113098 
113.108215 
113.102417 
113.096924 
113.090515 
113.084412 
113.078308 
113.072205 
113.066101 
113.060608 
113.054504 
113.049011 
113.043213 
113.037720 
113.032532 
113.027344 
113.022156 
113.016968 
113.010864 
113.003845 
112.997437 
112.991333 
112.986450 
112.981262 
112.975769 
112.970886 
112.965698 
112.960815 
112.955933 
112.950439 
112.944946 
112.939758 
112.935181 
112.929688 
112.924194 
112.918701 
112.912598 
112.907410 
112.902527 
112.898560 
112.894592 
112.890015 
112.884827 
112.879333 
112.874146 
112.868958 
112.863770 
112.857971 
112.852783 
112.847595 
112.842712 
112.836914 
112.832031 
112.827148 
112.822266 
112.817688 
112.812805 
112.808228 
112.802124 
112.795410 
112.789307 
112.783813 
112.778931 
112.773438 
112.768860 
112.763977 
112.758789 
112.754211 
112.749023 
112.743835 
112.738647 
112.733459 
112.728577 
112.722778 
112.717590 
112.712097 
112.705994 
112.700806 
112.696533 
112.692566 
112.688293 
112.683716 
112.679138 
112.673645 
112.668457 
112.662659 
112.657166 
112.651978 
112.645874 
112.640686 
112.635498 
112.630615 
112.625427 
112.620239 
112.615662 
112.610779 
112.605896 
112.601013 
112.595520 
112.588501 
112.582397 
112.576599 
112.571106 
112.565613 
112.560730 
112.556458 
112.551270 
112.546997 
112.541504 
112.536621 
112.531738 
112.526855 
112.521667 
112.516174 
112.510681 
112.505188 
112.499390 
112.494202 
112.489624 
112.485657 
112.481995 
112.477417 
112.471924 
112.466431 
112.461548 
112.456360 
112.450562 
112.445374 
112.439880 
112.434692 
112.429504 
112.424011 
112.418823 
112.413635 
112.409363 
112.404480 
112.399597 
112.394714 
112.389221 
112.382507 
112.376709 
112.370911 
112.365723 
112.360840 
112.355957 
112.350769 
112.345886 
112.341614 
112.336426 
112.331543 
112.326355 
112.321472 
112.315979 
112.311096 
112.305298 
112.299500 
112.294617 
112.288513 
112.284546 
112.280579 
112.276917 
112.271729 
112.266541 
112.261658 
112.256165 
112.250671 
112.245178 
112.239990 
112.234192 
112.229309 
112.224121 
112.218933 
112.214050 
112.209167 
112.203979 
112.199707 
112.194824 
112.189636 
112.184143 
112.177429 
112.171021 
112.166138 
112.160645 
112.155457 
112.150879 
112.145386 
112.140808 
112.135620 
112.131042 
112.126160 
112.121582 
112.116089 
112.110291 
112.105103 
112.099915 
112.094421 
112.088318 
112.083130 
112.078552 
112.074585 
112.070618 
112.065735 
112.060852 
112.055359 
112.050476 
112.045288 
112.039185 
112.033997 
112.028809 
112.023315 
112.017822 
112.012939 
112.008057 
112.002869 
111.997681 
111.993408 
111.988525 
111.983948 
111.978149 
111.971436 
111.965027 
111.959839 
111.954346 
111.949158 
111.944275 
111.939392 
111.933899 
111.929626 
111.924744 
111.919556 
111.914368 
111.909790 
111.904602 
111.899109 
111.893921 
111.888428 
111.882629 
111.877136 
111.872559 
111.868591 
111.864929 
111.859741 
111.854858 
111.849670 
111.844482 
111.839294 
111.833496 
111.828613 
111.822815 
111.817322 
111.812439 
111.807556 
111.802063 
111.796875 
111.792297 
111.787109 
111.782837 
111.778259 
111.771851 
111.765442 
111.759338 
111.753540 
111.748352 
111.743469 
111.738586 
111.733704 
111.728821 
111.724243 
111.718750 
111.714172 
111.709290 
111.704102 
111.698914 
111.693726 
111.688232 
111.682739 
111.676941 
111.671753 
111.666870 
111.663208 
111.659241 
111.654663 
111.649780 
111.644287 
111.638489 
111.633301 
111.627808 
111.622009 
111.617126 
111.611633 
111.606750 
111.601563 
111.596069 
111.590881 
111.585999 
111.581726 
111.576843 
111.571655 
111.566162 
111.559753 
111.553650 
111.548157 
111.542664 
111.537476 
111.532898 
111.527710 
111.523132 
111.517944 
111.513062 
111.508484 
111.502991 
111.498108 
111.492920 
111.488037 
111.481934 
111.476440 
111.470642 
111.465149 
111.460266 
111.456909 
111.452942 
111.448364 
111.443481 
111.437988 
111.432800 
111.427307 
111.421814 
111.416321 
111.411438 
111.405640 
111.400452 
111.395264 
111.390076 
111.385803 
111.380310 
111.375427 
111.371155 
111.366272 
111.360474 
111.353760 
111.347656 
111.342163 
111.337280 
111.332092 
111.326904 
111.322021 
111.317139 
111.311951 
111.307373 
111.302490 
111.297302 
111.292419 
111.286621 
111.281738 
111.276550 
111.270447 
111.264954 
111.259766 
111.255493 
111.251221 
111.247253 
111.242676 
111.237793 
111.232910 
111.227417 
111.222229 
111.216431 
111.210938 
111.205750 
111.200867 
111.195374 
111.189880 
111.184998 
111.180115 
111.175232 
111.169739 
111.165466 
111.160889 
111.154785 
111.148376 
111.141968 
111.136475 
111.131287 
111.126404 
111.121216 
111.116333 
111.111755 
111.106873 
111.102295 
111.096802 
111.092529 
111.087036 
111.081848 
111.076355 
111.071167 
111.065369 
111.059875 
111.054382 
111.049805 
111.046143 
111.042175 
111.037598 
111.032104 
111.027222 
111.022339 
111.015930 
111.010437 
111.004944 
111.000061 
110.994568 
110.989380 
110.984192 
110.979309 
110.974121 
110.968933 
110.964661 
110.959778 
110.954895 
110.949402 
110.942688 
110.936279 
110.930786 
110.925293 
110.920715 
110.915833 
110.910950 
110.906372 
110.901489 
110.896301 
110.891418 
110.886230 
110.881348 
110.876160 
110.870361 
110.865479 
110.859375 
110.853882 
110.848389 
110.843506 
110.839539 
110.835571 
110.830994 
110.826416 
110.821228 
110.815735 
110.810547 
110.805054 
110.798950 
110.794373 
110.788574 
110.783386 
110.777893 
110.773010 
110.767822 
110.763550 
110.758667 
110.754089 
110.749207 
110.743408 
110.737305 
110.730591 
110.725098 
110.719910 
110.714722 
110.709839 
110.704651 
110.699768 
110.695190 
110.690308 
110.685120 
110.679932 
110.674744 
110.669556 
110.664368 
110.659485 
110.653687 
110.648499 
110.642700 
110.638428 
110.634155 
110.630188 
110.625610 
110.620422 
110.615234 
110.610046 
110.604858 
110.599060 
110.593872 
110.588379 
110.583191 
110.578003 
110.572510 
110.567627 
110.562439 
110.557251 
110.552673 
110.548401 
110.543213 
110.537415 
110.530701 
110.524597 
110.518799 
110.513306 
110.508728 
110.503540 
110.499268 
110.494080 
110.489197 
110.484619 
110.479736 
110.474548 
110.469360 
110.464172 
110.458984 
110.453186 
110.448303 
110.442505 
110.437012 
110.432434 
110.428467 
110.424500 
110.420227 
110.415039 
110.409546 
110.404358 
110.399170 
110.393372 
110.388184 
110.382690 
110.377197 
110.372009 
110.366516 
110.361328 
110.356750 
110.351868 
110.346680 
110.342407 
110.337219 
110.331726 
110.325623 
110.318909 
110.313110 
110.307922 
110.303040 
110.298157 
110.293274 
110.288696 
110.283813 
110.278625 
110.273743 
110.269165 
110.263367 
110.258484 
110.253296 
110.248108 
110.242615 
110.237122 
110.231018 
110.226746 
110.222473 
110.218811 
110.214233 
110.209045 
110.204163 
110.198364 
110.193481 
110.187683 
110.182495 
110.176697 
110.171814 
110.166626 
110.161438 
110.156555 
110.151062 
110.146790 
110.142517 
110.138245 
110.133972 
110.129395 
110.124512 
110.119324 
110.115967 
110.113525 
110.111084 
110.109863 
110.108948 
110.108337 
110.108337 
110.108948 
110.109863 
110.110779 
110.112610 
110.114441 
110.117188 
110.119629 
110.122986 
110.126648 
110.131531 
110.137024 
110.144653 
110.152893 
110.160828 
110.169067 
110.177002 
110.185852 
110.194702 
110.203857 
110.214233 
110.224915 
110.236511 
110.248413 
110.261230 
110.274353 
110.288086 
110.302734 
110.317383 
110.332947 
110.348511 
110.363770 
110.378113 
110.393372 
110.409241 
110.424805 
110.440979 
110.457153 
110.473938 
110.489807 
110.505981 
110.521851 
110.537720 
110.554199 
110.569458 
110.585022 
110.599670 
110.615234 
110.629883 
110.644531 
110.659790 
110.675354 
110.691833 
110.708923 
110.725098 
110.740356 
110.755920 
110.770874 
110.785828 
110.800781 
110.816040 
110.831299 
110.846558 
110.862427 
110.877380 
110.892639 
110.908203 
110.923462 
110.939026 
110.955505 
110.970764 
110.985718 
110.999756 
111.013489 
111.028748 
111.044006 
111.059265 
111.074829 
111.090088 
111.106262 
111.121521 
111.137085 
111.152649 
111.167908 
111.183777 
111.199036 
111.214294 
111.229248 
111.244202 
111.259766 
111.274109 
111.289978 
111.306458 
111.322937 
111.339722 
111.355286 
111.370544 
111.385498 
111.401062 
111.416016 
111.431274 
111.446838 
111.462097 
111.477051 
111.492920 
111.507874 
111.523743 
111.539001 
111.555176 
111.571045 
111.586609 
111.602173 
111.615601 
111.629944 
111.644897 
111.660156 
111.675720 
111.691284 
111.706848 
111.722107 
111.737671 
111.753540 
111.769104 
111.784668 
111.800232 
111.815491 
111.830444 
111.845703 
111.860046 
111.875305 
111.889954 
111.905823 
111.921997 
111.938171 
111.954041 
111.969604 
111.985168 
111.999817 
112.014771 
112.029724 
112.044373 
112.059021 
112.073975 
112.089233 
112.104187 
112.119446 
112.134094 
112.149658 
112.164917 
112.180481 
112.196350 
112.210693 
112.223816 
112.237854 
112.252502 
112.267151 
112.282715 
112.297668 
112.312927 
112.328186 
112.344360 
112.359314 
112.374878 
112.389832 
112.405090 
112.420349 
112.435608 
112.450867 
112.465820 
112.480774 
112.495422 
112.510681 
112.527161 
112.543640 
112.559814 
112.575073 
112.590637 
112.606201 
112.620544 
112.636108 
112.651062 
112.665710 
112.681274 
112.696533 
112.711487 
112.726440 
112.742615 
112.757874 
112.773743 
112.789307 
112.804871 
112.820129 
112.833862 
112.848206 
112.862244 
112.877502 
112.893066 
112.908630 
112.923889 
112.939148 
112.954102 
112.968750 
112.983093 
112.997131 
113.010864 
113.023682 
113.036499 
113.048096 
113.059998 
113.070984 
113.081360 
113.092041 
113.103333 
113.114014 
113.123474 
113.132629 
113.140259 
113.147583 
113.154297 
113.160400 
113.166199 
113.171082 
113.175964 
113.180237 
113.184204 
113.187561 
113.190002 
113.193054 
113.195190 
113.196716 
113.197632 
113.197937 
113.196106 
113.194275 
113.192749 
113.191528 
113.190002 
113.187866 
113.186340 
113.183289 
113.180542 
113.177795 
113.174133 
113.170471 
113.166809 
113.162537 
113.158569 
113.153992 
113.149414 
113.144836 
113.139648 
113.135681 
113.132629 
113.129883 
113.125916 
113.121338 
113.117371 
113.112793 
113.108521 
113.103333 
113.098450 
113.094177 
113.089600 
113.085022 
113.081055 
113.076782 
113.072205 
113.068542 
113.065186 
113.061218 
113.057556 
113.052368 
113.046875 
113.041992 
113.036804 
113.032227 
113.028564 
113.024902 
113.020630 
113.017273 
113.013306 
113.009644 
113.005981 
113.002014 
112.998047 
112.994080 
112.990112 
112.986145 
112.981873 
112.977295 
112.973328 
112.969360 
112.966919 
112.964172 
112.961121 
112.957153 
112.953491 
112.949829 
112.945251 
112.941284 
112.937317 
112.933044 
112.929382 
112.925110 
112.920837 
112.917480 
112.913513 
112.910156 
112.906799 
112.903748 
112.900085 
112.895508 
112.890320 
112.885132 
112.881165 
112.876892 
112.872620 
112.868958 
112.865295 
112.861633 
112.858276 
112.854614 
112.850952 
112.847290 
112.843018 
112.839355 
112.835693 
112.831421 
112.826843 
112.822876 
112.818909 
112.814636 
112.812195 
112.810059 
112.806702 
112.803040 
112.799072 
112.794800 
112.790833 
112.787170 
112.782288 
112.778625 
112.774353 
112.770386 
112.766113 
112.762451 
112.758484 
112.755127 
112.751465 
112.748108 
112.744446 
112.740479 
112.735291 
112.730103 
112.724915 
112.721252 
112.717896 
112.713623 
112.710266 
112.706909 
112.702942 
112.699280 
112.695618 
112.692261 
112.687988 
112.684326 
112.680054 
112.676392 
112.672119 
112.667236 
112.662964 
112.659607 
112.657166 
112.654419 
112.651367 
112.647400 
112.643738 
112.639771 
112.635803 
112.631531 
112.627563 
112.623291 
112.619019 
112.615356 
112.611694 
112.607727 
112.604065 
112.600403 
112.597351 
112.593689 
112.590027 
112.586060 
112.580872 
112.575684 
112.571106 
112.567139 
112.563171 
112.559509 
112.555847 
112.552490 
112.549438 
112.545471 
112.541809 
112.538147 
112.534485 
112.530212 
112.526550 
112.522583 
112.518311 
112.513733 
112.509155 
112.505493 
112.502747 
112.500610 
112.497559 
112.494202 
112.490234 
112.485962 
112.482300 
112.478027 
112.474060 
112.469788 
112.465515 
112.461853 
112.458496 
112.453918 
112.450562 
112.446899 
112.442932 
112.439880 
112.436523 
112.432556 
112.427063 
112.421570 
112.416992 
112.413330 
112.409363 
112.405701 
112.402039 
112.398682 
112.395020 
112.391357 
112.387695 
112.383728 
112.380066 
112.376099 
112.371826 
112.368164 
112.363892 
112.359314 
112.355347 
112.351685 
112.348938 
112.346191 
112.343140 
112.339478 
112.335510 
112.331543 
112.327271 
112.323303 
112.319336 
112.315063 
112.311401 
112.307434 
112.302856 
112.299194 
112.295837 
112.292175 
112.288208 
112.284851 
112.281189 
112.277832 
112.272644 
112.266846 
112.262878 
112.258911 
112.254639 
112.250977 
112.247314 
112.243652 
112.240295 
112.236938 
112.233276 
112.228699 
112.225342 
112.221680 
112.217712 
112.213440 
112.209167 
112.204590 
112.200623 
112.196960 
112.194214 
112.191772 
112.188721 
112.185364 
112.181091 
112.177429 
112.173157 
112.168884 
112.164917 
112.160950 
112.156677 
112.153015 
112.149353 
112.145386 
112.141724 
112.137756 
112.134705 
112.130737 
112.127686 
112.123718 
112.118530 
112.113037 
112.108154 
112.104187 
112.100525 
112.097168 
112.093506 
112.089844 
112.085876 
112.082520 
112.078857 
112.075195 
112.071838 
112.067261 
112.063599 
112.059631 
112.055054 
112.051086 
112.046509 
112.042847 
112.040100 
112.037659 
112.034912 
112.030945 
112.026978 
112.023315 
112.019043 
112.014771 
112.010803 
112.006836 
112.002563 
111.998596 
111.994629 
111.990967 
111.987000 
111.983643 
111.980286 
111.976929 
111.973572 
111.969299 
111.964111 
111.959229 
111.954041 
111.949768 
111.946411 
111.943054 
111.939087 
111.935730 
111.932068 
111.928406 
111.925049 
111.921082 
111.917114 
111.913147 
111.909485 
111.905212 
111.900635 
111.896667 
111.892395 
111.888428 
111.885681 
111.883545 
111.880188 
111.876526 
111.872559 
111.868591 
111.864624 
111.860657 
111.856384 
111.851807 
111.848145 
111.844482 
111.840210 
111.836853 
111.832886 
111.829224 
111.825562 
111.822205 
111.818848 
111.814880 
111.810303 
111.805115 
111.799622 
111.795654 
111.791992 
111.788025 
111.784363 
111.781311 
111.777649 
111.773987 
111.770325 
111.766663 
111.762695 
111.758728 
111.755066 
111.750488 
111.746521 
111.742249 
111.737671 
111.734314 
111.731567 
111.729126 
111.725769 
111.722107 
111.719055 
111.714478 
111.710205 
111.706238 
111.701965 
111.697998 
111.694031 
111.690063 
111.686096 
111.682434 
111.678467 
111.675110 
111.671448 
111.668091 
111.664429 
111.660461 
111.655579 
111.650391 
111.645508 
111.641541 
111.637573 
111.633606 
111.630249 
111.626282 
111.623230 
111.619873 
111.616211 
111.611938 
111.608276 
111.604004 
111.600647 
111.596375 
111.592407 
111.587830 
111.583557 
111.579590 
111.576843 
111.574707 
111.571655 
111.567688 
111.564026 
111.559753 
111.556091 
111.551819 
111.548157 
111.543274 
111.539307 
111.535645 
111.531677 
111.527710 
111.524353 
111.520691 
111.517029 
111.513672 
111.510315 
111.506348 
111.501160 
111.495972 
111.491089 
111.487122 
111.482849 
111.479492 
111.476135 
111.472473 
111.469116 
111.464844 
111.461182 
111.457520 
111.454468 
111.450195 
111.446228 
111.441956 
111.437988 
111.433716 
111.429443 
111.425171 
111.422424 
111.419983 
111.417236 
111.413574 
111.409302 
111.405640 
111.401367 
111.397400 
111.393433 
111.389160 
111.385193 
111.380920 
111.377258 
111.373291 
111.369629 
111.365967 
111.362610 
111.359253 
111.355896 
111.351929 
111.347046 
111.341858 
111.337280 
111.332703 
111.328735 
111.325378 
111.321411 
111.318054 
111.314697 
111.310730 
111.307068 
111.303406 
111.299133 
111.295471 
111.291809 
111.287842 
111.283875 
111.279602 
111.275024 
111.271362 
111.268921 
111.266174 
111.263123 
111.259766 
111.255188 
111.251221 
111.247559 
111.243286 
111.239319 
111.235046 
111.230774 
111.227112 
111.222839 
111.219788 
111.216125 
111.211548 
111.208496 
111.205139 
111.201782 
111.197815 
111.192932 
111.187744 
111.182861 
111.178589 
111.174927 
111.171265 
111.167603 
111.163940 
111.160583 
111.156921 
111.153259 
111.149292 
111.145935 
111.141663 
111.138000 
111.133728 
111.129761 
111.125488 
111.120911 
111.116943 
111.114502 
111.111755 
111.108704 
111.105042 
111.101379 
111.097412 
111.093140 
111.089172 
111.084900 
111.080627 
111.076355 
111.072693 
111.068726 
111.065369 
111.061401 
111.057434 
111.054382 
111.050415 
111.047058 
111.043701 
111.038513 
111.033020 
111.028748 
111.024780 
111.020813 
111.017151 
111.013489 
111.009521 
111.006165 
111.002808 
110.998840 
110.994873 
110.991211 
110.987244 
110.983887 
110.979309 
110.975342 
110.970764 
110.966492 
110.963135 
110.960083 
110.957336 
110.954590 
110.950623 
110.946960 
110.942993 
110.939331 
110.934753 
110.931091 
110.926819 
110.922546 
110.918579 
110.914917 
110.910950 
110.907288 
110.903320 
110.899658 
110.896301 
110.892944 
110.889587 
110.884399 
110.879517 
110.874329 
110.870361 
110.866699 
110.863037 
110.859070 
110.855408 
110.852051 
110.848694 
110.844421 
110.840759 
110.837402 
110.833435 
110.829468 
110.825500 
110.820618 
110.816650 
110.812378 
110.808716 
110.805664 
110.803528 
110.800476 
110.796814 
110.792542 
110.788879 
110.785217 
110.780640 
110.776672 
110.772400 
110.768433 
110.764465 
110.760498 
110.756531 
110.752869 
110.749207 
110.745850 
110.742188 
110.738525 
110.735168 
110.729675 
110.725098 
110.720520 
110.715942 
110.712280 
110.708313 
110.704651 
110.701294 
110.697937 
110.693359 
110.690002 
110.686340 
110.682373 
110.678711 
110.675354 
110.670776 
110.666809 
110.662537 
110.657959 
110.653687 
110.651550 
110.648804 
110.645447 
110.642090 
110.638428 
110.634460 
110.630188 
110.626526 
110.621643 
110.617676 
110.614014 
110.609741 
110.605774 
110.602112 
110.598450 
110.594788 
110.591431 
110.588074 
110.584412 
110.580444 
110.575256 
110.569763 
110.565491 
110.561829 
110.557861 
110.553894 
110.550537 
110.546875 
110.543518 
110.539551 
110.535889 
110.532532 
110.528564 
110.524597 
110.520325 
110.516968 
110.512695 
110.508118 
110.503845 
110.499878 
110.497131 
110.494690 
110.491333 
110.487976 
110.484009 
110.480347 
110.476379 
110.472107 
110.467834 
110.463867 
110.459595 
110.455933 
110.451660 
110.447693 
110.443726 
110.440674 
110.436707 
110.433655 
110.429993 
110.426025 
110.421448 
110.416260 
110.411682 
110.407410 
110.403748 
110.400085 
110.396423 
110.392761 
110.389099 
110.385437 
110.381470 
110.378113 
110.374451 
110.370483 
110.366211 
110.363159 
110.358276 
110.354004 
110.349426 
110.345764 
110.342712 
110.340576 
110.337830 
110.333862 
110.330200 
110.326233 
110.321960 
110.317993 
110.313721 
110.309143 
110.305481 
110.301514 
110.297852 
110.293579 
110.289917 
110.285950 
110.282593 
110.279236 
110.276184 
110.272217 
110.267334 
110.262146 
110.256958 
110.253296 
110.249634 
110.245667 
110.242310 
110.238953 
110.234985 
110.231323 
110.227966 
110.223694 
110.219727 
110.216370 
110.212097 
110.208130 
110.204163 
110.199890 
110.195618 
110.191345 
110.188293 
110.186157 
110.183105 
110.180054 
110.176086 
110.172119 
110.167847 
110.163879 
110.159302 
110.155945 
110.151672 
110.147400 
110.143433 
110.139771 
110.135803 
110.132751 
110.129395 
110.126343 
110.123596 
110.120544 
110.117188 
110.113831 
110.110779 
110.109558 
110.108032 
110.108032 
110.108032 
110.108337 
110.110168 
110.111084 
110.112915 
110.115356 
110.118103 
110.121460 
110.124817 
110.129700 
110.133972 
110.139771 
110.145569 
110.152283 
110.160828 
110.170288 
110.179749 
110.189209 
110.198669 
110.208740 
110.219116 
110.229797 
110.242004 
110.253906 
110.266113 
110.279541 
110.293579 
110.307617 
110.322266 
110.337524 
110.353394 
110.370178 
110.386047 
110.402527 
110.417480 
110.432129 
110.447388 
110.463257 
110.479126 
110.494995 
110.511169 
110.527039 
110.542603 
110.559387 
110.574646 
110.590515 
110.606079 
110.621033 
110.636597 
110.651550 
110.666504 
110.681152 
110.696716 
110.711975 
110.728455 
110.745239 
110.761414 
110.777283 
110.792542 
110.807800 
110.822754 
110.838013 
110.852661 
110.868225 
110.883789 
110.899048 
110.914001 
110.929871 
110.944824 
110.959778 
110.975952 
110.991516 
111.007080 
111.022644 
111.037292 
111.051331 
111.065369 
111.080933 
111.096191 
111.111450 
111.127014 
111.142578 
111.157837 
111.174011 
111.189880 
111.204834 
111.220398 
111.235962 
111.251221 
111.266785 
111.281433 
111.296082 
111.311340 
111.326599 
111.343384 
111.359863 
111.376038 
111.392212 
111.407776 
111.422729 
111.437988 
111.452942 
111.468201 
111.483154 
111.499023 
111.514282 
111.529236 
111.544800 
111.560364 
111.575623 
111.591492 
111.607056 
111.623535 
111.638489 
111.652832 
111.667786 
111.682129 
111.696777 
111.712341 
111.727905 
111.743469 
111.758728 
111.774292 
111.790161 
111.805725 
111.820984 
111.836853 
111.851807 
111.866760 
111.881714 
111.896667 
111.911316 
111.925964 
111.941223 
111.957397 
111.973572 
111.989441 
112.005310 
112.019958 
112.035522 
112.049866 
112.064819 
112.078857 
112.093811 
112.108459 
112.124329 
112.138977 
112.153931 
112.168884 
112.184143 
112.199402 
112.214966 
112.230225 
112.246094 
112.259827 
112.273865 
112.288208 
112.302856 
112.318115 
112.333679 
112.348938 
112.364197 
112.380066 
112.395630 
112.410583 
112.426453 
112.442017 
112.456665 
112.472229 
112.487183 
112.502136 
112.517090 
112.532043 
112.547302 
112.563171 
112.579956 
112.596741 
112.611694 
112.627258 
112.642517 
112.657776 
112.673035 
112.687988 
112.702332 
112.717896 
112.733154 
112.748413 
112.763977 
112.779236 
112.794800 
112.810364 
112.826233 
112.842102 
112.857361 
112.871704 
112.885132 
112.900085 
112.914734 
112.929993 
112.944641 
112.959595 
112.973938 
112.987976 
113.002319 
113.016052 
113.029175 
113.041382 
113.053589 
113.065186 
113.076172 
113.086548 
113.096313 
113.105774 
113.114929 
113.124390 
113.134460 
113.142700 
113.150024 
113.157349 
113.163147 
113.168640 
113.173523 
113.178101 
113.181763 
113.185120 
113.188782 
113.190613 
113.192749 
113.194885 
113.196106 
113.196411 
113.197632 
113.197327 
113.196716 
113.194885 
113.192749 
113.189697 
113.187256 
113.185730 
113.183899 
113.181152 
113.178406 
113.175659 
113.172607 
113.169861 
113.166809 
113.163147 
113.159790 
113.156128 
113.151855 
113.148499 
113.144226 
113.139954 
113.136292 
113.133850 
113.131409 
113.128967 
113.125916 
113.122253 
113.118591 
113.114929 
113.110962 
113.107300 
113.103333 
113.099976 
113.096313 
113.092346 
113.089294 
113.085632 
113.082581 
113.080139 
113.077087 
113.074036 
113.071289 
113.067017 
113.062134 
113.057861 
113.053894 
113.050537 
113.047791 
113.044434 
113.041687 
113.038635 
113.036194 
113.032837 
113.029785 
113.026733 
113.023682 
113.020325 
113.017578 
113.013916 
113.010254 
113.006592 
113.003540 
113.001404 
112.999573 
112.997437 
112.994690 
112.991638 
112.988586 
112.985229 
112.981567 
112.977905 
112.974854 
112.971497 
112.968445 
112.964783 
112.961731 
112.958984 
112.956238 
112.953491 
112.951050 
112.948303 
112.945251 
112.941589 
112.936707 
112.932434 
112.929382 
112.925720 
112.923584 
112.920227 
112.917480 
112.914734 
112.911987 
112.908936 
112.905884 
112.902832 
112.899780 
112.896729 
112.893372 
112.889709 
112.886658 
112.882690 
112.879333 
112.876892 
112.875366 
112.873230 
112.870483 
112.867432 
112.864380 
112.860718 
112.857361 
112.854004 
112.850952 
112.847595 
112.843933 
112.840881 
112.837830 
112.835083 
112.831726 
112.829590 
112.826843 
112.823792 
112.820740 
112.817078 
112.812500 
112.808533 
112.804871 
112.802124 
112.798767 
112.796021 
112.793274 
112.790527 
112.787170 
112.784729 
112.781677 
112.778625 
112.775269 
112.772217 
112.769165 
112.765808 
112.762451 
112.758484 
112.755432 
112.753296 
112.751465 
112.749329 
112.746887 
112.743530 
112.740173 
112.737122 
112.733459 
112.730103 
112.727051 
112.723999 
112.720337 
112.716980 
112.714539 
112.711487 
112.708435 
112.705383 
112.702942 
112.700500 
112.697754 
112.693787 
112.689209 
112.684937 
112.681885 
112.678833 
112.675781 
112.673035 
112.669983 
112.667542 
112.664795 
112.661743 
112.658691 
112.655945 
112.652893 
112.649536 
112.646179 
112.642822 
112.639160 
112.635803 
112.632751 
112.630310 
112.628479 
112.626648 
112.623901 
112.620850 
112.617798 
112.615051 
112.610779 
112.607727 
112.604675 
112.601318 
112.597961 
112.594604 
112.591553 
112.588196 
112.585754 
112.582397 
112.579346 
112.577209 
112.574768 
112.570496 
112.565918 
112.562256 
112.558289 
112.555542 
112.552490 
112.549133 
112.546387 
112.543945 
112.541199 
112.538147 
112.535095 
112.532349 
112.529297 
112.525940 
112.523193 
112.519531 
112.515869 
112.512512 
112.508850 
112.506714 
112.504578 
112.502747 
112.500305 
112.496948 
112.493591 
112.490234 
112.486877 
112.483521 
112.480164 
112.477112 
112.474365 
112.471008 
112.467651 
112.464294 
112.461548 
112.459106 
112.456055 
112.453918 
112.450562 
112.446594 
112.442322 
112.438049 
112.434998 
112.431641 
112.428589 
112.425232 
112.422791 
112.420349 
112.416992 
112.414551 
112.411499 
112.408447 
112.405396 
112.401733 
112.398682 
112.395630 
112.391968 
112.388916 
112.384949 
112.383118 
112.380981 
112.379150 
112.376709 
112.373657 
112.370300 
112.366638 
112.363892 
112.360535 
112.356873 
112.354126 
112.350769 
112.347412 
112.344360 
112.341309 
112.338257 
112.335205 
112.333069 
112.330627 
112.327576 
112.323914 
112.319336 
112.315369 
112.312012 
112.308655 
112.305298 
112.302551 
112.300415 
112.297058 
112.294617 
112.291565 
112.288513 
112.285767 
112.282715 
112.278748 
112.276001 
112.272644 
112.268982 
112.265015 
112.261963 
112.259521 
112.257996 
112.256165 
112.253418 
112.250366 
112.247009 
112.243958 
112.240295 
112.236938 
112.233887 
112.230225 
112.227173 
112.224121 
112.221069 
112.218018 
112.214966 
112.211914 
112.209778 
112.207336 
112.203674 
112.200317 
112.195435 
112.191467 
112.188110 
112.184753 
112.182312 
112.179260 
112.176208 
112.173767 
112.171021 
112.167969 
112.164917 
112.161865 
112.158813 
112.155762 
112.152710 
112.149048 
112.145386 
112.142334 
112.138367 
112.136230 
112.134399 
112.132568 
112.130127 
112.126770 
112.123718 
112.120361 
112.116699 
112.113647 
112.109680 
112.106628 
112.103577 
112.100525 
112.097473 
112.094421 
112.091675 
112.088623 
112.085876 
112.083130 
112.080078 
112.077026 
112.072449 
112.068481 
112.064514 
112.061768 
112.058411 
112.055969 
112.052917 
112.050171 
112.047424 
112.044373 
112.041626 
112.038574 
112.035522 
112.032776 
112.029419 
112.026062 
112.022400 
112.018738 
112.015381 
112.013245 
112.011414 
112.009277 
112.006531 
112.003784 
112.000427 
111.997070 
111.994019 
111.990967 
111.987000 
111.983948 
111.980591 
111.976929 
111.974182 
111.971436 
111.968384 
111.965332 
111.963501 
111.960144 
111.957397 
111.953125 
111.948853 
111.944580 
111.941528 
111.938171 
111.935120 
111.932373 
111.929626 
111.926575 
111.924133 
111.921082 
111.918030 
111.915283 
111.912231 
111.908875 
111.905823 
111.902771 
111.899109 
111.895447 
111.892395 
111.889648 
111.888123 
111.885681 
111.883240 
111.880188 
111.877136 
111.873779 
111.870728 
111.866760 
111.863403 
111.860352 
111.856689 
111.853943 
111.850586 
111.847839 
111.844788 
111.842041 
111.839294 
111.836548 
111.833801 
111.829834 
111.825562 
111.821289 
111.818237 
111.814880 
111.811523 
111.808777 
111.806030 
111.803589 
111.800537 
111.797180 
111.794739 
111.791687 
111.788330 
111.785583 
111.782532 
111.778564 
111.774902 
111.771851 
111.768188 
111.765747 
111.764221 
111.762085 
111.759644 
111.756287 
111.753235 
111.750183 
111.746826 
111.743164 
111.739807 
111.736450 
111.733398 
111.730652 
111.726990 
111.723633 
111.720886 
111.718140 
111.715088 
111.713257 
111.709900 
111.706238 
111.702271 
111.697693 
111.694336 
111.691284 
111.688232 
111.684875 
111.682434 
111.679993 
111.677246 
111.674194 
111.671143 
111.668091 
111.665039 
111.662292 
111.658630 
111.655579 
111.652222 
111.648865 
111.644897 
111.642456 
111.640625 
111.638489 
111.635742 
111.633301 
111.629944 
111.626587 
111.623230 
111.619873 
111.616211 
111.613770 
111.609802 
111.607056 
111.604004 
111.600952 
111.597900 
111.595154 
111.592407 
111.589661 
111.586609 
111.582947 
111.578369 
111.574402 
111.571045 
111.567688 
111.564636 
111.562195 
111.559143 
111.556396 
111.553650 
111.551208 
111.547546 
111.544800 
111.541443 
111.538086 
111.535645 
111.531982 
111.528320 
111.524658 
111.521606 
111.519165 
111.517334 
111.515503 
111.513062 
111.510010 
111.506348 
111.503296 
111.499939 
111.496887 
111.492920 
111.489868 
111.486206 
111.483154 
111.479797 
111.477356 
111.473694 
111.471252 
111.468506 
111.465759 
111.463013 
111.459351 
111.454773 
111.450500 
111.446838 
111.444092 
111.441040 
111.438293 
111.435242 
111.432800 
111.430359 
111.427002 
111.423645 
111.421204 
111.417847 
111.414795 
111.411438 
111.408386 
111.404724 
111.401367 
111.398315 
111.395569 
111.393738 
111.391907 
111.389160 
111.385803 
111.383362 
111.380005 
111.376343 
111.373291 
111.369934 
111.366882 
111.363525 
111.360168 
111.357117 
111.354370 
111.351013 
111.348267 
111.345215 
111.342773 
111.340027 
111.336365 
111.332092 
111.327209 
111.323853 
111.320496 
111.318054 
111.314697 
111.312256 
111.309814 
111.306763 
111.303711 
111.300964 
111.297913 
111.294556 
111.291809 
111.288452 
111.285095 
111.281738 
111.278076 
111.274719 
111.271973 
111.270447 
111.268616 
111.265869 
111.263428 
111.259766 
111.256714 
111.253357 
111.250000 
111.246338 
111.243286 
111.239929 
111.236267 
111.233826 
111.230164 
111.227417 
111.224365 
111.221924 
111.219788 
111.216736 
111.212769 
111.208191 
111.204529 
111.200562 
111.197510 
111.194763 
111.191406 
111.188660 
111.185913 
111.183167 
111.180725 
111.177979 
111.174316 
111.170959 
111.168213 
111.164856 
111.161804 
111.158447 
111.154480 
111.151123 
111.148682 
111.146851 
111.145020 
111.142578 
111.139526 
111.136475 
111.132813 
111.130066 
111.126099 
111.122742 
111.119690 
111.116333 
111.113281 
111.109924 
111.107178 
111.104126 
111.101379 
111.098633 
111.095886 
111.093140 
111.089172 
111.084900 
111.080933 
111.076965 
111.074219 
111.071167 
111.068115 
111.065674 
111.062317 
111.059875 
111.056824 
111.054077 
111.051636 
111.047974 
111.044922 
111.041870 
111.038818 
111.035156 
111.031494 
111.028137 
111.025391 
111.023560 
111.022339 
111.018982 
111.015930 
111.012878 
111.009827 
111.006165 
111.002808 
110.999756 
110.996399 
110.993042 
110.989990 
110.986633 
110.983887 
110.980530 
110.978088 
110.975037 
110.972290 
110.969849 
110.966187 
110.961609 
110.957642 
110.953674 
110.950623 
110.948181 
110.944824 
110.942078 
110.939636 
110.936584 
110.934143 
110.931091 
110.928040 
110.924683 
110.921631 
110.918579 
110.914917 
110.911255 
110.908203 
110.904541 
110.902100 
110.899963 
110.898438 
110.895996 
110.892639 
110.889587 
110.886841 
110.883179 
110.879822 
110.876160 
110.873108 
110.869751 
110.866699 
110.863342 
110.859985 
110.857239 
110.854492 
110.851746 
110.849609 
110.846252 
110.842285 
110.838318 
110.834351 
110.830383 
110.827637 
110.824280 
110.821228 
110.818481 
110.816040 
110.812683 
110.810242 
110.807495 
110.804138 
110.801086 
110.798035 
110.795288 
110.791321 
110.788269 
110.784607 
110.781250 
110.778809 
110.776978 
110.774841 
110.772400 
110.769653 
110.765686 
110.762634 
110.759583 
110.755920 
110.752869 
110.749512 
110.745850 
110.743103 
110.740051 
110.737000 
110.733643 
110.731201 
110.728149 
110.725403 
110.722961 
110.719604 
110.714722 
110.710754 
110.707092 
110.703430 
110.700684 
110.697632 
110.694885 
110.692139 
110.690002 
110.686646 
110.683594 
110.680542 
110.677795 
110.674438 
110.671692 
110.668335 
110.664368 
110.661316 
110.657654 
110.655212 
110.653381 
110.651245 
110.648804 
110.645447 
110.642700 
110.639648 
110.636292 
110.632935 
110.629578 
110.625916 
110.623169 
110.619812 
110.616150 
110.613708 
110.610352 
110.607910 
110.605164 
110.602417 
110.599670 
110.596008 
110.591431 
110.587158 
110.583801 
110.580444 
110.577698 
110.574951 
110.571899 
110.569153 
110.566101 
110.563660 
110.560303 
110.557556 
110.554504 
110.551758 
110.548096 
110.544434 
110.541077 
110.537415 
110.534363 
110.531616 
110.530090 
110.527954 
110.525818 
110.522766 
110.519714 
110.516052 
110.513000 
110.509338 
110.505981 
110.502625 
110.499573 
110.496216 
110.493164 
110.489807 
110.487366 
110.484314 
110.481873 
110.479126 
110.476379 
110.472412 
110.468445 
110.463867 
110.460205 
110.457153 
110.454102 
110.451355 
110.448303 
110.445557 
110.443115 
110.440063 
110.437317 
110.434265 
110.431519 
110.428162 
110.424805 
110.421753 
110.418091 
110.414429 
110.411072 
110.408630 
110.406494 
110.404968 
110.401917 
110.399170 
110.396423 
110.393066 
110.389099 
110.386353 
110.382690 
110.379639 
110.375977 
110.372925 
110.369873 
110.367126 
110.364075 
110.361023 
110.357971 
110.355835 
110.353088 
110.349121 
110.344849 
110.340881 
110.336914 
110.333557 
110.331116 
110.327759 
110.325012 
110.322266 
110.319214 
110.316467 
110.313721 
110.310974 
110.307922 
110.304871 
110.301819 
110.298157 
110.294800 
110.291443 
110.287781 
110.285034 
110.283203 
110.281677 
110.279236 
110.276489 
110.273132 
110.269470 
110.266418 
110.263367 
110.259705 
110.256348 
110.253296 
110.249939 
110.246582 
110.243835 
110.240784 
110.237732 
110.234985 
110.232239 
110.229187 
110.225525 
110.221558 
110.217285 
110.213623 
110.210571 
110.207214 
110.204163 
110.201416 
110.198975 
110.196228 
110.193176 
110.190735 
110.187683 
110.184631 
110.181274 
110.178223 
110.174866 
110.171204 
110.168152 
110.164490 
110.161743 
110.160217 
110.158081 
110.155640 
110.152893 
110.149841 
110.146484 
110.143127 
110.139771 
110.136414 
110.133057 
110.129700 
110.126953 
110.123901 
110.121155 
110.118408 
110.116272 
110.114746 
110.113525 
110.112610 
110.110779 
110.108643 
110.106812 
110.105286 
110.104675 
110.104980 
110.104980 
110.104980 
110.105591 
110.105591 
110.106201 
110.105896 
110.106201 
110.105591 
110.105896 
110.105286 
110.105286 
110.105286 
110.104980 
110.104675 
110.105286 
110.106506 
110.107727 
110.108337 
110.108948 
110.108948 
110.108948 
110.108643 
110.108643 
110.108337 
110.108032 
110.108337 
110.108337 
110.108337 
110.108032 
110.108337 
110.108948 
110.109558 
110.110168 
110.109863 
110.109863 
110.108643 
110.107422 
110.107117 
110.106812 
110.107422 
110.107727 
110.107727 
110.108032 
110.108337 
110.108337 
110.108337 
110.108337 
110.108032 
110.108643 
110.108032 
110.108032 
110.107727 
110.106812 
110.106812 
110.107117 
110.108948 
110.109863 
110.110168 
110.110168 
110.110779 
110.110168 
110.109863 
110.109558 
110.109253 
110.109558 
110.109253 
110.109253 
110.109253 
110.109558 
110.109558 
110.109558 
110.110168 
110.110168 
110.110779 
110.110474 
110.108948 
110.107727 
110.107422 
110.107117 
110.107117 
110.107422 
110.108032 
110.108643 
110.108643 
110.108643 
110.108337 
110.108337 
