Blum, K. P., D’Incamps, B. L., Zytnicki, D., & Ting, L. H. (2017).
Force encoding in muscle spindles during stretch of
passive muscle. PLoS computational biology, 13(9), 
e1005767. <https://journals.plos.org/ploscompbiol/article?
id=10.1371/journal.pcbi.1005767>

cat medial gastrocnemius muscle lengths over t  (in 0.0005 s increments)
110.107117 
110.107117 
110.107117 
110.106812 
110.107117 
110.107422 
110.107117 
110.107727 
110.107422 
110.107422 
110.107117 
110.105591 
110.105591 
110.105896 
110.105896 
110.105896 
110.105896 
110.106201 
110.106506 
110.106201 
110.106201 
110.106506 
110.106506 
110.106201 
110.106812 
110.106201 
110.106201 
110.105896 
110.105591 
110.105286 
110.106506 
110.107117 
110.107727 
110.108032 
110.108032 
110.107422 
110.107422 
110.107422 
110.106812 
110.106812 
110.107117 
110.106812 
110.106812 
110.106812 
110.107117 
110.107117 
110.107422 
110.108032 
110.107727 
110.107727 
110.107117 
110.106201 
110.105591 
110.104980 
110.106201 
110.105896 
110.106506 
110.106201 
110.106506 
110.106506 
110.106506 
110.106506 
110.106506 
110.106506 
110.106506 
110.106812 
110.105896 
110.105591 
110.105286 
110.105591 
110.106506 
110.106812 
110.107727 
110.108337 
110.108032 
110.107727 
110.107117 
110.107117 
110.107117 
110.107117 
110.106812 
110.106812 
110.107117 
110.107422 
110.107117 
110.107117 
110.107422 
110.107422 
110.108032 
110.108032 
110.106506 
110.105896 
110.105286 
110.105591 
110.105896 
110.105896 
110.105896 
110.106201 
110.106506 
110.106812 
110.106812 
110.106201 
110.106812 
110.106506 
110.106201 
110.106201 
110.106506 
110.106812 
110.106812 
110.108032 
110.109253 
110.112000 
110.113525 
110.115356 
110.117493 
110.119324 
110.120850 
110.122070 
110.123901 
110.125427 
110.127869 
110.129700 
110.131836 
110.134277 
110.136414 
110.138550 
110.140991 
110.144348 
110.146790 
110.148926 
110.150757 
110.151978 
110.154114 
110.156555 
110.159302 
110.162048 
110.164490 
110.167542 
110.170288 
110.173035 
110.175781 
110.178528 
110.180969 
110.183411 
110.186157 
110.188599 
110.191040 
110.192871 
110.195618 
110.198059 
110.201111 
110.205383 
110.208435 
110.211487 
110.214233 
110.216675 
110.219116 
110.221558 
110.223694 
110.226440 
110.228882 
110.231628 
110.233765 
110.236816 
110.239868 
110.242310 
110.245667 
110.248718 
110.251770 
110.254517 
110.256042 
110.258179 
110.260010 
110.262451 
110.265808 
110.268555 
110.271912 
110.274353 
110.277710 
110.280762 
110.283508 
110.286255 
110.289307 
110.291748 
110.294800 
110.297546 
110.299683 
110.302429 
110.305176 
110.308228 
110.311584 
110.315552 
110.319214 
110.322266 
110.325317 
110.328369 
110.330811 
110.333557 
110.336304 
110.338745 
110.341797 
110.344543 
110.347595 
110.350647 
110.353394 
110.356445 
110.359192 
110.362549 
110.365295 
110.368042 
110.370483 
110.372314 
110.374146 
110.376892 
110.379944 
110.382385 
110.385437 
110.388184 
110.391846 
110.394592 
110.397034 
110.399170 
110.402222 
110.404663 
110.407104 
110.409546 
110.411377 
110.413513 
110.415649 
110.418396 
110.421448 
110.424805 
110.427551 
110.430298 
110.433044 
110.435181 
110.437317 
110.439453 
110.441284 
110.443726 
110.445862 
110.447998 
110.450439 
110.452881 
110.455322 
110.457764 
110.460205 
110.462952 
110.466003 
110.468140 
110.469971 
110.471191 
110.473328 
110.475464 
110.478210 
110.481262 
110.483398 
110.485840 
110.488586 
110.492249 
110.494385 
110.496826 
110.499268 
110.501709 
110.504150 
110.506897 
110.509033 
110.511169 
110.513306 
110.516052 
110.519104 
110.523071 
110.526123 
110.528259 
110.531616 
110.533752 
110.536499 
110.538635 
110.541382 
110.543823 
110.545654 
110.548401 
110.551147 
110.553589 
110.556641 
110.558777 
110.561829 
110.564880 
110.567322 
110.570374 
110.571289 
110.573425 
110.575256 
110.577698 
110.580750 
110.583191 
110.585938 
110.588684 
110.591736 
110.594177 
110.597229 
110.599365 
110.602112 
110.604553 
110.606995 
110.609741 
110.611267 
110.613708 
110.615845 
110.618286 
110.622253 
110.625610 
110.628357 
110.631409 
110.634460 
110.636597 
110.639038 
110.641174 
110.643616 
110.645752 
110.648499 
110.651245 
110.653381 
110.656128 
110.658264 
110.661316 
110.663757 
110.666504 
110.669556 
110.671997 
110.673523 
110.675049 
110.677185 
110.679321 
110.682068 
110.684814 
110.687866 
110.690613 
110.693665 
110.696411 
110.698547 
110.701294 
110.703735 
110.706482 
110.709229 
110.711670 
110.713806 
110.715942 
110.718079 
110.721130 
110.724182 
110.727844 
110.730896 
110.733948 
110.736389 
110.738525 
110.741577 
110.743713 
110.745850 
110.747986 
110.750732 
110.752869 
110.755920 
110.758362 
110.761108 
110.763855 
110.766602 
110.769043 
110.772095 
110.774841 
110.776672 
110.778198 
110.780029 
110.782471 
110.785217 
110.787964 
110.790710 
110.793457 
110.796204 
110.798950 
110.802002 
110.804443 
110.806885 
110.809631 
110.811768 
110.814514 
110.816345 
110.818787 
110.820923 
110.823975 
110.827332 
110.830688 
110.833740 
110.836792 
110.839539 
110.841675 
110.844421 
110.846863 
110.848694 
110.851135 
110.853271 
110.856018 
110.858765 
110.861511 
110.864258 
110.867004 
110.869751 
110.872498 
110.875244 
110.877686 
110.879211 
110.881042 
110.883179 
110.885315 
110.888062 
110.891113 
110.893555 
110.896301 
110.899048 
110.902100 
110.905457 
110.907593 
110.909729 
110.912476 
110.914612 
110.917358 
110.919189 
110.921631 
110.924072 
110.926514 
110.929565 
110.933533 
110.935974 
110.939331 
110.941772 
110.944214 
110.946960 
110.948792 
110.951233 
110.953674 
110.956116 
110.958252 
110.960693 
110.963440 
110.966492 
110.968628 
110.971985 
110.974426 
110.977478 
110.979614 
110.981140 
110.983276 
110.985107 
110.987549 
110.990601 
110.993042 
110.995789 
110.998535 
111.001282 
111.004028 
111.006775 
111.009216 
111.011963 
111.014404 
111.017151 
111.019897 
111.021423 
111.024170 
111.026306 
111.028748 
111.032410 
111.035461 
111.038513 
111.041870 
111.044312 
111.047363 
111.049194 
111.051331 
111.053772 
111.056213 
111.058655 
111.061096 
111.063843 
111.066284 
111.069031 
111.071777 
111.074524 
111.077576 
111.080017 
111.082764 
111.084290 
111.086121 
111.087952 
111.090393 
111.093445 
111.095886 
111.098633 
111.101685 
111.104431 
111.107483 
111.110229 
111.112366 
111.115112 
111.117249 
111.120605 
111.122742 
111.124878 
111.127625 
111.129761 
111.131897 
111.135254 
111.138916 
111.142578 
111.144714 
111.147461 
111.150208 
111.152344 
111.154785 
111.157227 
111.159363 
111.162109 
111.164246 
111.166382 
111.169128 
111.172180 
111.174927 
111.177979 
111.181030 
111.183472 
111.185913 
111.188049 
111.189575 
111.191101 
111.193848 
111.196899 
111.199646 
111.202393 
111.204834 
111.207581 
111.210938 
111.213074 
111.215515 
111.218262 
111.220703 
111.223450 
111.225586 
111.227722 
111.230164 
111.232300 
111.235352 
111.238403 
111.241760 
111.245117 
111.247559 
111.250610 
111.253357 
111.255188 
111.257629 
111.259766 
111.262207 
111.264648 
111.267090 
111.269836 
111.271973 
111.275024 
111.277771 
111.280212 
111.283569 
111.286011 
111.288452 
111.290588 
111.292114 
111.293945 
111.296387 
111.298828 
111.301575 
111.304626 
111.307068 
111.310425 
111.312866 
111.315613 
111.318054 
111.320496 
111.323547 
111.325989 
111.327820 
111.330566 
111.333008 
111.335144 
111.337585 
111.341248 
111.344604 
111.347656 
111.350403 
111.353149 
111.356201 
111.358337 
111.360474 
111.362915 
111.365051 
111.367493 
111.370239 
111.372681 
111.374817 
111.377869 
111.380615 
111.383057 
111.386414 
111.389160 
111.390991 
111.392822 
111.394653 
111.396790 
111.398621 
111.401978 
111.404419 
111.407166 
111.410522 
111.413269 
111.415710 
111.418457 
111.420898 
111.423340 
111.426086 
111.428223 
111.430664 
111.433411 
111.435242 
111.437683 
111.440430 
111.443481 
111.447449 
111.450195 
111.452942 
111.455994 
111.458130 
111.460571 
111.462708 
111.465149 
111.467590 
111.470032 
111.472473 
111.474915 
111.477661 
111.480103 
111.482849 
111.485596 
111.488953 
111.491699 
111.494141 
111.495972 
111.497498 
111.499329 
111.502075 
111.504822 
111.507568 
111.510315 
111.513062 
111.515808 
111.518555 
111.520996 
111.523438 
111.526489 
111.528625 
111.531067 
111.533508 
111.535645 
111.538086 
111.540222 
111.542664 
111.546326 
111.549988 
111.553040 
111.555786 
111.558838 
111.560974 
111.563721 
111.565552 
111.567993 
111.569824 
111.572571 
111.575012 
111.577454 
111.580200 
111.582947 
111.585388 
111.588440 
111.591187 
111.593933 
111.596375 
111.597900 
111.599426 
111.602173 
111.604004 
111.606140 
111.609802 
111.612549 
111.614990 
111.618042 
111.621094 
111.623535 
111.625977 
111.628418 
111.631165 
111.633301 
111.636353 
111.638184 
111.640320 
111.643066 
111.645203 
111.649170 
111.652222 
111.655579 
111.658325 
111.660767 
111.663513 
111.665955 
111.668091 
111.670532 
111.672668 
111.675110 
111.677856 
111.680298 
111.683044 
111.685486 
111.688538 
111.690979 
111.694031 
111.696777 
111.698914 
111.700745 
111.702271 
111.704407 
111.707458 
111.709595 
111.712341 
111.715088 
111.717834 
111.720886 
111.723633 
111.726379 
111.728821 
111.731873 
111.734009 
111.736450 
111.738892 
111.740723 
111.743164 
111.745300 
111.748047 
111.751709 
111.755066 
111.758118 
111.760559 
111.763916 
111.766357 
111.768799 
111.770630 
111.773071 
111.775208 
111.777649 
111.780090 
111.782532 
111.785583 
111.788025 
111.790161 
111.793518 
111.796265 
111.799011 
111.801147 
111.803894 
111.805420 
111.807251 
111.809692 
111.812439 
111.815491 
111.817627 
111.820679 
111.824036 
111.826477 
111.828918 
111.831970 
111.834106 
111.836853 
111.838989 
111.841431 
111.843567 
111.845703 
111.847839 
111.850891 
111.853943 
111.857605 
111.860657 
111.863708 
111.866150 
111.868591 
111.871338 
111.873474 
111.875305 
111.878052 
111.880188 
111.882935 
111.885681 
111.887817 
111.890564 
111.893616 
111.896057 
111.899109 
111.901855 
111.904602 
111.905823 
111.907959 
111.909485 
111.911926 
111.915283 
111.917725 
111.920166 
111.923523 
111.925964 
111.929016 
111.930847 
111.933594 
111.936951 
111.939087 
111.941223 
111.944275 
111.945801 
111.948242 
111.950684 
111.953125 
111.956482 
111.960449 
111.963806 
111.966248 
111.968994 
111.971741 
111.973572 
111.976013 
111.978149 
111.980591 
111.983032 
111.985779 
111.988220 
111.990662 
111.993408 
111.996155 
111.998901 
112.001343 
112.004700 
112.006836 
112.008667 
112.010193 
112.012634 
112.014771 
112.017517 
112.020264 
112.023010 
112.025757 
112.028503 
112.031860 
112.033997 
112.036743 
112.039490 
112.041931 
112.044678 
112.046814 
112.049255 
112.051392 
112.053223 
112.056274 
112.059326 
112.062988 
112.065735 
112.068787 
112.071533 
112.073975 
112.076111 
112.078857 
112.080994 
112.082825 
112.085876 
112.088013 
112.090759 
112.093506 
112.095947 
112.098999 
112.101440 
112.104187 
112.106934 
112.109070 
112.111206 
112.112427 
112.114868 
112.117920 
112.120667 
112.123108 
112.125854 
112.128601 
112.131653 
112.134399 
112.136841 
112.139282 
112.142029 
112.144775 
112.147217 
112.149963 
112.151489 
112.153931 
112.156067 
112.158813 
112.161865 
112.165833 
112.168884 
112.171631 
112.174377 
112.176514 
112.179260 
112.181396 
112.183533 
112.185974 
112.188110 
112.190552 
112.193298 
112.195740 
112.198486 
112.201538 
112.203979 
112.207031 
112.209778 
112.212219 
112.213745 
112.215576 
112.217712 
112.219543 
112.222595 
112.225342 
112.228394 
112.230530 
112.233887 
112.236023 
112.239075 
112.241821 
112.244568 
112.247009 
112.249146 
112.251892 
112.254028 
112.256165 
112.258301 
112.261047 
112.264404 
112.267761 
112.271423 
112.274170 
112.277222 
112.279663 
112.281799 
112.284241 
112.286072 
112.288208 
112.290955 
112.293396 
112.296143 
112.298584 
112.301331 
112.304077 
112.306519 
112.309265 
112.312012 
112.315063 
112.316895 
112.318420 
112.320251 
112.322083 
112.325439 
112.328491 
112.330933 
112.333679 
112.336426 
112.339478 
112.341919 
112.344360 
112.347412 
112.349854 
112.352295 
112.354431 
112.356262 
112.358704 
112.361145 
112.363892 
112.366943 
112.370911 
112.373962 
112.376404 
112.379150 
112.381897 
112.384033 
112.386169 
112.388916 
112.391052 
112.393494 
112.395935 
112.398376 
112.401428 
112.403564 
112.406311 
112.409058 
112.412109 
112.414856 
112.417297 
112.419128 
112.420349 
112.422791 
112.424927 
112.428284 
112.431030 
112.433167 
112.436218 
112.438660 
112.442322 
112.444153 
112.446899 
112.449951 
112.452087 
112.454529 
112.456665 
112.459106 
112.462158 
112.463989 
112.466125 
112.469788 
112.473145 
112.476501 
112.479248 
112.482300 
112.484436 
112.486877 
112.488708 
112.491760 
112.492981 
112.495728 
112.498474 
112.500916 
112.503967 
112.505493 
112.508850 
112.511597 
112.514343 
112.517395 
112.519836 
112.521362 
112.523499 
112.525330 
112.527466 
112.530212 
112.532959 
112.535706 
112.538452 
112.541199 
112.544250 
112.546692 
112.549438 
112.552185 
112.554626 
112.556763 
112.559509 
112.561340 
112.563782 
112.566223 
112.568665 
112.572021 
112.575378 
112.578735 
112.581482 
112.584534 
112.587280 
112.589111 
112.591553 
112.594299 
112.595825 
112.598877 
112.601624 
112.603760 
112.606506 
112.609558 
112.611694 
112.614136 
112.617188 
112.620239 
112.622681 
112.624207 
112.625732 
112.628174 
112.630310 
112.633362 
112.635498 
112.638550 
112.641602 
112.643738 
112.647095 
112.649231 
112.651978 
112.654724 
112.657166 
112.659607 
112.662048 
112.664185 
112.666626 
112.668762 
112.671814 
112.675171 
112.678223 
112.681580 
112.684326 
112.686768 
112.689514 
112.691956 
112.694092 
112.696228 
112.698669 
112.700806 
112.703552 
112.706299 
112.708740 
112.711182 
112.714233 
112.716675 
112.719421 
112.722778 
112.724609 
112.727051 
112.728271 
112.730408 
112.733154 
112.735291 
112.738342 
112.741394 
112.744141 
112.747192 
112.749634 
112.752075 
112.754822 
112.757263 
112.759399 
112.762451 
112.764587 
112.766724 
112.768860 
112.771301 
112.773743 
112.777100 
112.780762 
112.783813 
112.786865 
112.789612 
112.791748 
112.794189 
112.796631 
112.799072 
112.800903 
112.803650 
112.806091 
112.809143 
112.811279 
112.813721 
112.816772 
112.819519 
112.822571 
112.825317 
112.827759 
112.829590 
112.830811 
112.832947 
112.835693 
112.838135 
112.840881 
112.843628 
112.846680 
112.849426 
112.852173 
112.854614 
112.857666 
112.859802 
112.862244 
112.864380 
112.867126 
112.868958 
112.871704 
112.874146 
112.876282 
112.879944 
112.883606 
112.886353 
112.889404 
112.891846 
112.894592 
112.897034 
112.899475 
112.901611 
112.903748 
112.906799 
112.908936 
112.911377 
112.914429 
112.917175 
112.919617 
112.922058 
112.925110 
112.927856 
112.930603 
112.932129 
112.933655 
112.936096 
112.937927 
112.940979 
112.943420 
112.946167 
112.949219 
112.951965 
112.955017 
112.957458 
112.959900 
112.962341 
112.965088 
112.967224 
112.969971 
112.972412 
112.973938 
112.976685 
112.979431 
112.982483 
112.985840 
112.989197 
112.992249 
112.994385 
112.997131 
112.999268 
113.002014 
113.003845 
113.006592 
113.009033 
113.011169 
113.013611 
113.016663 
113.019409 
113.021545 
113.024597 
113.027649 
113.030090 
113.032837 
113.034668 
113.035583 
113.038025 
113.040161 
113.043518 
113.045959 
113.049011 
113.051453 
113.054810 
113.057556 
113.059998 
113.062439 
113.065186 
113.067627 
113.069763 
113.072510 
113.075256 
113.077393 
113.079224 
113.081360 
113.085327 
113.088684 
113.091736 
113.094788 
113.097229 
113.099365 
113.102417 
113.104248 
113.106689 
113.108826 
113.111267 
113.114319 
113.116455 
113.119507 
113.122253 
113.124695 
113.126831 
113.130188 
113.133240 
113.135376 
113.137207 
113.139038 
113.140564 
113.143005 
113.146057 
113.148193 
113.151550 
113.154297 
113.157043 
113.159790 
113.162231 
113.164978 
113.167725 
113.170471 
113.172913 
113.174744 
113.177185 
113.179016 
113.181458 
113.184509 
113.187561 
113.190918 
113.193970 
113.197021 
113.199463 
113.202515 
113.204346 
113.206482 
113.208923 
113.211365 
113.214111 
113.216248 
113.219299 
113.221741 
113.224792 
113.227539 
113.229675 
113.232727 
113.235779 
113.237915 
113.239746 
113.241272 
113.243408 
113.245544 
113.248901 
113.251038 
113.254089 
113.256836 
113.259277 
113.262329 
113.265381 
113.267822 
113.269958 
113.272705 
113.275146 
113.277588 
113.279724 
113.281860 
113.283997 
113.287048 
113.289795 
113.293457 
113.297119 
113.299255 
113.302612 
113.304749 
113.306885 
113.309021 
113.311462 
113.313904 
113.316345 
113.319092 
113.321228 
113.323975 
113.326721 
113.329773 
113.331909 
113.335266 
113.338013 
113.340454 
113.342590 
113.343506 
113.345642 
113.348083 
113.350525 
113.353882 
113.356628 
113.359375 
113.362427 
113.364563 
113.367920 
113.370056 
113.372803 
113.375244 
113.377380 
113.379822 
113.382263 
113.384705 
113.386841 
113.389282 
113.392639 
113.396606 
113.399353 
113.402100 
113.404846 
113.407593 
113.410034 
113.411865 
113.414001 
113.416748 
113.419189 
113.421326 
113.424072 
113.426514 
113.429260 
113.432312 
113.435364 
113.437500 
113.440247 
113.442993 
113.445129 
113.446350 
113.448486 
113.450928 
113.453674 
113.456421 
113.458557 
113.461914 
113.464966 
113.467407 
113.470154 
113.472290 
113.475342 
113.477783 
113.480225 
113.482361 
113.484497 
113.487244 
113.489380 
113.491821 
113.495483 
113.498840 
113.501892 
113.504333 
113.507385 
113.509827 
113.511963 
113.514099 
113.516846 
113.518677 
113.521423 
113.524475 
113.526917 
113.529968 
113.532104 
113.534546 
113.537598 
113.540649 
113.543091 
113.545837 
113.547363 
113.549500 
113.551331 
113.553772 
113.556213 
113.558960 
113.561401 
113.564453 
113.567200 
113.570251 
113.572998 
113.575134 
113.577881 
113.580322 
113.582764 
113.585205 
113.587341 
113.589172 
113.591614 
113.594666 
113.597717 
113.601074 
113.604431 
113.607178 
113.609924 
113.612671 
113.614502 
113.616943 
113.619080 
113.621521 
113.623962 
113.626404 
113.628845 
113.631897 
113.634644 
113.637390 
113.639832 
113.642883 
113.645935 
113.648071 
113.649902 
113.651733 
113.653564 
113.656006 
113.658447 
113.661194 
113.664246 
113.667297 
113.669739 
113.672485 
113.674927 
113.677673 
113.680420 
113.682556 
113.685608 
113.687744 
113.690186 
113.692017 
113.694153 
113.696899 
113.700256 
113.703918 
113.706970 
113.710022 
113.713074 
113.714905 
113.717346 
113.719482 
113.721924 
113.724365 
113.726807 
113.728943 
113.731689 
113.734436 
113.737488 
113.739929 
113.742371 
113.745422 
113.748169 
113.750610 
113.752747 
113.753967 
113.756409 
113.758240 
113.761597 
113.764038 
113.766479 
113.769531 
113.772278 
113.775024 
113.777771 
113.780212 
113.782959 
113.786011 
113.787537 
113.789978 
113.792114 
113.794250 
113.796997 
113.799438 
113.802795 
113.806152 
113.809509 
113.812256 
113.815308 
113.817444 
113.819885 
113.822021 
113.823547 
113.826599 
113.829041 
113.831482 
113.834534 
113.836670 
113.839722 
113.841858 
113.845215 
113.847961 
113.850708 
113.853149 
113.854675 
113.856506 
113.858948 
113.861084 
113.863831 
113.866882 
113.869629 
113.872375 
113.874817 
113.877869 
113.880615 
113.882446 
113.885498 
113.888245 
113.890076 
113.892517 
113.894653 
113.897095 
113.899231 
113.901672 
113.905029 
113.908691 
113.912048 
113.915100 
113.917236 
113.920288 
113.922119 
113.924255 
113.927002 
113.929138 
113.931885 
113.934021 
113.936462 
113.939209 
113.941956 
113.944702 
113.947144 
113.949890 
113.952942 
113.955383 
113.956909 
113.958740 
113.961182 
113.962708 
113.966064 
113.968811 
113.971558 
113.974609 
113.977051 
113.980103 
113.982239 
113.985291 
113.987732 
113.989868 
113.992920 
113.995056 
113.997192 
113.999939 
114.001770 
114.004517 
114.007874 
114.010925 
114.014893 
114.017334 
114.020081 
114.022827 
114.024353 
114.026794 
114.029236 
114.031677 
114.034119 
114.036865 
114.038696 
114.041748 
114.044800 
114.047241 
114.049988 
114.052734 
114.055481 
114.057617 
114.059448 
114.061279 
114.063416 
114.065857 
114.068604 
114.071350 
114.073792 
114.076843 
114.080200 
114.082336 
114.085083 
114.087524 
114.090271 
114.092712 
114.095154 
114.097290 
114.099731 
114.101868 
114.103699 
114.106750 
114.110107 
114.113464 
114.116516 
114.119263 
114.122314 
114.125061 
114.127197 
114.129639 
114.131165 
114.133911 
114.136658 
114.139099 
114.141541 
114.143677 
114.146423 
114.149780 
114.152222 
114.155579 
114.158020 
114.160461 
114.161987 
114.164124 
114.165955 
114.168091 
114.171143 
114.174194 
114.176941 
114.179077 
114.182739 
114.185181 
114.187012 
114.190063 
114.192810 
114.195251 
114.197693 
114.199829 
114.201660 
114.203186 
114.205017 
114.206543 
114.208984 
114.211121 
114.213257 
114.214783 
114.215393 
114.216614 
114.216919 
114.217834 
114.217834 
114.218445 
114.218750 
114.219360 
114.219971 
114.219971 
114.220276 
114.221191 
114.221191 
114.221802 
114.221802 
114.221802 
114.221191 
114.220276 
114.219971 
114.219971 
114.219971 
114.219971 
114.220276 
114.220886 
114.220581 
114.220581 
114.220886 
114.220276 
114.220581 
114.220581 
114.219971 
114.219971 
114.219666 
114.219055 
114.219055 
114.218750 
114.219666 
114.219971 
114.220581 
114.220581 
114.220276 
114.220276 
114.219971 
114.219055 
114.219360 
114.219055 
114.218750 
114.218445 
114.218140 
114.218140 
114.218445 
114.218140 
114.218140 
114.218445 
114.218445 
114.218445 
114.217224 
114.216614 
114.215698 
114.215698 
114.216309 
114.216003 
114.216309 
114.216614 
114.216309 
114.216919 
114.216919 
114.216614 
114.217224 
114.216919 
114.216919 
114.216614 
114.216614 
114.216003 
114.215393 
114.215393 
114.216614 
114.217224 
114.217834 
114.217834 
114.218140 
114.218140 
114.217529 
114.217224 
114.216919 
114.216919 
114.217224 
114.216919 
114.216919 
114.216919 
114.217224 
114.217224 
114.217834 
114.217529 
114.218140 
114.217834 
114.216919 
114.216003 
114.215393 
114.215393 
114.215393 
114.215698 
114.216003 
114.216003 
114.216614 
114.216919 
114.216309 
114.216614 
114.216309 
114.216614 
114.216614 
114.216309 
114.216309 
114.215393 
114.215698 
114.216003 
114.216614 
114.217224 
114.217834 
114.218140 
114.218140 
114.217834 
114.217834 
114.217529 
114.217529 
114.216919 
114.216919 
114.217224 
114.217224 
114.216919 
114.217224 
114.217224 
114.217224 
114.217529 
114.218140 
114.218140 
114.216919 
114.216003 
114.215393 
114.215393 
114.215698 
114.215698 
114.216003 
114.216309 
114.216309 
114.216614 
114.216003 
114.216309 
114.216309 
114.216003 
114.216003 
114.216614 
114.216003 
114.215393 
114.215393 
114.215393 
114.216003 
114.216614 
114.217224 
114.216919 
114.217529 
114.217529 
114.216919 
114.217224 
114.217224 
114.216309 
114.217224 
114.216614 
114.216614 
114.216309 
114.216919 
114.216919 
114.217224 
114.217224 
114.217529 
114.217529 
114.216614 
114.215698 
114.215088 
114.214783 
114.215088 
114.215393 
114.215393 
114.216003 
114.216003 
114.216614 
114.216003 
114.215698 
114.216614 
114.216309 
114.215393 
114.215698 
114.215088 
114.215698 
114.214783 
114.215393 
114.216003 
114.216614 
114.216919 
114.217224 
114.217834 
114.217529 
114.217224 
114.217224 
114.216614 
114.216614 
114.216309 
114.216614 
114.216614 
114.216614 
114.216614 
114.216919 
114.216919 
114.216919 
114.217529 
114.217529 
114.216614 
114.216003 
114.215088 
114.214783 
114.215393 
114.215393 
114.216003 
114.216003 
114.216003 
114.216614 
114.216614 
114.216309 
114.216309 
114.216309 
114.216309 
114.216003 
114.216003 
114.215393 
114.215393 
114.215393 
114.216003 
114.217224 
114.217529 
114.217834 
114.217834 
114.217834 
114.217224 
114.217529 
114.216919 
114.216003 
114.216309 
114.216614 
114.216614 
114.216309 
114.216614 
114.216614 
114.216919 
114.217529 
114.217529 
114.217224 
114.216309 
114.215393 
114.215698 
114.215088 
114.215393 
114.215698 
114.216003 
114.216003 
114.216309 
114.216919 
114.216309 
114.216309 
114.216614 
114.216003 
114.216614 
114.216003 
114.215698 
114.215393 
114.215088 
114.215393 
114.216003 
114.216919 
114.217224 
114.217529 
114.217224 
114.217529 
114.216919 
114.216919 
114.216309 
114.216614 
114.216309 
114.216003 
114.216003 
114.216309 
114.216309 
114.216309 
114.216003 
114.216309 
114.217224 
114.216919 
114.216003 
114.215088 
114.215088 
114.214783 
114.215393 
114.215088 
114.215698 
114.215393 
114.216309 
114.216309 
114.216309 
114.216003 
114.216309 
114.216003 
114.215698 
114.215393 
114.215698 
114.214783 
114.215088 
114.214783 
114.215393 
114.216614 
114.216919 
114.217224 
114.216919 
114.216614 
114.216919 
114.216309 
114.216614 
114.216309 
114.216003 
114.216309 
114.216309 
114.216309 
114.216309 
114.216309 
114.216614 
114.217224 
114.216919 
114.216919 
114.216614 
114.215698 
114.215393 
114.215698 
114.216003 
114.216309 
114.216309 
114.216614 
114.216919 
114.216919 
114.216919 
114.216919 
114.216614 
114.216614 
114.216614 
114.216309 
114.215393 
114.215393 
114.215393 
114.215393 
114.216309 
114.216919 
114.217224 
114.217224 
114.217224 
114.217529 
114.216919 
114.216614 
114.216309 
114.216003 
114.215698 
114.216309 
114.216003 
114.215698 
114.216309 
114.216309 
114.216309 
114.216919 
114.216919 
114.217224 
114.216003 
114.215698 
114.215088 
114.214783 
114.215393 
114.215088 
114.216003 
114.216003 
114.215698 
114.216614 
114.216003 
114.216003 
114.216614 
114.216003 
114.216003 
114.216309 
114.215393 
114.215088 
114.214783 
114.214783 
114.215698 
114.216003 
114.216919 
114.217224 
114.216919 
114.216614 
114.216614 
114.216003 
114.216309 
114.216003 
114.216003 
114.216003 
114.215698 
114.215698 
114.215698 
114.216309 
114.216614 
114.216614 
114.216919 
114.217224 
114.216309 
114.215698 
114.215088 
114.214783 
114.215393 
114.215698 
114.216003 
114.216003 
114.216614 
114.216003 
114.216309 
114.216309 
114.216309 
114.216309 
114.216614 
114.216309 
114.215698 
114.215088 
114.215088 
114.214783 
114.215698 
114.216309 
114.216614 
114.217224 
114.216614 
114.217224 
114.216309 
114.216309 
114.216003 
114.216003 
114.216309 
114.216309 
114.216003 
114.216003 
114.216309 
114.216614 
114.216614 
114.216614 
114.216919 
114.216919 
114.216309 
114.215393 
114.215088 
114.215393 
114.215393 
114.216003 
114.215698 
114.216003 
114.216309 
114.216614 
114.216309 
114.216309 
114.216309 
114.216614 
114.216003 
114.215698 
114.215698 
114.215393 
114.214783 
114.214478 
114.215088 
114.216003 
114.216614 
114.216614 
114.216614 
114.216614 
114.216003 
114.216919 
114.216003 
114.215698 
114.215698 
114.216003 
114.216003 
114.216003 
114.216614 
114.216309 
114.216919 
114.216919 
114.217529 
114.216919 
114.216003 
114.216003 
114.215393 
114.215088 
114.215698 
114.215698 
114.215393 
114.216003 
114.215698 
114.216003 
114.216003 
114.215698 
114.215698 
114.216003 
114.215698 
114.215393 
114.215698 
114.214783 
114.214172 
114.214783 
114.215393 
114.216309 
114.216614 
114.216614 
114.216614 
114.216614 
114.216919 
114.216003 
114.216003 
114.215698 
114.216309 
114.216614 
114.216003 
114.216309 
114.216309 
114.216614 
114.216614 
114.217224 
114.217224 
114.217224 
114.216309 
114.215393 
114.215393 
114.215088 
114.215698 
114.216003 
114.215698 
114.216309 
114.216309 
114.215698 
114.215698 
114.215698 
114.215698 
114.215698 
114.215698 
114.215698 
114.215088 
114.214783 
114.214478 
114.214478 
114.215393 
114.216614 
114.216614 
114.216614 
114.216919 
114.216919 
114.216919 
114.216614 
114.216309 
114.215698 
114.216003 
114.216309 
114.215698 
114.216614 
114.216309 
114.216614 
114.216614 
114.217224 
114.217834 
114.217224 
114.216614 
114.215088 
114.214783 
114.215088 
114.215698 
114.215393 
114.215393 
114.216003 
114.216003 
114.215698 
114.215698 
114.215698 
114.216309 
114.215698 
114.215698 
114.215698 
114.215088 
114.214783 
114.215088 
114.214783 
114.215393 
114.216309 
114.217224 
114.216919 
114.217529 
114.216614 
114.216614 
114.216614 
114.216309 
114.216003 
114.216003 
114.216309 
114.216003 
114.216309 
114.216614 
114.216614 
114.216614 
114.217224 
114.216919 
114.216614 
114.216309 
114.215698 
114.215088 
114.214783 
114.215393 
114.215393 
114.215698 
114.216003 
114.215698 
114.216309 
114.215088 
114.215698 
114.216003 
114.215698 
114.215698 
114.214783 
114.215088 
114.215088 
114.214478 
114.214783 
114.215393 
114.216309 
114.216614 
114.216614 
114.216614 
114.216614 
114.216614 
114.216919 
114.216309 
114.215698 
114.216309 
114.216003 
114.216309 
114.216003 
114.216309 
114.216309 
114.216309 
114.216919 
114.217224 
114.217224 
114.216309 
114.215393 
114.214783 
114.215088 
114.215393 
114.215088 
114.215698 
114.215393 
114.215698 
114.216003 
114.215393 
114.216003 
114.216003 
114.215698 
114.215698 
114.215393 
114.215393 
114.215088 
114.214783 
114.214783 
114.215698 
114.216614 
114.217224 
114.216919 
114.217529 
114.216919 
114.216919 
114.216614 
114.216309 
114.216003 
114.216003 
114.216309 
114.216614 
114.216614 
114.216309 
114.216919 
114.216614 
114.216919 
114.216919 
114.217224 
114.216309 
114.215393 
114.215088 
114.215088 
114.215088 
114.215088 
114.215393 
114.215698 
114.215698 
114.215698 
114.215393 
114.215698 
114.215393 
114.215698 
114.215393 
114.215698 
114.214783 
114.215088 
114.214478 
114.214783 
114.215698 
114.216614 
114.216614 
114.217224 
114.217224 
114.216614 
114.216919 
114.216614 
114.216309 
114.216309 
114.216309 
114.216309 
114.216003 
114.216003 
114.216309 
114.216309 
114.216614 
114.216919 
114.217224 
114.216919 
114.216309 
114.215393 
114.214783 
114.214783 
114.214783 
114.215393 
114.215393 
114.215393 
114.215698 
114.216309 
114.216003 
114.216309 
114.216003 
114.215698 
114.215393 
114.215698 
114.215393 
114.214783 
114.214783 
114.214783 
114.215393 
114.216309 
114.216919 
114.217224 
114.217529 
114.216919 
114.216614 
114.216919 
114.216003 
114.216309 
114.216309 
114.216309 
114.216309 
114.216003 
114.216003 
114.216614 
114.216309 
114.216919 
114.217224 
114.216919 
114.216309 
114.215088 
114.214783 
114.215393 
114.215393 
114.215393 
114.215393 
114.215393 
114.216003 
114.215393 
114.216003 
114.216003 
114.215698 
114.216003 
114.215393 
114.215393 
114.215088 
114.214783 
114.214783 
114.214478 
114.215393 
114.216614 
114.216614 
114.216919 
114.216919 
114.216919 
114.216309 
114.216309 
114.216309 
114.216003 
114.216003 
114.216309 
114.216003 
114.216003 
114.216309 
114.216614 
114.216003 
114.217224 
114.216919 
114.216919 
114.216003 
114.215088 
114.214783 
114.214783 
114.215088 
114.215393 
114.215698 
114.215393 
114.216003 
114.215698 
114.216003 
114.215698 
114.215698 
114.215698 
114.215698 
114.215393 
114.215393 
114.214783 
114.214478 
114.214783 
114.215393 
114.216003 
114.216309 
114.216919 
114.216614 
114.216614 
114.216614 
114.216309 
114.216614 
114.216003 
114.216003 
114.216309 
114.216309 
114.216003 
114.216614 
114.216309 
114.216309 
114.216919 
114.216614 
114.216614 
114.216003 
114.215088 
114.214783 
114.214783 
114.215088 
114.215088 
114.215393 
114.215698 
114.215393 
114.216003 
114.215698 
114.215698 
114.215698 
114.215698 
114.215393 
114.215393 
114.215088 
114.215088 
114.214783 
114.214783 
114.215393 
114.216309 
114.216919 
114.216614 
114.217224 
114.216919 
114.216919 
114.216309 
114.216614 
114.216309 
114.216309 
114.216309 
114.215698 
114.216003 
114.216614 
114.216309 
114.216309 
114.216919 
114.216919 
114.216614 
114.216309 
114.215088 
114.215088 
114.214172 
114.215088 
114.215088 
114.215393 
114.215698 
114.215393 
114.216003 
114.215698 
114.215698 
114.215698 
114.216003 
114.215698 
114.215698 
114.215088 
114.215088 
114.214478 
114.214478 
114.215393 
114.216309 
114.216919 
114.217224 
114.217529 
114.216919 
114.216919 
114.216309 
114.216614 
114.216309 
114.216309 
114.216309 
114.216003 
114.216309 
114.216309 
114.217224 
114.216919 
114.216614 
114.217224 
114.216919 
114.216003 
114.215393 
114.214783 
114.214783 
114.214783 
114.215393 
114.215393 
114.215698 
114.215393 
114.216003 
114.216003 
114.215393 
114.216309 
114.216003 
114.215393 
114.215698 
114.215088 
114.215088 
114.214478 
114.214783 
114.215393 
114.216614 
114.216919 
114.217224 
114.216919 
114.216614 
114.216614 
114.216309 
114.216309 
114.216003 
114.216309 
114.216614 
114.216003 
114.216309 
114.216309 
114.216614 
114.216309 
114.216919 
114.216614 
114.217224 
114.216003 
114.215393 
114.214478 
114.214783 
114.214783 
114.214783 
114.215393 
114.215698 
114.215698 
114.215698 
114.215698 
114.215393 
114.216003 
114.215698 
114.215393 
114.215698 
114.214783 
114.214783 
114.214478 
114.214783 
114.215698 
114.216309 
114.216614 
114.217529 
114.216919 
114.216614 
114.216309 
114.216309 
114.216309 
114.216309 
114.216309 
114.216309 
114.216003 
114.216309 
114.216003 
114.216003 
114.216309 
114.216614 
114.216919 
114.216614 
114.216003 
114.215393 
114.214783 
114.214478 
114.215393 
114.215393 
114.215393 
114.215393 
114.215393 
114.216003 
114.215698 
114.215393 
114.215698 
114.215698 
114.215393 
114.215698 
114.215088 
114.214783 
114.214478 
114.214783 
114.215393 
114.216309 
114.216614 
114.216919 
114.216919 
114.216919 
114.216919 
114.216614 
114.216003 
114.216309 
114.216003 
114.216003 
114.216003 
114.216309 
114.216309 
114.216614 
114.216614 
114.216919 
114.217224 
114.216309 
114.216003 
114.214783 
114.214783 
114.214478 
114.215088 
114.215393 
114.215393 
114.215698 
114.215393 
114.216003 
114.215393 
114.215393 
114.215393 
114.215698 
114.215698 
114.215088 
114.216003 
114.214783 
114.214478 
114.215088 
114.215393 
114.216309 
114.216614 
114.216919 
114.217224 
114.217224 
114.216309 
114.216614 
114.216003 
114.216003 
114.216003 
114.215698 
114.215698 
114.216309 
114.216309 
114.216614 
114.216614 
114.216614 
114.216614 
114.216919 
114.216309 
114.215393 
114.214783 
114.214783 
114.215088 
114.215393 
114.215393 
114.215393 
114.216003 
114.216003 
114.216003 
114.215698 
114.216003 
114.215698 
114.215088 
114.215393 
114.215393 
114.214783 
114.214783 
114.214478 
114.215088 
114.216309 
114.216614 
114.216919 
114.216919 
114.217224 
114.216919 
114.216614 
114.216309 
114.216003 
114.216003 
114.216003 
114.216614 
114.216309 
114.216309 
114.216309 
114.216614 
114.216919 
114.216919 
114.217224 
114.216003 
114.215088 
114.215088 
114.214783 
114.215088 
114.215088 
114.215393 
114.215393 
114.216003 
114.216003 
114.215698 
114.215698 
114.215698 
114.216003 
114.215698 
114.215393 
114.215088 
114.214478 
114.214783 
114.215088 
114.215393 
114.216309 
114.216614 
114.216919 
114.216919 
114.216919 
114.216614 
114.216309 
114.216309 
114.215698 
114.216003 
114.216309 
114.216309 
114.216614 
114.216614 
114.216309 
114.216614 
114.216919 
114.216919 
114.216919 
114.216309 
114.215393 
114.214783 
114.214478 
114.214783 
114.215088 
114.215088 
114.215698 
114.215393 
114.216003 
114.215698 
114.215393 
114.215698 
114.215393 
114.215393 
114.215393 
114.215088 
114.214783 
114.214478 
114.214783 
114.215698 
114.216614 
114.216614 
114.217224 
114.216919 
114.217224 
114.216614 
114.216003 
114.216309 
114.216003 
114.215393 
114.216309 
114.216003 
114.215698 
114.216309 
114.216309 
114.216919 
114.216614 
114.216919 
114.216919 
114.216309 
114.215088 
114.215088 
114.214783 
114.215393 
114.215088 
114.215393 
114.215393 
114.216003 
114.215698 
114.216003 
114.215698 
114.215698 
114.215698 
114.215698 
114.215393 
114.215088 
114.214783 
114.214783 
114.214478 
114.215393 
114.216003 
114.216919 
114.216919 
114.216919 
114.216919 
114.216614 
114.216309 
114.216003 
114.216003 
114.216309 
114.216309 
114.216003 
114.215698 
114.216309 
114.216614 
114.216309 
114.216614 
114.216614 
114.216919 
114.216003 
114.215393 
114.214783 
114.214478 
114.215088 
114.214783 
114.215393 
114.215393 
114.215698 
114.216003 
114.215698 
114.215698 
114.215698 
114.215393 
114.215393 
114.215393 
114.214783 
114.214783 
114.214478 
114.214478 
114.215393 
114.216309 
114.216614 
114.216919 
114.216614 
114.216309 
114.216919 
114.216003 
114.216309 
114.216003 
114.216309 
114.216309 
114.216003 
114.216309 
114.216309 
114.216309 
114.216614 
114.216919 
114.216614 
114.216614 
114.216003 
114.215393 
114.215088 
114.214478 
114.215393 
114.214783 
114.215393 
114.215698 
114.215698 
114.215698 
114.215393 
114.215393 
114.215393 
114.215698 
114.215088 
114.215088 
114.215088 
114.215088 
114.214478 
114.214783 
114.215698 
114.216309 
114.216614 
114.216919 
114.216919 
114.216919 
114.216614 
114.216614 
114.216614 
114.216003 
114.216003 
114.216003 
114.216309 
114.216003 
114.216309 
114.216309 
114.216309 
114.216919 
114.217529 
114.216919 
114.216309 
114.215393 
114.214783 
114.214783 
114.215088 
114.215393 
114.215088 
114.215698 
114.215698 
114.215698 
114.216003 
114.215698 
114.216003 
114.215698 
114.215393 
114.215393 
114.215393 
114.215393 
114.214478 
114.214783 
114.215698 
114.216309 
114.216614 
114.216919 
114.216919 
114.217224 
114.216003 
114.216614 
114.216003 
114.216003 
114.216003 
114.216003 
114.216309 
114.216003 
114.216309 
114.216309 
114.216614 
114.216919 
114.216614 
114.217224 
114.216003 
114.215698 
114.214478 
114.214783 
114.215088 
114.214783 
114.215088 
114.215088 
114.215698 
114.215393 
114.215698 
114.215698 
114.215698 
114.215393 
114.216003 
114.215393 
114.215088 
114.214172 
114.214478 
114.214783 
114.215088 
114.216003 
114.216919 
114.216614 
114.217529 
114.216919 
114.216309 
114.216309 
114.216614 
114.216003 
114.216309 
114.216003 
114.216309 
114.215698 
114.216614 
114.216309 
114.216309 
114.217224 
114.216919 
114.216614 
114.216309 
114.214783 
114.214478 
114.214783 
114.214783 
114.215088 
114.215393 
114.215698 
114.215393 
114.215698 
114.216003 
114.215698 
114.215698 
114.215698 
114.215698 
114.215393 
114.215088 
114.214783 
114.214478 
114.214783 
114.215393 
114.216309 
114.216614 
114.216919 
114.217224 
114.216614 
114.216919 
114.216309 
114.216309 
114.216003 
114.215698 
114.216003 
114.216614 
114.216003 
114.216309 
114.216614 
114.216309 
114.216919 
114.217224 
114.216919 
114.215698 
114.215393 
114.214478 
114.214783 
114.215088 
114.215393 
114.215088 
114.215393 
114.215698 
114.215698 
114.216003 
114.215698 
114.215393 
114.215698 
114.215698 
114.215088 
114.215088 
114.215088 
114.214478 
114.214478 
114.214783 
114.216919 
114.216919 
114.216919 
114.216919 
114.216919 
114.216614 
114.216309 
114.216003 
114.216003 
114.215698 
114.216003 
114.216614 
114.216003 
114.216309 
114.216309 
114.216614 
114.216614 
114.216614 
114.216614 
114.216309 
114.215088 
114.215088 
114.214783 
114.214783 
114.215088 
114.215088 
114.215088 
114.216003 
114.216003 
114.215698 
114.215698 
114.215698 
114.216003 
114.215698 
114.215393 
114.214783 
114.214478 
114.214172 
114.214478 
114.215393 
114.216309 
114.216614 
114.216919 
114.216919 
114.216919 
114.216614 
114.216309 
114.216003 
114.215698 
114.216309 
114.216003 
114.215698 
114.216003 
114.216003 
114.216309 
114.216309 
114.216614 
114.216919 
114.216614 
114.216309 
114.215088 
114.215088 
114.214783 
114.215088 
114.215088 
114.215088 
114.215393 
114.215088 
114.215698 
114.215393 
114.215393 
114.215698 
114.215393 
114.215393 
114.215393 
114.215088 
114.214783 
114.214478 
114.214478 
114.215393 
114.216309 
114.216919 
114.216919 
114.216919 
114.216919 
114.216614 
114.216003 
114.216309 
114.216003 
114.215698 
114.216003 
114.216003 
114.216309 
114.216309 
114.216309 
114.216309 
114.216919 
114.216919 
114.216919 
114.216003 
114.215393 
114.214783 
114.214783 
114.214783 
114.215393 
114.215393 
114.216003 
114.215698 
114.215698 
114.215698 
114.216003 
114.215698 
114.215698 
114.215698 
114.215698 
114.215088 
114.214783 
114.214783 
114.214783 
114.215393 
114.216003 
114.216919 
114.216614 
114.216919 
114.216919 
114.216309 
114.216309 
114.216309 
114.216309 
114.216003 
114.216003 
114.215698 
114.215698 
114.216309 
114.216614 
114.216309 
114.216309 
114.216614 
114.216919 
114.216003 
114.215393 
114.214783 
114.214478 
114.214783 
114.215393 
114.215393 
114.215393 
114.215393 
114.215698 
114.216003 
114.215393 
114.215393 
114.215698 
114.215393 
114.215088 
114.214783 
114.215088 
114.214783 
114.214478 
114.215698 
114.216309 
114.216309 
114.217224 
114.217224 
114.216919 
114.216614 
114.216309 
114.216309 
114.215393 
114.216309 
114.216309 
114.216003 
114.215698 
114.215698 
114.216003 
114.216614 
114.216614 
114.216919 
114.216919 
114.216003 
114.215393 
114.214783 
114.214783 
114.215088 
114.215088 
114.215393 
114.216003 
114.215698 
114.216003 
114.215698 
114.215393 
114.215698 
114.216003 
114.215698 
114.215393 
114.214783 
114.215088 
114.214478 
114.214172 
114.215393 
114.216003 
114.216614 
114.216919 
114.217224 
114.216919 
114.216614 
114.216614 
114.216003 
114.215698 
114.216309 
114.216003 
114.216003 
114.216003 
114.216003 
114.216309 
114.216309 
114.216614 
114.216919 
114.216614 
114.216309 
114.215088 
114.214783 
114.215088 
114.215088 
114.215088 
114.216003 
114.215698 
114.215393 
114.215393 
114.215393 
114.215393 
114.215698 
114.215698 
114.215393 
114.215088 
114.214783 
114.214478 
114.214172 
114.214478 
114.215393 
114.216309 
114.216919 
114.216309 
114.217224 
114.217224 
114.216614 
114.216614 
114.216003 
114.216309 
114.216309 
114.216003 
114.216003 
114.216003 
114.216003 
114.216309 
114.216309 
114.216309 
114.216614 
114.216919 
114.216309 
114.215088 
114.214478 
114.214478 
114.215393 
114.214783 
114.215393 
114.215088 
114.215698 
114.216003 
114.216003 
114.215698 
114.215698 
114.215698 
114.215698 
114.215088 
114.215088 
114.214478 
114.214172 
114.214478 
114.215393 
114.216309 
114.216614 
114.216919 
114.217224 
114.216614 
114.216003 
114.216309 
114.216003 
114.216003 
114.216309 
114.216309 
114.216309 
114.215698 
114.216003 
114.216614 
114.216614 
114.216614 
114.217224 
114.216614 
114.215698 
114.215088 
114.214783 
114.214783 
114.214783 
114.215088 
114.215393 
114.215088 
114.215698 
114.215698 
114.216003 
114.216003 
114.215393 
114.216003 
114.215393 
114.215393 
114.214783 
114.214783 
114.214478 
114.214783 
114.215393 
114.216614 
114.216309 
114.216614 
114.217224 
114.217224 
114.216614 
114.216309 
114.216309 
114.215698 
114.216003 
114.216614 
114.216309 
114.216003 
114.216614 
114.216003 
114.216614 
114.216614 
114.216614 
114.216919 
114.216003 
114.215088 
114.214478 
114.214783 
114.214783 
114.215088 
114.215088 
114.215698 
114.215393 
114.216003 
114.215393 
114.215393 
114.215393 
114.216003 
114.215393 
114.215393 
114.214783 
114.214478 
114.214478 
114.214478 
114.215698 
114.216003 
114.216614 
114.216614 
114.216919 
114.216919 
114.216309 
114.216003 
114.216309 
114.216309 
114.216003 
114.216003 
114.216003 
114.216309 
114.216614 
114.216309 
114.216614 
114.216614 
114.216919 
114.216919 
114.216003 
114.215088 
114.214478 
114.214783 
114.215393 
114.215088 
114.215393 
114.215393 
114.215698 
114.215698 
114.215698 
114.215698 
114.216003 
114.215393 
114.215698 
114.215698 
114.215088 
114.214783 
114.214172 
114.214172 
114.215393 
114.216309 
114.216919 
114.216614 
114.216919 
114.216919 
114.216309 
114.216309 
114.216309 
114.216309 
114.216003 
114.216309 
114.215698 
114.216003 
114.216003 
114.216309 
114.216309 
114.216614 
114.216614 
114.216614 
114.216003 
114.215088 
114.214783 
114.214172 
114.214783 
114.215088 
114.215088 
114.215088 
114.215698 
114.215698 
114.215698 
114.215698 
114.215393 
114.215393 
114.215698 
114.215393 
114.215088 
114.214783 
114.214783 
114.214783 
114.215393 
114.216614 
114.216919 
114.216919 
114.217224 
114.216919 
114.216309 
114.216309 
114.216309 
114.216003 
114.216003 
114.215698 
114.216309 
114.216003 
114.216614 
114.216003 
114.216003 
114.216309 
114.216614 
114.216919 
114.216309 
114.215088 
114.214783 
114.215088 
114.215088 
114.215088 
114.215393 
114.215698 
114.215088 
114.215393 
114.216003 
114.215393 
114.215698 
114.215698 
114.215088 
114.215088 
114.215393 
114.214783 
114.215088 
114.214783 
114.215698 
114.216309 
114.216919 
114.216919 
114.217224 
114.216919 
114.216614 
114.216309 
114.215698 
114.216003 
114.216003 
114.216309 
114.216003 
114.216309 
114.216614 
114.216309 
114.216614 
114.216309 
114.216919 
114.216919 
114.216309 
114.215088 
114.214783 
114.214478 
114.215393 
114.215088 
114.215088 
114.215393 
114.215393 
114.215393 
114.215698 
114.215698 
114.215698 
114.215393 
114.215088 
114.215088 
114.214478 
114.213867 
114.213257 
114.212341 
114.211731 
114.211731 
114.210815 
114.209595 
114.208679 
114.207153 
114.205017 
114.202881 
114.200745 
114.198608 
114.196777 
114.194946 
114.192810 
114.190979 
114.188843 
114.186401 
114.184265 
114.182129 
114.180298 
114.177856 
114.174500 
114.171448 
114.167786 
114.165039 
114.162903 
114.160156 
114.158020 
114.155273 
114.153137 
114.151001 
114.147949 
114.145203 
114.142456 
114.139709 
114.136963 
114.133911 
114.130859 
114.128113 
114.124756 
114.122009 
114.120178 
114.118347 
114.115906 
114.113770 
114.111023 
114.108276 
114.105225 
114.102173 
114.099426 
114.095764 
114.093323 
114.090576 
114.087830 
114.085388 
114.082947 
114.079590 
114.077454 
114.075012 
114.072571 
114.069214 
114.066467 
114.063110 
114.059448 
114.056702 
114.054565 
114.051514 
114.049072 
114.046936 
114.044800 
114.042053 
114.039612 
114.036560 
114.034119 
114.031372 
114.028931 
114.026184 
114.023132 
114.020081 
114.017334 
114.014282 
114.013062 
114.010925 
114.009705 
114.006348 
114.004517 
114.002380 
113.999023 
113.996277 
113.993225 
113.990173 
113.987732 
113.984680 
113.982544 
113.980103 
113.977661 
113.975220 
113.972168 
113.970337 
113.968201 
113.965149 
113.962097 
113.958435 
113.955383 
113.952637 
113.950195 
113.947754 
113.945007 
113.943176 
113.940430 
113.938293 
113.935547 
113.933411 
113.930664 
113.927917 
113.925171 
113.922729 
113.919983 
113.916321 
113.913574 
113.911438 
113.909607 
113.908081 
113.905945 
113.904114 
113.901672 
113.898926 
113.895569 
113.893127 
113.890076 
113.887634 
113.884888 
113.881836 
113.879089 
113.876648 
113.874207 
113.871460 
113.869324 
113.867188 
113.865051 
113.861694 
113.858643 
113.855286 
113.851929 
113.849182 
113.847046 
113.844604 
113.842163 
113.839722 
113.837280 
113.834534 
113.832092 
113.829346 
113.827209 
113.824158 
113.822021 
113.818970 
113.815918 
113.812866 
113.810425 
113.807678 
113.806152 
113.804016 
113.802185 
113.800049 
113.797607 
113.794861 
113.792114 
113.789063 
113.786316 
113.783264 
113.780823 
113.778381 
113.775635 
113.773193 
113.770447 
113.768005 
113.765564 
113.763428 
113.761292 
113.757935 
113.755188 
113.751831 
113.748474 
113.745728 
113.742981 
113.741150 
113.738708 
113.735962 
113.733826 
113.731689 
113.728943 
113.726196 
113.724365 
113.721313 
113.718567 
113.716125 
113.713074 
113.710327 
113.707275 
113.705139 
113.702698 
113.701477 
113.699341 
113.697205 
113.695068 
113.691711 
113.688965 
113.686523 
113.683472 
113.680725 
113.677979 
113.675537 
113.672485 
113.670349 
113.667908 
113.664856 
113.662415 
113.660278 
113.658447 
113.655396 
113.651733 
113.648987 
113.645325 
113.643188 
113.640442 
113.638000 
113.635864 
113.633423 
113.630981 
113.628845 
113.626099 
113.623352 
113.621216 
113.618164 
113.615723 
113.613281 
113.609924 
113.607178 
113.603821 
113.601074 
113.599854 
113.598022 
113.596191 
113.593750 
113.591614 
113.589172 
113.585815 
113.583374 
113.580933 
113.577271 
113.575134 
113.572693 
113.569641 
113.567505 
113.564758 
113.562622 
113.559875 
113.557739 
113.555298 
113.552856 
113.549500 
113.546143 
113.542480 
113.540039 
113.537903 
113.535156 
113.533020 
113.530884 
113.528442 
113.526001 
113.523254 
113.520203 
113.518066 
113.515320 
113.512573 
113.509827 
113.507080 
113.504028 
113.500977 
113.498535 
113.497009 
113.495178 
113.492737 
113.490906 
113.488159 
113.485718 
113.482666 
113.479919 
113.477173 
113.474426 
113.471375 
113.469543 
113.466797 
113.464050 
113.462219 
113.459473 
113.456421 
113.453979 
113.452454 
113.449402 
113.446350 
113.442688 
113.439636 
113.436890 
113.434753 
113.431702 
113.429871 
113.427429 
113.424988 
113.422852 
113.420410 
113.417358 
113.414917 
113.412781 
113.409729 
113.407288 
113.404236 
113.401184 
113.398438 
113.395691 
113.394165 
113.392639 
113.390198 
113.387756 
113.385925 
113.383179 
113.380127 
113.377380 
113.374634 
113.371887 
113.369446 
113.367004 
113.363342 
113.360901 
113.358765 
113.356018 
113.354187 
113.351440 
113.349304 
113.346558 
113.343201 
113.340454 
113.336792 
113.333740 
113.331909 
113.329163 
113.326721 
113.324280 
113.322144 
113.319702 
113.316956 
113.314819 
113.312073 
113.309326 
113.306885 
113.304443 
113.300781 
113.298340 
113.295288 
113.293152 
113.291321 
113.289795 
113.287659 
113.285217 
113.282471 
113.280334 
113.277588 
113.274536 
113.271790 
113.268738 
113.266296 
113.263855 
113.260498 
113.258667 
113.256226 
113.253784 
113.251038 
113.249512 
113.247070 
113.243713 
113.240662 
113.237305 
113.233948 
113.231201 
113.228760 
113.226318 
113.223572 
113.221741 
113.218994 
113.217468 
113.214417 
113.211975 
113.209534 
113.206482 
113.203735 
113.200989 
113.198242 
113.195496 
113.192444 
113.190002 
113.188171 
113.186035 
113.184814 
113.182068 
113.179626 
113.177185 
113.174133 
113.171082 
113.168640 
113.165588 
113.163452 
113.160400 
113.157654 
113.155212 
113.152771 
113.150330 
113.148193 
113.145752 
113.143616 
113.140564 
113.137512 
113.133850 
113.130493 
113.128357 
113.125305 
113.123169 
113.120728 
113.118286 
113.116455 
113.114014 
113.111267 
113.108521 
113.106079 
113.103638 
113.101196 
113.097839 
113.095703 
113.092346 
113.089600 
113.087158 
113.085022 
113.083191 
113.081665 
113.078918 
113.077087 
113.074341 
113.071594 
113.068542 
113.065796 
113.062744 
113.059998 
113.057556 
113.054810 
113.051453 
113.049622 
113.046875 
113.044434 
113.042297 
113.039551 
113.037415 
113.033752 
113.030701 
113.027649 
113.024902 
113.022461 
113.020020 
113.017578 
113.015442 
113.013000 
113.010559 
113.008423 
113.005676 
113.002930 
113.000488 
112.998047 
112.994995 
112.992249 
112.989197 
112.986145 
112.983704 
112.982178 
112.980652 
112.978210 
112.976074 
112.973938 
112.971497 
112.968445 
112.965393 
112.962646 
112.959900 
112.957153 
112.954712 
112.951965 
112.949219 
112.947083 
112.944336 
112.941895 
112.939758 
112.937317 
112.934875 
112.931824 
112.928162 
112.924805 
112.922363 
112.919922 
112.917175 
112.914734 
112.912903 
112.910461 
112.907715 
112.905273 
112.903137 
112.900391 
112.897949 
112.894592 
112.891846 
112.889404 
112.886658 
112.883301 
112.881165 
112.878723 
112.877502 
112.875366 
112.872925 
112.871094 
112.868042 
112.865601 
112.862244 
112.859497 
112.856750 
112.854309 
112.851563 
112.848816 
112.846069 
112.843933 
112.841187 
112.839050 
112.836914 
112.834473 
112.832031 
112.828674 
112.824707 
112.822266 
112.818909 
112.816467 
112.814636 
112.811890 
112.809753 
112.807312 
112.804871 
112.802124 
112.799683 
112.797241 
112.794800 
112.792358 
112.789001 
112.786255 
112.783203 
112.780762 
112.778320 
112.776184 
112.774963 
112.773132 
112.770691 
112.768250 
112.765808 
112.762756 
112.759705 
112.756653 
112.753906 
112.750854 
112.748718 
112.745972 
112.743530 
112.741394 
112.738342 
112.735901 
112.733765 
112.731323 
112.728882 
112.725525 
112.722168 
112.719116 
112.716064 
112.713928 
112.711487 
112.709045 
112.706604 
112.704163 
112.702026 
112.699585 
112.697144 
112.694397 
112.691650 
112.688904 
112.686768 
112.683716 
112.680359 
112.677917 
112.674866 
112.673340 
112.671204 
112.669373 
112.667847 
112.665405 
112.662354 
112.659302 
112.656860 
112.654114 
112.651367 
112.648621 
112.646179 
112.643127 
112.640381 
112.638245 
112.635803 
112.633667 
112.631226 
112.628479 
112.626038 
112.622986 
112.619019 
112.615967 
112.613525 
112.611389 
112.608337 
112.605896 
112.604065 
112.601624 
112.599487 
112.597046 
112.594299 
112.591858 
112.589417 
112.586670 
112.583618 
112.580566 
112.577820 
112.574768 
112.572021 
112.570190 
112.568970 
112.566833 
112.564392 
112.561951 
112.559509 
112.556763 
112.553406 
112.551270 
112.547607 
112.545776 
112.543030 
112.540283 
112.537842 
112.535095 
112.532654 
112.530518 
112.528076 
112.525635 
112.523499 
112.520142 
112.516479 
112.513428 
112.510376 
112.508545 
112.505798 
112.503052 
112.501221 
112.498779 
112.496643 
112.493896 
112.491150 
112.489014 
112.486267 
112.483826 
112.480774 
112.477722 
112.474670 
112.471924 
112.469177 
112.467651 
112.465820 
112.464294 
112.461853 
112.459717 
112.456970 
112.454224 
112.451172 
112.448425 
112.445374 
112.442932 
112.440491 
112.437439 
112.434692 
112.432556 
112.429810 
112.427368 
112.425232 
112.422791 
112.420349 
112.416992 
112.413635 
112.409973 
112.407227 
112.405396 
112.402344 
112.400513 
112.398071 
112.395630 
112.393494 
112.390747 
112.388306 
112.385559 
112.383118 
112.380371 
112.377625 
112.374878 
112.372131 
112.369385 
112.366333 
112.364502 
112.362671 
112.361145 
112.359009 
112.356873 
112.354126 
112.351074 
112.348328 
112.345276 
112.342834 
112.340393 
112.337036 
112.334900 
112.332153 
112.329712 
112.327271 
112.324829 
112.322388 
112.319946 
112.317200 
112.314453 
112.310791 
112.307434 
112.304993 
112.302551 
112.299805 
112.297974 
112.295227 
112.293091 
112.290649 
112.287903 
112.285461 
112.283020 
112.280273 
112.277832 
112.274780 
112.272339 
112.268982 
112.265625 
112.263794 
112.261963 
112.259827 
112.257996 
112.255554 
112.253113 
112.250977 
112.248230 
112.245178 
112.242126 
112.239075 
112.236633 
112.233887 
112.231750 
112.229309 
112.226257 
112.224731 
112.221680 
112.219238 
112.217102 
112.214050 
112.211609 
112.207336 
112.204590 
112.202148 
112.199707 
112.196350 
112.194214 
112.192078 
112.189941 
112.187500 
112.185059 
112.182312 
112.180176 
112.177429 
112.174988 
112.171936 
112.169189 
112.166138 
112.163391 
112.161255 
112.159119 
112.157288 
112.155457 
112.153320 
112.150879 
112.148438 
112.145691 
112.142334 
112.139587 
112.137146 
112.134399 
112.131653 
112.128906 
112.126160 
112.124023 
112.121277 
112.119141 
112.116699 
112.114258 
112.111816 
112.108459 
112.104797 
112.101440 
112.098999 
112.096558 
112.093811 
112.091675 
112.089539 
112.086792 
112.084961 
112.082214 
112.079773 
112.077332 
112.074890 
112.071838 
112.069702 
112.066345 
112.063293 
112.060852 
112.057800 
112.056580 
112.054138 
112.052612 
112.050476 
112.048035 
112.045288 
112.042542 
112.039490 
112.036743 
112.033691 
112.031250 
112.028809 
112.025757 
112.023621 
112.021179 
112.018738 
112.015991 
112.013855 
112.011719 
112.008972 
112.005920 
112.001953 
111.998901 
111.995850 
111.994019 
111.991272 
111.989136 
111.986389 
111.983948 
111.982422 
111.979065 
111.976929 
111.975098 
111.972046 
111.969299 
111.966553 
111.963806 
111.960754 
111.957703 
111.955261 
111.952820 
111.951599 
111.949768 
111.947327 
111.944885 
111.942139 
111.939392 
111.936646 
111.933899 
111.930847 
111.928711 
111.925659 
111.922913 
111.920776 
111.918030 
111.915588 
111.913147 
111.910706 
111.908569 
111.906128 
111.902771 
111.899414 
111.896057 
111.893616 
111.891174 
111.888123 
111.885986 
111.883240 
111.881409 
111.878967 
111.876526 
111.874390 
111.871948 
111.868591 
111.866455 
111.863708 
111.860962 
111.857605 
111.854858 
111.852417 
111.850281 
111.849365 
111.846924 
111.844482 
111.842651 
111.839600 
111.837158 
111.834412 
111.831360 
111.828613 
111.825562 
111.823730 
111.820374 
111.817932 
111.815186 
111.812744 
111.810608 
111.808472 
111.806335 
111.803284 
111.800537 
111.796265 
111.793213 
111.790466 
111.788025 
111.785583 
111.783142 
111.780701 
111.778564 
111.776123 
111.773682 
111.771240 
111.768494 
111.766052 
111.763306 
111.760559 
111.757813 
111.754761 
111.752014 
111.749878 
111.747742 
111.746521 
111.744690 
111.741638 
111.739807 
111.737061 
111.734314 
111.731567 
111.728516 
111.725464 
111.722717 
111.720581 
111.718140 
111.715393 
111.712952 
111.710205 
111.707458 
111.705933 
111.702881 
111.700439 
111.697083 
111.693726 
111.690979 
111.687927 
111.685791 
111.683044 
111.680603 
111.678467 
111.676331 
111.673889 
111.671448 
111.668701 
111.666260 
111.663818 
111.660461 
111.658630 
111.655579 
111.652527 
111.649780 
111.647339 
111.645203 
111.643677 
111.641541 
111.638794 
111.636963 
111.634216 
111.631470 
111.628418 
111.625671 
111.622925 
111.619873 
111.617126 
111.614990 
111.611938 
111.610107 
111.607056 
111.604614 
111.602478 
111.600342 
111.597900 
111.593933 
111.590576 
111.587524 
111.584473 
111.582642 
111.579895 
111.577759 
111.575317 
111.572876 
111.570435 
111.568298 
111.565247 
111.563416 
111.560669 
111.557922 
111.555176 
111.552124 
111.549377 
111.546631 
111.543884 
111.542358 
111.540527 
111.538391 
111.536560 
111.534119 
111.531372 
111.528931 
111.525574 
111.523132 
111.519775 
111.517334 
111.514587 
111.512146 
111.509399 
111.506958 
111.504517 
111.502075 
111.500244 
111.497498 
111.495056 
111.491699 
111.488037 
111.484375 
111.482239 
111.479797 
111.477051 
111.474609 
111.472473 
111.470032 
111.467896 
111.465149 
111.462708 
111.460571 
111.457520 
111.455078 
111.452332 
111.449280 
111.446228 
111.443481 
111.440735 
111.438904 
111.437683 
111.435242 
111.433105 
111.430969 
111.428528 
111.425781 
111.422729 
111.419983 
111.416931 
111.414185 
111.411743 
111.408997 
111.406555 
111.403809 
111.401672 
111.399536 
111.396790 
111.394653 
111.391907 
111.388855 
111.385803 
111.382141 
111.379700 
111.377563 
111.374512 
111.372375 
111.369629 
111.367798 
111.365356 
111.362610 
111.360168 
111.357727 
111.355286 
111.352539 
111.349487 
111.346436 
111.343689 
111.340942 
111.338501 
111.336670 
111.334839 
111.333313 
111.330566 
111.328735 
111.325684 
111.322937 
111.319885 
111.317139 
111.314087 
111.311340 
111.308899 
111.306458 
111.304016 
111.301270 
111.298828 
111.296387 
111.294250 
111.291809 
111.289368 
111.285706 
111.282349 
111.279297 
111.276550 
111.274109 
111.271667 
111.269226 
111.266785 
111.264648 
111.262512 
111.259766 
111.257324 
111.254883 
111.252136 
111.249390 
111.246643 
111.244202 
111.241150 
111.238098 
111.235352 
111.233521 
111.232605 
111.230164 
111.228027 
111.225891 
111.222839 
111.220703 
111.217346 
111.214294 
111.211853 
111.209106 
111.206360 
111.203613 
111.201172 
111.198730 
111.196289 
111.193542 
111.191406 
111.189270 
111.186523 
111.183777 
111.179810 
111.176758 
111.174011 
111.171265 
111.169128 
111.166382 
111.163940 
111.162415 
111.159668 
111.156921 
111.154480 
111.152039 
111.149597 
111.146851 
111.144104 
111.141357 
111.138000 
111.135559 
111.133118 
111.131287 
111.129150 
111.127319 
111.125488 
111.123047 
111.119995 
111.117554 
111.114502 
111.111755 
111.109009 
111.106567 
111.103821 
111.100769 
111.098328 
111.095581 
111.093445 
111.091003 
111.088867 
111.086121 
111.083984 
111.080627 
111.077271 
111.073608 
111.071167 
111.069031 
111.066589 
111.063843 
111.061707 
111.059265 
111.057129 
111.054688 
111.051941 
111.049500 
111.047058 
111.044312 
111.041870 
111.038513 
111.035461 
111.032715 
111.030273 
111.028748 
111.026917 
111.024780 
111.022644 
111.020203 
111.017761 
111.014709 
111.011658 
111.008911 
111.006470 
111.003418 
111.000977 
110.997925 
110.995483 
110.993347 
110.990601 
110.988464 
110.986023 
110.983887 
110.980835 
110.977478 
110.974426 
110.970764 
110.968628 
110.966187 
110.963440 
110.960693 
110.958862 
110.956726 
110.954285 
110.951843 
110.949097 
110.946960 
110.944214 
110.941772 
110.938721 
110.936279 
110.933533 
110.930176 
110.927429 
110.925293 
110.924072 
110.922241 
110.919800 
110.917358 
110.914917 
110.911865 
110.908813 
110.906372 
110.903625 
110.900879 
110.897827 
110.895691 
110.893250 
110.890503 
110.888062 
110.886230 
110.883789 
110.881348 
110.878601 
110.875549 
110.871887 
110.868530 
110.865784 
110.863647 
110.860596 
110.858459 
110.856018 
110.853271 
110.851746 
110.848999 
110.846252 
110.843506 
110.841370 
110.838623 
110.835876 
110.833130 
110.829773 
110.827026 
110.824890 
110.822754 
110.820923 
110.819092 
110.816956 
110.814819 
110.811462 
110.809326 
110.806580 
110.803223 
110.800476 
110.798035 
110.794983 
110.792542 
110.789795 
110.787354 
110.785217 
110.782776 
110.780029 
110.778198 
110.775452 
110.772095 
110.768738 
110.765686 
110.762939 
110.760498 
110.757751 
110.755920 
110.753174 
110.751038 
110.748596 
110.745850 
110.743713 
110.740967 
110.738831 
110.735779 
110.733032 
110.730286 
110.727234 
110.724487 
110.721741 
110.719910 
110.718079 
110.716248 
110.713806 
110.711670 
110.709839 
110.706177 
110.703125 
110.700378 
110.697632 
110.694580 
110.692139 
110.689392 
110.686646 
110.684509 
110.682373 
110.679321 
110.677490 
110.675049 
110.672607 
110.669250 
110.665894 
110.662537 
110.659790 
110.657349 
110.654602 
110.652161 
110.650330 
110.647888 
110.645447 
110.642700 
110.640869 
110.638123 
110.635376 
110.632935 
110.629883 
110.627441 
110.624084 
110.621643 
110.619202 
110.616760 
110.615540 
110.613098 
110.611267 
110.608826 
110.606079 
110.603638 
110.600586 
110.597534 
110.594788 
110.592346 
110.589905 
110.586853 
110.584412 
110.582275 
110.579224 
110.577087 
110.574646 
110.572510 
110.569763 
110.566711 
110.563049 
110.560303 
110.557556 
110.554810 
110.552673 
110.549927 
110.547791 
110.545044 
110.543213 
110.540466 
110.537415 
110.535583 
110.532837 
110.529785 
110.527344 
110.524292 
110.521545 
110.518799 
110.516052 
110.514221 
110.512695 
110.510559 
110.508423 
110.505676 
110.502930 
110.500488 
110.497742 
110.494995 
110.491943 
110.489197 
110.487061 
110.484009 
110.481567 
110.478821 
110.476685 
110.474548 
110.471802 
110.469666 
110.467224 
110.463562 
110.460510 
110.456848 
110.454407 
110.452271 
110.449219 
110.447083 
110.444641 
110.442505 
110.440063 
110.437622 
110.435181 
110.432739 
110.429993 
110.427246 
110.424500 
110.422058 
110.419006 
110.415955 
110.413513 
110.411682 
110.409546 
110.408020 
110.405273 
110.403442 
110.401611 
110.397949 
110.395203 
110.392151 
110.389099 
110.386963 
110.384216 
110.381470 
110.378418 
110.375977 
110.373535 
110.371094 
110.368958 
110.367126 
110.364075 
110.360718 
110.357361 
110.353699 
110.351257 
110.348816 
110.346375 
110.344238 
110.341797 
110.339661 
110.337524 
110.334778 
110.332336 
110.329895 
110.327148 
110.324707 
110.321655 
110.319214 
110.315857 
110.312805 
110.310364 
110.308838 
110.307312 
110.304565 
110.302734 
110.300903 
110.297852 
110.295410 
110.292358 
110.289307 
110.286560 
110.283813 
110.281372 
110.278625 
110.276184 
110.273438 
110.271301 
110.268555 
110.266418 
110.264282 
110.261536 
110.258179 
110.254517 
110.252075 
110.249634 
110.246887 
110.243835 
110.242004 
110.239563 
110.237427 
110.234680 
110.232239 
110.229492 
110.226746 
110.224304 
110.221863 
110.218811 
110.216064 
110.213318 
110.210266 
110.208130 
110.205994 
110.204773 
110.202637 
110.200195 
110.198059 
110.195313 
110.192871 
110.190125 
110.186462 
110.184326 
110.180969 
110.178833 
110.176086 
110.173645 
110.170898 
110.168152 
110.166016 
110.163879 
110.161438 
110.158691 
110.155640 
110.152283 
110.148926 
110.146179 
110.144043 
110.141602 
110.138855 
110.136414 
110.134888 
110.132446 
110.129700 
110.126953 
110.124817 
110.122681 
110.119629 
110.117188 
110.114441 
110.112610 
110.110168 
110.108948 
110.108032 
110.107727 
110.107727 
110.107117 
110.106812 
110.106506 
110.105591 
110.105591 
110.104980 
110.104065 
110.103760 
110.104370 
110.104065 
110.104065 
110.104675 
110.104675 
110.104370 
110.104980 
110.105286 
110.104980 
110.104675 
110.103760 
110.103149 
110.103149 
110.103455 
110.103760 
110.104065 
110.104065 
110.104370 
110.105286 
110.104980 
110.104980 
110.104980 
110.105286 
110.104980 
110.105286 
110.104980 
110.104980 
110.104065 
110.104370 
110.105286 
110.105896 
110.106812 
110.107422 
110.107422 
110.107727 
110.107117 
110.107117 
110.106506 
110.106812 
110.106812 
110.106812 
110.106201 
110.107117 
110.106812 
110.107117 
110.106812 
110.107117 
110.107422 
110.107422 
110.106812 
110.105896 
110.104675 
110.105591 
110.105591 
110.105591 
110.105591 
110.106201 
110.106506 
110.106506 
110.106201 
110.106506 
110.106506 
110.106506 
110.106506 
110.105896 
110.105896 
110.105591 
110.104675 
110.104675 
110.105896 
110.106812 
110.107422 
110.107727 
110.107727 
110.107727 
110.107727 
110.107117 
110.106812 
110.107422 
110.107117 
