Blum, K. P., D’Incamps, B. L., Zytnicki, D., & Ting, L. H. (2017).
Force encoding in muscle spindles during stretch of
passive muscle. PLoS computational biology, 13(9), 
e1005767. <https://journals.plos.org/ploscompbiol/article?
id=10.1371/journal.pcbi.1005767>

cat medial gastrocnemius muscle lengths over t  (in 0.0005 s increments)
110.109863 
110.110168 
110.109863 
110.110168 
110.110168 
110.109863 
110.109863 
110.108948 
110.108948 
110.108643 
110.108643 
110.109863 
110.111084 
110.111694 
110.111694 
110.111084 
110.111084 
110.110474 
110.110168 
110.109863 
110.109863 
110.109863 
110.109863 
110.109558 
110.109863 
110.110168 
110.110168 
110.110779 
110.110779 
110.111389 
110.111084 
110.109863 
110.108337 
110.108032 
110.108337 
110.108948 
110.108948 
110.109558 
110.109863 
110.109863 
110.110168 
110.110168 
110.110168 
110.110168 
110.110168 
110.109863 
110.109863 
110.109253 
110.108643 
110.108643 
110.108643 
110.109863 
110.111084 
110.111694 
110.111084 
110.111084 
110.111084 
110.110168 
110.110168 
110.109863 
110.110168 
110.109558 
110.109558 
110.109863 
110.109253 
110.109863 
110.110474 
110.110474 
110.111389 
110.111694 
110.111084 
110.109863 
110.108643 
110.108337 
110.108032 
110.108948 
110.109253 
110.109558 
110.109558 
110.109863 
110.109863 
110.109863 
110.109863 
110.110168 
110.110168 
110.109558 
110.109863 
110.109253 
110.108948 
110.108643 
110.108643 
110.109863 
110.110779 
110.111694 
110.111084 
110.110779 
110.110779 
110.110474 
110.109863 
110.109558 
110.109253 
110.109558 
110.109558 
110.109863 
110.109863 
110.109863 
110.110474 
110.110779 
110.111084 
110.111694 
110.112000 
110.111389 
110.110779 
110.110779 
110.111389 
110.112915 
110.115051 
110.117188 
110.119019 
110.121765 
110.125122 
110.127258 
110.130615 
110.134583 
110.137634 
110.141907 
110.146484 
110.150757 
110.155640 
110.160828 
110.167236 
110.174866 
110.182800 
110.190735 
110.197754 
110.205078 
110.213013 
110.220032 
110.228882 
110.237732 
110.246887 
110.255737 
110.264893 
110.274963 
110.284729 
110.293884 
110.304871 
110.314941 
110.325623 
110.336609 
110.346680 
110.356140 
110.365906 
110.376587 
110.387573 
110.399170 
110.410767 
110.422668 
110.434875 
110.447693 
110.460205 
110.472717 
110.485840 
110.498657 
110.511475 
110.523987 
110.537415 
110.550537 
110.563660 
110.575867 
110.588684 
110.602722 
110.615540 
110.628662 
110.639954 
110.651245 
110.662231 
110.672607 
110.682983 
110.693054 
110.703125 
110.713806 
110.723572 
110.733643 
110.743713 
110.753174 
110.763245 
110.773010 
110.783386 
110.792847 
110.802307 
110.810547 
110.819092 
110.827637 
110.836792 
110.846558 
110.856323 
110.866394 
110.876465 
110.886536 
110.895996 
110.905762 
110.915833 
110.925598 
110.934753 
110.944214 
110.953674 
110.963135 
110.972595 
110.982361 
110.992126 
111.003113 
111.014709 
111.025696 
111.035767 
111.044922 
111.054993 
111.064758 
111.074524 
111.084595 
111.094055 
111.104126 
111.114502 
111.124573 
111.134949 
111.145325 
111.156006 
111.166687 
111.177979 
111.188354 
111.198425 
111.207581 
111.217041 
111.226501 
111.236877 
111.247559 
111.257935 
111.268921 
111.279602 
111.290588 
111.301270 
111.311340 
111.322327 
111.333008 
111.343079 
111.353149 
111.363220 
111.373291 
111.383057 
111.393433 
111.403809 
111.415405 
111.427002 
111.437683 
111.448059 
111.458435 
111.468201 
111.478271 
111.488647 
111.499023 
111.509094 
111.519165 
111.529846 
111.539917 
111.549988 
111.560974 
111.571655 
111.582031 
111.593018 
111.603394 
111.613464 
111.622620 
111.632080 
111.641541 
111.652222 
111.662903 
111.673279 
111.684265 
111.694336 
111.705322 
111.715393 
111.725769 
111.736450 
111.746521 
111.756592 
111.766663 
111.777039 
111.785889 
111.795959 
111.806030 
111.815796 
111.827393 
111.838684 
111.849060 
111.859131 
111.868896 
111.878357 
111.888123 
111.897278 
111.907654 
111.917419 
111.927185 
111.937256 
111.947327 
111.957703 
111.968079 
111.978455 
111.989441 
111.999512 
112.010193 
112.019653 
112.028503 
112.037659 
112.047119 
112.056885 
112.066956 
112.077942 
112.088013 
112.098389 
112.108765 
112.119751 
112.129517 
112.139893 
112.149963 
112.159424 
112.169800 
112.179565 
112.189331 
112.198792 
112.208862 
112.218933 
112.229919 
112.241516 
112.252197 
112.262268 
112.272644 
112.282410 
112.292175 
112.301941 
112.311401 
112.321777 
112.331543 
112.341919 
112.352295 
112.362061 
112.372437 
112.383118 
112.393494 
112.404175 
112.414856 
112.424927 
112.434387 
112.443237 
112.453003 
112.463379 
112.473755 
112.484131 
112.494812 
112.505188 
112.515564 
112.526245 
112.536621 
112.546997 
112.557678 
112.567444 
112.577515 
112.587585 
112.597656 
112.607422 
112.617188 
112.627869 
112.638855 
112.650757 
112.661438 
112.671814 
112.681885 
112.691956 
112.701721 
112.711182 
112.721252 
112.731018 
112.741394 
112.751465 
112.761841 
112.772217 
112.782593 
112.793274 
112.803955 
112.814636 
112.825012 
112.834778 
112.843933 
112.852783 
112.862854 
112.872925 
112.883606 
112.893982 
112.904358 
112.915344 
112.925415 
112.935791 
112.946472 
112.957153 
112.966309 
112.976685 
112.986755 
112.996521 
113.005981 
113.015747 
113.025208 
113.034363 
113.045349 
113.056335 
113.066101 
113.074951 
113.083801 
113.091736 
113.099670 
113.107605 
113.114624 
113.121948 
113.128967 
113.136292 
113.142700 
113.149109 
113.155212 
113.161011 
113.166504 
113.172302 
113.176575 
113.180542 
113.183899 
113.185730 
113.188477 
113.191528 
113.194275 
113.197021 
113.199463 
113.202209 
113.204041 
113.205566 
113.207092 
113.208008 
113.209534 
113.209839 
113.210144 
113.210754 
113.210449 
113.210449 
113.210144 
113.210144 
113.211670 
113.212891 
113.212891 
113.212891 
113.212585 
113.211975 
113.211365 
113.210754 
113.210144 
113.209839 
113.209534 
113.208923 
113.208008 
113.208008 
113.207703 
113.207397 
113.207397 
113.207397 
113.207092 
113.206177 
113.204346 
113.202820 
113.202209 
113.201904 
113.201294 
113.201294 
113.201294 
113.200989 
113.200684 
113.200989 
113.200378 
113.199768 
113.200073 
113.199463 
113.198853 
113.197937 
113.197937 
113.196716 
113.196411 
113.196716 
113.197632 
113.197937 
113.198547 
113.198547 
113.197937 
113.197632 
113.196716 
113.196106 
113.196106 
113.196106 
113.195801 
113.195496 
113.196106 
113.195801 
113.195801 
113.196411 
113.196411 
113.197021 
113.197021 
113.197327 
113.195801 
113.194885 
113.194275 
113.194580 
113.194580 
113.195190 
113.195801 
113.196106 
113.196106 
113.196106 
113.196716 
113.196716 
113.196716 
113.196411 
113.196716 
113.196411 
113.196411 
113.195801 
113.195190 
113.195496 
113.196716 
113.197632 
113.198242 
113.197937 
113.197632 
113.197327 
113.196716 
113.196411 
113.196411 
113.196106 
113.195801 
113.195496 
113.195496 
113.195801 
113.195801 
113.196106 
113.196106 
113.196411 
113.196716 
113.196411 
113.194885 
113.193665 
113.193359 
113.193054 
113.193054 
113.193054 
113.193359 
113.193665 
113.193970 
113.193665 
113.193665 
113.193970 
113.193665 
113.193359 
113.193054 
113.192749 
113.191833 
113.191528 
113.190918 
113.190613 
113.191833 
113.193054 
113.193359 
113.193359 
113.193054 
113.192749 
113.192139 
113.191528 
113.190918 
113.191223 
113.190918 
113.190613 
113.190613 
113.190918 
113.190918 
113.190918 
113.191528 
113.192139 
113.192139 
113.192444 
113.190918 
113.189697 
113.189392 
113.189697 
113.190002 
113.190002 
113.190613 
113.191223 
113.191223 
113.191833 
113.191528 
113.191833 
113.191833 
113.192139 
113.191833 
113.191833 
113.191528 
113.191223 
113.190918 
113.191223 
113.192749 
113.193970 
113.194275 
113.194885 
113.194580 
113.194275 
113.193970 
113.193665 
113.193359 
113.193359 
113.193665 
113.193970 
113.193970 
113.194275 
113.194275 
113.194885 
113.195496 
113.196106 
113.196106 
113.196411 
113.195496 
113.193970 
113.193665 
113.193359 
113.193665 
113.194275 
113.194580 
113.194885 
113.194885 
113.195496 
113.195801 
113.195801 
113.196106 
113.195496 
113.195190 
113.195190 
113.194580 
113.193970 
113.193970 
113.193970 
113.195190 
113.196411 
113.197021 
113.196716 
113.196106 
113.195801 
113.195190 
113.194580 
113.194580 
113.194275 
113.194275 
113.193970 
113.193970 
113.193359 
113.193970 
113.193665 
113.193970 
113.194275 
113.194580 
113.194275 
113.193054 
113.191528 
113.191223 
113.190918 
113.191223 
113.191223 
113.191528 
113.191833 
113.192139 
113.192139 
113.192139 
113.192139 
113.192139 
113.191833 
113.191833 
113.191833 
113.191223 
113.190613 
113.190613 
113.190613 
113.190918 
113.192444 
113.193054 
113.193054 
113.192444 
113.192444 
113.191833 
113.191528 
113.191223 
113.190918 
113.191223 
113.191223 
113.191223 
113.191223 
113.191528 
113.191833 
113.191833 
113.192444 
113.192749 
113.193054 
113.191528 
113.190613 
113.190002 
113.190002 
113.190613 
113.190918 
113.191528 
113.191833 
113.192139 
113.192444 
113.192749 
113.192749 
113.192749 
113.192749 
113.192749 
113.192749 
113.192444 
113.191833 
113.191528 
113.192139 
113.192749 
113.194580 
113.195190 
113.194885 
113.195190 
113.194885 
113.193970 
113.193359 
113.193665 
113.193359 
113.193359 
113.193054 
113.193054 
113.193359 
113.193359 
113.193359 
113.194275 
113.194580 
113.194580 
113.194580 
113.193359 
113.192444 
113.191833 
113.191833 
113.191833 
113.193054 
113.192749 
113.193359 
113.193359 
113.193359 
113.193359 
113.193665 
113.193665 
113.193054 
113.193359 
113.192749 
113.191833 
113.191833 
113.191223 
113.191528 
113.192749 
113.193970 
113.194275 
113.193970 
113.193359 
113.193359 
113.192749 
113.192444 
113.191833 
113.191223 
113.191528 
113.191833 
113.191528 
113.191833 
113.191528 
113.191528 
113.192139 
113.192749 
113.192749 
113.193054 
113.191528 
113.190002 
113.190002 
113.189392 
113.190002 
113.190002 
113.190613 
113.190613 
113.190918 
113.191528 
113.191528 
113.191833 
113.191223 
113.191223 
113.191223 
113.190918 
113.190613 
113.190308 
113.190002 
113.190002 
113.191528 
113.192444 
113.192749 
113.192749 
113.192749 
113.192444 
113.192139 
113.191528 
113.191528 
113.191833 
113.191223 
113.191528 
113.191223 
113.191833 
113.192444 
113.192444 
113.192749 
113.193665 
113.193054 
113.193359 
113.192139 
113.191223 
113.190613 
113.190918 
113.190918 
113.191528 
113.191833 
113.192139 
113.192749 
113.192749 
113.192749 
113.193054 
113.193054 
113.193054 
113.193054 
113.192444 
113.192139 
113.192139 
113.191833 
113.192139 
113.192749 
113.194275 
113.194885 
113.194275 
113.194275 
113.193970 
113.193665 
113.193665 
113.193054 
113.192749 
113.192749 
113.193054 
113.192749 
113.192749 
113.193054 
113.193054 
113.193359 
113.193665 
113.194275 
113.193665 
113.193054 
113.191833 
113.190918 
113.190918 
113.190918 
113.191528 
113.191833 
113.192139 
113.192444 
113.192444 
113.192749 
113.192444 
113.192444 
113.192444 
113.192139 
113.192139 
113.191833 
113.191223 
113.190613 
113.190918 
113.191833 
113.193054 
113.193054 
113.193054 
113.193054 
113.192749 
113.192139 
113.191528 
113.191833 
113.191528 
113.191528 
113.191223 
113.191528 
113.191833 
113.191528 
113.191833 
113.192139 
113.192444 
113.192749 
113.192749 
113.191528 
113.190918 
113.189697 
113.190002 
113.190002 
113.190308 
113.190918 
113.190918 
113.191223 
113.191528 
113.191833 
113.191833 
113.191528 
113.191833 
113.191528 
113.191223 
113.191528 
113.190918 
113.190308 
113.190308 
113.191528 
113.192749 
113.193359 
113.193359 
113.193054 
113.193359 
113.192444 
113.192444 
113.191833 
113.192139 
113.192139 
113.192139 
113.191528 
113.192444 
113.192444 
113.191833 
113.193054 
113.193359 
113.193665 
113.193359 
113.192444 
113.191223 
113.190613 
113.190613 
113.191223 
113.191528 
113.191833 
113.192139 
113.192444 
113.192749 
113.192749 
113.192749 
113.192749 
113.193054 
113.192444 
113.192139 
113.192139 
113.191223 
113.191223 
113.191223 
113.192444 
113.193970 
113.193665 
113.194275 
113.193665 
113.193359 
113.193054 
113.192444 
113.192444 
113.191833 
113.192139 
113.192139 
113.191833 
113.192444 
113.192139 
113.192139 
113.192749 
113.193665 
113.193665 
113.193359 
113.193054 
113.190918 
113.190613 
113.190308 
113.190918 
113.191223 
113.191528 
113.191528 
113.191833 
113.191833 
113.192139 
113.191528 
113.192139 
113.191833 
113.191528 
113.191833 
113.190918 
113.190918 
113.190308 
113.190002 
113.191528 
113.192749 
113.193054 
113.193054 
113.193054 
113.192749 
113.192139 
113.191833 
113.191528 
113.191528 
113.191223 
113.190918 
113.190918 
113.191223 
113.190918 
113.191833 
113.192444 
113.192749 
113.193054 
113.192444 
113.191223 
113.190308 
113.190002 
113.190002 
113.190002 
113.190613 
113.191223 
113.191528 
113.191528 
113.192139 
113.191833 
113.192139 
113.191833 
113.192139 
113.191833 
113.191528 
113.191223 
113.190918 
113.190613 
113.190613 
113.191833 
113.192749 
113.193665 
113.193665 
113.193359 
113.192749 
113.192444 
113.192139 
113.191528 
113.192139 
113.191528 
113.191833 
113.191833 
113.192139 
113.192139 
113.192139 
113.192749 
113.193359 
113.193359 
113.193665 
113.192139 
113.190918 
113.190918 
113.190613 
113.191223 
113.190918 
113.191223 
113.191833 
113.192139 
113.191833 
113.192749 
113.192444 
113.192444 
113.192444 
113.191833 
113.192139 
113.191528 
113.191223 
113.190918 
113.190613 
113.191833 
113.193359 
113.193665 
113.193359 
113.193054 
113.192749 
113.192749 
113.192139 
113.191833 
113.191528 
113.191528 
113.191528 
113.191223 
113.191528 
113.192139 
113.191833 
113.192139 
113.192444 
113.192749 
113.192749 
113.191528 
113.190613 
113.190308 
113.190308 
113.190308 
113.190308 
113.190613 
113.191223 
113.191528 
113.191528 
113.191833 
113.192139 
113.191528 
113.191528 
113.191528 
113.191833 
113.190918 
113.190308 
113.190002 
113.190308 
113.191528 
113.192749 
113.193054 
113.192749 
113.193054 
113.192749 
113.192139 
113.191833 
113.191528 
113.191223 
113.190918 
113.191528 
113.191223 
113.191528 
113.191528 
113.192139 
113.192444 
113.192749 
113.193054 
113.192749 
113.191833 
113.190613 
113.190002 
113.190308 
113.190308 
113.190918 
113.191223 
113.191223 
113.191528 
113.192139 
113.192139 
113.192139 
113.191833 
113.191833 
113.192139 
113.191833 
113.191223 
113.191223 
113.190613 
113.190918 
113.192139 
113.193359 
113.193970 
113.193359 
113.193359 
113.193054 
113.192444 
113.192444 
113.192139 
113.192444 
113.191833 
113.192139 
113.191833 
113.192139 
113.192139 
113.192444 
113.193054 
113.193359 
113.193665 
113.193359 
113.192139 
113.191223 
113.190918 
113.190613 
113.190918 
113.190918 
113.191223 
113.191528 
113.191833 
113.191833 
113.191833 
113.192444 
113.192444 
113.192444 
113.192139 
113.192139 
113.191528 
113.191223 
113.190613 
113.190613 
113.191528 
113.193359 
113.193359 
113.193359 
113.193054 
113.192444 
113.192444 
113.191833 
113.191833 
113.191528 
113.191223 
113.191223 
113.191528 
113.191223 
113.191528 
113.191833 
113.191528 
113.192444 
113.192749 
113.192444 
113.191833 
113.190308 
113.190002 
113.190002 
113.190002 
113.190308 
113.190918 
113.190918 
113.191833 
113.191528 
113.191528 
113.191833 
113.191528 
113.191833 
113.191528 
113.191223 
113.190918 
113.190613 
113.190308 
113.190308 
113.191528 
113.192749 
113.193665 
113.193054 
113.193054 
113.192444 
113.192139 
113.192139 
113.191528 
113.191528 
113.191528 
113.191528 
113.191223 
113.191833 
113.191833 
113.192139 
113.192749 
113.193054 
113.193054 
113.193054 
113.191833 
113.190613 
113.190002 
113.190613 
113.190308 
113.190613 
113.190918 
113.191528 
113.191833 
113.192139 
113.192444 
113.192444 
113.192444 
113.192139 
113.192139 
113.191833 
113.190918 
113.190918 
113.190308 
113.190613 
113.192139 
113.193359 
113.193970 
113.193359 
113.193054 
113.192444 
113.192444 
113.191833 
113.191833 
113.191528 
113.191528 
113.191528 
113.191528 
113.191833 
113.192139 
113.192444 
113.192749 
113.192749 
113.193054 
113.192749 
113.191833 
113.190613 
113.190002 
113.190002 
113.190308 
113.190308 
113.191223 
113.191528 
113.191528 
113.191528 
113.191833 
113.191833 
113.191528 
113.191833 
113.191833 
113.191223 
113.190918 
113.190308 
113.189697 
113.190308 
113.191833 
113.192749 
113.192749 
113.193054 
113.192139 
113.192139 
113.192139 
113.191528 
113.191223 
113.191833 
113.191223 
113.190918 
113.191223 
113.191528 
113.191223 
113.191528 
113.191833 
113.192444 
113.192749 
113.193054 
113.191833 
113.190918 
113.190308 
113.190308 
113.190613 
113.190308 
113.190918 
113.191223 
113.191833 
113.191833 
113.191833 
113.191833 
113.192139 
113.191528 
113.191528 
113.191223 
113.191223 
113.190308 
113.190613 
113.190308 
113.191528 
113.193054 
113.193970 
113.193054 
113.193054 
113.193054 
113.192749 
113.192139 
113.191528 
113.192139 
113.191833 
113.191833 
113.191528 
113.191833 
113.191833 
113.192139 
113.192444 
113.192749 
113.193054 
113.192749 
113.192139 
113.191223 
113.190002 
113.190308 
113.190613 
113.190918 
113.191223 
113.191528 
113.192139 
113.192139 
113.192139 
113.192444 
113.191833 
113.191833 
113.192139 
113.191528 
113.190918 
113.191223 
113.190613 
113.190613 
113.191528 
113.193054 
113.193054 
113.193054 
113.192749 
113.192749 
113.192139 
113.191528 
113.191833 
113.191223 
113.191223 
113.191528 
113.191223 
113.191528 
113.191833 
113.191833 
113.192139 
113.192749 
113.192749 
113.192749 
113.191833 
113.190613 
113.190002 
113.189697 
113.190002 
113.190308 
113.190613 
113.191223 
113.191528 
113.191833 
113.191833 
113.191528 
113.191223 
113.191528 
113.191528 
113.190918 
113.190918 
113.190308 
113.190002 
113.190002 
113.191833 
113.192444 
113.193359 
113.193359 
113.192749 
113.192749 
113.192139 
113.191833 
113.191528 
113.191223 
113.191223 
113.191223 
113.191223 
113.191528 
113.191833 
113.191833 
113.192139 
113.192749 
113.192749 
113.193054 
113.191528 
113.190308 
113.190002 
113.190308 
113.190308 
113.190613 
113.191223 
113.191833 
113.191528 
113.192139 
113.192139 
113.192139 
113.191833 
113.191833 
113.191833 
113.191833 
113.190918 
113.191223 
113.190613 
113.190918 
113.191833 
113.193054 
113.193665 
113.193359 
113.192749 
113.192749 
113.192444 
113.192139 
113.191528 
113.191833 
113.191833 
113.191833 
113.191528 
113.191528 
113.191833 
113.192444 
113.192749 
113.192749 
113.193054 
113.192749 
113.192139 
113.190918 
113.190308 
113.190002 
113.190308 
113.190918 
113.190918 
113.191223 
113.191528 
113.192139 
113.192139 
113.191833 
113.191528 
113.192139 
113.191833 
113.191223 
113.191223 
113.190918 
113.190002 
113.190308 
113.191528 
113.193054 
113.192749 
113.193054 
113.192444 
113.192444 
113.191833 
113.191528 
113.191833 
113.191223 
113.191528 
113.191223 
113.191528 
113.191528 
113.191833 
113.191223 
113.191833 
113.192749 
113.192749 
113.192749 
113.191528 
113.190308 
113.190002 
113.190002 
113.190002 
113.190613 
113.190613 
113.190918 
113.191223 
113.191223 
113.191833 
113.191528 
113.191833 
113.191528 
113.191833 
113.191223 
113.190918 
113.190613 
113.190308 
113.190613 
113.191528 
113.192749 
113.193054 
113.193359 
113.192749 
113.192444 
113.192444 
113.191833 
113.191528 
113.191528 
113.191528 
113.191528 
113.191223 
113.191528 
113.191833 
113.191833 
113.192749 
113.192749 
113.192749 
113.193359 
113.191528 
113.190613 
113.190308 
113.190613 
113.190613 
113.190918 
113.190613 
113.191223 
113.191528 
113.191833 
113.192139 
113.191833 
113.192139 
113.192139 
113.191833 
113.191528 
113.191223 
113.190918 
113.190613 
113.190613 
113.191833 
113.192749 
113.193359 
113.193359 
113.192444 
113.192444 
113.192444 
113.192139 
113.191833 
113.191833 
113.191528 
113.191223 
113.191223 
113.191528 
113.191528 
113.191833 
113.192139 
113.192749 
113.192749 
113.192444 
113.191833 
113.190613 
113.190002 
113.190002 
113.190002 
113.190918 
113.190918 
113.191223 
113.191528 
113.191833 
113.191833 
113.191833 
113.191833 
113.191833 
113.191528 
113.191528 
113.190918 
113.190308 
113.190002 
113.190613 
113.190918 
113.192444 
113.192749 
113.193054 
113.192444 
113.192749 
113.192444 
113.191528 
113.191528 
113.191528 
113.190918 
113.191223 
113.191528 
113.191223 
113.191223 
113.191528 
113.192139 
113.192749 
113.192749 
113.192749 
113.192139 
113.190613 
113.190002 
113.190002 
113.190308 
113.190613 
113.190918 
113.191528 
113.191223 
113.191833 
113.191833 
113.191833 
113.191833 
113.191833 
113.191833 
113.191528 
113.191223 
113.190918 
113.190308 
113.190613 
113.191223 
113.193054 
113.193054 
113.193359 
113.193054 
113.192444 
113.191833 
113.191833 
113.191528 
113.191528 
113.191528 
113.191223 
113.190918 
113.191528 
113.191833 
113.191833 
113.192139 
113.192749 
113.193054 
113.193054 
113.192139 
113.190308 
113.190308 
113.190308 
113.190308 
113.190308 
113.191528 
113.191528 
113.192139 
113.192139 
113.191833 
113.192444 
113.191528 
113.192139 
113.191528 
113.191528 
113.191223 
113.190613 
113.190613 
113.190308 
113.191528 
113.192749 
113.193665 
113.193054 
113.192749 
113.192139 
113.192444 
113.191528 
113.191223 
113.191528 
113.191223 
113.190918 
113.191223 
113.191223 
113.191528 
113.191833 
113.192139 
113.192444 
113.192444 
113.192749 
113.191528 
113.190308 
113.190002 
113.190002 
113.190308 
113.190613 
113.190613 
113.190918 
113.191223 
113.191223 
113.191833 
113.191528 
113.191528 
113.191833 
113.191223 
113.191528 
113.190918 
113.190613 
113.190002 
113.190308 
113.191528 
113.192444 
113.193054 
113.193054 
113.192139 
113.192444 
113.192139 
113.191528 
113.191223 
113.190918 
113.191223 
113.191223 
113.191223 
113.191528 
113.191528 
113.191528 
113.192444 
113.192444 
113.192749 
113.193054 
113.191833 
113.190918 
113.190002 
113.190002 
113.190613 
113.190918 
113.190613 
113.191528 
113.191833 
113.191528 
113.192139 
113.191528 
113.192444 
113.191528 
113.191528 
113.191528 
113.191223 
113.190613 
113.190002 
113.190308 
113.191223 
113.192749 
113.193665 
113.193359 
113.192749 
113.192444 
113.192444 
113.191833 
113.191528 
113.191528 
113.191528 
113.191528 
113.191223 
113.191833 
113.191528 
113.191833 
113.192444 
113.192749 
113.193054 
113.193054 
113.192139 
113.190918 
113.190308 
113.190002 
113.190002 
113.190613 
113.190613 
113.191223 
113.191528 
113.191528 
113.191528 
113.191833 
113.191528 
113.191833 
113.191833 
113.191528 
113.191223 
113.190613 
113.190308 
113.190308 
113.191528 
113.192749 
113.193359 
113.192749 
113.192749 
113.192444 
113.192444 
113.191528 
113.191528 
113.191528 
113.190918 
113.191223 
113.191223 
113.190918 
113.191833 
113.191833 
113.192139 
113.192139 
113.193054 
113.192444 
113.191528 
113.190308 
113.189697 
113.190002 
113.190308 
113.190613 
113.190918 
113.191223 
113.191528 
113.191528 
113.191528 
113.192139 
113.191833 
113.191833 
113.191833 
113.191223 
113.191223 
113.190308 
113.190308 
113.190308 
113.191528 
113.192444 
113.193054 
113.193054 
113.192749 
113.192139 
113.191833 
113.191528 
113.191528 
113.191223 
113.190918 
113.191223 
113.191528 
113.191528 
113.192139 
113.191833 
113.192444 
113.192444 
113.192749 
113.192749 
113.191833 
113.190613 
113.190002 
113.189697 
113.190918 
113.190613 
113.190918 
113.191528 
113.191223 
113.191833 
113.192139 
113.191528 
113.191833 
113.192139 
113.191528 
113.191223 
113.191223 
113.190613 
113.190308 
113.190308 
113.191833 
113.192749 
113.193359 
113.193054 
113.193054 
113.192444 
113.192139 
113.192139 
113.191528 
113.190918 
113.191528 
113.191223 
113.191528 
113.191528 
113.191528 
113.191528 
113.192139 
113.192444 
113.192749 
113.193054 
113.191833 
113.190613 
113.190613 
113.190308 
113.190308 
113.190613 
113.190918 
113.191223 
113.191528 
113.191528 
113.191528 
113.191833 
113.191833 
113.191528 
113.191223 
113.191528 
113.190918 
113.190613 
113.190308 
113.190308 
113.190918 
113.192139 
113.193054 
113.192749 
113.192749 
113.192444 
113.191833 
113.191528 
113.191223 
113.191223 
113.191528 
113.191223 
113.191223 
113.191223 
113.191223 
113.191528 
113.192139 
113.192139 
113.193054 
113.192444 
113.191528 
113.190308 
113.189697 
113.189392 
113.190613 
113.190918 
113.190918 
113.191223 
113.191223 
113.191528 
113.191528 
113.191833 
113.191833 
113.191833 
113.192139 
113.191528 
113.190613 
113.190613 
113.190002 
113.190308 
113.191528 
113.192749 
113.193054 
113.192749 
113.192749 
113.192749 
113.191833 
113.191833 
113.191528 
113.191223 
113.191528 
113.191223 
113.191223 
113.191223 
113.191223 
113.191223 
113.192139 
113.192139 
113.192749 
113.192749 
113.192139 
113.190918 
113.190308 
113.190002 
113.190308 
113.190918 
113.190918 
113.191223 
113.191528 
113.191833 
113.192139 
113.191223 
113.191833 
113.191528 
113.191528 
113.191223 
113.191528 
113.190613 
113.190002 
113.190613 
113.191223 
113.192444 
113.193359 
113.193054 
113.192444 
113.192444 
113.192139 
113.191833 
113.191528 
113.190918 
113.191223 
113.190918 
113.191528 
113.191528 
113.191528 
113.191833 
113.191833 
113.192444 
113.193359 
113.192444 
113.191528 
113.190308 
113.190002 
113.189697 
113.190613 
113.190308 
113.190613 
113.191223 
113.191833 
113.191528 
113.191528 
113.191528 
113.192139 
113.191833 
113.191223 
113.191223 
113.191223 
113.190308 
113.190308 
113.190613 
113.191223 
113.192749 
113.193054 
113.193359 
113.193054 
113.192749 
113.191833 
113.191223 
113.191528 
113.191528 
113.190918 
113.191528 
113.191223 
113.191223 
113.191223 
113.191528 
113.191528 
113.192139 
113.193054 
113.192749 
113.191833 
113.190613 
113.190002 
113.190002 
113.190308 
113.190613 
113.190918 
113.190918 
113.191833 
113.191833 
113.191833 
113.192139 
113.191833 
113.191833 
113.192139 
113.191223 
113.191223 
113.190918 
113.190308 
113.190308 
113.191528 
113.192444 
113.193359 
113.193359 
113.192749 
113.192444 
113.192444 
113.191833 
113.191528 
113.191528 
113.190918 
113.191528 
113.191223 
113.191223 
113.191528 
113.192139 
113.192139 
113.192444 
113.193054 
113.192749 
113.191528 
113.190613 
113.190002 
113.189392 
113.190613 
113.190613 
113.191223 
113.191223 
113.191528 
113.191833 
113.191528 
113.191833 
113.191833 
113.191833 
113.191528 
113.191223 
113.191223 
113.190918 
113.190613 
113.190308 
113.191528 
113.192749 
113.193359 
113.193054 
113.193054 
113.192444 
113.192139 
113.191528 
113.191223 
113.190918 
113.191223 
113.190918 
113.190918 
113.191223 
113.191528 
113.191528 
113.191528 
113.192444 
113.192444 
113.192749 
113.191833 
113.190613 
113.190002 
113.190002 
113.190308 
113.190308 
113.190918 
113.191223 
113.191528 
113.191528 
113.191528 
113.192139 
113.191833 
113.191833 
113.191528 
113.191528 
113.191223 
113.190613 
113.190002 
113.190308 
113.191223 
113.192444 
113.193359 
113.193054 
113.192749 
113.192444 
113.191833 
113.191833 
113.191528 
113.191223 
113.191223 
113.191528 
113.191223 
113.191528 
113.190918 
113.191528 
113.192444 
113.192749 
113.192749 
113.192444 
113.191833 
113.190308 
113.189697 
113.190308 
113.190613 
113.190613 
113.190918 
113.190918 
113.191223 
113.191833 
113.191833 
113.191833 
113.191833 
113.191833 
113.191833 
113.191223 
113.190918 
113.190308 
113.190002 
113.190918 
113.191528 
113.192444 
113.193054 
113.193054 
113.192749 
113.192444 
113.192139 
113.191833 
113.191833 
113.190918 
113.191223 
113.191223 
113.190918 
113.191528 
113.191223 
113.191528 
113.192139 
113.192139 
113.192749 
113.192749 
113.191528 
113.190308 
113.189697 
113.190002 
113.190308 
113.190613 
113.190918 
113.190918 
113.191528 
113.191528 
113.191528 
113.191223 
113.192139 
113.191833 
113.191528 
113.191528 
113.191223 
113.190308 
113.190308 
113.190308 
113.191223 
113.192749 
113.193665 
113.193359 
113.193054 
113.193054 
113.191833 
113.191528 
113.191528 
113.191528 
113.191528 
113.190918 
113.190918 
113.190918 
113.191528 
113.191528 
113.192139 
113.192444 
113.192749 
113.192749 
113.191528 
113.190613 
113.190002 
113.189697 
113.190002 
113.190308 
113.190613 
113.190918 
113.191223 
113.191528 
113.191833 
113.191833 
113.191833 
113.191833 
113.191528 
113.191833 
113.191223 
113.190613 
113.190613 
113.190613 
113.191223 
113.192749 
113.193359 
113.193359 
113.193054 
113.192139 
113.191833 
113.191833 
113.191528 
113.190918 
113.190918 
113.191528 
113.190918 
113.191223 
113.191528 
113.191528 
113.191833 
113.192444 
113.193359 
113.192749 
113.191833 
113.190308 
113.189697 
113.189697 
113.190613 
113.190613 
113.190918 
113.191223 
113.191528 
113.191528 
113.191223 
113.191528 
113.191833 
113.191528 
113.191528 
113.191223 
113.191223 
113.190308 
113.190308 
113.190002 
113.191223 
113.192749 
113.193970 
113.193054 
113.193054 
113.192749 
113.192139 
113.191833 
113.191528 
113.191528 
113.191528 
113.191223 
113.191528 
113.191223 
113.191833 
113.191833 
113.191833 
113.192749 
113.193054 
113.192749 
113.191528 
113.190613 
113.190002 
113.190002 
113.190308 
113.190613 
113.190918 
113.190918 
113.191528 
113.191223 
113.191528 
113.191223 
113.191833 
113.191528 
113.191528 
113.191528 
113.191223 
113.190613 
113.190613 
113.190002 
113.191528 
113.192444 
113.193054 
113.193359 
113.192749 
113.191833 
113.192139 
113.191833 
113.191223 
113.191528 
113.190918 
113.191528 
113.191528 
113.191223 
113.191528 
113.191223 
113.192139 
113.192749 
113.192749 
113.192749 
113.191833 
113.190613 
113.189697 
113.189697 
113.189697 
113.190002 
113.190002 
113.190002 
113.189697 
113.188782 
113.188477 
113.187256 
113.186340 
113.184204 
113.182373 
113.179932 
113.178101 
113.174744 
113.171387 
113.168030 
113.165588 
113.163452 
113.160095 
113.155212 
113.150635 
113.144836 
113.139038 
113.132629 
113.126221 
113.119202 
113.111877 
113.104858 
113.097229 
113.089600 
113.081055 
113.072815 
113.064575 
113.056030 
113.046875 
113.037415 
113.027344 
113.015747 
113.004761 
112.994690 
112.984619 
112.973938 
112.963562 
112.953186 
112.942200 
112.931519 
112.920532 
112.909546 
112.897949 
112.885742 
112.874451 
112.862549 
112.850647 
112.838440 
112.826843 
112.814941 
112.804565 
112.794189 
112.783508 
112.771606 
112.760315 
112.748413 
112.736206 
112.724609 
112.712708 
112.701111 
112.689819 
112.678528 
112.667542 
112.656555 
112.644958 
112.634277 
112.623901 
112.613525 
112.603149 
112.592163 
112.579956 
112.567749 
112.556458 
112.545776 
112.535400 
112.525024 
112.514648 
112.503967 
112.494202 
112.484131 
112.473450 
112.462769 
112.452698 
112.442322 
112.431641 
112.420959 
112.409973 
112.399292 
112.388306 
112.378235 
112.368774 
112.359314 
112.349548 
112.339783 
112.329102 
112.318115 
112.307739 
112.297058 
112.286682 
112.275696 
112.265015 
112.254639 
112.244263 
112.234192 
112.223816 
112.213745 
112.203979 
112.193909 
112.184448 
112.174072 
112.162781 
112.151489 
112.140198 
112.129822 
112.119446 
112.109070 
112.099304 
112.088623 
112.078552 
112.068787 
112.058716 
112.047729 
112.037659 
112.027283 
112.016296 
112.005615 
111.994934 
111.983948 
111.973267 
111.962585 
111.952820 
111.943359 
111.934204 
111.923828 
111.912537 
111.902161 
111.891174 
111.879883 
111.869202 
111.858521 
111.847534 
111.836853 
111.826477 
111.815796 
111.805115 
111.794434 
111.784363 
111.774292 
111.763916 
111.752625 
111.741333 
111.729431 
111.718140 
111.706848 
111.697083 
111.686707 
111.676025 
111.665955 
111.656189 
111.645813 
111.635742 
111.625366 
111.615906 
111.605530 
111.594849 
111.584778 
111.574097 
111.563110 
111.552734 
111.542664 
111.533203 
111.524353 
111.514587 
111.504822 
111.494751 
111.483765 
111.473083 
111.462708 
111.452026 
111.441956 
111.430969 
111.421204 
111.410828 
111.400757 
111.390076 
111.380615 
111.370239 
111.361084 
111.351013 
111.340637 
111.329651 
111.317749 
111.306458 
111.296387 
111.286011 
111.276550 
111.266174 
111.256714 
111.247253 
111.236877 
111.226501 
111.216736 
111.206665 
111.196289 
111.185913 
111.175842 
111.164551 
111.153870 
111.143188 
111.133118 
111.123657 
111.115112 
111.105652 
111.094971 
111.084900 
111.075134 
111.063843 
111.053162 
111.043091 
111.031799 
111.021729 
111.011353 
111.000671 
110.990295 
110.980225 
110.969849 
110.959778 
110.950623 
110.940247 
110.930176 
110.918579 
110.907288 
110.895996 
110.884705 
110.874939 
110.864868 
110.854187 
110.844116 
110.834351 
110.823975 
110.813904 
110.803528 
110.792847 
110.782166 
110.771790 
110.760803 
110.750122 
110.739136 
110.728149 
110.718079 
110.708313 
110.699158 
110.689392 
110.679321 
110.668945 
110.658264 
110.647278 
110.637207 
110.626526 
110.615845 
110.605469 
110.595398 
110.584717 
110.574341 
110.564880 
110.554504 
110.544128 
110.534058 
110.524292 
110.514221 
110.502930 
110.491333 
110.480652 
110.469971 
110.459900 
110.449524 
110.439758 
110.430298 
110.420532 
110.410156 
110.400391 
110.389709 
110.379639 
110.369263 
110.358887 
110.348511 
110.337830 
110.326843 
110.316467 
110.305786 
110.296631 
110.288086 
110.278320 
110.268555 
110.258179 
110.248108 
110.238647 
110.228271 
110.218506 
110.209656 
110.200500 
110.192566 
110.184631 
110.176697 
110.169983 
110.163269 
110.156860 
110.151367 
110.146179 
110.140991 
110.134888 
110.129395 
110.124512 
110.120544 
110.117798 
110.114746 
110.112305 
110.110474 
110.108948 
110.107727 
110.106506 
110.105896 
110.105286 
110.104675 
110.104370 
110.103760 
110.103149 
110.102234 
110.101624 
110.101929 
110.102844 
110.104370 
110.105286 
110.105286 
110.105286 
110.104980 
110.104980 
110.104065 
110.104065 
110.104065 
110.104065 
110.104675 
110.104980 
110.105286 
110.104675 
110.105896 
110.106506 
110.107117 
110.107727 
110.108337 
110.107117 
110.106201 
110.105591 
110.105591 
110.106201 
110.106506 
110.107117 
110.107117 
110.107422 
110.108337 
110.108337 
110.108643 
110.108643 
110.108948 
110.108948 
110.108643 
110.108032 
110.107727 
110.107727 
110.108032 
110.108643 
110.109558 
110.110779 
110.110474 
110.110474 
110.109863 
110.109863 
110.109558 
110.108948 
110.109253 
110.108948 
110.108948 
110.108643 
110.108643 
110.108948 
110.109253 
110.109253 
110.109863 
110.110474 
110.110779 
110.109253 
110.107727 
110.107422 
110.107117 
110.107727 
110.108032 
110.108337 
110.108643 
110.108643 
110.108643 
110.109253 
110.108948 
110.109253 
110.109558 
110.108948 
110.108643 
110.108337 
110.107727 
110.107727 
110.107727 
110.108643 
110.109558 
110.110474 
