Blum, K. P., D’Incamps, B. L., Zytnicki, D., & Ting, L. H. (2017).
Force encoding in muscle spindles during stretch of
passive muscle. PLoS computational biology, 13(9), 
e1005767. <https://journals.plos.org/ploscompbiol/article?
id=10.1371/journal.pcbi.1005767>

cat medial gastrocnemius muscle lengths over t  (in 0.0005 s increments)
110.107422 
110.108032 
110.108032 
110.108032 
110.107422 
110.107422 
110.106812 
110.106812 
110.107422 
110.107117 
110.106812 
110.107117 
110.106812 
110.107422 
110.107117 
110.107422 
110.108337 
110.108337 
110.107422 
110.106812 
110.105896 
110.105591 
110.106201 
110.105591 
110.105896 
110.106201 
110.106506 
110.106506 
110.106506 
110.106506 
110.106812 
110.106506 
110.106201 
110.106506 
110.105896 
110.106201 
110.105591 
110.105591 
110.106201 
110.107117 
110.107727 
110.108032 
110.108032 
110.108337 
110.107422 
110.107422 
110.107117 
110.106812 
110.107117 
110.106812 
110.106812 
110.107117 
110.106812 
110.107117 
110.106812 
110.107727 
110.107727 
110.107727 
110.107422 
110.106201 
110.105896 
110.105286 
110.106201 
110.105591 
110.106506 
110.106201 
110.106506 
110.106812 
110.106812 
110.106812 
110.106201 
110.106506 
110.107117 
110.106201 
110.106201 
110.105896 
110.105286 
110.105286 
110.105591 
110.106812 
110.107727 
110.107727 
110.107727 
110.107727 
110.107727 
110.107727 
110.107117 
110.106506 
110.106812 
110.107117 
110.106812 
110.107117 
110.106812 
110.107422 
110.107727 
110.107727 
110.108032 
110.107422 
110.107422 
110.106506 
110.105896 
110.105591 
110.105896 
110.106201 
110.106201 
110.106506 
110.106506 
110.106506 
110.107117 
110.107422 
110.107422 
110.107727 
110.108643 
110.109558 
110.110474 
110.112000 
110.113525 
110.115662 
110.118408 
110.122070 
110.126038 
110.129700 
110.133667 
110.137329 
110.141602 
110.145874 
110.150452 
110.155640 
110.161438 
110.166931 
110.173340 
110.180359 
110.187378 
110.195007 
110.203247 
110.211182 
110.220337 
110.228271 
110.237122 
110.245667 
110.253601 
110.262451 
110.272522 
110.282288 
110.292358 
110.302429 
110.313110 
110.323486 
110.334778 
110.346069 
110.357361 
110.368958 
110.381775 
110.394592 
110.406799 
110.420532 
110.433655 
110.447998 
110.463562 
110.478821 
110.494690 
110.509644 
110.524292 
110.538025 
110.551147 
110.563354 
110.574951 
110.585632 
110.596008 
110.606384 
110.616150 
110.625916 
110.635376 
110.644836 
110.653992 
110.662842 
110.672607 
110.681458 
110.689697 
110.697937 
110.706177 
110.714417 
110.723877 
110.733032 
110.742493 
110.751343 
110.760803 
110.770569 
110.779724 
110.789795 
110.798950 
110.808716 
110.818176 
110.827942 
110.837097 
110.846558 
110.856323 
110.866699 
110.877075 
110.888062 
110.898743 
110.909424 
110.919800 
110.930176 
110.939941 
110.950012 
110.959778 
110.969543 
110.979919 
110.990295 
111.000061 
111.010437 
111.021118 
111.031494 
111.042175 
111.052856 
111.063232 
111.073914 
111.083984 
111.093140 
111.102600 
111.112671 
111.123047 
111.133423 
111.144104 
111.154785 
111.165161 
111.176147 
111.187134 
111.197205 
111.207581 
111.217957 
111.228027 
111.238403 
111.248474 
111.258545 
111.268616 
111.278687 
111.289368 
111.300354 
111.311646 
111.322632 
111.333618 
111.343689 
111.353760 
111.363831 
111.373901 
111.383667 
111.394043 
111.404419 
111.414490 
111.424561 
111.435242 
111.445618 
111.455688 
111.466980 
111.477356 
111.488037 
111.498413 
111.507568 
111.517029 
111.526794 
111.537170 
111.547546 
111.557922 
111.568604 
111.578979 
111.589661 
111.600037 
111.610413 
111.620178 
111.630859 
111.640930 
111.651306 
111.661682 
111.671143 
111.681213 
111.691284 
111.701660 
111.713257 
111.723938 
111.734619 
111.744995 
111.755066 
111.764832 
111.774902 
111.784973 
111.794739 
111.805115 
111.814880 
111.825256 
111.835327 
111.845703 
111.856079 
111.866150 
111.876526 
111.887207 
111.897583 
111.907654 
111.916504 
111.925964 
111.935730 
111.945801 
111.956177 
111.966858 
111.977234 
111.987610 
111.998291 
112.008667 
112.018738 
112.029114 
112.039185 
112.049561 
112.059631 
112.069092 
112.078857 
112.088928 
112.098999 
112.109375 
112.120972 
112.131958 
112.142334 
112.153320 
112.163086 
112.173157 
112.182922 
112.193298 
112.202759 
112.213135 
112.222900 
112.232971 
112.243652 
112.254028 
112.264099 
112.274780 
112.284851 
112.295227 
112.305908 
112.315369 
112.324524 
112.334290 
112.344360 
112.354431 
112.365112 
112.374878 
112.385559 
112.395935 
112.406311 
112.416687 
112.427063 
112.436829 
112.447815 
112.457581 
112.467957 
112.478027 
112.487488 
112.497559 
112.507629 
112.517700 
112.528992 
112.540283 
112.550354 
112.561340 
112.571411 
112.581177 
112.591858 
112.601624 
112.611389 
112.621155 
112.631836 
112.641296 
112.651978 
112.662354 
112.672729 
112.682495 
112.693176 
112.703552 
112.714233 
112.723999 
112.733154 
112.742920 
112.752991 
112.762756 
112.773438 
112.783508 
112.794189 
112.804871 
112.814941 
112.825317 
112.835693 
112.845764 
112.855835 
112.865906 
112.875977 
112.886353 
112.896118 
112.905884 
112.916260 
112.926025 
112.937927 
112.948914 
112.959595 
112.969971 
112.979736 
112.989807 
112.999878 
113.009338 
113.020020 
113.029785 
113.039246 
113.049927 
113.060608 
113.070679 
113.081055 
113.091125 
113.101196 
113.111877 
113.122253 
113.132324 
113.141479 
113.150940 
113.160706 
113.170776 
113.180847 
113.191223 
113.201599 
113.212585 
113.222961 
113.233032 
113.243408 
113.253784 
113.263550 
113.273621 
113.283691 
113.293762 
113.303528 
113.313293 
113.323669 
113.333740 
113.345032 
113.356018 
113.366699 
113.377686 
113.387451 
113.397217 
113.407288 
113.417053 
113.427124 
113.436890 
113.446960 
113.457642 
113.467407 
113.477783 
113.488159 
113.498535 
113.508301 
113.519287 
113.529663 
113.539734 
113.548584 
113.558044 
113.568115 
113.578186 
113.588257 
113.598938 
113.609314 
113.619995 
113.630371 
113.640442 
113.650513 
113.661194 
113.671265 
113.681335 
113.691406 
113.701172 
113.711548 
113.721313 
113.731079 
113.741760 
113.752747 
113.764038 
113.774109 
113.785095 
113.795166 
113.804321 
113.815002 
113.824768 
113.835144 
113.845215 
113.854980 
113.865662 
113.875732 
113.885803 
113.896179 
113.906555 
113.916931 
113.927002 
113.937378 
113.947144 
113.956299 
113.965759 
113.975525 
113.986206 
113.996277 
114.006653 
114.017029 
114.027405 
114.037781 
114.047546 
114.057922 
114.067383 
114.076843 
114.085999 
114.094849 
114.104004 
114.112244 
114.120178 
114.128113 
114.136658 
114.144897 
114.153137 
114.160156 
114.167480 
114.173279 
114.179382 
114.185181 
114.189758 
114.194336 
114.198608 
114.202881 
114.206543 
114.209595 
114.212952 
114.215393 
114.217834 
114.220581 
114.221802 
114.223328 
114.223633 
114.222717 
114.222107 
114.221191 
114.220886 
114.219666 
114.218750 
114.216309 
114.214478 
114.212036 
114.208984 
114.205322 
114.200745 
114.197083 
114.191895 
114.186096 
114.180603 
114.174194 
114.167175 
114.160461 
114.153748 
114.146729 
114.139404 
114.131775 
114.123535 
114.114075 
114.104919 
114.095154 
114.085083 
114.075317 
114.064636 
114.054260 
114.044189 
114.033508 
114.023132 
114.012451 
114.001770 
113.990479 
113.980103 
113.969116 
113.957825 
113.945618 
113.933716 
113.922424 
113.911438 
113.900757 
113.889771 
113.878784 
113.867493 
113.856812 
113.845825 
113.834839 
113.823547 
113.812866 
113.801575 
113.790283 
113.779297 
113.768005 
113.756714 
113.745422 
113.735352 
113.725586 
113.715515 
113.705139 
113.695374 
113.684387 
113.673401 
113.662109 
113.651123 
113.640442 
113.629761 
113.619385 
113.608704 
113.598022 
113.587952 
113.577576 
113.567200 
113.557129 
113.547058 
113.536682 
113.526001 
113.514099 
113.503113 
113.492126 
113.482056 
113.471680 
113.461304 
113.450928 
113.441162 
113.430786 
113.421326 
113.410950 
113.400574 
113.389587 
113.379517 
113.368835 
113.358459 
113.347473 
113.337097 
113.326111 
113.316040 
113.306580 
113.297424 
113.287659 
113.277588 
113.267212 
113.257141 
113.245850 
113.235474 
113.224792 
113.214417 
113.203430 
113.193054 
113.182983 
113.172913 
113.162537 
113.152466 
113.142090 
113.132019 
113.121643 
113.111267 
113.099365 
113.088684 
113.077698 
113.067627 
113.057861 
113.046570 
113.036804 
113.026733 
113.016357 
113.006287 
112.995911 
112.986145 
112.975159 
112.965088 
112.954712 
112.943726 
112.933044 
112.922363 
112.911682 
112.901306 
112.891846 
112.882385 
112.872009 
112.862549 
112.851868 
112.841187 
112.830811 
112.819824 
112.809143 
112.798157 
112.788086 
112.777405 
112.767029 
112.756653 
112.746582 
112.736206 
112.725830 
112.716064 
112.705688 
112.695007 
112.683716 
112.672424 
112.661743 
112.651367 
112.640686 
112.630920 
112.620850 
112.610779 
112.601318 
112.590942 
112.579956 
112.569580 
112.559509 
112.549133 
112.539063 
112.528687 
112.517090 
112.506714 
112.496338 
112.485962 
112.476501 
112.467346 
112.457581 
112.447815 
112.437439 
112.426147 
112.416077 
112.405090 
112.394714 
112.383728 
112.373657 
112.363281 
112.352905 
112.342834 
112.332764 
112.322388 
112.312012 
112.302246 
112.292480 
112.281799 
112.270508 
112.259216 
112.248230 
112.238464 
112.228088 
112.217712 
112.207642 
112.197876 
112.187500 
112.177429 
112.167053 
112.157288 
112.146912 
112.136536 
112.126160 
112.115479 
112.104492 
112.093811 
112.083435 
112.073364 
112.063904 
112.054443 
112.044678 
112.034912 
112.024231 
112.014160 
112.003174 
111.992493 
111.981812 
111.971436 
111.961060 
111.950989 
111.940308 
111.930237 
111.919556 
111.909485 
111.899719 
111.889954 
111.879272 
111.868591 
111.857605 
111.846313 
111.835632 
111.825562 
111.815796 
111.805420 
111.794739 
111.784973 
111.774902 
111.764832 
111.755066 
111.744385 
111.734619 
111.724243 
111.713562 
111.702881 
111.692200 
111.681824 
111.671143 
111.661377 
111.651611 
111.642151 
111.632385 
111.622620 
111.611938 
111.601868 
111.591492 
111.580505 
111.569824 
111.559753 
111.549072 
111.538696 
111.528015 
111.517944 
111.507568 
111.496887 
111.487427 
111.476746 
111.467285 
111.456604 
111.445313 
111.434326 
111.423340 
111.413269 
111.402893 
111.392822 
111.382446 
111.372375 
111.362610 
111.352539 
111.341858 
111.331787 
111.320801 
111.311035 
111.300659 
111.290283 
111.279297 
111.268616 
111.258240 
111.248169 
111.239014 
111.229248 
111.219177 
111.209717 
111.199341 
111.188965 
111.178589 
111.167603 
111.156616 
111.146545 
111.135864 
111.125488 
111.115417 
111.104736 
111.094971 
111.084900 
111.074524 
111.065063 
111.054688 
111.044312 
111.033325 
111.021729 
111.011047 
111.000977 
110.990906 
110.980835 
110.970459 
110.960693 
110.950623 
110.940552 
110.930481 
110.920410 
110.910339 
110.900269 
110.889893 
110.879517 
110.868835 
110.858154 
110.847778 
110.837708 
110.828552 
110.819092 
110.809021 
110.799255 
110.788879 
110.778198 
110.767822 
110.757141 
110.746460 
110.735779 
110.725403 
110.714722 
110.704346 
110.693970 
110.683594 
110.673523 
110.663147 
110.653381 
110.643311 
110.632629 
110.621643 
110.610352 
110.599976 
110.589905 
110.579834 
110.569153 
110.558777 
110.549011 
110.538940 
110.528564 
110.518188 
110.508118 
110.498047 
110.487366 
110.476990 
110.466614 
110.455933 
110.445557 
110.435181 
110.424805 
110.415344 
110.406189 
110.396118 
110.386047 
110.375671 
110.365295 
110.354614 
110.344543 
110.333557 
110.322876 
110.312500 
110.302429 
110.292358 
110.281677 
110.271912 
110.262146 
110.252380 
110.242615 
110.232544 
110.222778 
110.213013 
110.203552 
110.194397 
110.186157 
110.178223 
110.171204 
110.163879 
110.157166 
110.151367 
110.145264 
110.140381 
110.135193 
110.130615 
110.126343 
110.122070 
110.118408 
110.115051 
110.111694 
110.109253 
110.107727 
110.106812 
110.106506 
110.105896 
110.105896 
110.105591 
110.105896 
110.105896 
110.106812 
110.106812 
110.108032 
110.109558 
110.112000 
110.114746 
110.117798 
110.121460 
110.125732 
110.129700 
110.135193 
110.140381 
110.145569 
110.150452 
110.155640 
110.161743 
110.169067 
110.176392 
110.184021 
110.192261 
110.201111 
110.210571 
110.219727 
110.229492 
110.239563 
110.249329 
110.260315 
110.270691 
110.281067 
110.291443 
110.302124 
110.313110 
110.324402 
110.336304 
110.348206 
110.359802 
110.370789 
110.382080 
110.393372 
110.403442 
110.413818 
110.423889 
110.434570 
110.444641 
110.454712 
110.465088 
110.475769 
110.486145 
110.496826 
110.506897 
110.517273 
110.528259 
110.537720 
110.546875 
110.556641 
110.566406 
110.577087 
110.587463 
110.597534 
110.607910 
110.618286 
110.628357 
110.639343 
110.649109 
110.659790 
110.670166 
110.680847 
110.690308 
110.700378 
110.710449 
110.720520 
110.730591 
110.740967 
110.751648 
110.762939 
110.773926 
110.783997 
110.794678 
110.805054 
110.814514 
110.824280 
110.834351 
110.844116 
110.854797 
110.864868 
110.874939 
110.885315 
110.895691 
110.906067 
110.916138 
110.926514 
110.936890 
110.947266 
110.956421 
110.965881 
110.975342 
110.985413 
110.995789 
111.005859 
111.016541 
111.027527 
111.037903 
111.047974 
111.058044 
111.068420 
111.078796 
111.088257 
111.098938 
111.109009 
111.118774 
111.128845 
111.138916 
111.149597 
111.160583 
111.171570 
111.182556 
111.193237 
111.203918 
111.213684 
111.224060 
111.233826 
111.243896 
111.253967 
111.264038 
111.274414 
111.284485 
111.295166 
111.305542 
111.315613 
111.326599 
111.337280 
111.347351 
111.357422 
111.366882 
111.376343 
111.386108 
111.396484 
111.406860 
111.417236 
111.427612 
111.438904 
111.448975 
111.459045 
111.469116 
111.479797 
111.490479 
111.500549 
111.510925 
111.520996 
111.530762 
111.540527 
111.550293 
111.560974 
111.572571 
111.583252 
111.593933 
111.604614 
111.614990 
111.625366 
111.634521 
111.644287 
111.654663 
111.664429 
111.674805 
111.684875 
111.694946 
111.705017 
111.715393 
111.725769 
111.736450 
111.746826 
111.757202 
111.767578 
111.776428 
111.785889 
111.795349 
111.806335 
111.816406 
111.826782 
111.836853 
111.847534 
111.857910 
111.868286 
111.878662 
111.889038 
111.899109 
111.909180 
111.919556 
111.929626 
111.939087 
111.949158 
111.959229 
111.969604 
111.980896 
111.992188 
112.002869 
112.013245 
112.023621 
112.033386 
112.043762 
112.053528 
112.063293 
112.073364 
112.083130 
112.093506 
112.103577 
112.114258 
112.124634 
112.135010 
112.145691 
112.156067 
112.166443 
112.176514 
112.185364 
112.194824 
112.204895 
112.215271 
112.225647 
112.236023 
112.246399 
112.256775 
112.267151 
112.277527 
112.287903 
112.298279 
112.308655 
112.318726 
112.328796 
112.339172 
112.348938 
112.358398 
112.368164 
112.378845 
112.389832 
112.400818 
112.411499 
112.422485 
112.432861 
112.442627 
112.452698 
112.462463 
112.472839 
112.482300 
112.492371 
112.502441 
112.513123 
112.522888 
112.533875 
112.543945 
112.554016 
112.565002 
112.575073 
112.585144 
112.594910 
112.604065 
112.614136 
112.623596 
112.634277 
112.644958 
112.655029 
112.665405 
112.676392 
112.686462 
112.696533 
112.706909 
112.716980 
112.727356 
112.737122 
112.747498 
112.757568 
112.767334 
112.777405 
112.787476 
112.798767 
112.810059 
112.820435 
112.831116 
112.841187 
112.851257 
112.861328 
112.871094 
112.881165 
112.890625 
112.901306 
112.911377 
112.921448 
112.932129 
112.942200 
112.952881 
112.962646 
112.973328 
112.983704 
112.993774 
113.003235 
113.012390 
113.022461 
113.032837 
113.042908 
113.053284 
113.063965 
113.074036 
113.084717 
113.095093 
113.104858 
113.115234 
113.125305 
113.135681 
113.146057 
113.155212 
113.165588 
113.175354 
113.185120 
113.195801 
113.207092 
113.218384 
113.229065 
113.239136 
113.249207 
113.259583 
113.269348 
113.279114 
113.288879 
113.299255 
113.309326 
113.319397 
113.329468 
113.339539 
113.349915 
113.360291 
113.371277 
113.381348 
113.392334 
113.401794 
113.411255 
113.420715 
113.430176 
113.440552 
113.450623 
113.460999 
113.471375 
113.481750 
113.492432 
113.502502 
113.512573 
113.522949 
113.533630 
113.543701 
113.553772 
113.563232 
113.573303 
113.583374 
113.593445 
113.603516 
113.614807 
113.625793 
113.636169 
113.647156 
113.656921 
113.666687 
113.677063 
113.687134 
113.697205 
113.706665 
113.716736 
113.727112 
113.737488 
113.747864 
113.758240 
113.768311 
113.778992 
113.789063 
113.799133 
113.809509 
113.818359 
113.827820 
113.837891 
113.848267 
113.858032 
113.868713 
113.879089 
113.889771 
113.899536 
113.910217 
113.920288 
113.930664 
113.940735 
113.951111 
113.960876 
113.970642 
113.980408 
113.990479 
114.000854 
114.010925 
114.022217 
114.032593 
114.043274 
114.053650 
114.063110 
114.072876 
114.082031 
114.090881 
114.099121 
114.107971 
114.116516 
114.124756 
114.132996 
114.140625 
114.147949 
114.155273 
114.162292 
114.169312 
114.175720 
114.180908 
114.185486 
114.189758 
114.194031 
114.197998 
114.202271 
114.205627 
114.208984 
114.212341 
114.215393 
114.217529 
114.219360 
114.220276 
114.221191 
114.221802 
114.221497 
114.221191 
114.220581 
114.219055 
114.217529 
114.216003 
114.214783 
114.213257 
114.210510 
114.207153 
114.203186 
114.199219 
114.194031 
114.188843 
114.183044 
114.176941 
114.171143 
114.164124 
114.157410 
114.150085 
114.142151 
114.134216 
114.125671 
114.117432 
114.107971 
114.098816 
114.088440 
114.077759 
114.067383 
114.057617 
114.047241 
114.036560 
114.026794 
114.016113 
114.005737 
113.994751 
113.983765 
113.972778 
113.961792 
113.951111 
113.939514 
113.928223 
113.916626 
113.905334 
113.894043 
113.883057 
113.872986 
113.862610 
113.852234 
113.841553 
113.830261 
113.818970 
113.807678 
113.796387 
113.785400 
113.773804 
113.763428 
113.752747 
113.742065 
113.730469 
113.720703 
113.709717 
113.699341 
113.689270 
113.677979 
113.666992 
113.655701 
113.644409 
113.633118 
113.623047 
113.612366 
113.601685 
113.591919 
113.580933 
113.571167 
113.561096 
113.550415 
113.540344 
113.529968 
113.519592 
113.508606 
113.497925 
113.487244 
113.475952 
113.465881 
113.456116 
113.446655 
113.436890 
113.427124 
113.417053 
113.406982 
113.396301 
113.385620 
113.374939 
113.364258 
113.352966 
113.343201 
113.332825 
113.322144 
113.312378 
113.301697 
113.291321 
113.281860 
113.271484 
113.261414 
113.250732 
113.239746 
113.228760 
113.217773 
113.207092 
113.196716 
113.186646 
113.176575 
113.166504 
113.156128 
113.146362 
113.135681 
113.125610 
113.115540 
113.104858 
113.094482 
113.083801 
113.073120 
113.062744 
113.051758 
113.041077 
113.032227 
113.022461 
113.012695 
113.002319 
112.992249 
112.981873 
112.970886 
112.959900 
112.949524 
112.938843 
112.928772 
112.918091 
112.907715 
112.897034 
112.886353 
112.875977 
112.866211 
112.856445 
112.845459 
112.835083 
112.823792 
112.812805 
112.801819 
112.791138 
112.781067 
112.770996 
112.760620 
112.750549 
112.740173 
112.730408 
112.719727 
112.709656 
112.699280 
112.689209 
112.678528 
112.668152 
112.657166 
112.646179 
112.636108 
112.625732 
112.616577 
112.606812 
112.596741 
112.586975 
112.576599 
112.566223 
112.555542 
112.544861 
112.534485 
112.523499 
112.513123 
112.502747 
112.492371 
112.481995 
112.471924 
112.461853 
112.451782 
112.441711 
112.431335 
112.420654 
112.409668 
112.397766 
112.387695 
112.377014 
112.366943 
112.356567 
112.347107 
112.336426 
112.326660 
112.316589 
112.306519 
112.296448 
112.286377 
112.275696 
112.265015 
112.254333 
112.243958 
112.233276 
112.222900 
112.212524 
112.203369 
112.193604 
112.183533 
112.173462 
112.163696 
112.153015 
112.142639 
112.131653 
112.121582 
112.110596 
112.100220 
112.089539 
112.079163 
112.068787 
112.059021 
112.048645 
112.037964 
112.028503 
112.018738 
112.008057 
111.996765 
111.985474 
111.975098 
111.964722 
111.954346 
111.944275 
111.933594 
111.923828 
111.913757 
111.903992 
111.893616 
111.883240 
111.873474 
111.863098 
111.852417 
111.842041 
111.831360 
111.820984 
111.810303 
111.799927 
111.790466 
111.780701 
111.770935 
111.761169 
111.750793 
111.740723 
111.730042 
111.719055 
111.708984 
111.697998 
111.687927 
111.677551 
111.667480 
111.656799 
111.646729 
111.636353 
111.625977 
111.615906 
111.605835 
111.595764 
111.584473 
111.573181 
111.562805 
111.552124 
111.541748 
111.531982 
111.521606 
111.511841 
111.502075 
111.491699 
111.481628 
111.470947 
111.460876 
111.450500 
111.440125 
111.429443 
111.419067 
111.408386 
111.398010 
111.387329 
111.378174 
111.368408 
111.359253 
111.348572 
111.338501 
111.327515 
111.317444 
111.306763 
111.296082 
111.285706 
111.275330 
111.264954 
111.254578 
111.243896 
111.233826 
111.223450 
111.213684 
111.203613 
111.193542 
111.182556 
111.172180 
111.160889 
111.149597 
111.139526 
111.129150 
111.119385 
111.109009 
111.098938 
111.088867 
111.079407 
111.068726 
111.058655 
111.048279 
111.038513 
111.027832 
111.017456 
111.006470 
110.996399 
110.985718 
110.975647 
110.965881 
110.956726 
110.946655 
110.936890 
110.927124 
110.916748 
110.906067 
110.895691 
110.884705 
110.874634 
110.864258 
110.853271 
110.843201 
110.833130 
110.823059 
110.812988 
110.802612 
110.792847 
110.783081 
110.772400 
110.761414 
110.750122 
110.739441 
110.729065 
110.718994 
110.708618 
110.698242 
110.687866 
110.678101 
110.667725 
110.657959 
110.647888 
110.637817 
110.627441 
110.616455 
110.606079 
110.595703 
110.584412 
110.574341 
110.564270 
110.554199 
110.544128 
110.535278 
110.524902 
110.514526 
110.504456 
110.493469 
110.483398 
110.472717 
110.462036 
110.451660 
110.441589 
110.430603 
110.420837 
110.410767 
110.400085 
110.390320 
110.380249 
110.370178 
110.359802 
110.348511 
110.337524 
110.326538 
110.316162 
110.306396 
110.296326 
110.285950 
110.276184 
110.266113 
110.256653 
110.246582 
110.237122 
110.227051 
110.218201 
110.209045 
110.200195 
110.191345 
110.183105 
110.174866 
110.167542 
110.162048 
110.155640 
110.150452 
110.144653 
110.139465 
110.134888 
110.129700 
110.125427 
110.121155 
110.117188 
110.114136 
110.112000 
110.109863 
110.108032 
110.106812 
110.105286 
110.104980 
110.105286 
110.105286 
110.105591 
110.104980 
110.105286 
110.105896 
110.107117 
110.109558 
110.112000 
110.115051 
110.119324 
110.122681 
110.127258 
110.132141 
110.137024 
110.142517 
110.148010 
110.154114 
110.160217 
110.166931 
110.173340 
110.181274 
110.189209 
110.198364 
110.208130 
110.217896 
110.227356 
110.237427 
110.247803 
110.257568 
110.267639 
110.278015 
110.288086 
110.299072 
110.310059 
110.320129 
110.331116 
110.342102 
110.352478 
110.363770 
110.375061 
110.385742 
110.396729 
110.406799 
110.416260 
110.426636 
110.436707 
110.447693 
110.457764 
110.468750 
110.479431 
110.490112 
110.500488 
110.510864 
110.520630 
110.531616 
110.541992 
110.552063 
110.562439 
110.572205 
110.581970 
110.592041 
110.602417 
110.613403 
110.624084 
110.635376 
110.645752 
110.656128 
110.666504 
110.676270 
110.686035 
110.696411 
110.706787 
110.717163 
110.727234 
110.736694 
110.747070 
110.757446 
110.767822 
110.778503 
110.789185 
110.799255 
110.809326 
110.818787 
110.827942 
110.838013 
110.847778 
110.858154 
110.868835 
110.879211 
110.889893 
110.899963 
110.910645 
110.921021 
110.931091 
110.941467 
110.951233 
110.961304 
110.971375 
110.981750 
110.990906 
111.001282 
111.011353 
111.022339 
111.033630 
111.044006 
111.054993 
111.065369 
111.075134 
111.085510 
111.094971 
111.105042 
111.114807 
111.125183 
111.135864 
111.145630 
111.156006 
111.166077 
111.177063 
111.187439 
111.198120 
111.208191 
111.218872 
111.228027 
111.237183 
111.247253 
111.257629 
111.267700 
111.278381 
111.288757 
111.299133 
111.309814 
111.320190 
111.330872 
111.341248 
111.351624 
111.362305 
111.372070 
111.382446 
111.392212 
111.401978 
111.412048 
111.422424 
111.433411 
111.444397 
111.455078 
111.465759 
111.476440 
111.486206 
111.496887 
111.506653 
111.516418 
111.526489 
111.536255 
111.546631 
111.556702 
111.567078 
111.577454 
111.587830 
111.597900 
111.608887 
111.618958 
111.629333 
111.638794 
111.648254 
111.658020 
111.667786 
111.678467 
111.688538 
111.698914 
111.708984 
111.720276 
111.730652 
111.741028 
111.750793 
111.761169 
111.771240 
111.781616 
111.791382 
111.801453 
111.811523 
111.821594 
111.831665 
111.842651 
111.853943 
111.864319 
111.875610 
111.885681 
111.895752 
111.905823 
111.915588 
111.924744 
111.935120 
111.945496 
111.955566 
111.965637 
111.976318 
111.987000 
111.996460 
112.007141 
112.017517 
112.028503 
112.037964 
112.047424 
112.057190 
112.066956 
112.077026 
112.086792 
112.097473 
112.107849 
112.118530 
112.129517 
112.139282 
112.149963 
112.160034 
112.170410 
112.180481 
112.190247 
112.200928 
112.210999 
112.220459 
112.230530 
112.240601 
112.251587 
112.262573 
112.273560 
112.284241 
112.294922 
112.304688 
112.314758 
112.324524 
112.334290 
112.344360 
112.354736 
112.364502 
112.374878 
112.384949 
112.395630 
112.406006 
112.416077 
112.427368 
112.437439 
112.447815 
112.456970 
112.466125 
112.475891 
112.485962 
112.496643 
112.506409 
112.517090 
112.527466 
112.537842 
112.548523 
112.558289 
112.568970 
112.579041 
112.589417 
112.599792 
112.609863 
112.619324 
112.629395 
112.639160 
112.649231 
112.660522 
112.671509 
112.682495 
112.692871 
112.702942 
112.713318 
112.723389 
112.733154 
112.743530 
112.753296 
112.763062 
112.773743 
112.783813 
112.794189 
112.804260 
112.814636 
112.825012 
112.835388 
112.845764 
112.855835 
112.865601 
112.875061 
112.884216 
112.894592 
112.905273 
112.915344 
112.925720 
112.936401 
112.946777 
112.957458 
112.967834 
112.977600 
112.987976 
112.997742 
113.008118 
113.018188 
113.027954 
113.038025 
113.047485 
113.058167 
113.068848 
113.080139 
113.090820 
113.101807 
113.111877 
113.122253 
113.132019 
113.141785 
113.151550 
113.161316 
113.171692 
113.182068 
113.192139 
113.202820 
113.213196 
113.223267 
113.233337 
113.244019 
113.254395 
113.264465 
113.273926 
113.283081 
113.292847 
113.302612 
113.313293 
113.323364 
113.334045 
113.344421 
113.354797 
113.365173 
113.375549 
113.385620 
113.396301 
113.405762 
113.416138 
113.425903 
113.435669 
113.445740 
113.455505 
113.466187 
113.476868 
113.487854 
113.498230 
113.508911 
113.519287 
113.529968 
113.539734 
113.549500 
113.559570 
113.569336 
113.579712 
113.589783 
113.599243 
113.609924 
113.619995 
113.630676 
113.640747 
113.651123 
113.661804 
113.671875 
113.681335 
113.690491 
113.700256 
113.710327 
113.721008 
113.731384 
113.741150 
113.752136 
113.762207 
113.772888 
113.782654 
113.793030 
113.803101 
113.813477 
113.823853 
113.833618 
113.843689 
113.853455 
113.863525 
113.873901 
113.883972 
113.895874 
113.906555 
113.916321 
113.927002 
113.937073 
113.947449 
113.957214 
113.966980 
113.976440 
113.986816 
113.997192 
114.007568 
114.017334 
114.027710 
114.037476 
114.047852 
114.057617 
114.067993 
114.077148 
114.085388 
114.093933 
114.102478 
114.111023 
114.119873 
114.127808 
114.135742 
114.143372 
114.151306 
114.158325 
114.165039 
114.171143 
114.177246 
114.182739 
114.187622 
114.192810 
114.196777 
114.200439 
114.203796 
114.207458 
114.211426 
114.214478 
114.217224 
114.219360 
114.220886 
114.222107 
114.222107 
114.222412 
114.222107 
114.221191 
114.220581 
114.219360 
114.217834 
114.216309 
114.213562 
114.211121 
114.207764 
114.204712 
114.201050 
114.196472 
114.190979 
114.184265 
114.178467 
114.172668 
114.166565 
114.159546 
114.152832 
114.145203 
114.137268 
114.129028 
114.120483 
114.111633 
114.102783 
114.093323 
114.083252 
114.073486 
114.063110 
114.052124 
114.041748 
114.030762 
114.020996 
114.011536 
114.001160 
113.990479 
113.979797 
113.968506 
113.957214 
113.946228 
113.934326 
113.923035 
113.912354 
113.901062 
113.889771 
113.878784 
113.868103 
113.856506 
113.846130 
113.834839 
113.824158 
113.813477 
113.801270 
113.789673 
113.777771 
113.767090 
113.756714 
113.745728 
113.735352 
113.725281 
113.713989 
113.704224 
113.693237 
113.682556 
113.671875 
113.661499 
113.650208 
113.639832 
113.628845 
113.617859 
113.607178 
113.596497 
113.586731 
113.577576 
113.567505 
113.557434 
113.547058 
113.536682 
113.526306 
113.515015 
113.504028 
113.493042 
113.482971 
113.472290 
113.461609 
113.451843 
113.441772 
113.431702 
113.421021 
113.410950 
113.401184 
113.390503 
113.379822 
113.368530 
113.357239 
113.347168 
113.337097 
113.326111 
113.316040 
113.306580 
113.296204 
113.286438 
113.275757 
113.265381 
113.255310 
113.244934 
113.233948 
113.223572 
113.212585 
113.202515 
113.191833 
113.181458 
113.171387 
113.162537 
113.152161 
113.142395 
113.132324 
113.121643 
113.111267 
113.100586 
113.090210 
113.079224 
113.068848 
113.058472 
113.047791 
113.037720 
113.027344 
113.016663 
113.006897 
112.996521 
112.986145 
112.975769 
112.964783 
112.953491 
112.942505 
112.931824 
112.922058 
112.911377 
112.901306 
112.890930 
112.880859 
112.871094 
112.860107 
112.850037 
112.840271 
112.829285 
112.818909 
112.807922 
112.797546 
112.786560 
112.776489 
112.765808 
112.756042 
112.746887 
112.736511 
112.726440 
112.716675 
112.705994 
112.695313 
112.684937 
112.674255 
112.663879 
112.653198 
112.642822 
112.631836 
112.622070 
112.611694 
112.601318 
112.590942 
112.580566 
112.571106 
112.560120 
112.549438 
112.538147 
112.526855 
112.516785 
112.506714 
112.496338 
112.485962 
112.475891 
112.466125 
112.456360 
112.445984 
112.435608 
112.424927 
112.414551 
112.404175 
112.394104 
112.383423 
112.372437 
112.361755 
112.351990 
112.341919 
112.332764 
112.322998 
112.312927 
112.303162 
112.292786 
112.282104 
112.271118 
112.260742 
112.249756 
112.239990 
112.229004 
112.218628 
112.208557 
112.198181 
112.188110 
112.178345 
112.167969 
112.158203 
112.147827 
112.136536 
112.125549 
112.114563 
112.103882 
112.093506 
112.083740 
112.073364 
112.063599 
112.053528 
112.043152 
112.033081 
112.022705 
112.012329 
112.002258 
111.991882 
111.981506 
111.970520 
111.960449 
111.949158 
111.938782 
111.929016 
111.919861 
111.910400 
111.900330 
111.890564 
111.879578 
111.869202 
111.858826 
111.848145 
111.837769 
111.826782 
111.816711 
111.806335 
111.795654 
111.785278 
111.775513 
111.765137 
111.755371 
111.745605 
111.734924 
111.723938 
111.712646 
111.702271 
111.691589 
111.681519 
111.671143 
111.661072 
111.651001 
111.640625 
111.630859 
111.620178 
111.610413 
111.600037 
111.589661 
111.579590 
111.568909 
111.558533 
111.548157 
111.537170 
111.526794 
111.517334 
111.507874 
111.498108 
111.488037 
111.477966 
111.467285 
111.456909 
111.446533 
111.435242 
111.424866 
111.414490 
111.404114 
111.393738 
111.383362 
111.373291 
111.362915 
111.352539 
111.342468 
111.333313 
111.322021 
111.311035 
111.300049 
111.289063 
111.278687 
111.268311 
111.257935 
111.248169 
111.238098 
111.228333 
111.217957 
111.207886 
111.197815 
111.187744 
111.177368 
111.166687 
111.156311 
111.145325 
111.135254 
111.124573 
111.114502 
111.104431 
111.095581 
111.085510 
111.075439 
111.065979 
111.055298 
111.044617 
111.034546 
111.023560 
111.012878 
111.002502 
110.992126 
110.981750 
110.971069 
110.961304 
110.951233 
110.940857 
110.930786 
110.921021 
110.911255 
110.899963 
110.888977 
110.877991 
110.867310 
110.857239 
110.847168 
110.836792 
110.827026 
110.817261 
110.807495 
110.797119 
110.786743 
110.776367 
110.765991 
110.756226 
110.745544 
110.734863 
110.724487 
110.713806 
110.703430 
110.693665 
110.683899 
110.674438 
110.664368 
110.654297 
110.643921 
110.633240 
110.622253 
110.612183 
110.601501 
110.590515 
110.579834 
110.570374 
110.559998 
110.549316 
110.539246 
110.529175 
110.519104 
110.509338 
110.498657 
110.487671 
110.476379 
110.466003 
110.455322 
110.445557 
110.435181 
110.424805 
110.414734 
110.404968 
110.394897 
110.384216 
110.374146 
110.364380 
110.353699 
110.343628 
110.333862 
110.322876 
110.311584 
110.301514 
110.291443 
110.281372 
110.272522 
110.262451 
110.252991 
110.243835 
110.233765 
110.223999 
110.214233 
110.205383 
110.196228 
110.187988 
110.179749 
110.172424 
110.165405 
110.158386 
110.152283 
110.146790 
110.141602 
110.136108 
110.132141 
110.126648 
110.121765 
110.117798 
110.114441 
110.111694 
110.109253 
110.107727 
110.106201 
110.105286 
110.104675 
110.104065 
110.104370 
110.104675 
110.104675 
110.105286 
110.106506 
110.107727 
110.108948 
110.111389 
110.113525 
110.117493 
110.122070 
110.126648 
110.131226 
110.136414 
110.141602 
110.146790 
110.152588 
110.158386 
110.164490 
110.171509 
110.178528 
110.186462 
110.195007 
110.203247 
110.212402 
110.221863 
110.231934 
110.242310 
110.252380 
110.262146 
110.271912 
110.281677 
110.292358 
110.302734 
110.314026 
110.325012 
110.335083 
110.346985 
110.357666 
110.368347 
110.379639 
110.390320 
110.401001 
110.411682 
110.422058 
110.432434 
110.442200 
110.452576 
110.462646 
110.473938 
110.484924 
110.496216 
110.507202 
110.517883 
110.527954 
110.537415 
110.548096 
110.557861 
110.567932 
110.578003 
110.588074 
110.597839 
110.608521 
110.618896 
110.629272 
110.639648 
110.650024 
110.660706 
110.670776 
110.680542 
110.690002 
110.699463 
110.710144 
110.720215 
110.730591 
110.740662 
110.751343 
110.762024 
110.772400 
110.782471 
110.793152 
110.803833 
110.813599 
110.823975 
110.833435 
110.843811 
110.853882 
110.863647 
110.874023 
110.884399 
110.895996 
110.906982 
110.916748 
110.928040 
110.937500 
110.947571 
110.957336 
110.967407 
110.977173 
110.987549 
110.997620 
111.007690 
111.018066 
111.028442 
111.038818 
111.048889 
111.059265 
111.069946 
111.080322 
111.089478 
111.098633 
111.108398 
111.118774 
111.128540 
111.139221 
111.149902 
111.160278 
111.170959 
111.181641 
111.191711 
111.202393 
111.212463 
111.222839 
111.232910 
111.243286 
111.253357 
111.263123 
111.273499 
111.283569 
111.293945 
111.305542 
111.316223 
111.326904 
111.337891 
111.347961 
111.358032 
111.367798 
111.377869 
111.387329 
111.398010 
111.408386 
111.418457 
111.428528 
111.438904 
111.449280 
111.459656 
111.470032 
111.480713 
111.491394 
111.500854 
111.510315 
111.520081 
111.530151 
111.540527 
111.550598 
111.560974 
111.571350 
111.581726 
111.592407 
111.603088 
111.612854 
111.623230 
111.633911 
111.643677 
111.654053 
111.663818 
111.673584 
111.683655 
111.693726 
111.704712 
111.716003 
111.726685 
111.736755 
111.747437 
111.757202 
111.767578 
111.777344 
111.787109 
111.797180 
111.807861 
111.817627 
111.828003 
111.838074 
111.848450 
111.858826 
111.869202 
111.879883 
111.889954 
111.900635 
111.909790 
111.919250 
111.928711 
111.938782 
111.949158 
111.959839 
111.969604 
111.980286 
111.990662 
112.001648 
112.011719 
112.021790 
112.032166 
112.042847 
112.052917 
112.062683 
112.072754 
112.082520 
112.092590 
112.102356 
112.112732 
112.124634 
112.135315 
112.145996 
112.156677 
112.166443 
112.177124 
112.186890 
112.196960 
112.206726 
112.216797 
112.226563 
112.236938 
112.247314 
112.257690 
112.268066 
112.278748 
112.289124 
112.299805 
112.309875 
112.319336 
112.328491 
112.337952 
112.348022 
112.358704 
112.369080 
112.379456 
112.389526 
112.399902 
112.410278 
112.420349 
112.431335 
112.441406 
112.451477 
112.461548 
112.471313 
112.481689 
112.491760 
112.501526 
112.511902 
112.522278 
112.533569 
112.544556 
112.554321 
112.565308 
112.575073 
112.586060 
112.595520 
112.605591 
112.615662 
112.625427 
112.635803 
112.645874 
112.656250 
112.666321 
112.677002 
112.686768 
112.697754 
112.707825 
112.717896 
112.727661 
112.736816 
112.746887 
112.757263 
112.767334 
112.777710 
112.787781 
112.798157 
112.809143 
112.819519 
112.829285 
112.839355 
112.849731 
112.860107 
112.870178 
112.880249 
112.890320 
112.900085 
112.909546 
112.920227 
112.931519 
112.941895 
112.953186 
112.963562 
112.974243 
112.984009 
112.994080 
113.004150 
113.013611 
113.023682 
113.034058 
113.044128 
113.054810 
113.065186 
113.075562 
113.085632 
113.095703 
113.106384 
113.117065 
113.126831 
113.136597 
113.146057 
113.154907 
113.165283 
113.175659 
113.185730 
113.196106 
113.206787 
113.217468 
113.228149 
113.237915 
113.247986 
113.258667 
113.268738 
113.278503 
113.288574 
113.298645 
113.308411 
113.318176 
113.328247 
113.338928 
113.349915 
113.360901 
113.371887 
113.382263 
113.392334 
113.402100 
113.412476 
113.421936 
113.431702 
113.442078 
113.452148 
113.461914 
113.472595 
113.482971 
113.493347 
113.503723 
113.513794 
113.525085 
113.534851 
113.544617 
113.553772 
113.563232 
113.572998 
113.583374 
113.593750 
113.603516 
113.614197 
113.624878 
113.635254 
113.645325 
113.655701 
113.665771 
113.675842 
113.686523 
113.696289 
113.705750 
113.716431 
113.726196 
113.735962 
113.746643 
113.757935 
113.768616 
113.778992 
113.789368 
113.799744 
113.809814 
113.819580 
113.829346 
113.839417 
113.849182 
113.859863 
113.869324 
113.880310 
113.890381 
113.900452 
113.911133 
113.920898 
113.931885 
113.942261 
113.951111 
113.961182 
113.970032 
113.980103 
113.990784 
114.000549 
114.010925 
114.021606 
114.031982 
114.042358 
114.052124 
114.061584 
114.071350 
114.081116 
114.090271 
114.098816 
114.107361 
114.115601 
114.123230 
114.131165 
114.139404 
114.147949 
114.155884 
114.162598 
114.169617 
114.175415 
114.181519 
114.185791 
114.190674 
114.195251 
114.199829 
114.203796 
114.207153 
114.209595 
114.213257 
114.215698 
114.218140 
114.219971 
114.221497 
114.221802 
114.221802 
114.221497 
114.220581 
114.219360 
114.219055 
114.217834 
114.215698 
114.213867 
114.212036 
114.209290 
114.205627 
114.201355 
114.197693 
114.193115 
114.187622 
114.182434 
114.175720 
114.169006 
114.162598 
114.155579 
114.149170 
114.141846 
114.134216 
114.126282 
114.117432 
114.108276 
114.098511 
114.089050 
114.079285 
114.068909 
114.058533 
114.048157 
114.037476 
114.027100 
114.016724 
114.006348 
113.995361 
113.984375 
113.973694 
113.963013 
113.950806 
113.939209 
113.927612 
113.916016 
113.905640 
113.894348 
113.883362 
113.872986 
113.862000 
113.851318 
113.839722 
113.828735 
113.817444 
113.807068 
113.795776 
113.784790 
113.773499 
113.761902 
113.750916 
113.739929 
113.730164 
113.720093 
113.710022 
113.699951 
113.688965 
113.678284 
113.667603 
113.656616 
113.645325 
113.634644 
113.623962 
113.613281 
113.602905 
113.592834 
113.582458 
113.571777 
113.561707 
113.551331 
113.541260 
113.531189 
113.519592 
113.508301 
113.497314 
113.486328 
113.476868 
113.465881 
113.456116 
113.445740 
113.435974 
113.425903 
113.415222 
113.405457 
113.394775 
113.384705 
113.374329 
113.363342 
113.352661 
113.341675 
113.331299 
113.321228 
113.311157 
113.301697 
113.291626 
113.282166 
113.272095 
113.262024 
113.251038 
113.240662 
113.229980 
113.218994 
113.208923 
113.198242 
113.187866 
113.177490 
113.167114 
113.156738 
113.146667 
113.136597 
113.126526 
113.116455 
113.105469 
113.093567 
113.082886 
113.072510 
113.062439 
113.051453 
113.041687 
113.031311 
113.020935 
113.011169 
113.000793 
112.990723 
112.980042 
112.969971 
112.959290 
112.948608 
112.938232 
112.927551 
112.916870 
112.906189 
112.896118 
112.886353 
112.876587 
112.866821 
112.856445 
112.846069 
112.835693 
112.825317 
112.814636 
112.803650 
112.793274 
112.781982 
112.772217 
112.762146 
112.751770 
112.741394 
112.731018 
112.720642 
112.710266 
112.700500 
112.689209 
112.678223 
112.667236 
112.656555 
112.646484 
112.636414 
112.625732 
112.615662 
112.605591 
112.595825 
112.585449 
112.574463 
112.564697 
112.554321 
112.543945 
112.533569 
112.522888 
112.511597 
112.501831 
112.491150 
112.481689 
112.471924 
112.462463 
112.452698 
112.442627 
112.431946 
112.420959 
112.410889 
112.399902 
112.389526 
112.378845 
112.368469 
112.358093 
112.348022 
112.337646 
112.327576 
112.316895 
112.307129 
112.297058 
112.286987 
112.276001 
112.264404 
112.253418 
112.243042 
112.232971 
112.222595 
112.212524 
112.202148 
112.192383 
112.182617 
112.172241 
112.162170 
112.151794 
112.141724 
112.131042 
112.120667 
112.109680 
112.099304 
112.088318 
112.078247 
112.068176 
112.059021 
112.049255 
112.039490 
112.029419 
112.019348 
112.008667 
111.997681 
111.987610 
111.976929 
111.966553 
111.955261 
111.945190 
111.934814 
111.924744 
111.914978 
111.903992 
111.894226 
111.884460 
111.874084 
111.863403 
111.852112 
111.840820 
111.830444 
111.820679 
111.810303 
111.799622 
111.789856 
111.779480 
111.769714 
111.759644 
111.749268 
111.739197 
111.728821 
111.718445 
111.708374 
111.697693 
111.687012 
111.676331 
111.665955 
111.655884 
111.646729 
111.636963 
111.626892 
111.616821 
111.606750 
111.596069 
111.585693 
111.575012 
111.564636 
111.553650 
111.543579 
111.533508 
111.522522 
111.513062 
111.502075 
111.492004 
111.481934 
111.471558 
111.461487 
111.450500 
111.439819 
111.428528 
111.417847 
111.407776 
111.397400 
111.387634 
111.377258 
111.367493 
111.357422 
111.347351 
111.337280 
111.326599 
111.316528 
111.305847 
111.295776 
111.285095 
111.274414 
111.264038 
111.253052 
111.243286 
111.234131 
111.224365 
111.214600 
111.204834 
111.194153 
111.183777 
111.172791 
111.162415 
111.151733 
111.141357 
111.130676 
111.120605 
111.110229 
111.100159 
111.089478 
111.079712 
111.069641 
111.059570 
111.049500 
111.038818 
111.027527 
111.016235 
111.006165 
110.995789 
110.985413 
110.975647 
110.965576 
110.955505 
110.945740 
110.935364 
110.925293 
110.914917 
110.905151 
110.895081 
110.884094 
110.873718 
110.862732 
110.852051 
110.841980 
110.832520 
110.822754 
110.813293 
110.803528 
110.793762 
110.783081 
110.772705 
110.762329 
110.751648 
110.740967 
110.730896 
110.719910 
110.709839 
110.698853 
110.688782 
110.678711 
110.668335 
110.658569 
110.648193 
110.638123 
110.627136 
110.615845 
110.604858 
110.594482 
110.584106 
110.574341 
110.563660 
110.553894 
110.543518 
110.533447 
110.523376 
110.513306 
110.502930 
110.492859 
110.482178 
110.472107 
110.461426 
110.450745 
110.440063 
110.429993 
110.420227 
110.410767 
110.401306 
110.390625 
110.381470 
110.370789 
110.360413 
110.349731 
110.339355 
110.328369 
110.317993 
110.307922 
110.297546 
110.286865 
110.277405 
110.267029 
110.256653 
110.247498 
110.237732 
110.227966 
110.218811 
110.208130 
110.198975 
110.190430 
110.182190 
110.174866 
110.167847 
110.161133 
110.154724 
110.148926 
110.143127 
110.138245 
110.133362 
110.128784 
110.124512 
110.120239 
110.117188 
110.113831 
110.110474 
110.108032 
110.107117 
110.106506 
110.106201 
110.105591 
110.106201 
110.105896 
110.105896 
110.106506 
110.107117 
110.107727 
110.108948 
110.111389 
110.113525 
110.116882 
110.120239 
110.123901 
110.127869 
110.132751 
110.138245 
110.143738 
110.149231 
110.154114 
110.159912 
110.166931 
110.173645 
110.181274 
110.189819 
110.198364 
110.207214 
110.216675 
110.226135 
110.236206 
110.246887 
110.256653 
110.267029 
110.276794 
110.287781 
110.297852 
110.307922 
110.318909 
110.330200 
110.341797 
110.353699 
110.364380 
110.375671 
110.386658 
110.397034 
110.407410 
110.417480 
110.427856 
110.438232 
110.448303 
110.458679 
110.469360 
110.479431 
110.490112 
110.500488 
110.510864 
110.521851 
110.532227 
110.541992 
110.551758 
110.561218 
110.571289 
110.581665 
110.591736 
110.602417 
110.612793 
110.623169 
110.633545 
110.644531 
110.654297 
110.664978 
110.675354 
110.685120 
110.695496 
110.705566 
110.715637 
110.725708 
110.735474 
110.745850 
110.757141 
110.768433 
110.778809 
110.789490 
110.799866 
110.809631 
110.819397 
110.829468 
110.839539 
110.849609 
110.859680 
110.869751 
110.880432 
110.890503 
110.901184 
110.911255 
110.921326 
110.932312 
110.942383 
110.952148 
110.961609 
110.970764 
110.980530 
110.991211 
111.001282 
111.011353 
111.022339 
111.032410 
111.043396 
111.053467 
111.063843 
111.074219 
111.083984 
111.094055 
111.104736 
111.114502 
111.124573 
111.134338 
111.144409 
111.155090 
111.166382 
111.177979 
111.188354 
111.198730 
111.209106 
111.219177 
111.229248 
111.239319 
111.248779 
111.258850 
111.269226 
111.279602 
111.289978 
111.300659 
111.310425 
111.320801 
111.331787 
111.342163 
111.353149 
111.362610 
111.372070 
111.381531 
111.390991 
111.401672 
111.412048 
111.422424 
111.432800 
111.443481 
111.454163 
111.464539 
111.474609 
111.484680 
111.495667 
111.505432 
111.515503 
111.525269 
111.535645 
111.545410 
111.555176 
111.566162 
111.577148 
111.588135 
111.598816 
111.609497 
111.619568 
111.629944 
111.639099 
111.649780 
111.659851 
111.670227 
111.679993 
111.690063 
111.700134 
111.710510 
111.720581 
111.731567 
111.741333 
111.751404 
111.762390 
111.772156 
111.781616 
111.790771 
111.800842 
111.811523 
111.821594 
111.832275 
111.842651 
111.853027 
111.863708 
111.873474 
111.883850 
111.894226 
111.904602 
111.914368 
111.924744 
111.934814 
111.944275 
111.954651 
111.964417 
111.975403 
111.986694 
111.997375 
112.007751 
112.018738 
112.028809 
112.039185 
112.048340 
112.058105 
112.068481 
112.078552 
112.088928 
112.098999 
112.108765 
112.120056 
112.129822 
112.140503 
112.150574 
112.161255 
112.171631 
112.181702 
112.190857 
112.200317 
112.210083 
112.220764 
112.230530 
112.241211 
112.251587 
112.261658 
112.272644 
112.283020 
112.293091 
112.303467 
112.313538 
112.323914 
112.333984 
112.344055 
112.353821 
112.363586 
112.373657 
112.384338 
112.395325 
112.406006 
112.416992 
112.427673 
112.438049 
112.448120 
112.457581 
112.467651 
112.477722 
112.487488 
112.497864 
112.507629 
112.518311 
112.528076 
112.538757 
112.548828 
112.559509 
112.569885 
112.580566 
112.590332 
112.599792 
112.609253 
112.619019 
112.629700 
112.639465 
112.649841 
112.660217 
112.670593 
112.681274 
112.691345 
112.701721 
112.712097 
112.722168 
112.732239 
112.742920 
112.752380 
112.762146 
112.772217 
112.782288 
112.792664 
112.803955 
112.814941 
112.825623 
112.836304 
112.846069 
112.856445 
112.866211 
112.875977 
112.886353 
112.895813 
112.906494 
112.916565 
112.926941 
112.937317 
112.947388 
112.957764 
112.968445 
112.978821 
112.989197 
112.998962 
113.008423 
113.017578 
113.027039 
113.038025 
113.047791 
113.058472 
113.069153 
113.079834 
113.090210 
113.100281 
113.110046 
113.120728 
113.130798 
113.140869 
113.150940 
113.160706 
113.170471 
113.180542 
113.190613 
113.201294 
113.212585 
113.223877 
113.234253 
113.244324 
113.254700 
113.264771 
113.274231 
113.284302 
113.294067 
113.304138 
113.314209 
113.324280 
113.335266 
113.345032 
113.355103 
113.365784 
113.376160 
113.386841 
113.397522 
113.406982 
113.416748 
113.425293 
113.435364 
113.445740 
113.455505 
113.466187 
113.476563 
113.486938 
113.497620 
113.508301 
113.518066 
113.528442 
113.538818 
113.548584 
113.558960 
113.568115 
113.578796 
113.588867 
113.598633 
113.609009 
113.619995 
113.630981 
113.641663 
113.651733 
113.662415 
113.671875 
113.682251 
113.692017 
113.702087 
113.711853 
113.722534 
113.731995 
113.742676 
113.753052 
113.762817 
113.773499 
113.783875 
113.793945 
113.804626 
113.814392 
113.824158 
113.833008 
113.843384 
113.853455 
113.864136 
113.873901 
113.884583 
113.894348 
113.905029 
113.915405 
113.925781 
113.935852 
113.945618 
113.955994 
113.966370 
113.975830 
113.985596 
113.995972 
114.005737 
114.016113 
114.027100 
114.038391 
114.048462 
114.058533 
114.068298 
114.077454 
114.086304 
114.095154 
114.103699 
114.111938 
114.120483 
114.128723 
114.136353 
114.144287 
114.151917 
114.159241 
114.165649 
114.172363 
114.178162 
114.183044 
114.187927 
114.191895 
114.196167 
114.199829 
114.204102 
114.207764 
114.211426 
114.213562 
114.216003 
114.217834 
114.219666 
114.220886 
114.221191 
114.221191 
114.221497 
114.220886 
114.219360 
114.218750 
114.216309 
114.214783 
114.213562 
114.211121 
114.208374 
114.205017 
114.201050 
114.196167 
114.191589 
114.185486 
114.179688 
114.173279 
114.167480 
114.160156 
114.152832 
114.145508 
114.137573 
114.129944 
114.121094 
114.112549 
114.103699 
114.093933 
114.083252 
114.072571 
114.061890 
114.052124 
114.042053 
114.031372 
114.021301 
114.010620 
113.999939 
113.988647 
113.978271 
113.967285 
113.956604 
113.944702 
113.934021 
113.922119 
113.911133 
113.899841 
113.888855 
113.878174 
113.867798 
113.857117 
113.846741 
113.835754 
113.824463 
113.813477 
113.802185 
113.791199 
113.779907 
113.768616 
113.757935 
113.746948 
113.736267 
113.725586 
113.714600 
113.704529 
113.693848 
113.683167 
113.672791 
113.661499 
113.650208 
113.638916 
113.627930 
113.617554 
113.607178 
113.596802 
113.586731 
113.576050 
113.566284 
113.555908 
113.545532 
113.535156 
113.525085 
113.513794 
113.503723 
113.492737 
113.482056 
113.471680 
113.460999 
113.450623 
113.441467 
113.431702 
113.421936 
113.411865 
113.401489 
113.391113 
113.379822 
113.370056 
113.358765 
113.348083 
113.337708 
113.327026 
113.316956 
113.306580 
113.296509 
113.286133 
113.276062 
113.266296 
113.256226 
113.245544 
113.234253 
113.222961 
113.212280 
113.201904 
113.191528 
113.181152 
113.171387 
113.161316 
113.150940 
113.141174 
113.130188 
113.120422 
113.110046 
113.099365 
113.089294 
113.078308 
113.068237 
113.056946 
113.046265 
113.035889 
113.026733 
113.017273 
113.007507 
112.997437 
112.986755 
112.976379 
112.965698 
112.954407 
112.944031 
112.933350 
112.923584 
112.912292 
112.902222 
112.891541 
112.881165 
112.871094 
112.861023 
112.850952 
112.840576 
112.829895 
112.818604 
112.807617 
112.796631 
112.786560 
112.776184 
112.766113 
112.755737 
112.745972 
112.735596 
112.725220 
112.714539 
112.704468 
112.694397 
112.683716 
112.673340 
112.662659 
112.651978 
112.640991 
112.630615 
112.620850 
112.611389 
112.601624 
112.591858 
112.581482 
112.571411 
112.560730 
112.550354 
112.539673 
112.528687 
112.518311 
112.507935 
112.497559 
112.486877 
112.476807 
112.466736 
112.456665 
112.446594 
112.436523 
112.425842 
112.415771 
112.404480 
112.392883 
112.382202 
112.372131 
112.362061 
112.351990 
112.341614 
112.331543 
112.321472 
112.311401 
112.301331 
112.290649 
112.280884 
112.270508 
112.260132 
112.249146 
112.238770 
112.228088 
112.217407 
112.207336 
112.197876 
112.188721 
112.178345 
112.168884 
112.158203 
112.148132 
112.137451 
112.126770 
112.116699 
112.105408 
112.095032 
112.084656 
112.074280 
112.063904 
112.053528 
112.043762 
112.033386 
112.023621 
112.013550 
112.002258 
111.991577 
111.980591 
111.969604 
111.959839 
111.948853 
111.938477 
111.928406 
111.918335 
111.908875 
111.898499 
111.888123 
111.878662 
111.867676 
111.857910 
111.847229 
111.836853 
111.826477 
111.815491 
111.805115 
111.794434 
111.785278 
111.776123 
111.765747 
111.755981 
111.745911 
111.735229 
111.725159 
111.714172 
111.703491 
111.693115 
111.682434 
111.672058 
111.662292 
111.651611 
111.641235 
111.631165 
111.621094 
111.611328 
111.600952 
111.589966 
111.578979 
111.567993 
111.557007 
111.547241 
111.536560 
111.527100 
111.516418 
111.506958 
111.496582 
111.486206 
111.476440 
111.466064 
111.455688 
111.445313 
111.434631 
111.423950 
111.413879 
111.402893 
111.392517 
111.382446 
111.372986 
111.363525 
111.353455 
111.343384 
111.333313 
111.322632 
111.311951 
111.301575 
111.290588 
111.280518 
111.269836 
111.259155 
111.249695 
111.238708 
111.228943 
111.218872 
111.208496 
111.198730 
111.188660 
111.178284 
111.166382 
111.155396 
111.144409 
111.134338 
111.124268 
111.114502 
111.104126 
111.094055 
111.083984 
111.073914 
111.063843 
111.054077 
111.043701 
111.033325 
111.022949 
111.012268 
111.001587 
110.990601 
110.980225 
110.970764 
110.961304 
110.951843 
110.942078 
110.931702 
110.921631 
110.910950 
110.900879 
110.890503 
110.879822 
110.869446 
110.859070 
110.848389 
110.838013 
110.827942 
110.817871 
110.807800 
110.797424 
110.787659 
110.777588 
110.766907 
110.755920 
110.744324 
110.733948 
110.723572 
110.713501 
110.702820 
110.692749 
110.682983 
110.672607 
110.662537 
110.652771 
110.641785 
110.632019 
110.621948 
110.610962 
110.600891 
110.590210 
110.579529 
110.569153 
110.558777 
110.549011 
110.539856 
110.529785 
110.520020 
110.509644 
110.499573 
110.488586 
110.478210 
110.467224 
110.457153 
110.446472 
110.436096 
110.426025 
110.415649 
110.405579 
110.395203 
110.384521 
110.375061 
110.364990 
110.354614 
110.343323 
110.332336 
110.321655 
110.311584 
110.301208 
110.290833 
110.280762 
110.271301 
110.261536 
110.251465 
110.241699 
110.232544 
110.222473 
110.213623 
110.204468 
110.195923 
110.187073 
110.178833 
110.171509 
110.164185 
110.158081 
110.152893 
110.147095 
110.142212 
110.137024 
110.132751 
110.127563 
110.123291 
110.119324 
110.115967 
110.113525 
110.110779 
110.108948 
110.107422 
110.105896 
110.104980 
110.104065 
110.104065 
110.103760 
110.103149 
110.102234 
110.101318 
110.101013 
110.101318 
110.101318 
110.101624 
110.101318 
110.102539 
110.101929 
110.102539 
110.102844 
110.103149 
110.102539 
110.102844 
110.103149 
110.103149 
110.103149 
110.102844 
110.102844 
110.103455 
110.104370 
110.105286 
110.105896 
110.106201 
110.106812 
110.106506 
110.106812 
110.106201 
110.106201 
110.106201 
110.106506 
110.106201 
110.106506 
110.106506 
110.106506 
110.107117 
110.106812 
110.107422 
110.107117 
110.107117 
110.106201 
110.105591 
110.105286 
110.105286 
110.105591 
110.105896 
110.105591 
110.105896 
110.106201 
110.106506 
110.106201 
110.106506 
110.106201 
110.106506 
110.106201 
110.105896 
110.105591 
110.105286 
110.104980 
110.105286 
110.105896 
110.107422 
110.107422 
110.108032 
110.108337 
110.107422 
110.107727 
110.107422 
110.107422 
110.107422 
110.107117 
110.106812 
110.106812 
110.107727 
110.107117 
110.107422 
110.107422 
110.107727 
110.107727 
110.107117 
110.106506 
110.105591 
110.105591 
110.104980 
110.105286 
110.106201 
110.106201 
110.106506 
