Blum, K. P., D’Incamps, B. L., Zytnicki, D., & Ting, L. H. (2017).
Force encoding in muscle spindles during stretch of
passive muscle. PLoS computational biology, 13(9), 
e1005767. <https://journals.plos.org/ploscompbiol/article?
id=10.1371/journal.pcbi.1005767>

cat medial gastrocnemius muscle lengths over t  (in 0.0005 s increments)
110.111389 
110.109558 
110.108948 
110.108643 
110.108643 
110.108643 
110.108948 
110.109253 
110.109253 
110.109558 
110.109558 
110.109558 
110.109863 
110.109558 
110.109558 
110.109558 
110.109253 
110.108643 
110.108337 
110.107727 
110.108337 
110.109558 
110.111084 
110.111389 
110.111084 
110.110779 
110.111084 
110.110474 
110.110474 
110.110474 
110.110474 
110.110474 
110.110168 
110.110168 
110.110168 
110.110779 
110.110779 
110.111389 
110.111389 
110.111694 
110.111084 
110.109863 
110.108643 
110.108032 
110.108643 
110.109253 
110.108948 
110.109253 
110.109253 
110.109863 
110.109863 
110.109558 
110.109558 
110.109863 
110.109558 
110.108948 
110.109253 
110.108337 
110.108337 
110.108337 
110.108032 
110.110168 
110.110474 
110.111389 
110.112000 
110.111084 
110.111084 
110.110779 
110.110779 
110.110474 
110.110168 
110.110474 
110.110474 
110.110474 
110.110474 
110.110474 
110.111084 
110.111694 
110.112000 
110.111694 
110.111389 
110.110779 
110.108948 
110.108948 
110.108643 
110.108948 
110.108948 
110.109253 
110.109558 
110.109558 
110.109558 
110.109863 
110.109558 
110.109558 
110.109863 
110.108948 
110.109253 
110.108948 
110.108032 
110.108337 
110.108948 
110.110168 
110.111084 
110.111389 
110.111694 
110.111389 
110.111084 
110.111084 
110.111694 
110.112305 
110.112915 
110.113525 
110.115051 
110.116272 
110.117188 
110.119019 
110.120850 
110.122986 
110.125427 
110.127258 
110.128784 
110.129395 
110.130310 
110.131836 
110.134277 
110.136108 
110.138855 
110.141602 
110.144043 
110.147400 
110.150146 
110.152588 
110.155029 
110.157776 
110.159912 
110.162354 
110.164490 
110.166931 
110.168762 
110.171509 
110.174866 
110.178528 
110.182495 
110.185547 
110.188293 
110.191040 
110.193481 
110.196228 
110.198059 
110.201111 
110.203552 
110.205994 
110.208435 
110.211182 
110.213928 
110.216675 
110.220337 
110.222778 
110.226440 
110.228882 
110.231018 
110.232544 
110.233765 
110.236511 
110.238953 
110.241699 
110.244751 
110.247498 
110.250244 
110.253296 
110.256653 
110.259399 
110.261841 
110.263977 
110.267029 
110.269775 
110.271912 
110.273743 
110.276184 
110.278931 
110.281982 
110.286255 
110.289612 
110.293274 
110.296021 
110.298157 
110.300903 
110.303345 
110.305481 
110.307922 
110.310669 
110.313416 
110.316162 
110.318909 
110.321960 
110.324707 
110.327759 
110.330811 
110.333862 
110.336914 
110.339355 
110.340576 
110.342712 
110.344543 
110.347595 
110.350342 
110.353088 
110.356445 
110.359192 
110.362854 
110.365295 
110.368347 
110.371094 
110.374146 
110.376587 
110.379028 
110.381775 
110.384216 
110.386658 
110.389404 
110.393066 
110.396729 
110.400696 
110.404358 
110.406799 
110.409546 
110.411987 
110.414429 
110.416565 
110.419312 
110.421753 
110.424194 
110.426636 
110.429077 
110.432129 
110.434570 
110.437317 
110.440369 
110.443420 
110.446472 
110.447998 
110.449219 
110.450745 
110.452881 
110.455017 
110.457458 
110.460510 
110.463257 
110.466309 
110.468445 
110.471497 
110.473938 
110.476685 
110.479126 
110.480957 
110.483704 
110.485535 
110.487671 
110.490112 
110.492249 
110.494995 
110.498962 
110.502930 
110.505676 
110.508423 
110.510559 
110.513306 
110.515137 
110.517578 
110.520020 
110.522156 
110.524902 
110.527039 
110.530090 
110.532532 
110.534973 
110.537415 
110.540771 
110.543823 
110.546265 
110.548401 
110.549927 
110.551453 
110.552979 
110.556335 
110.558777 
110.560913 
110.563660 
110.567017 
110.569458 
110.572510 
110.574646 
110.577393 
110.579834 
110.582275 
110.584717 
110.586853 
110.588989 
110.591125 
110.593567 
110.596924 
110.600891 
110.603943 
110.607300 
110.610352 
110.612183 
110.614624 
110.617065 
110.619202 
110.621033 
110.623474 
110.626526 
110.628662 
110.631104 
110.633850 
110.636902 
110.639648 
110.642395 
110.645447 
110.647888 
110.649719 
110.650940 
110.652466 
110.654602 
110.657043 
110.659790 
110.662537 
110.665588 
110.668030 
110.670776 
110.674133 
110.676270 
110.678711 
110.681458 
110.684204 
110.686035 
110.688477 
110.690918 
110.692749 
110.695190 
110.698547 
110.702820 
110.706177 
110.709534 
110.711975 
110.714417 
110.717163 
110.719299 
110.721741 
110.723877 
110.726318 
110.728760 
110.731201 
110.733643 
110.736389 
110.739136 
110.742493 
110.745239 
110.747681 
110.750732 
110.752869 
110.753784 
110.755005 
110.757751 
110.759888 
110.762939 
110.765381 
110.768738 
110.771179 
110.774231 
110.777283 
110.779724 
110.782471 
110.784912 
110.787354 
110.789795 
110.791626 
110.793457 
110.795898 
110.798950 
110.801697 
110.805664 
110.809631 
110.812378 
110.814819 
110.817871 
110.819702 
110.822144 
110.824585 
110.826721 
110.829163 
110.831909 
110.834351 
110.837097 
110.839539 
110.842590 
110.845032 
110.848389 
110.851440 
110.854187 
110.855713 
110.856628 
110.858765 
110.860596 
110.863647 
110.866394 
110.869446 
110.871887 
110.874329 
110.877380 
110.880127 
110.882874 
110.885620 
110.888062 
110.889893 
110.892639 
110.894775 
110.896912 
110.899353 
110.901489 
110.904541 
110.908813 
110.912476 
110.915222 
110.917969 
110.920410 
110.922241 
110.924683 
110.927124 
110.928955 
110.932312 
110.934448 
110.937195 
110.939636 
110.942078 
110.944519 
110.947571 
110.950623 
110.953674 
110.956116 
110.957947 
110.959778 
110.960999 
110.962830 
110.965881 
110.968323 
110.971375 
110.974121 
110.976563 
110.979614 
110.982361 
110.984802 
110.986938 
110.989685 
110.992126 
110.994568 
110.996704 
110.998840 
111.001587 
111.003723 
111.007080 
111.011047 
111.014404 
111.018066 
111.020813 
111.022949 
111.025391 
111.027527 
111.029968 
111.032104 
111.034851 
111.036987 
111.039429 
111.042480 
111.045227 
111.047668 
111.050415 
111.053772 
111.056519 
111.059265 
111.061401 
111.062317 
111.064148 
111.066284 
111.068726 
111.071167 
111.074219 
111.077271 
111.079712 
111.082764 
111.085510 
111.088257 
111.090698 
111.092834 
111.095276 
111.097717 
111.100159 
111.101990 
111.104126 
111.106567 
111.109619 
111.113892 
111.117249 
111.120300 
111.122742 
111.125183 
111.127014 
111.128540 
111.130676 
111.131897 
111.133728 
111.134644 
111.135864 
111.137390 
111.138611 
111.139526 
111.140747 
111.141663 
111.142578 
111.143494 
111.143188 
111.142578 
111.141663 
111.141663 
111.141968 
111.142578 
111.142578 
111.143188 
111.143799 
111.143799 
111.144104 
111.144104 
111.143494 
111.144104 
111.143494 
111.143494 
111.143188 
111.142578 
111.142273 
111.141663 
111.142883 
111.143799 
111.144409 
111.144714 
111.144409 
111.144409 
111.144104 
111.143188 
111.142883 
111.142273 
111.142273 
111.141663 
111.141968 
111.141663 
111.141357 
111.141357 
111.141357 
111.142273 
111.142273 
111.142578 
111.141663 
111.139832 
111.138916 
111.137695 
111.138306 
111.138000 
111.137695 
111.138306 
111.138916 
111.138611 
111.138611 
111.138306 
111.138611 
111.138611 
111.137695 
111.137695 
111.137085 
111.137085 
111.136780 
111.136169 
111.137390 
111.138611 
111.139526 
111.139832 
111.139832 
111.139526 
111.139221 
111.139221 
111.138306 
111.138306 
111.138306 
111.138306 
111.138611 
111.138611 
111.138611 
111.138611 
111.138916 
111.139526 
111.140442 
111.140137 
111.139526 
111.138306 
111.136780 
111.137085 
111.137085 
111.137085 
111.137390 
111.137695 
111.138000 
111.138306 
111.138000 
111.137695 
111.138306 
111.138000 
111.137390 
111.138000 
111.137390 
111.137085 
111.136169 
111.136169 
111.137390 
111.138611 
111.139832 
111.139832 
111.139526 
111.139832 
111.139221 
111.138916 
111.138611 
111.138611 
111.138611 
111.138916 
111.138916 
111.138611 
111.138916 
111.138611 
111.139832 
111.139526 
111.139832 
111.140442 
111.139221 
111.138000 
111.137085 
111.136780 
111.136780 
111.137085 
111.136780 
111.136780 
111.137390 
111.137695 
111.137695 
111.137695 
111.137695 
111.137390 
111.137085 
111.137085 
111.136475 
111.136475 
111.135864 
111.135559 
111.136169 
111.137695 
111.138916 
111.139221 
111.138611 
111.138611 
111.138306 
111.138306 
111.137695 
111.137390 
111.137695 
111.137695 
111.137390 
111.137695 
111.137695 
111.137695 
111.138000 
111.138611 
111.138916 
111.138916 
111.138000 
111.136475 
111.135559 
111.135864 
111.135559 
111.135559 
111.136169 
111.136780 
111.136780 
111.137085 
111.137390 
111.136780 
111.136780 
111.137085 
111.136475 
111.136475 
111.136475 
111.135559 
111.135864 
111.135559 
111.136475 
111.137695 
111.138611 
111.139221 
111.138916 
111.138916 
111.138916 
111.138611 
111.138306 
111.138000 
111.137695 
111.138306 
111.138306 
111.137695 
111.138000 
111.138916 
111.138306 
111.139221 
111.139526 
111.139526 
111.138611 
111.137390 
111.136780 
111.136475 
111.136780 
111.137085 
111.137390 
111.137085 
111.137695 
111.137695 
111.137390 
111.137390 
111.137695 
111.137695 
111.137390 
111.137695 
111.137085 
111.136780 
111.136169 
111.136169 
111.137085 
111.138000 
111.139221 
111.139221 
111.138916 
111.139221 
111.139221 
111.138611 
111.138306 
111.138000 
111.138000 
111.138306 
111.138306 
111.138000 
111.138000 
111.138306 
111.138611 
111.139221 
111.139832 
111.139526 
111.138611 
111.137085 
111.136475 
111.135864 
111.136169 
111.136169 
111.136475 
111.136475 
111.137085 
111.137085 
111.137085 
111.137390 
111.137390 
111.136780 
111.136780 
111.136475 
111.135864 
111.135559 
111.135254 
111.135254 
111.135864 
111.137390 
111.138611 
111.138306 
111.138306 
111.138000 
111.138000 
111.137390 
111.137390 
111.137085 
111.137390 
111.137695 
111.137695 
111.137085 
111.137695 
111.137695 
111.138000 
111.138611 
111.138916 
111.139221 
111.137695 
111.137085 
111.135559 
111.135864 
111.136169 
111.136169 
111.136169 
111.136475 
111.136780 
111.137085 
111.136780 
111.137085 
111.136780 
111.136780 
111.136780 
111.136780 
111.136169 
111.135864 
111.135864 
111.135559 
111.136169 
111.137695 
111.138611 
111.138611 
111.138916 
111.139221 
111.138611 
111.138000 
111.138000 
111.137390 
111.138000 
111.138000 
111.137695 
111.137695 
111.138000 
111.138306 
111.138611 
111.139221 
111.138916 
111.138611 
111.138611 
111.137085 
111.136169 
111.135864 
111.136169 
111.136475 
111.136475 
111.137085 
111.136780 
111.137085 
111.137390 
111.137085 
111.137085 
111.136780 
111.137085 
111.136475 
111.136475 
111.135864 
111.135559 
111.135559 
111.136475 
111.138000 
111.138306 
111.138611 
111.138611 
111.138611 
111.138000 
111.138000 
111.137390 
111.137695 
111.137390 
111.137695 
111.137695 
111.137695 
111.138000 
111.137695 
111.138000 
111.138611 
111.138611 
111.138916 
111.138000 
111.136780 
111.135864 
111.135559 
111.135864 
111.135559 
111.136169 
111.136475 
111.136475 
111.136780 
111.136780 
111.136475 
111.136475 
111.136780 
111.136475 
111.136169 
111.135864 
111.135559 
111.135254 
111.135559 
111.135864 
111.137390 
111.138306 
111.138306 
111.138306 
111.138306 
111.138000 
111.137695 
111.137390 
111.137085 
111.137390 
111.138000 
111.137390 
111.137695 
111.137695 
111.137695 
111.138306 
111.138611 
111.139221 
111.138916 
111.138306 
111.136780 
111.135864 
111.135864 
111.135864 
111.135864 
111.136780 
111.136475 
111.136780 
111.137085 
111.137085 
111.137085 
111.137085 
111.137085 
111.136475 
111.136780 
111.136169 
111.136169 
111.135559 
111.135559 
111.136475 
111.137695 
111.138916 
111.138916 
111.138611 
111.138306 
111.138306 
111.138306 
111.138000 
111.138000 
111.137695 
111.137695 
111.138000 
111.138000 
111.138000 
111.137695 
111.138611 
111.138611 
111.138916 
111.138916 
111.138000 
111.136780 
111.136169 
111.135864 
111.135864 
111.136169 
111.136475 
111.136780 
111.136475 
111.136780 
111.137085 
111.136780 
111.136780 
111.136780 
111.136475 
111.136780 
111.135864 
111.135559 
111.134949 
111.135254 
111.136475 
111.137085 
111.138306 
111.138000 
111.138306 
111.138000 
111.137695 
111.137390 
111.137390 
111.137390 
111.137390 
111.137390 
111.137695 
111.137390 
111.137390 
111.137695 
111.138000 
111.138306 
111.138916 
111.138611 
111.137695 
111.136169 
111.135864 
111.135864 
111.135254 
111.135864 
111.136169 
111.136169 
111.136475 
111.136475 
111.136780 
111.136780 
111.136780 
111.136780 
111.136169 
111.136475 
111.135864 
111.135559 
111.135254 
111.135559 
111.136475 
111.137695 
111.138611 
111.138611 
111.138611 
111.138611 
111.138000 
111.137695 
111.137695 
111.137695 
111.137695 
111.137390 
111.137390 
111.137695 
111.137390 
111.138000 
111.138306 
111.138306 
111.138916 
111.138611 
111.137695 
111.136780 
111.135864 
111.136169 
111.136169 
111.136169 
111.136475 
111.136475 
111.136780 
111.137085 
111.137085 
111.136475 
111.136780 
111.137085 
111.136780 
111.136169 
111.136169 
111.135864 
111.135254 
111.135559 
111.136780 
111.138000 
111.138916 
111.139221 
111.138611 
111.138306 
111.138306 
111.138306 
111.137695 
111.137695 
111.137695 
111.137695 
111.138000 
111.137695 
111.137695 
111.137695 
111.138306 
111.138611 
111.139221 
111.138916 
111.138000 
111.136475 
111.135864 
111.135559 
111.135864 
111.136169 
111.136475 
111.136475 
111.136169 
111.137085 
111.136780 
111.137085 
111.136780 
111.136780 
111.136780 
111.136475 
111.135864 
111.135254 
111.134949 
111.135254 
111.136475 
111.137390 
111.138306 
111.138611 
111.138306 
111.137695 
111.137695 
111.137390 
111.137390 
111.137390 
111.137390 
111.137390 
111.137390 
111.137390 
111.137390 
111.137390 
111.138000 
111.138611 
111.138916 
111.138611 
111.137390 
111.136475 
111.135559 
111.135254 
111.135559 
111.135864 
111.136475 
111.136169 
111.136475 
111.136475 
111.136780 
111.136475 
111.136780 
111.136780 
111.136169 
111.136169 
111.136169 
111.135254 
111.135254 
111.135254 
111.136475 
111.138000 
111.138306 
111.138306 
111.138000 
111.138000 
111.138306 
111.137390 
111.137390 
111.137695 
111.137695 
111.137390 
111.137695 
111.137695 
111.137695 
111.138306 
111.138000 
111.138306 
111.138916 
111.139221 
111.137695 
111.136475 
111.136169 
111.135864 
111.135864 
111.136169 
111.136475 
111.136780 
111.136780 
111.137085 
111.136780 
111.136780 
111.136780 
111.136780 
111.136780 
111.136475 
111.136169 
111.135254 
111.135254 
111.135559 
111.136780 
111.137695 
111.138306 
111.138611 
111.138306 
111.138000 
111.138306 
111.138000 
111.137390 
111.137390 
111.137695 
111.137390 
111.137695 
111.137390 
111.137695 
111.138000 
111.138306 
111.138611 
111.138611 
111.138916 
111.138000 
111.136475 
111.135559 
111.135559 
111.135864 
111.135864 
111.136475 
111.136475 
111.136475 
111.136780 
111.136780 
111.136475 
111.136780 
111.136475 
111.136475 
111.136475 
111.135864 
111.135559 
111.134949 
111.134949 
111.136475 
111.137390 
111.138306 
111.138611 
111.138000 
111.137695 
111.138000 
111.137695 
111.137390 
111.137390 
111.137390 
111.137390 
111.137085 
111.138000 
111.138000 
111.138000 
111.138000 
111.138611 
111.138611 
111.138611 
111.137390 
111.136169 
111.135254 
111.135254 
111.135864 
111.135864 
111.136169 
111.136169 
111.136475 
111.136780 
111.136780 
111.136475 
111.136780 
111.136475 
111.136475 
111.135864 
111.135864 
111.135559 
111.135254 
111.134949 
111.136475 
111.137695 
111.138000 
111.138611 
111.138306 
111.138000 
111.138000 
111.137695 
111.137695 
111.137085 
111.137085 
111.137085 
111.137390 
111.137695 
111.137695 
111.137695 
111.138306 
111.138611 
111.138916 
111.138916 
111.138000 
111.136475 
111.135864 
111.136169 
111.136475 
111.136169 
111.136475 
111.136475 
111.136780 
111.136780 
111.136780 
111.136475 
111.137085 
111.136780 
111.136475 
111.136169 
111.136169 
111.135864 
111.135254 
111.135254 
111.136475 
111.137695 
111.138306 
111.138611 
111.138611 
111.138306 
111.137695 
111.138000 
111.137390 
111.137390 
111.137695 
111.137390 
111.137390 
111.137695 
111.137390 
111.137695 
111.138306 
111.138611 
111.138916 
111.138611 
111.137695 
111.136475 
111.135864 
111.135559 
111.136169 
111.135864 
111.136169 
111.136475 
111.136780 
111.136475 
111.137085 
111.136780 
111.136780 
111.136475 
111.136475 
111.136169 
111.135864 
111.135559 
111.134949 
111.135559 
111.136780 
111.137695 
111.138306 
111.138000 
111.138306 
111.138000 
111.138000 
111.137390 
111.137390 
111.137390 
111.137390 
111.137390 
111.137695 
111.137695 
111.137390 
111.137695 
111.138000 
111.138611 
111.138611 
111.138611 
111.137390 
111.136169 
111.135559 
111.136169 
111.135864 
111.136169 
111.136169 
111.136780 
111.136780 
111.136780 
111.137390 
111.136780 
111.136169 
111.136780 
111.136475 
111.136475 
111.135864 
111.135559 
111.135254 
111.134949 
111.136780 
111.137695 
111.138000 
111.138611 
111.138306 
111.138000 
111.138000 
111.137390 
111.137085 
111.137390 
111.137390 
111.137390 
111.137390 
111.137695 
111.137695 
111.137695 
111.138000 
111.138306 
111.138916 
111.138916 
111.137390 
111.136169 
111.135559 
111.135254 
111.136169 
111.136169 
111.136169 
111.136780 
111.136780 
111.136475 
111.136780 
111.136780 
111.136169 
111.136475 
111.136475 
111.136169 
111.135864 
111.135559 
111.135254 
111.135254 
111.136780 
111.137695 
111.138306 
111.138306 
111.138000 
111.138000 
111.138000 
111.137695 
111.137390 
111.137085 
111.137390 
111.137390 
111.137390 
111.137390 
111.137695 
111.137695 
111.138000 
111.138611 
111.138916 
111.138306 
111.137390 
111.135864 
111.135559 
111.135559 
111.136169 
111.136475 
111.136169 
111.136475 
111.136475 
111.136780 
111.136780 
111.136780 
111.136780 
111.136475 
111.136780 
111.136475 
111.135864 
111.135559 
111.135254 
111.135254 
111.136475 
111.138000 
111.138611 
111.138306 
111.138306 
111.138306 
111.137695 
111.137695 
111.137390 
111.137390 
111.137390 
111.137390 
111.137695 
111.137695 
111.137695 
111.138306 
111.138306 
111.138611 
111.139221 
111.138611 
111.137085 
111.136475 
111.135864 
111.135864 
111.136169 
111.136475 
111.136780 
111.137085 
111.136780 
111.136780 
111.136475 
111.136780 
111.136780 
111.136780 
111.136475 
111.136475 
111.135864 
111.135254 
111.134949 
111.135559 
111.136475 
111.138000 
111.138611 
111.138306 
111.137695 
111.138000 
111.137695 
111.137695 
111.137390 
111.137390 
111.137390 
111.137390 
111.137390 
111.137390 
111.137390 
111.137695 
111.138000 
111.138306 
111.138611 
111.138916 
111.137695 
111.136169 
111.135254 
111.135864 
111.135864 
111.136169 
111.136475 
111.136475 
111.136780 
111.136475 
111.136780 
111.136780 
111.136780 
111.136475 
111.136475 
111.135864 
111.135864 
111.135254 
111.134949 
111.135254 
111.137085 
111.138000 
111.138306 
111.138916 
111.137695 
111.138000 
111.138306 
111.137695 
111.137085 
111.137085 
111.137085 
111.137390 
111.137390 
111.137390 
111.137390 
111.137390 
111.138000 
111.138306 
111.138916 
111.138916 
111.137390 
111.136475 
111.135559 
111.135559 
111.135864 
111.136169 
111.136475 
111.136475 
111.136475 
111.137085 
111.137085 
111.136780 
111.136780 
111.136475 
111.136780 
111.136475 
111.135864 
111.135254 
111.135559 
111.135559 
111.136780 
111.138000 
111.138306 
111.138306 
111.138306 
111.138000 
111.137695 
111.137390 
111.137390 
111.137390 
111.137695 
111.137390 
111.137390 
111.137390 
111.137695 
111.137695 
111.138306 
111.138306 
111.138916 
111.138611 
111.137390 
111.136475 
111.135559 
111.135559 
111.135864 
111.135864 
111.136780 
111.136475 
111.136475 
111.136475 
111.136780 
111.137085 
111.136780 
111.136475 
111.136780 
111.136475 
111.135559 
111.135864 
111.135254 
111.135254 
111.136780 
111.137695 
111.138306 
111.138611 
111.138306 
111.138000 
111.138000 
111.137695 
111.137390 
111.137085 
111.137085 
111.137085 
111.137085 
111.137695 
111.137695 
111.137695 
111.137695 
111.138306 
111.138611 
111.138611 
111.137390 
111.136169 
111.135254 
111.135559 
111.135864 
111.135864 
111.136169 
111.136169 
111.136780 
111.136169 
111.136780 
111.136780 
111.136780 
111.136475 
111.136475 
111.135864 
111.135864 
111.135254 
111.134949 
111.135254 
111.136475 
111.138000 
111.138611 
111.138611 
111.138306 
111.138000 
111.138000 
111.137695 
111.137085 
111.137390 
111.137390 
111.137390 
111.137085 
111.137390 
111.137390 
111.138000 
111.138306 
111.138306 
111.138916 
111.138306 
111.137085 
111.135864 
111.135559 
111.135559 
111.136475 
111.136169 
111.136169 
111.136780 
111.136780 
111.136780 
111.136780 
111.137085 
111.136780 
111.136169 
111.137085 
111.136475 
111.135864 
111.135864 
111.135559 
111.135254 
111.136780 
111.138000 
111.138611 
111.138611 
111.138306 
111.138306 
111.138000 
111.137695 
111.137390 
111.137085 
111.137390 
111.137390 
111.137390 
111.137390 
111.137695 
111.137695 
111.138306 
111.138611 
111.138916 
111.138916 
111.136780 
111.135864 
111.135559 
111.135864 
111.135864 
111.136475 
111.136169 
111.136475 
111.136475 
111.136780 
111.137085 
111.137085 
111.136780 
111.136169 
111.136780 
111.136475 
111.135559 
111.135559 
111.135559 
111.135254 
111.136780 
111.138000 
111.138611 
111.138306 
111.138611 
111.138000 
111.137695 
111.138000 
111.137390 
111.137390 
111.137390 
111.137390 
111.137390 
111.137390 
111.137390 
111.138000 
111.138000 
111.138916 
111.138611 
111.138306 
111.137390 
111.135864 
111.135864 
111.135254 
111.135864 
111.135864 
111.136169 
111.136475 
111.136475 
111.136780 
111.136475 
111.136780 
111.136475 
111.136475 
111.136475 
111.136169 
111.135559 
111.135559 
111.135254 
111.135559 
111.136780 
111.138306 
111.138611 
111.138611 
111.138611 
111.138306 
111.138000 
111.137695 
111.137390 
111.137390 
111.137390 
111.137695 
111.137390 
111.137390 
111.137695 
111.137695 
111.138000 
111.138611 
111.138611 
111.138306 
111.137085 
111.135864 
111.135559 
111.135559 
111.136169 
111.135864 
111.136169 
111.136475 
111.136780 
111.136475 
111.136475 
111.136780 
111.136780 
111.136475 
111.136475 
111.136169 
111.135864 
111.134949 
111.135254 
111.135559 
111.136780 
111.137695 
111.138306 
111.138611 
111.138000 
111.138000 
111.137695 
111.137695 
111.137390 
111.137085 
111.137695 
111.137085 
111.137085 
111.137390 
111.137695 
111.137695 
111.138306 
111.138306 
111.138916 
111.138611 
111.137390 
111.136169 
111.135254 
111.135559 
111.135864 
111.136169 
111.136475 
111.136780 
111.136780 
111.136475 
111.136780 
111.136780 
111.136780 
111.136169 
111.136475 
111.136169 
111.135559 
111.135254 
111.134949 
111.135864 
111.136780 
111.138306 
111.138916 
111.138306 
111.138306 
111.138000 
111.137695 
111.137695 
111.137695 
111.137390 
111.137695 
111.137390 
111.137390 
111.137695 
111.137695 
111.138000 
111.138000 
111.138916 
111.139221 
111.138611 
111.137390 
111.136169 
111.135864 
111.136169 
111.136169 
111.136169 
111.136475 
111.136475 
111.136780 
111.136780 
111.136475 
111.137085 
111.137085 
111.136780 
111.136780 
111.136475 
111.136169 
111.135254 
111.135864 
111.135559 
111.137390 
111.138306 
111.138611 
111.138306 
111.138306 
111.138000 
111.137695 
111.137695 
111.137390 
111.137390 
111.137085 
111.137695 
111.137085 
111.137695 
111.137695 
111.137695 
111.137695 
111.138306 
111.138611 
111.138306 
111.137085 
111.135864 
111.135559 
111.135559 
111.135864 
111.136169 
111.136169 
111.136169 
111.136780 
111.136780 
111.136780 
111.137085 
111.136475 
111.136780 
111.136780 
111.135864 
111.135559 
111.135254 
111.135254 
111.135559 
111.136780 
111.138306 
111.138306 
111.138306 
111.138306 
111.138306 
111.137695 
111.137390 
111.137085 
111.137390 
111.137390 
111.137390 
111.137390 
111.137695 
111.137390 
111.137390 
111.138306 
111.138306 
111.138916 
111.138306 
111.137085 
111.136169 
111.135254 
111.135559 
111.135864 
111.136169 
111.136169 
111.136780 
111.136475 
111.136780 
111.136780 
111.136780 
111.136475 
111.136780 
111.136475 
111.136475 
111.135559 
111.135254 
111.134949 
111.135864 
111.137085 
111.138306 
111.138611 
111.138000 
111.138306 
111.138000 
111.138000 
111.137390 
111.137390 
111.137390 
111.137390 
111.137390 
111.137390 
111.137390 
111.137695 
111.138000 
111.138306 
111.138306 
111.139221 
111.138611 
111.137085 
111.136169 
111.135864 
111.135559 
111.136169 
111.136169 
111.136475 
111.136780 
111.137085 
111.136475 
111.137085 
111.137085 
111.136475 
111.136475 
111.136169 
111.136475 
111.135559 
111.135254 
111.135254 
111.135864 
111.137085 
111.138306 
111.138306 
111.138611 
111.138306 
111.138306 
111.137390 
111.137390 
111.137695 
111.137390 
111.137390 
111.137390 
111.137390 
111.137695 
111.137695 
111.138000 
111.138306 
111.138306 
111.138916 
111.138306 
111.136780 
111.136169 
111.135864 
111.135559 
111.135559 
111.135864 
111.136169 
111.136780 
111.136780 
111.136475 
111.136780 
111.136780 
111.136780 
111.136475 
111.136169 
111.136169 
111.135559 
111.135254 
111.134949 
111.135559 
111.136780 
111.138000 
111.138306 
111.138306 
111.138000 
111.138000 
111.137695 
111.137085 
111.137390 
111.137390 
111.137390 
111.137390 
111.137390 
111.137695 
111.137695 
111.137695 
111.138000 
111.138611 
111.138306 
111.138000 
111.136780 
111.135864 
111.135559 
111.135559 
111.136169 
111.136169 
111.136475 
111.136780 
111.136780 
111.136780 
111.136475 
111.137085 
111.136780 
111.137085 
111.136780 
111.135864 
111.135864 
111.134949 
111.134949 
111.135559 
111.136780 
111.138306 
111.138306 
111.138611 
111.138306 
111.138000 
111.137695 
111.137695 
111.137390 
111.137695 
111.137085 
111.137085 
111.137390 
111.137695 
111.137695 
111.138000 
111.138000 
111.138916 
111.138916 
111.138611 
111.137085 
111.136169 
111.135559 
111.135864 
111.135864 
111.136169 
111.136475 
111.136169 
111.136780 
111.136780 
111.136780 
111.136780 
111.136780 
111.136475 
111.136780 
111.136169 
111.135864 
111.134949 
111.135254 
111.136169 
111.136780 
111.138306 
111.138611 
111.138306 
111.138306 
111.138306 
111.138000 
111.137085 
111.137695 
111.137390 
111.137085 
111.137390 
111.137390 
111.137695 
111.137695 
111.138000 
111.138306 
111.138611 
111.138916 
111.138611 
111.137390 
111.135864 
111.135559 
111.135864 
111.135864 
111.135864 
111.136169 
111.136475 
111.136780 
111.137085 
111.136475 
111.136780 
111.136780 
111.136475 
111.136475 
111.136475 
111.135864 
111.135254 
111.135254 
111.135864 
111.136780 
111.138000 
111.138000 
111.138000 
111.138306 
111.137695 
111.137695 
111.137390 
111.137085 
111.137085 
111.137085 
111.137085 
111.137390 
111.137390 
111.137390 
111.138000 
111.138306 
111.138611 
111.138611 
111.138306 
111.137085 
111.135559 
111.136169 
111.135864 
111.136169 
111.136169 
111.136475 
111.136169 
111.136169 
111.136475 
111.136475 
111.137085 
111.136475 
111.136475 
111.136475 
111.136169 
111.135864 
111.135254 
111.134949 
111.135559 
111.136780 
111.138000 
111.138611 
111.138611 
111.138611 
111.138000 
111.138000 
111.137390 
111.137390 
111.137390 
111.137390 
111.137695 
111.137390 
111.137695 
111.137695 
111.138000 
111.138000 
111.138916 
111.139221 
111.138306 
111.137085 
111.135864 
111.135559 
111.135864 
111.136169 
111.136169 
111.136780 
111.136780 
111.136780 
111.136780 
111.137085 
111.136475 
111.136780 
111.136475 
111.136475 
111.135864 
111.135254 
111.135559 
111.135559 
111.135864 
111.137085 
111.138000 
111.138306 
111.138306 
111.138306 
111.138000 
111.137695 
111.137390 
111.137085 
111.137085 
111.137390 
111.137085 
111.137390 
111.137085 
111.137390 
111.138000 
111.138000 
111.138916 
111.139221 
111.138000 
111.136780 
111.136169 
111.135559 
111.135864 
111.136169 
111.136169 
111.135559 
111.136780 
111.136780 
111.136475 
111.136780 
111.136780 
111.136475 
111.136475 
111.136475 
111.135864 
111.135559 
111.135864 
111.135254 
111.135559 
111.136780 
111.138306 
111.138306 
111.138611 
111.138306 
111.138000 
111.137695 
111.137390 
111.137085 
111.137085 
111.137390 
111.137390 
111.137390 
111.137390 
111.137390 
111.138000 
111.138306 
111.138611 
111.138611 
111.138306 
111.136780 
111.135864 
111.135254 
111.135559 
111.136169 
111.136475 
111.136475 
111.136780 
111.136475 
111.136475 
111.136780 
111.136475 
111.136475 
111.136475 
111.136780 
111.135864 
111.135559 
111.135254 
111.134949 
111.135864 
111.137085 
111.138000 
111.138306 
111.138306 
111.138000 
111.137695 
111.137695 
111.137085 
111.136780 
111.137085 
111.137390 
111.137085 
111.137085 
111.137695 
111.138000 
111.138000 
111.138306 
111.138611 
111.138611 
111.138306 
111.137085 
111.135864 
111.135254 
111.135864 
111.136169 
111.136169 
111.136475 
111.136475 
111.136780 
111.136475 
111.136780 
111.136475 
111.137085 
111.136780 
111.136169 
111.136169 
111.135559 
111.135254 
111.134949 
111.135864 
111.137390 
111.138306 
111.138611 
111.138306 
111.138000 
111.138000 
111.137695 
111.137390 
111.137695 
111.137390 
111.137695 
111.137085 
111.137390 
111.137390 
111.137695 
111.137390 
111.138306 
111.138611 
111.138916 
111.137695 
111.136780 
111.135864 
111.135559 
111.135864 
111.135864 
111.136475 
111.136475 
111.136475 
111.136780 
111.137085 
111.136475 
111.136475 
111.137085 
111.136780 
111.136475 
111.136169 
111.135559 
111.134949 
111.135254 
111.136169 
111.137085 
111.138306 
111.138611 
111.138306 
111.137695 
111.138306 
111.137390 
111.137390 
111.137390 
111.137695 
111.137390 
111.137695 
111.137695 
111.137390 
111.137390 
111.137695 
111.138306 
111.138916 
111.138306 
111.138000 
111.136780 
111.135864 
111.135864 
111.135559 
111.136780 
111.136169 
111.136169 
111.136475 
111.136780 
111.136780 
111.136780 
111.136780 
111.137085 
111.136475 
111.136475 
111.135864 
111.135864 
111.135254 
111.135254 
111.135864 
111.137085 
111.138000 
111.138306 
111.138306 
111.138000 
111.138306 
111.137390 
111.137390 
111.137390 
111.137390 
111.137390 
111.137390 
111.137390 
111.137085 
111.137390 
111.138000 
111.138306 
111.138916 
111.138611 
111.138611 
111.136475 
111.136169 
111.135864 
111.135559 
111.136169 
111.136475 
111.135864 
111.136475 
111.136780 
111.136780 
111.137085 
111.136780 
111.137085 
111.136780 
111.136475 
111.136169 
111.135559 
111.135254 
111.135559 
111.136169 
111.137390 
111.138000 
111.138306 
111.138611 
111.138306 
111.138000 
111.137085 
111.137085 
111.135864 
111.135864 
111.134644 
111.133423 
111.132813 
111.131897 
111.130676 
111.129456 
111.128235 
111.127319 
111.125793 
111.123047 
111.119995 
111.117249 
111.114502 
111.112671 
111.110535 
111.109009 
111.106873 
111.104736 
111.102295 
111.100159 
111.098022 
111.095276 
111.092834 
111.090393 
111.087341 
111.084290 
111.081543 
111.078491 
111.075439 
111.073608 
111.072083 
111.070557 
111.068420 
111.064758 
111.062622 
111.059265 
111.055908 
111.052856 
111.049805 
111.046753 
111.044006 
111.040955 
111.038513 
111.035461 
111.033325 
111.030579 
111.028137 
111.025696 
111.022949 
111.019592 
111.014709 
111.011353 
111.007996 
111.005249 
111.003113 
111.000061 
110.997925 
110.995178 
110.992737 
110.989990 
110.987549 
110.984497 
110.981750 
110.979004 
110.975647 
110.973206 
110.969543 
110.966797 
110.963745 
110.961914 
110.960693 
110.958862 
110.956421 
110.953979 
110.951233 
110.948181 
110.944824 
110.942383 
110.939331 
110.936584 
110.933838 
110.931396 
110.928345 
110.925903 
110.923462 
110.921021 
110.918884 
110.916748 
110.914307 
110.910645 
110.906677 
110.903320 
110.900269 
110.897522 
110.895386 
110.892944 
110.890503 
110.888367 
110.885925 
110.883484 
110.881042 
110.878906 
110.875854 
110.873108 
110.870361 
110.867310 
110.864258 
110.861206 
110.858154 
110.856934 
110.855103 
110.853577 
110.851440 
110.848999 
110.845947 
110.843201 
110.840454 
110.837402 
110.834961 
110.831909 
110.828857 
110.826416 
110.823975 
110.821838 
110.818787 
110.816650 
110.814514 
110.812378 
110.809937 
110.805969 
110.802002 
110.798950 
110.795593 
110.793152 
110.791321 
110.788574 
110.786133 
110.783997 
110.781860 
110.779419 
110.776978 
110.774231 
110.771484 
110.768738 
110.765991 
110.763245 
110.759888 
110.757446 
110.754395 
110.752563 
110.751648 
110.750122 
110.747681 
110.744934 
110.742493 
110.739746 
110.736389 
110.733643 
110.730896 
110.728149 
110.725708 
110.723267 
110.720520 
110.717468 
110.715637 
110.713196 
110.711060 
110.709229 
110.706177 
110.702515 
110.698547 
110.695496 
110.692749 
110.690002 
110.687561 
110.685120 
110.682983 
110.680847 
110.678406 
110.675964 
110.673523 
110.671387 
110.668335 
110.666199 
110.663452 
110.660400 
110.657043 
110.654602 
110.651855 
110.650330 
110.649414 
110.647888 
110.645142 
110.642395 
110.639954 
110.636902 
110.634155 
110.631409 
110.628357 
110.625305 
110.622864 
110.620728 
110.617676 
110.615234 
110.613098 
110.610657 
110.608521 
110.606079 
110.603943 
110.600281 
110.596313 
110.592957 
110.590210 
110.587463 
110.585327 
110.583191 
110.580444 
110.578003 
110.575562 
110.573730 
110.570984 
110.568237 
110.565491 
110.563049 
110.560303 
110.557251 
110.554199 
110.551453 
110.549011 
110.547180 
110.545654 
110.544128 
110.541687 
110.539246 
110.536804 
110.533752 
110.530701 
110.527954 
110.524902 
110.521851 
110.519714 
110.517273 
110.514221 
110.511780 
110.509644 
110.506897 
110.504761 
110.502930 
110.500183 
110.496521 
110.492859 
110.489502 
110.486145 
110.484009 
110.481567 
110.478821 
110.476379 
110.474854 
110.472412 
110.470276 
110.467529 
110.464783 
110.462646 
110.459290 
110.456848 
110.453796 
110.450745 
110.448303 
110.445251 
110.443726 
110.442810 
110.440674 
110.438232 
110.436401 
110.433655 
110.430603 
110.427551 
110.424805 
110.421753 
110.419617 
110.416870 
110.414124 
110.411377 
110.408936 
110.406799 
110.404358 
110.401917 
110.400085 
110.397644 
110.393982 
110.390015 
110.386047 
110.383301 
110.381165 
110.378418 
110.375977 
110.374146 
110.372009 
110.369568 
110.367126 
110.364685 
110.361938 
110.360107 
110.357056 
110.354309 
110.351257 
110.347900 
110.345764 
110.342712 
110.341187 
110.339966 
110.338745 
110.336304 
110.333252 
110.331116 
110.328369 
110.325317 
110.321960 
110.319214 
110.316772 
110.314331 
110.311279 
110.308533 
110.306396 
110.303955 
110.301514 
110.299377 
110.297546 
110.294800 
110.290833 
110.287170 
110.284119 
110.280762 
110.278625 
110.276184 
110.274048 
110.270996 
110.268860 
110.267029 
110.264587 
110.262146 
110.259399 
110.256653 
110.254211 
110.251160 
110.248718 
110.245361 
110.242615 
110.240173 
110.238647 
110.237427 
110.235901 
110.233154 
110.231018 
110.227966 
110.224915 
110.222168 
110.219421 
110.216370 
110.213318 
110.211182 
110.208435 
110.205994 
110.203552 
110.200806 
110.198669 
110.196838 
110.194702 
110.191956 
110.187988 
110.184326 
110.180969 
110.177917 
110.175171 
110.173035 
110.170593 
110.169067 
110.166626 
110.164185 
110.161438 
110.159302 
110.157166 
110.153809 
110.151367 
110.148926 
110.146179 
110.142822 
110.140381 
110.137939 
110.136108 
110.135193 
110.133667 
110.131226 
110.128479 
110.126038 
110.123901 
110.120850 
110.118713 
110.116882 
110.115051 
110.113220 
110.112305 
110.111084 
110.109863 
110.109558 
110.109253 
110.108948 
110.109558 
110.109253 
110.107727 
110.105591 
110.104980 
110.104675 
110.104370 
110.104065 
110.104675 
110.104675 
110.105591 
110.105286 
110.105286 
110.105286 
110.105591 
110.105286 
110.105286 
110.105591 
110.104980 
110.104675 
110.104980 
110.104675 
110.105591 
110.107117 
110.108337 
110.108948 
110.108643 
110.109253 
110.108948 
110.108643 
110.108337 
110.108032 
110.108337 
110.108337 
110.108337 
110.108948 
110.108948 
110.108948 
110.109863 
110.110168 
110.110779 
110.110474 
110.109863 
110.108643 
110.107727 
110.107727 
110.107727 
110.108337 
110.108643 
110.108032 
110.108643 
110.109253 
110.108643 
110.109253 
110.108643 
110.108643 
110.108948 
110.108643 
110.108032 
110.108032 
110.107727 
110.108032 
110.108948 
110.110168 
110.111389 
110.110779 
110.111084 
110.111389 
110.111389 
110.110474 
110.110168 
110.110168 
110.110474 
110.110168 
110.110474 
110.110168 
110.110474 
110.110779 
110.110474 
110.111694 
110.111389 
110.111694 
110.110474 
110.108948 
