Blum, K. P., D’Incamps, B. L., Zytnicki, D., & Ting, L. H. (2017).
Force encoding in muscle spindles during stretch of
passive muscle. PLoS computational biology, 13(9), 
e1005767. <https://journals.plos.org/ploscompbiol/article?
id=10.1371/journal.pcbi.1005767>

cat medial gastrocnemius muscle lengths over t  (in 0.0005 s increments)
110.107727 
110.107117 
110.107117 
110.106506 
110.105591 
110.105591 
110.105591 
110.106201 
110.105896 
110.106201 
110.105896 
110.106812 
110.106506 
110.106812 
110.106812 
110.106506 
110.106201 
110.106201 
110.105896 
110.105591 
110.104980 
110.105591 
110.105896 
110.106812 
110.107117 
110.107422 
110.108337 
110.107422 
110.108032 
110.107117 
110.107117 
110.106812 
110.106812 
110.106812 
110.106812 
110.106506 
110.106812 
110.106812 
110.107117 
110.107422 
110.108032 
110.108032 
110.106812 
110.106201 
110.105591 
110.105591 
110.105591 
110.106201 
110.105896 
110.106506 
110.106506 
110.106506 
110.106201 
110.106812 
110.106506 
110.106812 
110.106201 
110.106201 
110.105591 
110.105591 
110.105286 
110.105286 
110.105896 
110.106812 
110.107727 
110.108032 
110.108032 
110.107727 
110.107422 
110.107117 
110.107117 
110.106506 
110.107117 
110.106812 
110.106812 
110.107117 
110.107422 
110.106812 
110.107117 
110.108032 
110.107422 
110.107727 
110.107117 
110.106506 
110.105286 
110.105286 
110.105591 
110.105591 
110.105896 
110.105896 
110.105896 
110.106812 
110.106201 
110.106506 
110.106506 
110.106506 
110.106506 
110.105591 
110.106201 
110.105591 
110.105286 
110.105591 
110.105896 
110.106506 
110.107727 
110.108032 
110.108032 
110.107727 
110.107422 
110.106812 
110.107117 
110.107117 
110.106812 
110.107422 
110.107727 
110.107727 
110.107727 
110.108032 
110.108643 
110.109558 
110.110168 
110.111084 
110.110474 
110.110779 
110.110779 
110.111084 
110.112305 
110.113831 
110.114441 
110.115662 
110.117493 
110.118713 
110.119629 
110.120850 
110.122375 
110.123291 
110.124817 
110.126038 
110.127563 
110.129089 
110.130310 
110.131836 
110.134277 
110.137024 
110.139771 
110.141907 
110.144653 
110.146179 
110.148621 
110.150757 
110.151978 
110.154114 
110.156555 
110.159302 
110.161743 
110.164185 
110.167542 
110.169983 
110.173035 
110.176392 
110.180054 
110.182495 
110.185242 
110.187683 
110.189819 
110.192871 
110.196228 
110.200195 
110.204163 
110.207825 
110.211792 
110.215759 
110.220032 
110.223389 
110.227051 
110.231018 
110.235291 
110.239868 
110.243835 
110.247498 
110.251770 
110.256042 
110.261230 
110.267029 
110.272217 
110.277100 
110.282288 
110.287170 
110.292053 
110.296631 
110.302124 
110.307007 
110.312500 
110.318298 
110.323792 
110.329590 
110.335999 
110.341797 
110.349121 
110.355530 
110.362244 
110.369263 
110.375366 
110.381775 
110.388794 
110.395813 
110.403748 
110.411377 
110.419312 
110.427246 
110.435486 
110.444031 
110.451355 
110.459290 
110.466919 
110.474854 
110.482178 
110.489502 
110.496521 
110.503540 
110.510254 
110.516968 
110.525208 
110.532532 
110.540161 
110.546875 
110.554810 
110.561218 
110.567932 
110.574341 
110.581360 
110.587769 
110.594482 
110.601501 
110.608521 
110.615845 
110.622864 
110.630493 
110.638123 
110.646057 
110.653992 
110.661621 
110.668945 
110.676270 
110.683594 
110.692139 
110.700073 
110.708618 
110.718079 
110.726318 
110.735474 
110.744324 
110.753479 
110.762634 
110.771484 
110.780640 
110.789490 
110.798950 
110.808105 
110.816956 
110.826416 
110.835876 
110.845947 
110.856934 
110.867920 
110.877991 
110.888672 
110.897827 
110.908203 
110.917664 
110.927124 
110.937805 
110.947266 
110.957947 
110.967712 
110.977783 
110.988464 
110.998840 
111.009521 
111.020508 
111.030884 
111.040955 
111.051331 
111.060181 
111.069946 
111.080322 
111.090698 
111.101074 
111.111450 
111.122437 
111.132813 
111.143494 
111.153564 
111.163635 
111.174622 
111.184998 
111.195068 
111.205139 
111.214905 
111.224976 
111.235046 
111.244812 
111.256104 
111.267090 
111.278381 
111.288757 
111.299744 
111.310120 
111.319580 
111.329956 
111.340027 
111.350098 
111.360779 
111.370850 
111.380615 
111.391296 
111.401672 
111.412048 
111.422424 
111.433105 
111.443481 
111.453552 
111.463623 
111.473083 
111.482544 
111.492920 
111.503601 
111.513672 
111.524353 
111.535034 
111.546021 
111.556396 
111.566772 
111.576843 
111.587219 
111.597900 
111.607666 
111.617737 
111.627502 
111.637268 
111.647644 
111.657715 
111.668701 
111.679688 
111.690979 
111.701050 
111.711426 
111.722107 
111.731873 
111.741943 
111.751709 
111.761475 
111.771545 
111.781921 
111.791687 
111.802063 
111.812439 
111.822510 
111.833191 
111.843567 
111.853943 
111.864014 
111.873474 
111.882935 
111.892395 
111.902466 
111.912537 
111.923523 
111.933289 
111.943970 
111.954041 
111.965027 
111.975403 
111.985474 
111.995850 
112.005920 
112.015991 
112.026062 
112.035828 
112.045898 
112.056274 
112.065430 
112.076111 
112.087708 
112.098389 
112.109070 
112.119751 
112.129822 
112.140198 
112.149963 
112.160034 
112.169495 
112.179871 
112.189941 
112.200317 
112.210388 
112.220764 
112.230835 
112.240906 
112.251892 
112.262268 
112.272644 
112.282104 
112.291870 
112.301025 
112.311096 
112.321167 
112.331543 
112.341919 
112.352295 
112.362976 
112.373352 
112.383728 
112.394409 
112.403870 
112.413940 
112.424316 
112.434387 
112.444763 
112.454224 
112.464294 
112.474670 
112.485352 
112.496033 
112.507629 
112.517700 
112.528381 
112.538452 
112.548218 
112.558289 
112.567749 
112.577820 
112.588501 
112.598877 
112.608643 
112.618713 
112.629089 
112.639465 
112.649536 
112.659912 
112.670288 
112.680664 
112.690430 
112.699585 
112.709045 
112.719116 
112.728882 
112.739868 
112.750549 
112.760620 
112.771912 
112.781677 
112.792053 
112.802124 
112.812195 
112.822876 
112.832642 
112.842407 
112.852478 
112.861938 
112.872314 
112.882385 
112.892761 
112.904663 
112.915344 
112.926025 
112.936401 
112.946472 
112.956543 
112.966309 
112.976685 
112.985840 
112.996216 
113.006897 
113.016357 
113.026733 
113.037109 
113.047791 
113.057861 
113.068237 
113.078918 
113.088989 
113.098755 
113.107910 
113.117676 
113.127136 
113.137512 
113.147888 
113.157959 
113.168640 
113.179016 
113.190002 
113.199463 
113.209839 
113.220215 
113.230286 
113.240662 
113.250427 
113.260498 
113.270569 
113.279724 
113.290100 
113.300781 
113.311768 
113.322754 
113.333130 
113.343506 
113.353271 
113.363342 
113.373413 
113.383484 
113.393250 
113.403320 
113.412781 
113.422852 
113.432617 
113.442688 
113.452454 
113.462219 
113.471985 
113.481750 
113.491821 
113.500671 
113.508911 
113.517761 
113.527527 
113.536682 
113.545837 
113.555298 
113.565063 
113.573608 
113.582764 
113.592224 
113.601074 
113.609619 
113.618164 
113.626709 
113.634644 
113.643494 
113.651733 
113.659363 
113.668213 
113.676758 
113.686218 
113.695068 
113.703308 
113.711548 
113.719177 
113.727112 
113.734741 
113.742065 
113.749390 
113.757019 
113.764343 
113.771667 
113.778992 
113.786621 
113.793945 
113.801575 
113.809204 
113.815918 
113.823547 
113.829651 
113.836365 
113.842468 
113.848572 
113.855896 
113.862610 
113.869019 
113.875732 
113.882751 
113.889465 
113.895264 
113.901672 
113.908081 
113.913879 
113.919983 
113.925476 
113.931274 
113.937073 
113.942566 
113.948059 
113.954468 
113.960571 
113.967285 
113.972473 
113.978271 
113.984375 
113.988647 
113.994446 
113.999023 
114.003601 
114.009094 
114.013367 
114.018250 
114.023132 
114.028320 
114.033203 
114.037781 
114.042969 
114.047852 
114.052429 
114.056396 
114.059753 
114.063416 
114.067383 
114.071655 
114.075317 
114.080200 
114.084167 
114.088135 
114.092407 
114.096069 
114.100342 
114.103699 
114.107056 
114.110718 
114.113464 
114.117126 
114.119568 
114.122620 
114.125977 
114.129944 
114.133606 
114.137268 
114.140625 
114.144287 
114.146423 
114.149475 
114.151917 
114.154358 
114.156799 
114.159241 
114.161682 
114.163818 
114.166565 
114.168396 
114.171143 
114.173279 
114.175415 
114.177856 
114.179993 
114.181519 
114.182739 
114.183350 
114.185181 
114.186707 
114.188538 
114.189758 
114.191589 
114.193420 
114.195251 
114.196167 
114.197388 
114.198608 
114.199829 
114.200439 
114.201660 
114.202271 
114.202576 
114.202881 
114.203491 
114.205322 
114.206543 
114.207458 
114.208374 
114.209290 
114.209595 
114.208984 
114.209595 
114.209290 
114.209290 
114.209595 
114.209595 
114.209595 
114.209900 
114.209900 
114.209900 
114.210205 
114.209900 
114.210510 
114.210815 
114.209900 
114.209290 
114.208374 
114.208679 
114.208374 
114.209290 
114.208984 
114.208984 
114.209290 
114.209290 
114.208984 
114.208679 
114.208679 
114.208679 
114.208374 
114.208069 
114.208069 
114.207458 
114.206848 
114.206848 
114.207153 
114.208374 
114.208984 
114.208984 
114.209290 
114.208374 
114.208374 
114.208374 
114.207458 
114.207764 
114.207458 
114.207764 
114.207458 
114.207153 
114.207458 
114.207458 
114.207458 
114.207764 
114.207764 
114.208069 
114.207458 
114.206543 
114.205933 
114.205933 
114.205933 
114.205933 
114.205627 
114.206543 
114.205933 
114.206543 
114.206543 
114.206238 
114.206543 
114.206238 
114.206543 
114.205933 
114.205627 
114.205627 
114.205017 
114.205017 
114.205933 
114.206543 
114.207153 
114.207458 
114.207153 
114.207764 
114.207153 
114.207153 
114.206543 
114.206543 
114.206543 
114.206543 
114.206543 
114.206238 
114.205933 
114.206238 
114.206543 
114.206848 
114.207153 
114.206543 
114.206848 
114.205627 
114.204712 
114.204712 
114.205017 
114.205017 
114.205322 
114.205322 
114.205627 
114.205933 
114.205933 
114.205627 
114.205627 
114.205627 
114.205627 
114.205627 
114.205322 
114.204407 
114.204407 
114.204712 
114.205017 
114.205627 
114.206543 
114.206543 
114.206848 
114.206543 
114.206543 
114.206238 
114.205933 
114.206238 
114.205933 
114.205627 
114.206238 
114.205627 
114.206238 
114.205933 
114.205933 
114.206543 
114.206543 
114.206543 
114.206238 
114.205627 
114.204712 
114.204407 
114.204712 
114.205017 
114.204407 
114.204712 
114.205322 
114.205322 
114.205322 
114.205322 
114.205627 
114.205017 
114.204712 
114.205017 
114.204407 
114.204102 
114.203796 
114.204102 
114.204712 
114.205627 
114.205933 
114.206848 
114.206848 
114.206543 
114.206848 
114.206238 
114.205627 
114.205627 
114.205627 
114.205933 
114.205627 
114.205933 
114.205933 
114.205933 
114.205627 
114.205933 
114.206848 
114.206543 
114.205933 
114.205017 
114.204407 
114.204102 
114.204407 
114.204407 
114.205017 
114.205017 
114.205017 
114.205933 
114.205322 
114.205322 
114.205322 
114.205627 
114.205322 
114.204712 
114.204712 
114.204407 
114.203796 
114.204102 
114.204712 
114.205322 
114.205627 
114.206543 
114.206238 
114.206238 
114.206238 
114.205933 
114.205627 
114.205627 
114.206238 
114.205627 
114.205627 
114.205627 
114.205933 
114.205627 
114.205933 
114.206238 
114.206543 
114.206543 
114.205933 
114.205322 
114.204407 
114.203796 
114.204407 
114.204407 
114.204712 
114.204712 
114.205017 
114.205017 
114.205322 
114.205322 
114.205322 
114.205017 
114.204712 
114.204712 
114.204407 
114.204102 
114.204102 
114.203796 
114.203796 
114.205017 
114.205933 
114.206238 
114.206543 
114.205933 
114.205933 
114.205627 
114.205627 
114.205322 
114.205017 
114.205322 
114.205017 
114.205322 
114.205627 
114.205627 
114.205322 
114.205933 
114.205933 
114.205933 
114.205627 
114.204712 
114.204407 
114.203796 
114.204102 
114.204102 
114.204407 
114.204407 
114.204407 
114.205322 
114.204712 
114.204712 
114.205017 
114.204712 
114.204712 
114.204712 
114.204102 
114.204102 
114.203796 
114.203491 
114.204102 
114.205017 
114.206238 
114.206238 
114.206238 
114.206238 
114.205933 
114.205627 
114.205627 
114.205017 
114.205627 
114.205627 
114.205627 
114.205322 
114.205322 
114.205933 
114.205322 
114.206238 
114.206238 
114.206238 
114.205933 
114.204712 
114.204712 
114.203796 
114.204102 
114.204407 
114.204102 
114.204712 
114.204712 
114.205017 
114.205017 
114.204712 
114.204712 
114.205322 
114.204712 
114.204407 
114.204407 
114.203796 
114.204407 
114.203491 
114.204407 
114.205322 
114.205933 
114.205933 
114.206238 
114.206238 
114.205933 
114.205627 
114.205627 
114.205627 
114.204712 
114.205322 
114.205017 
114.205322 
114.205627 
114.205627 
114.205627 
114.205627 
114.205627 
114.206238 
114.205322 
114.204712 
114.204102 
114.203491 
114.204712 
114.204407 
114.204407 
114.204712 
114.204712 
114.205017 
114.204407 
114.205017 
114.205322 
114.205017 
114.204407 
114.205017 
114.204102 
114.203491 
114.203491 
114.203491 
114.203796 
114.205017 
114.205933 
114.205627 
114.206238 
114.205933 
114.205627 
114.205322 
114.205017 
114.204712 
114.205017 
114.205322 
114.205017 
114.204712 
114.205322 
114.205322 
114.205322 
114.205017 
114.205627 
114.205627 
114.205322 
114.204712 
114.204102 
114.203796 
114.204407 
114.203796 
114.203491 
114.204102 
114.204407 
114.204407 
114.204712 
114.204712 
114.204407 
114.205017 
114.204102 
114.204407 
114.204102 
114.203796 
114.203491 
114.203491 
114.203796 
114.205017 
114.205322 
114.205933 
114.205933 
114.205933 
114.205627 
114.205627 
114.205322 
114.205017 
114.205017 
114.205017 
114.204712 
114.205322 
114.205322 
114.204712 
114.205322 
114.205627 
114.205627 
114.205933 
114.205017 
114.204407 
114.203796 
114.203491 
114.204102 
114.203796 
114.204102 
114.204407 
114.204407 
114.204712 
114.204407 
114.204712 
114.204407 
114.204712 
114.204407 
114.204712 
114.204102 
114.203796 
114.203796 
114.203491 
114.204102 
114.205322 
114.205627 
114.206238 
114.206238 
114.206238 
114.205627 
114.205933 
114.205017 
114.205017 
114.204712 
114.205017 
114.205017 
114.205322 
114.205322 
114.205322 
114.205017 
114.205322 
114.205627 
114.205627 
114.205322 
114.204407 
114.203796 
114.203186 
114.203491 
114.204102 
114.204102 
114.204407 
114.204407 
114.204407 
114.204712 
114.205017 
114.204407 
114.204407 
114.204102 
114.204102 
114.203796 
114.203796 
114.203491 
114.203491 
114.203491 
114.204712 
114.205322 
114.206238 
114.205933 
114.206238 
114.205933 
114.205322 
114.205627 
114.204712 
114.205322 
114.205017 
114.204712 
114.204712 
114.205017 
114.205627 
114.205322 
114.205322 
114.206238 
114.206238 
114.205322 
114.204712 
114.204102 
114.203796 
114.203796 
114.204102 
114.204102 
114.204102 
114.204407 
114.204712 
114.204712 
114.204407 
114.204102 
114.204407 
114.204712 
114.204407 
114.204102 
114.203796 
114.202881 
114.203491 
114.204102 
114.205017 
114.205322 
114.205933 
114.206238 
114.205933 
114.205322 
114.205933 
114.205017 
114.205322 
114.205322 
114.205017 
114.205322 
114.205017 
114.205017 
114.205322 
114.205017 
114.205627 
114.205627 
114.205933 
114.205627 
114.204407 
114.203491 
114.203491 
114.204102 
114.204102 
114.204102 
114.204102 
114.204712 
114.205017 
114.204407 
114.204407 
114.204712 
114.204712 
114.204407 
114.204407 
114.204102 
114.203796 
114.203796 
114.203186 
114.203491 
114.204407 
114.205627 
114.205627 
114.205933 
114.205933 
114.205322 
114.205322 
114.205322 
114.205017 
114.204712 
114.205017 
114.205017 
114.205017 
114.205017 
114.205017 
114.205627 
114.205322 
114.205322 
114.205933 
114.205322 
114.204407 
114.203491 
114.203491 
114.204102 
114.204102 
114.203491 
114.204407 
114.204102 
114.204712 
114.204712 
114.205017 
114.204407 
114.204407 
114.204407 
114.204407 
114.203796 
114.203491 
114.202881 
114.203796 
114.204102 
114.204712 
114.205017 
114.205322 
114.206543 
114.205933 
114.205627 
114.205322 
114.205322 
114.204712 
114.205017 
114.205017 
114.204712 
114.205322 
114.205017 
114.205322 
114.205017 
114.205322 
114.205933 
114.205933 
114.205322 
114.204102 
114.203491 
114.203491 
114.203796 
114.203796 
114.204102 
114.204407 
114.203796 
114.204407 
114.204712 
114.204712 
114.204712 
114.205017 
114.204102 
114.204102 
114.204102 
114.204102 
114.203491 
114.203796 
114.203796 
114.204712 
114.205627 
114.205933 
114.206238 
114.205933 
114.205627 
114.205627 
114.205017 
114.205322 
114.204712 
114.205322 
114.205322 
114.205017 
114.205322 
114.205017 
114.205322 
114.205627 
114.205627 
114.205933 
114.205627 
114.204407 
114.203796 
114.203186 
114.204102 
114.203796 
114.203796 
114.204407 
114.204407 
114.204102 
114.204407 
114.204407 
114.204407 
114.204712 
114.204102 
114.204407 
114.204102 
114.203796 
114.203491 
114.203491 
114.203796 
114.204407 
114.205627 
114.205933 
114.205627 
114.205627 
114.205627 
114.205322 
114.205017 
114.204712 
114.205322 
114.205322 
114.205017 
114.204712 
114.204712 
114.205017 
114.205017 
114.205627 
114.205627 
114.205627 
114.205322 
114.204102 
114.203796 
114.203491 
114.203796 
114.203796 
114.203796 
114.204102 
114.204102 
114.204407 
114.204712 
114.204712 
114.204102 
114.204407 
114.204407 
114.204102 
114.204407 
114.203491 
114.203491 
114.203186 
114.203796 
114.204712 
114.205322 
114.205933 
114.206238 
114.205627 
114.205627 
114.205017 
114.205322 
114.204712 
114.205017 
114.204712 
114.205017 
114.205017 
114.205017 
114.204712 
114.205322 
114.205017 
114.205933 
114.205933 
114.205627 
114.204407 
114.203491 
114.203796 
114.203796 
114.204407 
114.204102 
114.204102 
114.204102 
114.204712 
114.204712 
114.204407 
114.204407 
114.204712 
114.204407 
114.204407 
114.204102 
114.203796 
114.203491 
114.203796 
114.203491 
114.204407 
114.205017 
114.205322 
114.205627 
114.205933 
114.205933 
114.205322 
114.204712 
114.205017 
114.205017 
114.205017 
114.204407 
114.205017 
114.205322 
114.205017 
114.205322 
114.205627 
114.205933 
114.205933 
114.205627 
114.204102 
114.204407 
114.203186 
114.203796 
114.203796 
114.203796 
114.204407 
114.204102 
114.204407 
114.204712 
114.204712 
114.205017 
114.204407 
114.204407 
114.204407 
114.204102 
114.203796 
114.203796 
114.203491 
114.204102 
114.204712 
114.205322 
114.206238 
114.206238 
114.205933 
114.205627 
114.205322 
114.205322 
114.205322 
114.205017 
114.205322 
114.205017 
114.205017 
114.205017 
114.205017 
114.205017 
114.205322 
114.205627 
114.205933 
114.205627 
114.204712 
114.203796 
114.203796 
114.203796 
114.203796 
114.204102 
114.204102 
114.204407 
114.204407 
114.204407 
114.204407 
114.204407 
114.204102 
114.204712 
114.204102 
114.204102 
114.203796 
114.203491 
114.203186 
114.203796 
114.204712 
114.205627 
114.205627 
114.205627 
114.205933 
114.205627 
114.205322 
114.205322 
114.205017 
114.204712 
114.204712 
114.205017 
114.204712 
114.205017 
114.205322 
114.205017 
114.205322 
114.205933 
114.206238 
114.205322 
114.204407 
114.203491 
114.203796 
114.203491 
114.203796 
114.204102 
114.204102 
114.204407 
114.204407 
114.204407 
114.204102 
114.204407 
114.204407 
114.204407 
114.204407 
114.203796 
114.203491 
114.203491 
114.203491 
114.203491 
114.204407 
114.205627 
114.205627 
114.205933 
114.205322 
114.205627 
114.204712 
114.205322 
114.204712 
114.205017 
114.204712 
114.204407 
114.205017 
114.204712 
114.204712 
114.205017 
114.205322 
114.205627 
114.205627 
114.205017 
114.204712 
114.203491 
114.203491 
114.203491 
114.203491 
114.204102 
114.204407 
114.204407 
114.204102 
114.204407 
114.204102 
114.205017 
114.204102 
114.204102 
114.204407 
114.203796 
114.204102 
114.203796 
114.203186 
114.203796 
114.205017 
114.205322 
114.205627 
114.206238 
114.205322 
114.205627 
114.205017 
114.205322 
114.205017 
114.204712 
114.205017 
114.205017 
114.205017 
114.204712 
114.205017 
114.204407 
114.205322 
114.205322 
114.205933 
114.205017 
114.204102 
114.203491 
114.203491 
114.203186 
114.203491 
114.203796 
114.204102 
114.204712 
114.204712 
114.204712 
114.204407 
114.204407 
114.204407 
114.204102 
114.203796 
114.204102 
114.203491 
114.202881 
114.202881 
114.203186 
114.204712 
114.204712 
114.205627 
114.205933 
114.205322 
114.205322 
114.205017 
114.205017 
114.204712 
114.205017 
114.205322 
114.205627 
114.204712 
114.205017 
114.205017 
114.204712 
114.205017 
114.205322 
114.205627 
114.205322 
114.204407 
114.203491 
114.203491 
114.203796 
114.203491 
114.203796 
114.204102 
114.204407 
114.204407 
114.204407 
114.204407 
114.203796 
114.204407 
114.204407 
114.204102 
114.204102 
114.203186 
114.203186 
114.203491 
114.203186 
114.205017 
114.205322 
114.205627 
114.205627 
114.205627 
114.205627 
114.205017 
114.205322 
114.204712 
114.205017 
114.205017 
114.204712 
114.205017 
114.205017 
114.204712 
114.205322 
114.205322 
114.205322 
114.205627 
114.205627 
114.204407 
114.203796 
114.203186 
114.203491 
114.203796 
114.203796 
114.204407 
114.204102 
114.204712 
114.204407 
114.204712 
114.204407 
114.204407 
114.204407 
114.204407 
114.204102 
114.203796 
114.203491 
114.203186 
114.203491 
114.204407 
114.205322 
114.205322 
114.205627 
114.205627 
114.205627 
114.205627 
114.205322 
114.204712 
114.205017 
114.204712 
114.204712 
114.205017 
114.205017 
114.204712 
114.205017 
114.205322 
114.205627 
114.205627 
114.205322 
114.204407 
114.203186 
114.203186 
114.203796 
114.203491 
114.204102 
114.204102 
114.204407 
114.204407 
114.204407 
114.204407 
114.204407 
114.204712 
114.204102 
114.204407 
114.203796 
114.203796 
114.203186 
114.203491 
114.203796 
114.204712 
114.205017 
114.205627 
114.205627 
114.205933 
114.205322 
114.205017 
114.204712 
114.205017 
114.205017 
114.205017 
114.204712 
114.205017 
114.205017 
114.205017 
114.205017 
114.205322 
114.205322 
114.205627 
114.205322 
114.204407 
114.203491 
114.203796 
114.203796 
114.203796 
114.203491 
114.203796 
114.204102 
114.204712 
114.204407 
114.204102 
114.204712 
114.204407 
114.204407 
114.204407 
114.204102 
114.203491 
114.203186 
114.203186 
114.203796 
114.204407 
114.205322 
114.205322 
114.205933 
114.205627 
114.205322 
114.205017 
114.205322 
114.204712 
114.205017 
114.204712 
114.204712 
114.205017 
114.204712 
114.205322 
114.204712 
114.205322 
114.205627 
114.205627 
114.205017 
114.204407 
114.203796 
114.203491 
114.203186 
114.203796 
114.203796 
114.203796 
114.204407 
114.204102 
114.204102 
114.204102 
114.204407 
114.204712 
114.204407 
114.204102 
114.204407 
114.203491 
114.203186 
114.203186 
114.203796 
114.204712 
114.205322 
114.205627 
114.205627 
114.205017 
114.205322 
114.205322 
114.204712 
114.205017 
114.204712 
114.205017 
114.205322 
114.205017 
114.205017 
114.205017 
114.205017 
114.205017 
114.205933 
114.205933 
114.205322 
114.204407 
114.203491 
114.203186 
114.203491 
114.203796 
114.204102 
114.204102 
114.204407 
114.204712 
114.204407 
114.203796 
114.204407 
114.204407 
114.204102 
114.204712 
114.204102 
114.203491 
114.203491 
114.202881 
114.203796 
114.204407 
114.205322 
114.205933 
114.205933 
114.206543 
114.205322 
114.205017 
114.205322 
114.205017 
114.204712 
114.205017 
114.205322 
114.205017 
114.204712 
114.205017 
114.205322 
114.205322 
114.205322 
114.205933 
114.205627 
114.204712 
114.203796 
114.203186 
114.203796 
114.204102 
114.204102 
114.204407 
114.204407 
114.204407 
114.204407 
114.204712 
114.204712 
114.204407 
114.204712 
114.204407 
114.204407 
114.203491 
114.203186 
114.203491 
114.203796 
114.204407 
114.205627 
114.205627 
114.205933 
114.205627 
114.205627 
114.205017 
114.205322 
114.204712 
114.205017 
114.204712 
114.204712 
114.204712 
114.204712 
114.204712 
114.205017 
114.205627 
114.205322 
114.205933 
114.205627 
114.204102 
114.203491 
114.203491 
114.203796 
114.203796 
114.203491 
114.204102 
114.204407 
114.204102 
114.204102 
114.204407 
114.204407 
114.204407 
114.204407 
114.204102 
114.203796 
114.203796 
114.203186 
114.203491 
114.203796 
114.204712 
114.205017 
114.205627 
114.205933 
114.205627 
114.205627 
114.205322 
114.204712 
114.204712 
114.204712 
114.205017 
114.205017 
114.204712 
114.204712 
114.204712 
114.205017 
114.205322 
114.205322 
114.205627 
114.205322 
114.204712 
114.203491 
114.203186 
114.203796 
114.203491 
114.203796 
114.204102 
114.204102 
114.204407 
114.204407 
114.204102 
114.204407 
114.204407 
114.203796 
114.204407 
114.204102 
114.203491 
114.202881 
114.203186 
114.203796 
114.204407 
114.205627 
114.205933 
114.205627 
114.205933 
114.205322 
114.205322 
114.205017 
114.204712 
114.205017 
114.204712 
114.205017 
114.204712 
114.204407 
114.205017 
114.204407 
114.205017 
114.205322 
114.205627 
114.205322 
114.204407 
114.203491 
114.202881 
114.203491 
114.203491 
114.203796 
114.204102 
114.204102 
114.204407 
114.204407 
114.204712 
114.204407 
114.204102 
114.204102 
114.203796 
114.204102 
114.203491 
114.202881 
114.203491 
114.203796 
114.204712 
114.205017 
114.205627 
114.205933 
114.205627 
114.205322 
114.205017 
114.205322 
114.205017 
114.204712 
114.204712 
114.205017 
114.205017 
114.204712 
114.204712 
114.205017 
114.205322 
114.205322 
114.205627 
114.205322 
114.204407 
114.203796 
114.203796 
114.203796 
114.204102 
114.203796 
114.204102 
114.204407 
114.204102 
114.204407 
114.204407 
114.204407 
114.204407 
114.204407 
114.204102 
114.203796 
114.203796 
114.203186 
114.202881 
114.203491 
114.204407 
114.205322 
114.205322 
114.205627 
114.205933 
114.205322 
114.205322 
114.205017 
114.205017 
114.205322 
114.205322 
114.205017 
114.205017 
114.204712 
114.205017 
114.204712 
114.205322 
114.205627 
114.205017 
114.205322 
114.204712 
114.203491 
114.203186 
114.203491 
114.203491 
114.203796 
114.204102 
114.204407 
114.204407 
114.204102 
114.204407 
114.204102 
114.204712 
114.204407 
114.203796 
114.204102 
114.203491 
114.203491 
114.203186 
114.203796 
114.204102 
114.205322 
114.205933 
114.205322 
114.205933 
114.205627 
114.205017 
114.204712 
114.205017 
114.204407 
114.205017 
114.205017 
114.205017 
114.204712 
114.204407 
114.205017 
114.205322 
114.205627 
114.205627 
114.205322 
114.204712 
114.203796 
114.203186 
114.203796 
114.203186 
114.203491 
114.203796 
114.204407 
114.204102 
114.204407 
114.204407 
114.204407 
114.204407 
114.204407 
114.204102 
114.203796 
114.203491 
114.203186 
114.202881 
114.203186 
114.204407 
114.205017 
114.205627 
114.205627 
114.205627 
114.205322 
114.205017 
114.205017 
114.204407 
114.205017 
114.205017 
114.205017 
114.205322 
114.205322 
114.205017 
114.205017 
114.205017 
114.205627 
114.205627 
114.205322 
114.204407 
114.203491 
114.203186 
114.203186 
114.203796 
114.203796 
114.204407 
114.204102 
114.204407 
114.204102 
114.204102 
114.204407 
114.204102 
114.204407 
114.204102 
114.203491 
114.203796 
114.203186 
114.203186 
114.203491 
114.204407 
114.205017 
114.205322 
114.205322 
114.205322 
114.205627 
114.205017 
114.205322 
114.204712 
114.204712 
114.205017 
114.204712 
114.204712 
114.205017 
114.205017 
114.205017 
114.205017 
114.205627 
114.205627 
114.205322 
114.204407 
114.203796 
114.203491 
114.203491 
114.203491 
114.203796 
114.203796 
114.204407 
114.204407 
114.204407 
114.203796 
114.204407 
114.204407 
114.204407 
114.204102 
114.204102 
114.203491 
114.203186 
114.203186 
114.203796 
114.204407 
114.205017 
114.205017 
114.205627 
114.205627 
114.205627 
114.205017 
114.204712 
114.204712 
114.205017 
114.204712 
114.205017 
114.205017 
114.205322 
114.205017 
114.204712 
114.205627 
114.205322 
114.205627 
114.205017 
114.204407 
114.203796 
114.203491 
114.203796 
114.203491 
114.204102 
114.204102 
114.204407 
114.204102 
114.204102 
114.204102 
114.204102 
114.204407 
114.204102 
114.203796 
114.203796 
114.203491 
114.203186 
114.202881 
114.203491 
114.204407 
114.205017 
114.205322 
114.205322 
114.205322 
114.205627 
114.205017 
114.205017 
114.204102 
114.204407 
114.205017 
114.205322 
114.204712 
114.204712 
114.205322 
114.205322 
114.205017 
114.205627 
114.205933 
114.204712 
114.204407 
114.203796 
114.203186 
114.203186 
114.203796 
114.204102 
114.204102 
114.204102 
114.204407 
114.204407 
114.204407 
114.204102 
114.204102 
114.204102 
114.203796 
114.204102 
114.203186 
114.203491 
114.203186 
114.203186 
114.204712 
114.205017 
114.205322 
114.205933 
114.205322 
114.205017 
114.205017 
114.204712 
114.205017 
114.204712 
114.204407 
114.205017 
114.204712 
114.205322 
114.205017 
114.205017 
114.205017 
114.205627 
114.205627 
114.205322 
114.204407 
114.203491 
114.203491 
114.203491 
114.203491 
114.204102 
114.204102 
114.204407 
114.204102 
114.204712 
114.204407 
114.204407 
114.204407 
114.204407 
114.204102 
114.204102 
114.203491 
114.202881 
114.203491 
114.203491 
114.204712 
114.205322 
114.205322 
114.205933 
114.205933 
114.205627 
114.205322 
114.204712 
114.204712 
114.204712 
114.205017 
114.204712 
114.205017 
114.204712 
114.205017 
114.205322 
114.205322 
114.205322 
114.205627 
114.205017 
114.204407 
114.203796 
114.203186 
114.203491 
114.203796 
114.203796 
114.204102 
114.204102 
114.204407 
114.204102 
114.203796 
114.204407 
114.204407 
114.204407 
114.203796 
114.204102 
114.203796 
114.203491 
114.203186 
114.203491 
114.203796 
114.204712 
114.205933 
114.205627 
114.205627 
114.205627 
114.205017 
114.205017 
114.204407 
114.205017 
114.204407 
114.204712 
114.204712 
114.204407 
114.205322 
114.205017 
114.205017 
114.205627 
114.205322 
114.205322 
114.204712 
114.203796 
114.203186 
114.203796 
114.203491 
114.204102 
114.203796 
114.204102 
114.204712 
114.204407 
114.204407 
114.204407 
114.204102 
114.204102 
114.204102 
114.204102 
114.203491 
114.203491 
114.203186 
114.203491 
114.204407 
114.205017 
114.205322 
114.205322 
114.205322 
114.205017 
114.204712 
114.205017 
114.205017 
114.204407 
114.204712 
114.205017 
114.204407 
114.204407 
114.205017 
114.205017 
114.205322 
114.205322 
114.205627 
114.205322 
114.204102 
114.203186 
114.203186 
114.203186 
114.203491 
114.204102 
114.204102 
114.204102 
114.204407 
114.204712 
114.204407 
114.204407 
114.204102 
114.204102 
114.204102 
114.203796 
114.203491 
114.203186 
114.202881 
114.203491 
114.204712 
114.204712 
114.205627 
114.205322 
114.205322 
114.205322 
114.205017 
114.205017 
114.204712 
114.205017 
114.205017 
114.204712 
114.204712 
114.204712 
114.204712 
114.205017 
114.204712 
114.205322 
114.206238 
114.205322 
114.204407 
114.203796 
114.203186 
114.203796 
114.203796 
114.203796 
114.204407 
114.204407 
114.204407 
114.204407 
114.204407 
114.204407 
114.204102 
114.204407 
114.204102 
114.204102 
114.203491 
114.203491 
114.203186 
114.203491 
114.205017 
114.205017 
114.205627 
114.205322 
114.205322 
114.205627 
114.205017 
114.204712 
114.204712 
114.204712 
114.204712 
114.205017 
114.204712 
114.205017 
114.204712 
114.205017 
114.205017 
114.205017 
114.205322 
114.205322 
114.204407 
114.203491 
114.203491 
114.203491 
114.203796 
114.203796 
114.204102 
114.204712 
114.204712 
114.204712 
114.204407 
114.204407 
114.204407 
114.204102 
114.204407 
114.204102 
114.203796 
114.203186 
114.203186 
114.202881 
114.204102 
114.205017 
114.205627 
114.205627 
114.205322 
114.205322 
114.205322 
114.205017 
114.204712 
114.204712 
114.204712 
114.204407 
114.204712 
114.204712 
114.204407 
114.204712 
114.204712 
114.205322 
114.205627 
114.205017 
114.204407 
114.203796 
114.203186 
114.203796 
114.203491 
114.203796 
114.204102 
114.204102 
114.204712 
114.204407 
114.204407 
114.204407 
114.204102 
114.204407 
114.204102 
114.203491 
114.203491 
114.203491 
114.203186 
114.203491 
114.204102 
114.205322 
114.205627 
114.205627 
114.205322 
114.205322 
114.205322 
114.205017 
114.204407 
114.204712 
114.205017 
114.204407 
114.205017 
114.204712 
114.204712 
114.205017 
114.204712 
114.205627 
114.205322 
114.205627 
114.204407 
114.203491 
114.203186 
114.203491 
114.203796 
114.204102 
114.204102 
114.204407 
114.204712 
114.204407 
114.204407 
114.204407 
114.204407 
114.204407 
114.204102 
114.204407 
114.203796 
114.203186 
114.203186 
114.202881 
114.204407 
114.205017 
114.205627 
114.205933 
114.205627 
114.205322 
114.205322 
114.204712 
114.204712 
114.204712 
114.205017 
114.204712 
114.204407 
114.204712 
114.205017 
114.205017 
114.205017 
114.205627 
114.205627 
114.205322 
114.204712 
114.203796 
114.203491 
114.203491 
114.203491 
114.204407 
114.203796 
114.204102 
114.204407 
114.204407 
114.204407 
114.204407 
114.204102 
114.205017 
114.204407 
114.203796 
114.203491 
114.203491 
114.203491 
114.203491 
114.204712 
114.205017 
114.205322 
114.205627 
114.205933 
114.205322 
114.204712 
114.204712 
114.204712 
114.204712 
114.204712 
114.204407 
114.204102 
114.203796 
114.203491 
114.202881 
114.202881 
114.202576 
114.202271 
114.201050 
114.199829 
114.198608 
114.197388 
114.196472 
114.196167 
114.194946 
114.194641 
114.193726 
114.193115 
114.192200 
114.190674 
114.189453 
114.188538 
114.186707 
114.185486 
114.183350 
114.181519 
114.179382 
114.177856 
114.176025 
114.175110 
114.174194 
114.172668 
114.171143 
114.168701 
114.166565 
114.164124 
114.161072 
114.158325 
114.155884 
114.153442 
114.150391 
114.147949 
114.145203 
114.142151 
114.139709 
114.136963 
114.134216 
114.131165 
114.127808 
114.123535 
114.119263 
114.116211 
114.112244 
114.108887 
114.105530 
114.102173 
114.098816 
114.094849 
114.091187 
114.087219 
114.082947 
114.079285 
114.074707 
114.070740 
114.066162 
114.060974 
114.056702 
114.051819 
114.047546 
114.043579 
114.039612 
114.035645 
114.030762 
114.025879 
114.020996 
114.015198 
114.010010 
114.004517 
113.998718 
113.993530 
113.988037 
113.982239 
113.977051 
113.971863 
113.966370 
113.961182 
113.955383 
113.949890 
113.943787 
113.937073 
113.930359 
113.923645 
113.917542 
113.911438 
113.905334 
113.899231 
113.893127 
113.887024 
113.880310 
113.873596 
113.867188 
113.860474 
113.853760 
113.846741 
113.839722 
113.832092 
113.825073 
113.817444 
113.810730 
113.804016 
113.797607 
113.790894 
113.783569 
113.776550 
113.768311 
113.760681 
113.752747 
113.744507 
113.736877 
113.728638 
113.720398 
113.712769 
113.704529 
113.696594 
113.688354 
113.680115 
113.672180 
113.664246 
113.655396 
113.645935 
113.636475 
113.627625 
113.619080 
113.610229 
113.601379 
113.592834 
113.583984 
113.575134 
113.566895 
113.557739 
113.548279 
113.538818 
113.529968 
113.519287 
113.509827 
113.500061 
113.490295 
113.480530 
113.471069 
113.462219 
113.453369 
113.443604 
113.434143 
113.424072 
113.414001 
113.403625 
113.393250 
113.382568 
113.372192 
113.361511 
113.351135 
113.340759 
113.330994 
113.320007 
113.310242 
113.300171 
113.289795 
113.279724 
113.269653 
113.257751 
113.246765 
113.236389 
113.225098 
113.215332 
113.204956 
113.194580 
113.184814 
113.174133 
113.164673 
113.153992 
113.143921 
113.133545 
113.122864 
113.112488 
113.101807 
113.090820 
113.080139 
113.069458 
113.059692 
113.049927 
113.040466 
113.030701 
113.020020 
113.010254 
112.999268 
112.988586 
112.978210 
112.966919 
112.956848 
112.946167 
112.935791 
112.925720 
112.915039 
112.904358 
112.894287 
112.884216 
112.874146 
112.863770 
112.852478 
112.842102 
112.830811 
112.820129 
112.809753 
112.799377 
112.789307 
112.778931 
112.768860 
112.758789 
112.748718 
112.738342 
112.727356 
112.717896 
112.707214 
112.696533 
112.686462 
112.675781 
112.665100 
112.654419 
112.644348 
112.635193 
112.625732 
112.615662 
112.605896 
112.595825 
112.585144 
112.574158 
112.563782 
112.552795 
112.542419 
112.532043 
112.521973 
112.511292 
112.500916 
112.491150 
112.480469 
112.470398 
112.460632 
112.449951 
112.440186 
112.428589 
112.417603 
112.406311 
112.395935 
112.386169 
112.376099 
112.365723 
112.355652 
112.345276 
112.335815 
112.325134 
112.315063 
112.304688 
112.294312 
112.283936 
112.273560 
112.262573 
112.251892 
112.241211 
112.231140 
112.221680 
112.212219 
112.202759 
112.192383 
112.182007 
112.172241 
112.161255 
112.150574 
112.140198 
112.129517 
112.119446 
112.108154 
112.098389 
112.087402 
112.077332 
112.067261 
112.057190 
112.047119 
112.037048 
112.026672 
112.015686 
112.004395 
111.993408 
111.983032 
111.973267 
111.962891 
111.952515 
111.942444 
111.932373 
111.922302 
111.912231 
111.902161 
111.891785 
111.881409 
111.871033 
111.860352 
111.849670 
111.838989 
111.828918 
111.818848 
111.809387 
111.799622 
111.789856 
111.780090 
111.770020 
111.759338 
111.748962 
111.738281 
111.727600 
111.716614 
111.706848 
111.696777 
111.685791 
111.675720 
111.665344 
111.654968 
111.645203 
111.635132 
111.624756 
111.614685 
111.603088 
111.592102 
111.581726 
111.571350 
111.560974 
111.550598 
111.540833 
111.530762 
111.520691 
111.510925 
111.500549 
111.490173 
111.479797 
111.469116 
111.458740 
111.448059 
111.437378 
111.426697 
111.416321 
111.406250 
111.397095 
111.387329 
111.377563 
111.367493 
111.357727 
111.347351 
111.336365 
111.325684 
111.315308 
111.304932 
111.294250 
111.283875 
111.273499 
111.263123 
111.252441 
111.242981 
111.232605 
111.222534 
111.212769 
111.202087 
111.191101 
111.179810 
111.168518 
111.158752 
111.148376 
111.138306 
111.128235 
111.118164 
111.108398 
111.098633 
111.088257 
111.077881 
111.068115 
111.057739 
111.047058 
111.036682 
111.026306 
111.015015 
111.004944 
110.994568 
110.985413 
110.976257 
110.966492 
110.956421 
110.946960 
110.935974 
110.925903 
110.915527 
110.905151 
110.894470 
110.884705 
110.874634 
110.864868 
110.854492 
110.844421 
110.835266 
110.825806 
110.816345 
110.806885 
110.797424 
110.787048 
110.777283 
110.767212 
110.758057 
110.749207 
110.740051 
110.731201 
110.722656 
110.713806 
110.705261 
110.696106 
110.687866 
110.679321 
110.670471 
110.662231 
110.653381 
110.644226 
110.635986 
110.627441 
110.619812 
110.611877 
110.604858 
110.597839 
110.590210 
110.582581 
110.574646 
110.566711 
110.558777 
110.550537 
110.542908 
110.534973 
110.527954 
110.520325 
110.513611 
110.505981 
110.498962 
110.492249 
110.485229 
110.479126 
110.471802 
110.463867 
110.456238 
110.449524 
110.442810 
110.436401 
110.429688 
110.423584 
110.418091 
110.411987 
110.405884 
110.400085 
110.393677 
110.387573 
110.381470 
110.375671 
110.369263 
110.363464 
110.357361 
110.351563 
110.345764 
110.341492 
110.336609 
110.332031 
110.326843 
110.321350 
110.316467 
110.310974 
110.305481 
110.300598 
110.295105 
110.290527 
110.285339 
110.280457 
110.275879 
110.271301 
110.267334 
110.262756 
110.258179 
110.254211 
110.249634 
110.244751 
110.239563 
110.234985 
110.230408 
110.227051 
110.223083 
110.219727 
110.216064 
110.213013 
110.209045 
110.205688 
110.202332 
110.198364 
110.195313 
110.191956 
110.188293 
110.184937 
110.181274 
110.178223 
110.175171 
110.173035 
110.171204 
110.168762 
110.166321 
110.163879 
110.161133 
110.158386 
110.155640 
110.152283 
110.149841 
110.147705 
110.145264 
110.143127 
110.140686 
110.139160 
110.136719 
110.134888 
110.133362 
110.131531 
110.130005 
110.127563 
110.125122 
110.122681 
110.121460 
110.119934 
110.118408 
110.117493 
110.116577 
110.115356 
110.114441 
110.114136 
110.112610 
110.112305 
110.110779 
110.109863 
110.108948 
110.107727 
110.107117 
110.106506 
110.105591 
110.106201 
110.106812 
110.107117 
110.106812 
110.106812 
110.106506 
110.106506 
110.105896 
110.105591 
110.105286 
110.105286 
110.104980 
110.104980 
110.105286 
110.105286 
110.104675 
110.105591 
110.105896 
110.106201 
110.106201 
110.105286 
110.104065 
110.103760 
110.104065 
110.104370 
110.104370 
110.104675 
110.104370 
110.104675 
110.105286 
110.104980 
110.105591 
110.104980 
110.105286 
110.104675 
110.104980 
110.104980 
110.104675 
110.104370 
110.104980 
110.105896 
110.106506 
110.107117 
110.107727 
110.107422 
110.107117 
110.106812 
110.106506 
110.106201 
110.106812 
110.106506 
110.106812 
110.106506 
110.105896 
110.106506 
110.106506 
110.106812 
110.107117 
110.107422 
110.107117 
110.106506 
110.105286 
110.104980 
110.105286 
110.105286 
110.105591 
110.105896 
110.105896 
110.106201 
110.105896 
110.106506 
110.106201 
110.106201 
110.105896 
110.105896 
110.106201 
110.105286 
110.104980 
110.104675 
110.105286 
110.106201 
110.106506 
110.107422 
110.107727 
110.107727 
110.107727 
110.107117 
110.106812 
110.106812 
110.105896 
110.107117 
110.106812 
110.106201 
110.107117 
110.107117 
110.106812 
110.107117 
110.107117 
