Blum, K. P., D’Incamps, B. L., Zytnicki, D., & Ting, L. H. (2017).
Force encoding in muscle spindles during stretch of
passive muscle. PLoS computational biology, 13(9), 
e1005767. <https://journals.plos.org/ploscompbiol/article?
id=10.1371/journal.pcbi.1005767>

cat medial gastrocnemius muscle lengths over t  (in 0.0005 s increments)
110.106506 
110.106812 
110.106812 
110.106812 
110.106812 
110.106506 
110.106812 
110.106812 
110.106201 
110.105896 
110.105896 
110.105591 
110.106506 
110.106812 
110.107422 
110.107727 
110.108032 
110.107422 
110.107422 
110.107422 
110.107117 
110.107117 
110.106812 
110.107117 
110.106812 
110.106506 
110.107117 
110.106812 
110.106812 
110.107422 
110.107727 
110.107422 
110.106812 
110.106506 
110.105591 
110.105896 
110.106201 
110.106506 
110.106506 
110.106506 
110.106506 
110.106812 
110.106812 
110.106506 
110.106812 
110.106201 
110.106506 
110.106506 
110.106506 
110.105896 
110.105591 
110.105591 
110.106201 
110.107117 
110.107117 
110.107727 
110.108032 
110.107422 
110.107117 
110.106506 
110.106812 
110.107117 
110.106812 
110.107117 
110.106812 
110.106812 
110.107117 
110.106506 
110.107117 
110.107422 
110.107422 
110.107422 
110.106812 
110.106201 
110.105896 
110.105896 
110.105896 
110.106201 
110.106201 
110.106506 
110.106506 
110.106506 
110.106506 
110.106812 
110.106201 
110.106812 
110.106506 
110.106506 
110.106201 
110.105591 
110.105896 
110.105896 
110.105896 
110.107117 
110.106812 
110.107422 
110.107727 
110.107727 
110.107422 
110.107422 
110.107422 
110.106812 
110.106506 
110.106812 
110.106812 
110.106812 
110.106812 
110.106812 
110.106812 
110.107117 
110.107727 
110.107422 
110.107727 
110.106201 
110.106201 
110.106201 
110.106812 
110.107117 
110.107117 
110.108337 
110.108643 
110.109253 
110.110168 
110.109863 
110.111694 
110.112610 
110.112610 
110.114136 
110.114441 
110.115051 
110.115967 
110.116272 
110.118408 
110.120239 
110.122070 
110.123901 
110.125427 
110.126953 
110.127869 
110.129089 
110.130615 
110.132141 
110.133972 
110.135498 
110.137939 
110.140076 
110.141602 
110.144043 
110.146179 
110.148621 
110.151367 
110.153809 
110.156250 
110.158386 
110.159912 
110.162659 
110.165405 
110.168152 
110.171509 
110.174561 
110.178223 
110.180969 
110.184937 
110.187378 
110.191040 
110.194397 
110.197449 
110.201111 
110.204773 
110.208130 
110.210876 
110.215149 
110.219421 
110.223694 
110.228577 
110.233154 
110.238342 
110.241699 
110.246277 
110.249634 
110.254211 
110.258789 
110.262451 
110.267639 
110.272522 
110.277100 
110.282288 
110.287476 
110.292664 
110.297852 
110.304260 
110.309143 
110.314026 
110.319519 
110.324707 
110.330200 
110.335999 
110.342407 
110.348511 
110.355225 
110.361328 
110.368042 
110.374756 
110.380859 
110.387878 
110.394592 
110.401001 
110.407715 
110.413818 
110.420532 
110.426025 
110.433044 
110.440063 
110.447083 
110.454712 
110.462036 
110.468750 
110.475464 
110.482178 
110.488281 
110.494995 
110.502014 
110.508728 
110.515747 
110.522461 
110.529785 
110.537109 
110.544434 
110.551758 
110.559082 
110.567017 
110.574646 
110.581970 
110.588684 
110.596008 
110.602722 
110.611572 
110.618591 
110.627136 
110.635376 
110.643616 
110.651855 
110.660095 
110.668640 
110.676880 
110.685425 
110.693665 
110.702209 
110.710754 
110.718994 
110.727539 
110.736389 
110.745239 
110.755005 
110.764771 
110.774231 
110.783997 
110.792542 
110.802002 
110.811157 
110.820618 
110.829468 
110.838623 
110.848694 
110.858154 
110.867920 
110.877686 
110.887451 
110.898132 
110.908203 
110.918274 
110.928650 
110.938110 
110.947876 
110.957336 
110.967712 
110.977478 
110.988159 
110.998230 
111.008911 
111.019897 
111.030579 
111.041565 
111.051331 
111.062012 
111.072388 
111.082764 
111.092834 
111.103210 
111.113281 
111.122742 
111.133118 
111.143494 
111.154785 
111.165771 
111.176453 
111.187134 
111.197205 
111.207275 
111.217346 
111.227417 
111.237488 
111.247559 
111.258240 
111.268311 
111.278076 
111.288757 
111.299133 
111.309509 
111.320190 
111.331177 
111.341553 
111.351318 
111.361389 
111.370544 
111.380310 
111.390991 
111.401062 
111.412048 
111.422729 
111.432800 
111.443481 
111.453857 
111.463928 
111.473999 
111.484985 
111.495056 
111.505127 
111.515198 
111.524963 
111.534729 
111.545105 
111.555481 
111.566467 
111.577454 
111.587524 
111.597900 
111.608276 
111.618347 
111.628418 
111.638184 
111.648560 
111.658325 
111.668701 
111.678772 
111.689148 
111.698914 
111.708984 
111.719666 
111.730042 
111.740112 
111.750488 
111.760559 
111.769714 
111.779785 
111.789551 
111.799927 
111.809692 
111.820374 
111.831055 
111.841125 
111.851807 
111.862488 
111.872253 
111.882629 
111.892700 
111.902771 
111.913147 
111.922913 
111.932373 
111.942444 
111.952515 
111.963501 
111.974182 
111.984863 
111.995544 
112.005920 
112.015991 
112.026062 
112.036133 
112.045593 
112.055664 
112.065735 
112.075806 
112.086182 
112.096252 
112.106323 
112.116699 
112.127075 
112.137451 
112.148132 
112.158203 
112.168579 
112.177429 
112.186890 
112.196960 
112.207336 
112.217712 
112.228088 
112.238464 
112.249146 
112.259216 
112.269592 
112.279968 
112.290039 
112.300110 
112.310181 
112.320557 
112.330322 
112.339783 
112.350159 
112.359314 
112.370300 
112.380676 
112.391663 
112.401428 
112.411804 
112.421570 
112.431641 
112.440491 
112.449951 
112.459106 
112.468567 
112.478027 
112.487488 
112.496948 
112.506409 
112.515259 
112.524719 
112.534180 
112.543335 
112.552185 
112.561035 
112.569275 
112.577209 
112.586060 
112.595215 
112.603149 
112.612610 
112.621155 
112.630005 
112.638550 
112.647095 
112.654724 
112.662964 
112.670898 
112.679138 
112.686768 
112.695007 
112.702332 
112.709656 
112.717285 
112.725220 
112.733459 
112.741699 
112.749634 
112.757568 
112.764893 
112.771912 
112.778320 
112.785645 
112.792358 
112.799072 
112.805786 
112.812805 
112.819519 
112.826538 
112.832947 
112.839355 
112.846375 
112.852783 
112.859802 
112.865906 
112.871094 
112.876282 
112.882690 
112.888794 
112.895508 
112.901611 
112.907715 
112.913513 
112.919617 
112.925415 
112.930908 
112.936401 
112.942200 
112.947388 
112.952576 
112.958069 
112.962646 
112.967529 
112.973022 
112.978210 
112.984009 
112.989807 
112.994995 
112.999878 
113.004456 
113.009033 
113.013000 
113.017578 
113.022156 
113.026428 
113.031006 
113.035278 
113.039246 
113.043823 
113.047791 
113.052063 
113.056641 
113.060608 
113.064880 
113.068237 
113.071289 
113.074341 
113.077393 
113.081665 
113.085632 
113.088684 
113.092346 
113.096313 
113.099060 
113.102417 
113.105774 
113.108521 
113.111877 
113.114929 
113.117065 
113.119812 
113.122864 
113.125000 
113.127136 
113.129883 
113.133545 
113.136292 
113.139343 
113.141785 
113.143616 
113.146362 
113.148193 
113.149719 
113.151550 
113.153381 
113.155212 
113.157043 
113.159180 
113.160706 
113.162231 
113.164063 
113.165588 
113.166809 
113.168640 
113.169556 
113.169861 
113.171082 
113.171387 
113.172913 
113.174133 
113.175049 
113.175964 
113.177185 
113.178101 
113.179016 
113.179016 
113.179626 
113.180542 
113.180847 
113.180847 
113.180847 
113.181458 
113.180847 
113.181152 
113.181458 
113.182373 
113.183289 
113.183594 
113.184204 
113.183899 
113.183899 
113.183594 
113.182983 
113.183289 
113.182983 
113.182678 
113.182983 
113.182678 
113.182373 
113.182678 
113.182373 
113.182678 
113.182983 
113.182678 
113.182068 
113.181458 
113.180847 
113.180237 
113.180237 
113.180237 
113.180237 
113.179932 
113.180847 
113.180237 
113.180237 
113.179932 
113.180237 
113.179626 
113.179321 
113.179321 
113.179016 
113.178406 
113.177795 
113.177795 
113.178406 
113.179016 
113.179321 
113.179626 
113.179932 
113.179626 
113.179626 
113.179016 
113.178711 
113.178406 
113.178101 
113.178406 
113.178406 
113.178406 
113.178101 
113.178406 
113.178406 
113.178406 
113.178711 
113.179016 
113.178711 
113.178101 
113.177185 
113.176880 
113.176880 
113.177490 
113.177795 
113.177795 
113.177795 
113.178406 
113.178406 
113.177795 
113.178101 
113.177795 
113.178101 
113.178101 
113.178101 
113.177490 
113.177490 
113.177490 
113.178101 
113.178711 
113.179016 
113.179321 
113.179626 
113.179932 
113.179626 
113.179626 
113.179626 
113.179321 
113.179016 
113.179321 
113.179321 
113.179016 
113.179321 
113.179626 
113.179321 
113.179932 
113.179932 
113.180237 
113.179932 
113.179321 
113.178406 
113.178101 
113.178711 
113.178711 
113.178711 
113.179626 
113.179626 
113.179321 
113.179626 
113.179626 
113.179016 
113.179626 
113.179626 
113.179321 
113.179016 
113.178406 
113.178101 
113.178406 
113.178711 
113.179321 
113.179932 
113.180542 
113.180237 
113.179932 
113.179932 
113.179932 
113.179932 
113.179321 
113.179321 
113.179626 
113.179321 
113.179932 
113.179626 
113.179626 
113.179321 
113.179321 
113.179626 
113.179626 
113.179321 
113.178711 
113.178101 
113.177490 
113.177795 
113.178101 
113.178101 
113.178101 
113.178406 
113.178406 
113.178101 
113.178711 
113.178406 
113.177795 
113.178101 
113.178101 
113.177795 
113.177490 
113.177185 
113.176880 
113.176880 
113.177795 
113.178711 
113.179016 
113.178711 
113.178406 
113.178711 
113.178406 
113.177795 
113.178101 
113.177795 
113.177795 
113.177795 
113.177795 
113.177795 
113.177490 
113.177795 
113.177795 
113.178101 
113.178101 
113.178101 
113.177490 
113.176575 
113.176575 
113.176575 
113.176575 
113.176880 
113.176880 
113.177185 
113.177185 
113.177490 
113.176880 
113.177185 
113.177490 
113.177185 
113.177490 
113.176880 
113.176880 
113.176575 
113.176270 
113.176270 
113.176880 
113.177795 
113.178101 
113.178406 
113.178711 
113.178101 
113.177795 
113.178101 
113.177185 
113.177795 
113.177795 
113.177795 
113.177490 
113.177490 
113.177490 
113.178101 
113.177795 
113.178406 
113.178101 
113.178101 
113.177490 
113.176575 
113.176575 
113.176575 
113.176880 
113.177490 
113.177185 
113.177185 
113.177490 
113.177795 
113.177795 
113.177795 
113.177490 
113.177490 
113.177795 
113.177185 
113.177490 
113.176575 
113.176880 
113.177185 
113.177795 
113.178101 
113.178711 
113.178711 
113.178711 
113.178711 
113.178711 
113.178406 
113.178406 
113.178101 
113.177795 
113.178101 
113.178101 
113.178406 
113.178406 
113.178711 
113.178406 
113.178406 
113.178406 
113.178406 
113.177795 
113.177185 
113.176575 
113.176880 
113.177185 
113.177795 
113.178101 
113.178406 
113.177795 
113.177795 
113.178101 
113.177795 
113.177795 
113.177795 
113.177490 
113.177185 
113.177185 
113.176880 
113.176880 
113.176575 
113.178101 
113.178406 
113.178406 
113.178406 
113.178711 
113.178406 
113.178101 
113.177795 
113.178101 
113.177795 
113.177795 
113.178101 
113.178101 
113.178101 
113.177795 
113.177795 
113.178101 
113.178406 
113.178406 
113.178101 
113.177490 
113.176575 
113.176575 
113.176575 
113.176880 
113.177185 
113.177185 
113.177490 
113.177795 
113.177490 
113.177490 
113.177490 
113.177490 
113.177490 
113.177185 
113.177490 
113.177185 
113.176575 
113.175964 
113.176575 
113.177185 
113.177795 
113.178101 
113.178406 
113.178101 
113.178101 
113.177795 
113.177795 
113.177490 
113.177490 
113.178101 
113.177490 
113.177795 
113.177490 
113.177185 
113.177490 
113.177490 
113.178101 
113.178101 
113.178101 
113.177185 
113.176575 
113.176270 
113.175964 
113.176270 
113.176880 
113.176880 
113.176880 
113.176880 
113.177185 
113.177490 
113.176880 
113.176880 
113.177185 
113.177185 
113.176880 
113.176575 
113.175964 
113.175964 
113.175964 
113.177185 
113.177490 
113.177795 
113.178406 
113.178101 
113.177795 
113.176880 
113.177490 
113.177185 
113.176880 
113.177185 
113.176880 
113.177185 
113.177490 
113.177185 
113.177185 
113.177490 
113.177490 
113.178101 
113.177795 
113.176880 
113.176270 
113.175964 
113.176575 
113.175659 
113.176575 
113.177185 
113.176880 
113.177185 
113.177185 
113.177185 
113.177185 
113.176880 
113.177490 
113.177185 
113.177185 
113.176575 
113.176270 
113.175964 
113.176575 
113.177185 
113.178101 
113.178101 
113.178406 
113.178406 
113.178406 
113.178101 
113.177795 
113.177795 
113.177490 
113.177185 
113.177795 
113.177795 
113.177795 
113.177795 
113.177795 
113.177795 
113.178406 
113.178101 
113.178406 
113.177490 
113.176880 
113.176270 
113.176880 
113.177185 
113.176880 
113.177185 
113.177185 
113.177185 
113.178101 
113.177490 
113.177490 
113.177795 
113.177795 
113.177185 
113.177490 
113.177490 
113.176575 
113.176575 
113.176880 
113.177490 
113.178406 
113.178406 
113.178711 
113.178711 
113.178406 
113.178406 
113.178101 
113.177795 
113.177490 
113.177490 
113.178101 
113.177490 
113.177795 
113.177490 
113.178101 
113.178101 
113.178101 
113.178406 
113.178101 
113.177185 
113.176575 
113.176270 
113.176575 
113.176880 
113.176575 
113.177185 
113.177185 
113.177490 
113.177185 
113.177490 
113.177185 
113.177490 
113.177490 
113.176880 
113.176880 
113.176270 
113.176270 
113.175964 
113.176575 
113.177185 
113.177490 
113.177795 
113.178101 
113.178101 
113.177795 
113.177490 
113.177490 
113.177185 
113.176880 
113.177185 
113.177185 
113.177185 
113.177185 
113.177185 
113.176880 
113.177490 
113.177490 
113.177795 
113.177185 
113.176880 
113.175964 
113.175659 
113.175659 
113.175659 
113.175964 
113.176575 
113.176575 
113.176575 
113.176880 
113.176880 
113.176575 
113.176575 
113.176575 
113.176575 
113.176575 
113.176575 
113.175659 
113.175659 
113.176270 
113.176575 
113.177795 
113.177490 
113.177795 
113.178101 
113.177490 
113.177185 
113.177185 
113.176880 
113.177185 
113.176880 
113.177185 
113.177185 
113.177185 
113.177490 
113.177185 
113.177795 
113.178101 
113.177795 
113.177795 
113.176575 
113.176270 
113.176575 
113.176270 
113.176270 
113.176880 
113.176880 
113.176880 
113.177490 
113.177795 
113.176880 
113.177185 
113.177490 
113.176880 
113.177490 
113.177185 
113.176880 
113.176575 
113.176270 
113.176575 
113.177185 
113.177795 
113.178406 
113.178406 
113.178406 
113.178406 
113.178101 
113.177795 
113.177490 
113.177490 
113.177795 
113.177795 
113.177490 
113.177185 
113.177795 
113.177795 
113.177795 
113.178101 
113.178406 
113.178101 
113.177490 
113.176880 
113.176270 
113.176270 
113.176880 
113.176880 
113.176880 
113.177185 
113.177490 
113.177185 
113.177185 
113.177490 
113.177185 
113.177490 
113.176880 
113.176880 
113.176880 
113.176575 
113.176270 
113.176575 
113.177490 
113.178101 
113.178101 
113.178101 
113.178101 
113.178101 
113.178101 
113.177795 
113.177185 
113.176880 
113.177490 
113.177490 
113.177490 
113.177490 
113.177185 
113.177490 
113.177490 
113.177490 
113.178101 
113.177490 
113.176880 
113.176575 
113.175964 
113.175659 
113.176270 
113.176270 
113.176270 
113.176575 
113.176575 
113.177185 
113.177185 
113.176575 
113.176880 
113.176880 
113.176880 
113.176575 
113.176270 
113.175964 
113.175354 
113.176270 
113.176270 
113.177185 
113.177795 
113.178101 
113.178101 
113.177185 
113.177185 
113.177185 
113.176880 
113.176575 
113.176575 
113.176880 
113.177185 
113.177490 
113.177185 
113.176880 
113.177185 
113.177795 
113.177795 
113.177490 
113.176575 
113.176270 
113.175659 
113.175964 
113.176880 
113.176575 
113.176880 
113.177185 
113.176575 
113.176575 
113.176575 
113.177490 
113.177185 
113.176880 
113.177185 
113.177185 
113.176575 
113.176270 
113.176270 
113.175964 
113.177185 
113.177490 
113.178101 
113.178711 
113.178406 
113.178101 
113.177795 
113.177490 
113.177490 
113.177185 
113.177490 
113.177490 
113.177490 
113.177795 
113.177795 
113.177490 
113.177795 
113.178101 
113.177795 
113.178101 
113.176880 
113.176575 
113.175964 
113.176270 
113.176575 
113.176575 
113.176880 
113.177185 
113.177185 
113.177795 
113.177185 
113.176880 
113.177490 
113.177490 
113.177185 
113.176880 
113.176880 
113.176575 
113.176270 
113.176270 
113.176880 
113.177795 
113.178406 
113.178101 
113.178101 
113.177795 
113.177795 
113.177490 
113.177795 
113.177490 
113.177795 
113.178101 
113.177185 
113.177490 
113.177185 
113.177490 
113.177795 
113.177795 
113.178101 
113.177795 
113.177185 
113.176270 
113.175964 
113.176270 
113.176575 
113.176270 
113.176575 
113.176880 
113.177185 
113.176880 
113.177185 
113.176575 
113.176575 
113.176880 
113.176575 
113.176880 
113.176575 
113.175964 
113.175964 
113.176575 
113.176880 
113.177185 
113.178101 
113.178101 
113.177795 
113.178101 
113.177795 
113.177185 
113.177490 
113.176575 
113.176880 
113.177185 
113.177490 
113.177185 
113.177185 
113.177185 
113.177185 
113.177490 
113.178101 
113.177795 
113.177185 
113.176575 
113.175964 
113.175964 
113.176575 
113.176270 
113.176575 
113.176575 
113.176880 
113.176880 
113.176575 
113.176575 
113.176880 
113.177185 
113.176880 
113.176880 
113.176575 
113.176575 
113.175964 
113.175964 
113.176575 
113.177490 
113.177795 
113.178406 
113.177795 
113.177795 
113.177490 
113.177185 
113.177185 
113.177490 
113.177185 
113.177490 
113.177490 
113.177185 
113.177185 
113.177490 
113.177490 
113.177490 
113.178101 
113.177795 
113.177185 
113.176270 
113.175964 
113.176575 
113.176270 
113.176575 
113.176880 
113.176880 
113.176880 
113.176880 
113.176880 
113.176575 
113.176880 
113.176575 
113.176880 
113.176880 
113.176270 
113.176270 
113.176575 
113.175964 
113.176880 
113.177490 
113.178101 
113.178101 
113.178101 
113.177795 
113.177490 
113.177795 
113.177185 
113.177185 
113.177490 
113.177185 
113.177490 
113.177185 
113.177185 
113.177490 
113.177795 
113.177795 
113.177490 
113.177795 
113.177185 
113.176575 
113.175964 
113.176575 
113.176270 
113.176880 
113.177185 
113.176880 
113.176575 
113.177185 
113.176880 
113.176575 
113.177185 
113.177185 
113.176880 
113.177185 
113.176880 
113.176270 
113.175964 
113.176270 
113.176880 
113.177490 
113.178101 
113.177795 
113.178101 
113.177490 
113.177490 
113.177185 
113.177490 
113.176880 
113.176880 
113.176880 
113.176880 
113.177185 
113.177185 
113.177185 
113.177490 
113.177795 
113.178101 
113.177490 
113.177185 
113.176270 
113.175964 
113.176270 
113.176575 
113.176880 
113.176880 
113.176880 
113.176880 
113.176880 
113.177185 
113.176880 
113.176575 
113.177185 
113.176575 
113.176575 
113.176575 
113.175964 
113.175964 
113.176270 
113.176575 
113.177490 
113.177795 
113.178101 
113.177795 
113.178101 
113.177490 
113.177490 
113.177185 
113.177185 
113.176575 
113.177185 
113.177185 
113.177185 
113.177490 
113.177185 
113.176880 
113.177185 
113.177795 
113.178101 
113.177185 
113.176575 
113.176270 
113.175659 
113.176575 
113.176575 
113.176575 
113.176880 
113.176880 
113.176880 
113.176575 
113.176575 
113.177185 
113.176880 
113.176880 
113.176270 
113.176575 
113.176270 
113.175659 
113.175964 
113.176575 
113.177490 
113.177490 
113.178406 
113.177490 
113.178406 
113.177490 
113.177185 
113.177185 
113.177185 
113.177490 
113.176880 
113.177490 
113.177185 
113.176880 
113.177490 
113.177490 
113.177490 
113.177795 
113.177795 
113.177185 
113.176270 
113.176270 
113.175964 
113.176575 
113.176575 
113.176880 
113.176880 
113.176880 
113.177185 
113.177185 
113.176880 
113.176880 
113.176575 
113.176880 
113.176880 
113.176575 
113.175964 
113.176270 
113.175964 
113.176575 
113.177795 
113.177490 
113.178101 
113.178101 
113.177795 
113.177185 
113.177185 
113.177185 
113.176880 
113.176880 
113.177185 
113.177185 
113.177185 
113.177185 
113.176880 
113.177490 
113.177490 
113.177795 
113.177795 
113.177490 
113.176270 
113.175659 
113.176575 
113.176270 
113.176575 
113.176880 
113.176880 
113.176880 
113.177490 
113.177490 
113.176575 
113.177185 
113.176880 
113.176575 
113.176880 
113.176575 
113.176270 
113.176270 
113.175964 
113.176575 
113.177490 
113.177795 
113.178101 
113.177490 
113.178101 
113.177490 
113.177185 
113.176880 
113.176880 
113.176880 
113.177490 
113.176880 
113.176880 
113.177185 
113.177185 
113.177185 
113.177490 
113.177795 
113.177490 
113.176880 
113.176270 
113.175964 
113.175964 
113.176575 
113.175964 
113.176575 
113.176880 
113.176880 
113.176880 
113.176880 
113.176880 
113.176575 
113.176575 
113.176575 
113.176270 
113.176270 
113.175964 
113.175964 
113.175659 
113.175964 
113.177490 
113.177490 
113.177795 
113.177795 
113.177185 
113.177490 
113.176880 
113.176880 
113.176880 
113.176880 
113.176880 
113.177185 
113.177185 
113.177185 
113.177185 
113.177185 
113.177185 
113.177795 
113.177185 
113.176880 
113.176270 
113.175659 
113.176270 
113.176575 
113.176880 
113.176575 
113.176880 
113.176575 
113.177185 
113.177185 
113.176880 
113.176880 
113.176880 
113.176575 
113.176880 
113.176575 
113.175964 
113.176270 
113.175964 
113.176270 
113.177185 
113.177795 
113.177795 
113.177795 
113.177490 
113.177490 
113.177490 
113.177185 
113.177185 
113.176880 
113.177185 
113.176880 
113.176880 
113.176880 
113.177185 
113.177185 
113.177490 
113.178101 
113.177490 
113.177490 
113.176270 
113.175964 
113.176575 
113.176270 
113.176270 
113.176575 
113.176880 
113.176880 
113.176880 
113.176880 
113.176880 
113.177185 
113.177185 
113.176880 
113.176880 
113.176575 
113.176270 
113.175964 
113.175964 
113.176880 
113.177185 
113.177185 
113.178101 
113.178101 
113.177795 
113.177795 
113.177185 
113.177490 
113.176880 
113.177185 
113.176880 
113.177185 
113.177185 
113.176880 
113.176880 
113.177490 
113.177185 
113.177795 
113.177795 
113.177185 
113.176575 
113.175964 
113.176270 
113.176270 
113.176575 
113.176575 
113.176880 
113.177185 
113.177490 
113.176880 
113.176880 
113.176880 
113.176575 
113.176575 
113.177185 
113.176270 
113.175964 
113.175964 
113.175659 
113.176575 
113.177185 
113.177795 
113.177795 
113.178101 
113.177490 
113.177490 
113.177185 
113.177490 
113.176880 
113.176880 
113.177185 
113.177185 
113.176575 
113.176880 
113.177185 
113.176880 
113.177490 
113.177795 
113.178101 
113.177185 
113.176270 
113.175964 
113.175964 
113.175964 
113.176575 
113.175964 
113.176575 
113.177185 
113.176575 
113.177185 
113.176880 
113.176880 
113.177490 
113.176880 
113.176880 
113.176880 
113.176270 
113.175659 
113.175964 
113.176575 
113.177490 
113.177185 
113.178101 
113.178406 
113.177490 
113.177795 
113.177490 
113.177185 
113.177185 
113.177185 
113.176880 
113.177185 
113.177185 
113.177185 
113.176880 
113.177490 
113.177490 
113.177795 
113.177795 
113.177185 
113.176575 
113.176270 
113.176270 
113.176270 
113.176270 
113.176270 
113.176575 
113.176880 
113.176880 
113.176880 
113.176880 
113.177185 
113.176880 
113.176880 
113.176880 
113.176575 
113.176270 
113.175964 
113.175964 
113.176575 
113.177185 
113.177795 
113.177795 
113.178406 
113.177795 
113.177795 
113.177490 
113.177185 
113.177185 
113.177185 
113.176880 
113.177490 
113.177185 
113.176880 
113.177185 
113.177185 
113.177490 
113.177490 
113.177795 
113.177185 
113.176270 
113.175659 
113.176270 
113.176575 
113.176575 
113.176270 
113.176575 
113.176880 
113.176575 
113.176575 
113.176575 
113.176270 
113.176575 
113.176880 
113.176575 
113.176575 
113.176270 
113.175964 
113.175659 
113.176880 
113.176880 
113.177490 
113.177490 
113.177795 
113.177795 
113.177490 
113.177185 
113.177490 
113.177185 
113.177185 
113.176880 
113.176880 
113.176880 
113.177185 
113.176880 
113.176880 
113.177490 
113.177795 
113.177795 
113.176880 
113.175964 
113.175964 
113.175964 
113.176575 
113.175964 
113.176575 
113.176575 
113.177185 
113.176880 
113.177185 
113.177185 
113.176880 
113.176575 
113.176880 
113.177185 
113.176270 
113.176270 
113.175964 
113.175964 
113.176575 
113.177490 
113.177795 
113.177490 
113.178101 
113.177490 
113.177490 
113.177185 
113.177490 
113.176880 
113.176880 
113.176880 
113.176880 
113.177185 
113.177490 
113.177185 
113.177185 
113.177490 
113.177795 
113.177795 
113.177185 
113.176575 
113.175659 
113.175964 
113.176270 
113.176575 
113.176270 
113.176575 
113.177185 
113.176880 
113.176575 
113.176880 
113.176880 
113.177185 
113.176880 
113.176575 
113.176575 
113.176270 
113.175964 
113.175659 
113.176575 
113.177185 
113.177490 
113.177795 
113.177795 
113.177490 
113.177795 
113.177490 
113.177185 
113.176880 
113.176880 
113.177185 
113.176880 
113.176880 
113.177185 
113.177185 
113.177185 
113.177490 
113.178101 
113.177490 
113.177185 
113.176270 
113.175964 
113.175659 
113.176270 
113.176270 
113.176575 
113.177185 
113.176880 
113.177185 
113.176880 
113.176880 
113.176880 
113.177185 
113.176880 
113.176880 
113.176270 
113.175964 
113.175659 
113.176270 
113.176880 
113.177185 
113.177795 
113.178101 
113.178101 
113.177795 
113.177795 
113.177185 
113.177185 
113.177185 
113.176880 
113.176880 
113.176880 
113.176880 
113.177490 
113.176880 
113.177490 
113.177185 
113.177490 
113.177795 
113.176880 
113.176270 
113.175964 
113.175964 
113.175964 
113.176270 
113.176575 
113.176575 
113.176575 
113.176880 
113.177185 
113.176880 
113.176880 
113.177185 
113.176880 
113.176880 
113.176270 
113.176270 
113.175964 
113.175964 
113.176575 
113.177185 
113.177490 
113.177795 
113.177795 
113.177795 
113.177185 
113.177795 
113.177185 
113.177185 
113.177185 
113.176880 
113.176880 
113.176880 
113.177185 
113.177185 
113.177185 
113.177490 
113.177490 
113.177795 
113.176880 
113.175964 
113.175659 
113.175354 
113.176270 
113.176270 
113.176575 
113.176575 
113.176575 
113.177185 
113.177185 
113.176880 
113.176880 
113.176880 
113.177490 
113.176575 
113.176575 
113.176575 
113.175964 
113.175659 
113.176270 
113.176880 
113.177490 
113.177795 
113.177795 
113.178101 
113.177795 
113.177490 
113.177185 
113.176880 
113.177185 
113.177185 
113.177185 
113.176880 
113.177185 
113.177490 
113.176880 
113.177185 
113.177490 
113.177490 
113.177185 
113.176575 
113.175964 
113.175659 
113.175964 
113.176270 
113.176575 
113.176575 
113.177490 
113.176880 
113.177185 
113.176880 
113.176880 
113.176880 
113.176880 
113.176575 
113.176270 
113.175964 
113.175659 
113.175964 
113.176575 
113.177490 
113.177795 
113.177795 
113.177795 
113.177490 
113.177490 
113.177490 
113.177185 
113.176880 
113.177185 
113.176575 
113.177185 
113.177185 
113.177185 
113.176880 
113.177185 
113.177490 
113.177490 
113.178101 
113.176880 
113.175964 
113.175659 
113.175659 
113.175964 
113.176270 
113.176575 
113.176880 
113.176575 
113.176880 
113.176575 
113.176880 
113.176880 
113.176575 
113.176575 
113.176575 
113.176575 
113.175964 
113.175964 
113.176270 
113.176575 
113.177490 
113.177490 
113.177795 
113.177795 
113.177490 
113.177490 
113.176880 
113.176880 
113.177185 
113.176880 
113.177490 
113.176880 
113.176880 
113.177185 
113.177490 
113.176880 
113.177490 
113.177490 
113.177490 
113.177185 
113.176270 
113.175964 
113.175354 
113.176270 
113.176270 
113.176575 
113.176880 
113.176575 
113.176575 
113.176575 
113.176575 
113.177185 
113.176880 
113.176575 
113.176575 
113.175964 
113.175964 
113.175964 
113.175659 
113.176270 
113.177185 
113.177490 
113.177795 
113.177795 
113.177795 
113.177490 
113.177490 
113.177185 
113.177185 
113.176880 
113.177185 
113.177185 
113.176880 
113.177185 
113.176880 
113.176880 
113.177185 
113.177490 
113.177185 
113.176880 
113.176270 
113.175659 
113.175659 
113.175964 
113.175964 
113.176575 
113.175964 
113.176575 
113.176880 
113.176575 
113.176880 
113.176880 
113.176880 
113.176880 
113.176575 
113.176270 
113.175659 
113.175659 
113.175964 
113.176270 
113.176880 
113.177490 
113.177795 
113.177795 
113.178101 
113.177795 
113.177490 
113.176880 
113.176575 
113.176880 
113.176880 
113.176880 
113.176880 
113.177185 
113.176880 
113.177490 
113.177490 
113.177795 
113.177795 
113.177185 
113.176575 
113.175964 
113.175659 
113.176270 
113.176270 
113.176575 
113.176880 
113.176575 
113.176880 
113.176575 
113.176880 
113.176575 
113.177185 
113.176575 
113.176575 
113.176575 
113.176270 
113.175354 
113.175964 
113.176270 
113.177490 
113.177490 
113.177490 
113.177795 
113.177795 
113.177795 
113.177490 
113.177185 
113.177185 
113.176880 
113.176880 
113.176575 
113.176880 
113.177185 
113.177185 
113.177185 
113.177795 
113.177795 
113.177795 
113.177185 
113.175964 
113.175659 
113.175659 
113.176270 
113.176575 
113.176575 
113.176575 
113.176575 
113.176880 
113.176880 
113.176880 
113.176880 
113.176880 
113.176575 
113.176880 
113.176270 
113.175964 
113.175659 
113.175964 
113.176270 
113.177490 
113.177490 
113.177795 
113.177795 
113.177795 
113.177490 
113.177490 
113.177490 
113.176880 
113.176880 
113.177490 
113.177185 
113.176880 
113.177490 
113.176880 
113.176880 
113.177185 
113.177795 
113.177795 
113.177185 
113.176270 
113.175659 
113.175964 
113.176270 
113.176270 
113.176270 
113.176880 
113.176575 
113.176880 
113.176880 
113.176880 
113.176880 
113.176575 
113.176880 
113.176575 
113.176270 
113.175964 
113.175659 
113.175964 
113.176270 
113.176880 
113.177490 
113.177795 
113.177795 
113.177185 
113.177185 
113.176880 
113.176880 
113.176575 
113.176880 
113.177185 
113.176880 
113.176880 
113.177185 
113.177490 
113.176880 
113.177185 
113.177490 
113.177795 
113.176880 
113.176270 
113.175659 
113.175659 
113.176270 
113.176270 
113.176575 
113.176880 
113.176880 
113.177185 
113.177185 
113.176575 
113.177185 
113.176880 
113.176575 
113.176575 
113.176575 
113.175659 
113.175659 
113.175659 
113.175964 
113.177185 
113.177490 
113.177795 
113.177795 
113.177490 
113.177185 
113.177185 
113.176880 
113.177185 
113.176575 
113.176880 
113.177185 
113.176880 
113.177185 
113.177490 
113.176880 
113.177490 
113.177185 
113.177490 
113.177185 
113.176880 
113.175964 
113.175964 
113.176270 
113.176270 
113.176270 
113.176575 
113.176575 
113.176575 
113.176880 
113.176880 
113.176880 
113.176880 
113.177185 
113.176880 
113.176575 
113.176270 
113.175964 
113.175659 
113.176270 
113.177185 
113.177795 
113.178101 
113.177490 
113.177490 
113.177185 
113.177185 
113.176880 
113.177185 
113.176880 
113.177185 
113.177490 
113.176880 
113.176880 
113.177185 
113.177185 
113.177490 
113.177490 
113.177795 
113.177490 
113.176270 
113.175659 
113.175964 
113.175964 
113.176270 
113.176575 
113.176270 
113.176880 
113.176880 
113.176880 
113.176575 
113.176880 
113.176880 
113.176575 
113.176880 
113.176575 
113.175964 
113.175964 
113.175659 
113.175964 
113.176880 
113.177490 
113.177490 
113.177490 
113.177795 
113.176880 
113.176880 
113.177490 
113.176880 
113.176880 
113.177185 
113.177185 
113.176880 
113.177185 
113.177185 
113.177490 
113.177490 
113.177490 
113.177490 
113.177185 
113.176270 
113.175659 
113.175964 
113.175964 
113.175964 
113.176270 
113.176575 
113.176575 
113.176575 
113.176880 
113.176270 
113.176575 
113.176575 
113.176575 
113.176575 
113.176270 
113.176575 
113.175964 
113.175354 
113.175964 
113.177185 
113.177185 
113.177490 
113.177795 
113.177490 
113.177490 
113.176880 
113.176880 
113.177185 
113.176880 
113.177185 
113.176880 
113.176880 
113.176880 
113.176880 
113.177185 
113.177490 
113.177795 
113.177490 
113.177490 
113.176270 
113.175659 
113.175659 
113.176270 
113.176575 
113.176575 
113.176575 
113.177185 
113.176880 
113.176575 
113.176880 
113.176575 
113.176880 
113.176575 
113.176575 
113.175964 
113.175964 
113.175659 
113.175354 
113.175659 
113.175964 
113.176575 
113.176575 
113.176880 
113.176270 
113.175354 
113.174744 
113.174438 
113.173828 
113.173218 
113.172607 
113.171692 
113.171082 
113.170471 
113.169556 
113.168945 
113.168640 
113.167725 
113.166504 
113.164978 
113.163452 
113.161011 
113.160095 
113.159485 
113.157654 
113.156433 
113.155518 
113.153992 
113.152161 
113.150330 
113.148499 
113.146057 
113.144531 
113.142700 
113.140259 
113.137817 
113.135071 
113.132629 
113.130188 
113.128052 
113.126526 
113.124695 
113.121948 
113.119507 
113.116760 
113.113098 
113.110046 
113.106689 
113.103333 
113.099976 
113.097229 
113.093872 
113.090515 
113.086853 
113.083191 
113.080139 
113.076477 
113.073120 
113.069153 
113.064575 
113.060303 
113.055115 
113.050537 
113.047180 
113.042603 
113.038330 
113.034058 
113.029785 
113.025208 
113.020935 
113.016052 
113.011169 
113.006897 
113.001404 
112.996521 
112.991333 
112.986145 
112.980042 
112.974854 
112.970276 
112.965088 
112.960510 
112.955627 
112.950439 
112.944641 
112.938232 
112.932129 
112.926331 
112.919922 
112.914429 
112.908020 
112.902222 
112.895508 
112.889404 
112.883301 
112.877502 
112.870789 
112.864990 
112.858582 
112.851563 
112.843933 
112.836914 
112.829590 
112.823486 
112.816162 
112.809448 
112.802124 
112.796021 
112.789307 
112.781677 
112.774658 
112.767334 
112.759705 
112.752075 
112.744751 
112.736511 
112.728271 
112.720642 
112.712708 
112.705078 
112.698059 
112.691040 
112.683105 
112.675781 
112.666931 
112.658386 
112.650146 
112.641296 
112.633057 
112.624207 
112.615662 
112.607117 
112.598267 
112.589722 
112.580261 
112.571716 
112.563171 
112.554016 
112.545471 
112.536011 
112.525635 
112.515564 
112.506104 
112.497253 
112.487488 
112.478027 
112.469177 
112.459412 
112.450256 
112.440491 
112.430420 
112.420349 
112.410583 
112.400513 
112.390137 
112.380066 
112.369080 
112.358704 
112.348633 
112.338562 
112.329407 
112.319641 
112.309570 
112.299805 
112.289124 
112.279053 
112.267761 
112.257080 
112.246399 
112.235718 
112.225342 
112.214966 
112.204590 
112.194214 
112.183838 
112.173462 
112.162781 
112.153015 
112.142639 
112.131958 
112.121277 
112.109070 
112.098694 
112.088318 
112.078247 
112.068176 
112.057800 
112.047729 
112.037354 
112.026978 
112.016602 
112.006226 
111.995850 
111.985168 
111.975098 
111.964722 
111.953735 
111.942749 
111.932373 
111.922607 
111.912842 
111.903076 
111.893311 
111.882629 
111.872253 
111.861877 
111.850891 
111.840820 
111.830139 
111.819458 
111.808777 
111.798096 
111.787720 
111.777039 
111.767578 
111.756897 
111.746521 
111.736450 
111.726074 
111.715393 
111.704102 
111.693420 
111.682739 
111.672668 
111.661987 
111.651611 
111.641541 
111.631470 
111.621094 
111.611023 
111.600952 
111.590271 
111.580200 
111.569214 
111.559143 
111.548462 
111.537781 
111.527100 
111.517029 
111.506653 
111.497498 
111.487427 
111.477356 
111.467285 
111.457214 
111.446838 
111.435852 
111.424866 
111.414795 
111.404114 
111.393433 
111.383057 
111.372375 
111.362305 
111.352234 
111.341553 
111.331787 
111.321411 
111.311646 
111.300964 
111.289368 
111.278687 
111.268311 
111.257935 
111.247559 
111.237488 
111.227417 
111.217346 
111.206970 
111.196899 
111.186829 
111.176453 
111.166077 
111.155396 
111.145020 
111.134338 
111.123657 
111.113281 
111.102905 
111.092529 
111.083374 
111.073608 
111.063538 
111.053772 
111.043701 
111.032715 
111.022339 
111.011353 
111.000671 
110.990295 
110.979919 
110.969849 
110.959473 
110.949402 
110.939026 
110.928345 
110.918579 
110.908508 
110.899048 
110.888367 
110.877380 
110.866699 
110.856323 
110.846863 
110.837097 
110.827332 
110.818176 
110.808411 
110.799255 
110.789795 
110.780334 
110.771179 
110.762024 
110.752563 
110.743713 
110.733948 
110.724792 
110.715637 
110.706482 
110.698242 
110.689697 
110.682068 
110.674133 
110.665283 
110.657043 
110.648804 
110.639954 
110.631104 
110.623169 
110.614624 
110.606384 
110.598145 
110.590515 
110.582581 
110.574646 
110.566406 
110.559387 
110.552368 
110.544434 
110.536499 
110.528564 
110.520630 
110.513000 
110.505981 
110.498657 
110.491943 
110.485229 
110.478821 
110.472107 
110.465088 
110.458679 
110.452271 
110.445251 
110.438843 
110.432434 
110.425415 
110.419006 
110.411987 
110.405884 
110.400696 
110.395203 
110.388794 
110.383301 
110.378113 
110.372009 
110.366211 
110.360107 
110.354309 
110.348206 
110.342712 
110.337219 
110.331421 
110.325928 
110.321045 
110.315247 
110.310364 
110.305786 
110.300598 
110.296021 
110.291138 
110.285645 
110.279846 
110.275574 
110.270386 
110.265503 
110.261230 
110.257568 
110.253296 
110.249329 
110.245056 
110.240784 
110.237122 
110.232544 
110.228577 
110.224609 
110.220642 
110.216064 
110.212402 
110.208435 
110.204773 
110.202637 
110.199585 
110.196838 
110.193787 
110.190430 
110.186768 
110.184021 
110.180054 
110.176392 
110.173340 
110.170593 
110.167236 
110.164795 
110.162048 
110.159302 
110.156860 
110.154724 
110.152588 
110.150146 
110.147705 
110.144653 
110.141907 
110.139160 
110.137329 
110.135498 
110.133362 
110.132141 
110.130310 
110.128784 
110.127258 
110.125732 
110.123596 
110.122375 
110.121155 
110.119934 
110.117798 
110.116882 
110.114746 
110.113220 
110.112915 
110.112000 
110.112000 
110.111084 
110.111389 
110.109863 
110.109253 
110.108337 
110.107727 
110.107117 
110.106201 
110.105591 
110.104675 
110.104980 
110.104370 
110.104370 
110.104370 
110.104675 
110.104370 
110.105286 
110.104675 
110.103760 
110.103149 
110.102844 
110.103149 
110.103149 
110.103149 
110.104065 
110.103760 
110.104065 
110.104065 
110.103760 
110.103455 
110.103760 
110.104370 
110.104065 
110.104370 
110.103455 
110.103455 
110.103149 
110.103760 
110.105286 
110.105591 
110.105896 
110.106812 
110.106506 
110.106506 
110.106201 
110.106201 
110.105286 
110.106201 
110.105896 
110.105591 
110.105896 
110.106201 
110.106201 
110.105896 
110.106506 
110.106506 
110.106812 
110.106812 
110.105286 
110.105286 
110.105591 
110.105591 
110.105896 
110.105591 
110.105896 
110.106201 
110.106201 
110.106506 
110.105896 
110.106201 
110.106201 
110.106201 
110.106201 
110.106201 
110.105896 
110.105286 
110.105286 
110.105591 
110.106201 
110.107117 
110.107727 
110.107727 
110.107727 
110.107727 
110.107422 
110.106812 
110.106812 
110.106812 
110.107117 
110.106506 
110.107117 
110.106812 
110.107117 
110.107117 
110.106812 
110.107117 
110.107117 
110.107117 
110.106506 
110.105591 
110.105286 
110.105591 
110.105896 
110.106201 
110.106201 
