Blum, K. P., D’Incamps, B. L., Zytnicki, D., & Ting, L. H. (2017).
Force encoding in muscle spindles during stretch of
passive muscle. PLoS computational biology, 13(9), 
e1005767. <https://journals.plos.org/ploscompbiol/article?
id=10.1371/journal.pcbi.1005767>

cat medial gastrocnemius muscle lengths over t  (in 0.0005 s increments)
110.111084 
110.111389 
110.111084 
110.111389 
110.111694 
110.112305 
110.112915 
110.112610 
110.111084 
110.110168 
110.109253 
110.108948 
110.109558 
110.109863 
110.109863 
110.110474 
110.110168 
110.110474 
110.110168 
110.110168 
110.110168 
110.110168 
110.109863 
110.109863 
110.109253 
110.108948 
110.108643 
110.108948 
110.110168 
110.111389 
110.112305 
110.112305 
110.112610 
110.111694 
110.111694 
110.111389 
110.111084 
110.111084 
110.111084 
110.111084 
110.111084 
110.111084 
110.111389 
110.111389 
110.111694 
110.112305 
110.112305 
110.112305 
110.111389 
110.110168 
110.109558 
110.108948 
110.109253 
110.109558 
110.109558 
110.110474 
110.109863 
110.110474 
110.110474 
110.110168 
110.110168 
110.110474 
110.109863 
110.110168 
110.109863 
110.109253 
110.108643 
110.108643 
110.109863 
110.111084 
110.111694 
110.112305 
110.112000 
110.111084 
110.111694 
110.110779 
110.111084 
110.110474 
110.111084 
110.110779 
110.110779 
110.110779 
110.111084 
110.111694 
110.112000 
110.112000 
110.112610 
110.112305 
110.111694 
110.109863 
110.109253 
110.109253 
110.109558 
110.109558 
110.109558 
110.110168 
110.110168 
110.110474 
110.110168 
110.110474 
110.110168 
110.110168 
110.110168 
110.109863 
110.109558 
110.109253 
110.108643 
110.108643 
110.109863 
110.111694 
110.112305 
110.113220 
110.113220 
110.113525 
110.113525 
110.114441 
110.115051 
110.115967 
110.117798 
110.119019 
110.121460 
110.123596 
110.126038 
110.129089 
110.133057 
110.136108 
110.140381 
110.144653 
110.147705 
110.151062 
110.155029 
110.159302 
110.164490 
110.169983 
110.175781 
110.181885 
110.188904 
110.195313 
110.202026 
110.209045 
110.216370 
110.222778 
110.230103 
110.238342 
110.245972 
110.253906 
110.262146 
110.270996 
110.280457 
110.291748 
110.302124 
110.312195 
110.322266 
110.332336 
110.343323 
110.354004 
110.365295 
110.377197 
110.389099 
110.401917 
110.414124 
110.427551 
110.440979 
110.454712 
110.469055 
110.484924 
110.499878 
110.515747 
110.531006 
110.546265 
110.563660 
110.581055 
110.600281 
110.619202 
110.639343 
110.659790 
110.680237 
110.700684 
110.721436 
110.741272 
110.760498 
110.779114 
110.796814 
110.813904 
110.830078 
110.845032 
110.859680 
110.874329 
110.889587 
110.904541 
110.919189 
110.932617 
110.946045 
110.959473 
110.971985 
110.984802 
110.997925 
111.010742 
111.024170 
111.037598 
111.051025 
111.064148 
111.077881 
111.091614 
111.105042 
111.118774 
111.132813 
111.145935 
111.157837 
111.170349 
111.183472 
111.196594 
111.210022 
111.224670 
111.238403 
111.253052 
111.267395 
111.282349 
111.296997 
111.311340 
111.326294 
111.341248 
111.355591 
111.370239 
111.385193 
111.399841 
111.413879 
111.429138 
111.445007 
111.461792 
111.477966 
111.493530 
111.508789 
111.523743 
111.539307 
111.554260 
111.569214 
111.584473 
111.600037 
111.614990 
111.630554 
111.646423 
111.661377 
111.677551 
111.693420 
111.708984 
111.724854 
111.740417 
111.754761 
111.768799 
111.783752 
111.798706 
111.814270 
111.830139 
111.845398 
111.861572 
111.876831 
111.892700 
111.908264 
111.923523 
111.939087 
111.954346 
111.970215 
111.984863 
112.000427 
112.015381 
112.030029 
112.045288 
112.061768 
112.078247 
112.094727 
112.110291 
112.126160 
112.141113 
112.156372 
112.171326 
112.186584 
112.201538 
112.216492 
112.231750 
112.247009 
112.262268 
112.278137 
112.294006 
112.308960 
112.325439 
112.340698 
112.356262 
112.370300 
112.384338 
112.398682 
112.413635 
112.429810 
112.445374 
112.460632 
112.476196 
112.492065 
112.507324 
112.522888 
112.538147 
112.553406 
112.568665 
112.584229 
112.599792 
112.614441 
112.629700 
112.644348 
112.659302 
112.676086 
112.692261 
112.708435 
112.723694 
112.738953 
112.753601 
112.767944 
112.781982 
112.796326 
112.810059 
112.823792 
112.837524 
112.851257 
112.864990 
112.877502 
112.891235 
112.904358 
112.917175 
112.929688 
112.941895 
112.952271 
112.962646 
112.973022 
112.984314 
112.994690 
113.005371 
113.016052 
113.026123 
113.035889 
113.045959 
113.055725 
113.064575 
113.072815 
113.081665 
113.089294 
113.097229 
113.104858 
113.111572 
113.117676 
113.124390 
113.132629 
113.139648 
113.147278 
113.153076 
113.157959 
113.163452 
113.168030 
113.172607 
113.175964 
113.179626 
113.183899 
113.187561 
113.190613 
113.193665 
113.196411 
113.199158 
113.201599 
113.204346 
113.206177 
113.207397 
113.207397 
113.207092 
113.206787 
113.206482 
113.207397 
113.207092 
113.207092 
113.207092 
113.206482 
113.205872 
113.204651 
113.202820 
113.200684 
113.199158 
113.196411 
113.193665 
113.190002 
113.186340 
113.182068 
113.178101 
113.175354 
113.171997 
113.168640 
113.163452 
113.158264 
113.152771 
113.146973 
113.140259 
113.134155 
113.127136 
113.120117 
113.113098 
113.105469 
113.098145 
113.090515 
113.082581 
113.074646 
113.066406 
113.058167 
113.048401 
113.038025 
113.026733 
113.016052 
113.005371 
112.994690 
112.984009 
112.973022 
112.962036 
112.951355 
112.939758 
112.927551 
112.915039 
112.902527 
112.888794 
112.875671 
112.862244 
112.847900 
112.832947 
112.818604 
112.803955 
112.790833 
112.776794 
112.762756 
112.747803 
112.732239 
112.716675 
112.700500 
112.684631 
112.668762 
112.652893 
112.636108 
112.619934 
112.604370 
112.588196 
112.572021 
112.556152 
112.540894 
112.524719 
112.508850 
112.492981 
112.475891 
112.458191 
112.441101 
112.424622 
112.408142 
112.391663 
112.376404 
112.360229 
112.344360 
112.328796 
112.312622 
112.296143 
112.280579 
112.264099 
112.247925 
112.231750 
112.215576 
112.198486 
112.182617 
112.166138 
112.151489 
112.136841 
112.121582 
112.106018 
112.089844 
112.074585 
112.058105 
112.042542 
112.026062 
112.009888 
111.993713 
111.977844 
111.961975 
111.945801 
111.930237 
111.915283 
111.899414 
111.884460 
111.868896 
111.853333 
111.837158 
111.819763 
111.803284 
111.786804 
111.771545 
111.755676 
111.740112 
111.724854 
111.709595 
111.694336 
111.678772 
111.663513 
111.647949 
111.631775 
111.615906 
111.600342 
111.584473 
111.568298 
111.552734 
111.536865 
111.522217 
111.507874 
111.493835 
111.477661 
111.462402 
111.446533 
111.430969 
111.415405 
111.399536 
111.383667 
111.368103 
111.351929 
111.336975 
111.320801 
111.305237 
111.290588 
111.275024 
111.260071 
111.245117 
111.229858 
111.213379 
111.196289 
111.180115 
111.164246 
111.148682 
111.133423 
111.117859 
111.102905 
111.087646 
111.072388 
111.057129 
111.042175 
111.026306 
111.011047 
110.995178 
110.979614 
110.964050 
110.947876 
110.932007 
110.916748 
110.901794 
110.887756 
110.873108 
110.857544 
110.842590 
110.826416 
110.810547 
110.794983 
110.779114 
110.762939 
110.747375 
110.731812 
110.715637 
110.700073 
110.684509 
110.668945 
110.653687 
110.638733 
110.623779 
110.608521 
110.592651 
110.575562 
110.559692 
110.544434 
110.529480 
110.514832 
110.500793 
110.486755 
110.473328 
110.459900 
110.446472 
110.433960 
110.420837 
110.408020 
110.395813 
110.383301 
110.371399 
110.358887 
110.347595 
110.336304 
110.326538 
110.317078 
110.307922 
110.298462 
110.289001 
110.279541 
110.270081 
110.260620 
110.252075 
110.243225 
110.234680 
110.226135 
110.218506 
110.211487 
110.204163 
110.198059 
110.191650 
110.185547 
110.179443 
110.174255 
110.167542 
110.160828 
110.155334 
110.150146 
110.145264 
110.141296 
110.137329 
110.133667 
110.130615 
110.127563 
110.124512 
110.122070 
110.119629 
110.117493 
110.115051 
110.113220 
110.111694 
110.109558 
110.107727 
110.107117 
110.107727 
110.108337 
110.109558 
110.110168 
110.110168 
110.110779 
110.110779 
110.111389 
110.112305 
110.113220 
110.114746 
110.116577 
110.118408 
110.121155 
110.124512 
110.127563 
110.131531 
110.136108 
110.140991 
110.145264 
110.149536 
110.152893 
110.157166 
110.162354 
110.167847 
110.173645 
110.180054 
110.186768 
110.193481 
110.200500 
110.208435 
110.215759 
110.223694 
110.231628 
110.240173 
110.248718 
110.256958 
110.265503 
110.274658 
110.284119 
110.294800 
110.307007 
110.318909 
110.329895 
110.341187 
110.352783 
110.364075 
110.376282 
110.388184 
110.400391 
110.413208 
110.426025 
110.439453 
110.452881 
110.466919 
110.480957 
110.495300 
110.509949 
110.525513 
110.540466 
110.554810 
110.568237 
110.582886 
110.598145 
110.613403 
110.629272 
110.645142 
110.660706 
110.676575 
110.692444 
110.708313 
110.724182 
110.739746 
110.755310 
110.770264 
110.785828 
110.801392 
110.815735 
110.830688 
110.846252 
110.862427 
110.879517 
110.895386 
110.911255 
110.926208 
110.941162 
110.956726 
110.971375 
110.986328 
111.000977 
111.016235 
111.031494 
111.046143 
111.061707 
111.077271 
111.091919 
111.107788 
111.123657 
111.139221 
111.154175 
111.169128 
111.182861 
111.198120 
111.213074 
111.227722 
111.243286 
111.259155 
111.275024 
111.290283 
111.306458 
111.321716 
111.338196 
111.353149 
111.369019 
111.384277 
111.399841 
111.415100 
111.429749 
111.444702 
111.459961 
111.476440 
111.493530 
111.510010 
111.525574 
111.541443 
111.556091 
111.571350 
111.586304 
111.601563 
111.616516 
111.631470 
111.647034 
111.661987 
111.677246 
111.692810 
111.708069 
111.723633 
111.739807 
111.755371 
111.770630 
111.785278 
111.799316 
111.813049 
111.828003 
111.843872 
111.858826 
111.874390 
111.889648 
111.904907 
111.920166 
111.935730 
111.950684 
111.966553 
111.980896 
111.996460 
112.010803 
112.025757 
112.039795 
112.054443 
112.068787 
112.084961 
112.100830 
112.117310 
112.132263 
112.147217 
112.162170 
112.177124 
112.191772 
112.206726 
112.221069 
112.236023 
112.251282 
112.266235 
112.281494 
112.297058 
112.312012 
112.327576 
112.343140 
112.359009 
112.374268 
112.388611 
112.402344 
112.416687 
112.431641 
112.447510 
112.462463 
112.478027 
112.493286 
112.509155 
112.524414 
112.539978 
112.555847 
112.570496 
112.586670 
112.601318 
112.616882 
112.631836 
112.646484 
112.660828 
112.676086 
112.692261 
112.708435 
112.724915 
112.740173 
112.754822 
112.769165 
112.783813 
112.797241 
112.810974 
112.824402 
112.837524 
112.850952 
112.863770 
112.876892 
112.889709 
112.902222 
112.914734 
112.927551 
112.939148 
112.950439 
112.960205 
112.970276 
112.979736 
112.990112 
113.000183 
113.009949 
113.019714 
113.029480 
113.038635 
113.047485 
113.056641 
113.064880 
113.073425 
113.081055 
113.088379 
113.095398 
113.101807 
113.108521 
113.114929 
113.120422 
113.127441 
113.134766 
113.140869 
113.146362 
113.151550 
113.156128 
113.160400 
113.164063 
113.167725 
113.171082 
113.174438 
113.177185 
113.180237 
113.182983 
113.185120 
113.187561 
113.190002 
113.192139 
113.193665 
113.195496 
113.195190 
113.194275 
113.193665 
113.193665 
113.193359 
113.193665 
113.193359 
113.192444 
113.191833 
113.190918 
113.190002 
113.188477 
113.186340 
113.184204 
113.181458 
113.178101 
113.174744 
113.170776 
113.166504 
113.162537 
113.158569 
113.155518 
113.151550 
113.146667 
113.141479 
113.135681 
113.129578 
113.123474 
113.116455 
113.109741 
113.102722 
113.095093 
113.088074 
113.080750 
113.073120 
113.065796 
113.058167 
113.050537 
113.043213 
113.034668 
113.026123 
113.016663 
113.007507 
112.999268 
112.991028 
112.982788 
112.974548 
112.967224 
112.958984 
112.951355 
112.943115 
112.934875 
112.927246 
112.919312 
112.910767 
112.902832 
112.893982 
112.885437 
112.877502 
112.868958 
112.861633 
112.855530 
112.848511 
112.840576 
112.832642 
112.825317 
112.816772 
112.808533 
112.800903 
112.792664 
112.783813 
112.776184 
112.768555 
112.760620 
112.752686 
112.745056 
112.737122 
112.729492 
112.722778 
112.714844 
112.706299 
112.697449 
112.688599 
112.680359 
112.672119 
112.665100 
112.657471 
112.649536 
112.642517 
112.634583 
112.626648 
112.619324 
112.611389 
112.603760 
112.596436 
112.587891 
112.579651 
112.571411 
112.563477 
112.555237 
112.548523 
112.542114 
112.535400 
112.528076 
112.520142 
112.512512 
112.504578 
112.496948 
112.488403 
112.480774 
112.472534 
112.464905 
112.456970 
112.449036 
112.441406 
112.434082 
112.426147 
112.418823 
112.411499 
112.403870 
112.395325 
112.386780 
112.377930 
112.369385 
112.361755 
112.354736 
112.346497 
112.339172 
112.331848 
112.324524 
112.316589 
112.308960 
112.301941 
112.293701 
112.286377 
112.278442 
112.270203 
112.261658 
112.254028 
112.245789 
112.238770 
112.232361 
112.225952 
112.218628 
112.210693 
112.203064 
112.194519 
112.186890 
112.178650 
112.170715 
112.162781 
112.155151 
112.147522 
112.139893 
112.131958 
112.124329 
112.117310 
112.109070 
112.102051 
112.094727 
112.086182 
112.077332 
112.068787 
112.060242 
112.052612 
112.044678 
112.037659 
112.030029 
112.023010 
112.015381 
112.007751 
112.000732 
111.992798 
111.985168 
111.977234 
111.969299 
111.961365 
111.952820 
111.944580 
111.936951 
111.929932 
111.923218 
111.916809 
111.909485 
111.902466 
111.894531 
111.886292 
111.878357 
111.869812 
111.862183 
111.854553 
111.846313 
111.838379 
111.831055 
111.823120 
111.815186 
111.807861 
111.800842 
111.793213 
111.785889 
111.777649 
111.768188 
111.759338 
111.751709 
111.744080 
111.736145 
111.728821 
111.721497 
111.713867 
111.706543 
111.698914 
111.691284 
111.683655 
111.676331 
111.668091 
111.660461 
111.652527 
111.644287 
111.635437 
111.627502 
111.620789 
111.614380 
111.607666 
111.600952 
111.593018 
111.584778 
111.577454 
111.569214 
111.560974 
111.553040 
111.545410 
111.537476 
111.529541 
111.521301 
111.513977 
111.506348 
111.499329 
111.492004 
111.484070 
111.476440 
111.468506 
111.459656 
111.450500 
111.442261 
111.434631 
111.427002 
111.419373 
111.412048 
111.404724 
111.397095 
111.389465 
111.382446 
111.374207 
111.367188 
111.359558 
111.351624 
111.343384 
111.335449 
111.326904 
111.318970 
111.311951 
111.305542 
111.298828 
111.291504 
111.284180 
111.276550 
111.268616 
111.260071 
111.252441 
111.244202 
111.236572 
111.228638 
111.220703 
111.213074 
111.205139 
111.197815 
111.190491 
111.183167 
111.175842 
111.168213 
111.159668 
111.151428 
111.141663 
111.134033 
111.126404 
111.118469 
111.110840 
111.103821 
111.096497 
111.088867 
111.081543 
111.074219 
111.066284 
111.058655 
111.051025 
111.043396 
111.035156 
111.026917 
111.018982 
111.010742 
111.003723 
110.997314 
110.990601 
110.983582 
110.975952 
110.968323 
110.960083 
110.952454 
110.944214 
110.936279 
110.928040 
110.920105 
110.912476 
110.904846 
110.896912 
110.889282 
110.881958 
110.874634 
110.867615 
110.859680 
110.851135 
110.842285 
110.833130 
110.824890 
110.817261 
110.809937 
110.802002 
110.794983 
110.787354 
110.780029 
110.772400 
110.764771 
110.756836 
110.749817 
110.741577 
110.733948 
110.726318 
110.717468 
110.709839 
110.701599 
110.694580 
110.688171 
110.681458 
110.674133 
110.666199 
110.658875 
110.650635 
110.642700 
110.634766 
110.626831 
110.618896 
110.610657 
110.603333 
110.595398 
110.587463 
110.580139 
110.572510 
110.565491 
110.558167 
110.550842 
110.541687 
110.533447 
110.523987 
110.516052 
110.508423 
110.500793 
110.493164 
110.485840 
110.478516 
110.470581 
110.463562 
110.455933 
110.448303 
110.440979 
110.433044 
110.424805 
110.417480 
110.408936 
110.401001 
110.393066 
110.385742 
110.379333 
110.372620 
110.365295 
110.357361 
110.350037 
110.342407 
110.334167 
110.325928 
110.317993 
110.310364 
110.302124 
110.294189 
110.286865 
110.279236 
110.271606 
110.264282 
110.256958 
110.249939 
110.242310 
110.233765 
110.224915 
110.216370 
110.208740 
110.201416 
110.194702 
110.188293 
110.182495 
110.176697 
110.171204 
110.165405 
110.160217 
110.155029 
110.150452 
110.145569 
110.141602 
110.137024 
110.133057 
110.128784 
110.125427 
110.122986 
110.121460 
110.120239 
110.118103 
110.116882 
110.114441 
110.112915 
110.111694 
110.109863 
110.109253 
110.108032 
110.107727 
110.107422 
110.107727 
110.108337 
110.108948 
110.110168 
110.111084 
110.112610 
110.113831 
110.114746 
110.115662 
110.116577 
110.119019 
110.122070 
110.125427 
110.129089 
110.133667 
110.138245 
110.142822 
110.147705 
110.152893 
110.158081 
110.163574 
110.169373 
110.175476 
110.181274 
110.187073 
110.193176 
110.199890 
110.207520 
110.216370 
110.225830 
110.234375 
110.242615 
110.251465 
110.260315 
110.268555 
110.278320 
110.287781 
110.297546 
110.307922 
110.318298 
110.328979 
110.340881 
110.352173 
110.364380 
110.376587 
110.389709 
110.402222 
110.414429 
110.426025 
110.437622 
110.450745 
110.463867 
110.477600 
110.491638 
110.505981 
110.520935 
110.535583 
110.551147 
110.565186 
110.581055 
110.596313 
110.611267 
110.626526 
110.641785 
110.656738 
110.671692 
110.686951 
110.703125 
110.719604 
110.736694 
110.752563 
110.768127 
110.783386 
110.798645 
110.813293 
110.828552 
110.843811 
110.858765 
110.874329 
110.889282 
110.904846 
110.919800 
110.935364 
110.951233 
110.967102 
110.982361 
110.997925 
111.012878 
111.026917 
111.040955 
111.055603 
111.071167 
111.086731 
111.101990 
111.117554 
111.133118 
111.148682 
111.164246 
111.180115 
111.194763 
111.210938 
111.226196 
111.241150 
111.256409 
111.271667 
111.286316 
111.301575 
111.317749 
111.334839 
111.351318 
111.367188 
111.383057 
111.398315 
111.413269 
111.428833 
111.443787 
111.459351 
111.474304 
111.489868 
111.505127 
111.520691 
111.535950 
111.551514 
111.567383 
111.582947 
111.598816 
111.614380 
111.629639 
111.643677 
111.657715 
111.672668 
111.687927 
111.703186 
111.718750 
111.734619 
111.749878 
111.765442 
111.780701 
111.796265 
111.812134 
111.826782 
111.842346 
111.857605 
111.872253 
111.887207 
111.901855 
111.916809 
111.932678 
111.949463 
111.965942 
111.981812 
111.997070 
112.012024 
112.026672 
112.041931 
112.056580 
112.071228 
112.086182 
112.101135 
112.116394 
112.131348 
112.146606 
112.161865 
112.176819 
112.192688 
112.208557 
112.223511 
112.237854 
112.252197 
112.266235 
112.280884 
112.295532 
112.311401 
112.326355 
112.341919 
112.357483 
112.372437 
112.388000 
112.403564 
112.418823 
112.434082 
112.449341 
112.464600 
112.479248 
112.494202 
112.508850 
112.524109 
112.539368 
112.556458 
112.572632 
112.589111 
112.604065 
112.619629 
112.634583 
112.649231 
112.664185 
112.679138 
112.694092 
112.708740 
112.723999 
112.738647 
112.753601 
112.768555 
112.782898 
112.797852 
112.812195 
112.825928 
112.838745 
112.850952 
112.862549 
112.875061 
112.887573 
112.900085 
112.912292 
112.924500 
112.936401 
112.947998 
112.959290 
112.970276 
112.980652 
112.991028 
113.001099 
113.010559 
113.020020 
113.028259 
113.037109 
113.045959 
113.054810 
113.063965 
113.073425 
113.081970 
113.089294 
113.096619 
113.103333 
113.110046 
113.115540 
113.121948 
113.127136 
113.132935 
113.138733 
113.143616 
113.148193 
113.153076 
113.158264 
113.162537 
113.166809 
113.170776 
113.173523 
113.175354 
113.177185 
113.179016 
113.181458 
113.183289 
113.185730 
113.187561 
113.189087 
113.190308 
113.191528 
113.192444 
113.192139 
113.192444 
113.192139 
113.191833 
113.190613 
113.189697 
113.188477 
113.187256 
113.186035 
113.185425 
113.185120 
113.182983 
113.180237 
113.177490 
113.174133 
113.169861 
113.165588 
113.161621 
113.156738 
113.152161 
113.147583 
113.142700 
113.137817 
113.133545 
113.128357 
113.123474 
113.118896 
113.114319 
113.107910 
113.101196 
113.094788 
113.088684 
113.082886 
113.077393 
113.072815 
113.066711 
113.061829 
113.056641 
113.050842 
113.045349 
113.040161 
113.034668 
113.029480 
113.023682 
113.017883 
113.012085 
113.006287 
113.000488 
112.995300 
112.991333 
112.987366 
112.982483 
112.977295 
112.971802 
112.966309 
112.960815 
112.955017 
112.949829 
112.944031 
112.938843 
112.933350 
112.928162 
112.922974 
112.918091 
112.913208 
112.908325 
112.903442 
112.898560 
112.892761 
112.886353 
112.880249 
112.874451 
112.868958 
112.863464 
112.859192 
112.854004 
112.849121 
112.844238 
112.839355 
112.833862 
112.828979 
112.824097 
112.818604 
112.813416 
112.807922 
112.802734 
112.796631 
112.791443 
112.786560 
112.782898 
112.778625 
112.774658 
112.769470 
112.763977 
112.758179 
112.753296 
112.747498 
112.741699 
112.736206 
112.731018 
112.726135 
112.720337 
112.716064 
112.710876 
112.705688 
112.701111 
112.696228 
112.691345 
112.685852 
112.679749 
112.673035 
112.667236 
112.662048 
112.656860 
112.651978 
112.647400 
112.642822 
112.637329 
112.632446 
112.627563 
112.622375 
112.616882 
112.612305 
112.606812 
112.601013 
112.595825 
112.590332 
112.584534 
112.579956 
112.575989 
112.572021 
112.567444 
112.562561 
112.557068 
112.551575 
112.546387 
112.540894 
112.535706 
112.530212 
112.525024 
112.519531 
112.514648 
112.509155 
112.503967 
112.499390 
112.494812 
112.490234 
112.485352 
112.479858 
112.473450 
112.467041 
112.461548 
112.456360 
112.450867 
112.445984 
112.441406 
112.436523 
112.431335 
112.426453 
112.421265 
112.416077 
112.410889 
112.406006 
112.400513 
112.395325 
112.389832 
112.384338 
112.378540 
112.373657 
112.370300 
112.366333 
112.362061 
112.356873 
112.351379 
112.346191 
112.340698 
112.335205 
112.330017 
112.324524 
112.319336 
112.313843 
112.308960 
112.304077 
112.298584 
112.294006 
112.289124 
112.284546 
112.279663 
112.274170 
112.267456 
112.260742 
112.255249 
112.250061 
112.245178 
112.239990 
112.235413 
112.230530 
112.225952 
112.220459 
112.215576 
112.210693 
112.205505 
112.200012 
112.194824 
112.189636 
112.184448 
112.178650 
112.173157 
112.168274 
112.164917 
112.160645 
112.156067 
112.150879 
112.145996 
112.140503 
112.135010 
112.130127 
112.124329 
112.119141 
112.113342 
112.108154 
112.102661 
112.097473 
112.092590 
112.088013 
112.083130 
112.078552 
112.073975 
112.068481 
112.061768 
112.055359 
112.049255 
112.044678 
112.039185 
112.034302 
112.029419 
112.024536 
112.019958 
112.014771 
112.009583 
112.004700 
111.999512 
111.994324 
111.989441 
111.984253 
111.978455 
111.972961 
111.967163 
111.962280 
111.958923 
111.954651 
111.950073 
111.944885 
111.939697 
111.934509 
111.928711 
111.923523 
111.918030 
111.912842 
111.907349 
111.902466 
111.897278 
111.892090 
111.886902 
111.881714 
111.877136 
111.872864 
111.867981 
111.862183 
111.855774 
111.849670 
111.843872 
111.838379 
111.833496 
111.828918 
111.823730 
111.818542 
111.813965 
111.809082 
111.804199 
111.799011 
111.793823 
111.788940 
111.783447 
111.778259 
111.772461 
111.766663 
111.761169 
111.756897 
111.752625 
111.748657 
111.744385 
111.739197 
111.734009 
111.728821 
111.723328 
111.718140 
111.712646 
111.707458 
111.701965 
111.696777 
111.691284 
111.686401 
111.680908 
111.676025 
111.672058 
111.667175 
111.662292 
111.656799 
111.650085 
111.643982 
111.637878 
111.632690 
111.627502 
111.622620 
111.617737 
111.612854 
111.607971 
111.603088 
111.598206 
111.593018 
111.587830 
111.582642 
111.577454 
111.572266 
111.566772 
111.561279 
111.555481 
111.550903 
111.546631 
111.542969 
111.538391 
111.533508 
111.528015 
111.522827 
111.517639 
111.511841 
111.506653 
111.501465 
111.495972 
111.490479 
111.484985 
111.479797 
111.475220 
111.470032 
111.465454 
111.460876 
111.455688 
111.450500 
111.444092 
111.437683 
111.432190 
111.426392 
111.421814 
111.416626 
111.412048 
111.406860 
111.402588 
111.397400 
111.392517 
111.387634 
111.382141 
111.376953 
111.372070 
111.366577 
111.361084 
111.355591 
111.350403 
111.345215 
111.340942 
111.337891 
111.333618 
111.327820 
111.322632 
111.317444 
111.311646 
111.306458 
111.300964 
111.295776 
111.289978 
111.285095 
111.279907 
111.274719 
111.269531 
111.264648 
111.260071 
111.255798 
111.250610 
111.245422 
111.238708 
111.232605 
111.226807 
111.220703 
111.216431 
111.211243 
111.206360 
111.201477 
111.196899 
111.192017 
111.186829 
111.181946 
111.176758 
111.171570 
111.166077 
111.160583 
111.155396 
111.149597 
111.144104 
111.139832 
111.135559 
111.131592 
111.127319 
111.122131 
111.116943 
111.111450 
111.106262 
111.101074 
111.095581 
111.090088 
111.084900 
111.079407 
111.074524 
111.069336 
111.064148 
111.059265 
111.054382 
111.050415 
111.045532 
111.039734 
111.033630 
111.026917 
111.021423 
111.015625 
111.010437 
111.005859 
111.000671 
110.996094 
110.990906 
110.986023 
110.981140 
110.976257 
110.971375 
110.966492 
110.960693 
110.955200 
110.950317 
110.943909 
110.938416 
110.933838 
110.930176 
110.926208 
110.921631 
110.916748 
110.911255 
110.906677 
110.900574 
110.895386 
110.889893 
110.884399 
110.879211 
110.874023 
110.868835 
110.863647 
110.858459 
110.853271 
110.848389 
110.843811 
110.838928 
110.833435 
110.827332 
110.820923 
110.815125 
110.809631 
110.804749 
110.799866 
110.794983 
110.790100 
110.785217 
110.780334 
110.775452 
110.770569 
110.765381 
110.760193 
110.755005 
110.749207 
110.744019 
110.738831 
110.733032 
110.727844 
110.724487 
110.720520 
110.715637 
110.711060 
110.705566 
110.700073 
110.694885 
110.689392 
110.683594 
110.678101 
110.673218 
110.668030 
110.662537 
110.657349 
110.652466 
110.647583 
110.642700 
110.638123 
110.633240 
110.627747 
110.621643 
110.615234 
110.609436 
110.603943 
110.599060 
110.594177 
110.588684 
110.584412 
110.579529 
110.574341 
110.569763 
110.564880 
110.559692 
110.554199 
110.549316 
110.543518 
110.538330 
110.532532 
110.527039 
110.522156 
110.518188 
110.514221 
110.509949 
110.504456 
110.499878 
110.494080 
110.489197 
110.483704 
110.477905 
110.472412 
110.467224 
110.462036 
110.456848 
110.451660 
110.446777 
110.441895 
110.437012 
110.432434 
110.427856 
110.422058 
110.415955 
110.409241 
110.403748 
110.398560 
110.393372 
110.388184 
110.382996 
110.378418 
110.373535 
110.368347 
110.363159 
110.358887 
110.353699 
110.348511 
110.343018 
110.338440 
110.332336 
110.326843 
110.321350 
110.316467 
110.312500 
110.308228 
110.304260 
110.299377 
110.293579 
110.288696 
110.283508 
110.278015 
110.272522 
110.267639 
110.261841 
110.256348 
110.251465 
110.246582 
110.241089 
110.236511 
110.231628 
110.227051 
110.221558 
110.216675 
110.210266 
110.203857 
110.198059 
110.192871 
110.187683 
110.182800 
110.178223 
110.173340 
110.168152 
110.164185 
110.158997 
110.154114 
110.149536 
110.145264 
110.141296 
110.136414 
110.132446 
110.128174 
110.124207 
110.121460 
110.119934 
110.118713 
110.116577 
110.115051 
110.113220 
110.111084 
110.109253 
110.108337 
110.107117 
110.106201 
110.105896 
110.105286 
110.105591 
110.106201 
110.106506 
110.107727 
110.108337 
110.110168 
110.112305 
110.113220 
110.114136 
110.114746 
110.116577 
110.119324 
110.123291 
110.126953 
110.130920 
110.135498 
110.140381 
110.145264 
110.150146 
110.155945 
110.160828 
110.166626 
110.172424 
110.178528 
110.184937 
110.190735 
110.197754 
110.205078 
110.212708 
110.223083 
110.231628 
110.240173 
110.249023 
110.257874 
110.266724 
110.275574 
110.285034 
110.294800 
110.304871 
110.315552 
110.325928 
110.336914 
110.348511 
110.360107 
110.372620 
110.385437 
110.398560 
110.410767 
110.422058 
110.433655 
110.446472 
110.459290 
110.473328 
110.487366 
110.501404 
110.516052 
110.531006 
110.546265 
110.561829 
110.576477 
110.592041 
110.606689 
110.622253 
110.637207 
110.652771 
110.667419 
110.682678 
110.698242 
110.715332 
110.732117 
110.748291 
110.763855 
110.779114 
110.794678 
110.809937 
110.824890 
110.839539 
110.855103 
110.870361 
110.885620 
110.900574 
110.916138 
110.931396 
110.947266 
110.963135 
110.978699 
110.994263 
111.009827 
111.023865 
111.037903 
111.052246 
111.067810 
111.083069 
111.098633 
111.113892 
111.129761 
111.145020 
111.160889 
111.176453 
111.192017 
111.206665 
111.222534 
111.237793 
111.253052 
111.268005 
111.282959 
111.298218 
111.313477 
111.330872 
111.347351 
111.364136 
111.379395 
111.394653 
111.410217 
111.424866 
111.440430 
111.455688 
111.470642 
111.485596 
111.501160 
111.516418 
111.531982 
111.547546 
111.563416 
111.578979 
111.595154 
111.610718 
111.625671 
111.640015 
111.654358 
111.669312 
111.683655 
111.699524 
111.714783 
111.730347 
111.745605 
111.761780 
111.777039 
111.792603 
111.808167 
111.823730 
111.838684 
111.853943 
111.869202 
111.884155 
111.898499 
111.913147 
111.929016 
111.945496 
111.961670 
111.977844 
111.993408 
112.008362 
112.023315 
112.038269 
112.053528 
112.068176 
112.083435 
112.098389 
112.112732 
112.128601 
112.143860 
112.158813 
112.174072 
112.189636 
112.205200 
112.220764 
112.235413 
112.249451 
112.263184 
112.277832 
112.292480 
112.308350 
112.323608 
112.339172 
112.354126 
112.369690 
112.385254 
112.400208 
112.415466 
112.431030 
112.446594 
112.461548 
112.476807 
112.491760 
112.506104 
112.521057 
112.536316 
112.552795 
112.569580 
112.586060 
112.601624 
112.616882 
112.631836 
112.646790 
112.661133 
112.676697 
112.691650 
112.706299 
112.721252 
112.735901 
112.750549 
112.765503 
112.779846 
112.794800 
112.808838 
112.823181 
112.836609 
112.848816 
112.860107 
112.872314 
112.884521 
112.897339 
112.908936 
112.921448 
112.933350 
112.944641 
112.956238 
112.966919 
112.977905 
112.987976 
112.998047 
113.007507 
113.016968 
113.026123 
113.034363 
113.042603 
113.051147 
113.060608 
113.070374 
113.078918 
113.086853 
113.093567 
113.100586 
113.106995 
113.113098 
113.119202 
113.125000 
113.130493 
113.135376 
113.140564 
113.145447 
113.150330 
113.154907 
113.159180 
113.164063 
113.167725 
113.171387 
113.173218 
113.174744 
113.176270 
113.178711 
113.181152 
113.182678 
113.184509 
113.186035 
113.187561 
113.188782 
113.189087 
113.189697 
113.189392 
113.189392 
113.189087 
113.188171 
113.187256 
113.186035 
113.184509 
113.182983 
113.182678 
113.181763 
113.179932 
113.178101 
113.175049 
113.171387 
113.167725 
113.164368 
113.160400 
113.156738 
113.152466 
113.148804 
113.144836 
113.140564 
113.136597 
113.133545 
113.129272 
113.125305 
113.122253 
113.117676 
113.112488 
113.106995 
113.101807 
113.097534 
113.093262 
113.089294 
113.085327 
113.081360 
113.077698 
113.073730 
113.069763 
113.065186 
113.061523 
113.057556 
113.053589 
113.049011 
113.044128 
113.039856 
113.035278 
113.031006 
113.027954 
113.025818 
113.022156 
113.018799 
113.014832 
113.010254 
113.006287 
113.002014 
112.998352 
112.993774 
112.989807 
112.985535 
112.981873 
112.978210 
112.973938 
112.970581 
112.966919 
112.963562 
112.960205 
112.956543 
112.951050 
112.945557 
112.941284 
112.937622 
112.933350 
112.929382 
112.926025 
112.922363 
112.918701 
112.915039 
112.911682 
112.908020 
112.903748 
112.900085 
112.895508 
112.891541 
112.887268 
112.883301 
112.878723 
112.874756 
112.872009 
112.869568 
112.866821 
112.862854 
112.858887 
112.854919 
112.851257 
112.846985 
112.842407 
112.838440 
112.834473 
112.830200 
112.826233 
112.822571 
112.818909 
112.815247 
112.811279 
112.808228 
112.804871 
112.800598 
112.796021 
112.790833 
112.785950 
112.781982 
112.778320 
112.774353 
112.770386 
112.767029 
112.763672 
112.760315 
112.756042 
112.752686 
112.748413 
112.744751 
112.741089 
112.736511 
112.732239 
112.727661 
112.723694 
112.719421 
112.716980 
112.713928 
112.711792 
112.707520 
112.703857 
112.700195 
112.695618 
112.691650 
112.687683 
112.683411 
112.679138 
112.675781 
112.671509 
112.667847 
112.663879 
112.660522 
112.656555 
112.653503 
112.650452 
112.646179 
112.641296 
112.636108 
112.631226 
112.627563 
112.623596 
112.619934 
112.616272 
112.612610 
112.608948 
112.605591 
112.601929 
112.598267 
112.594604 
112.590942 
112.586670 
112.582397 
112.578125 
112.573853 
112.569580 
112.565918 
112.563171 
112.560120 
112.557068 
112.554016 
112.550049 
112.545776 
112.542114 
112.537537 
112.534180 
112.529602 
112.525330 
112.521362 
112.518005 
112.513733 
112.510071 
112.506409 
112.502747 
112.499695 
112.496338 
112.492371 
112.487488 
112.481995 
112.477722 
112.473145 
112.469177 
112.465515 
112.461853 
112.458801 
112.455444 
112.451477 
112.447815 
112.443848 
112.440491 
112.436218 
112.432251 
112.428589 
112.423706 
112.419434 
112.415466 
112.411194 
112.408752 
112.406006 
112.402954 
112.399902 
112.395935 
112.391663 
112.387390 
112.383423 
112.379150 
112.374878 
112.370911 
112.366943 
112.362976 
112.359619 
112.355347 
112.351685 
112.348633 
112.344971 
112.341614 
112.337646 
112.332764 
112.327576 
112.322693 
112.318726 
112.314453 
112.311401 
112.307434 
112.304077 
112.300110 
112.296753 
112.293091 
112.289429 
112.285767 
112.281799 
112.277832 
112.273865 
112.268982 
112.265015 
112.260437 
112.256775 
112.254028 
112.251892 
112.248840 
112.245178 
112.240906 
112.236633 
112.233276 
112.228699 
112.225037 
112.220459 
112.216797 
112.212830 
112.208557 
112.204895 
112.201233 
112.197571 
112.194214 
112.190857 
112.187500 
112.183838 
112.178345 
112.173462 
112.168579 
112.164612 
112.160950 
112.156982 
112.153320 
112.150269 
112.146301 
112.142639 
112.139282 
112.135315 
112.131348 
112.127686 
112.123718 
112.119751 
112.115479 
112.110901 
112.106628 
112.102661 
112.099915 
112.097778 
112.094727 
112.090759 
112.087097 
112.083435 
112.079163 
112.074585 
112.070923 
112.066650 
112.062683 
112.058716 
112.054749 
112.051086 
112.047424 
112.043762 
112.040100 
112.036743 
112.033386 
112.029419 
112.024536 
112.019348 
112.014465 
112.010193 
112.007141 
112.002258 
111.999207 
111.995850 
111.991882 
111.988525 
111.984863 
111.980896 
111.977234 
111.973267 
111.969299 
111.965332 
111.961060 
111.956787 
111.951904 
111.948242 
111.945801 
111.943359 
111.940002 
111.936646 
111.932983 
111.928711 
111.924744 
111.920471 
111.916504 
111.912537 
111.908569 
111.903992 
111.900024 
111.896667 
111.892700 
111.889343 
111.885681 
111.882019 
111.878662 
111.875305 
111.869812 
111.864929 
111.860046 
111.856079 
111.852417 
111.848755 
111.844788 
111.841125 
111.838074 
111.834106 
111.830444 
111.826782 
111.823120 
111.819153 
111.815491 
111.811523 
111.806641 
111.802673 
111.798401 
111.794434 
111.791077 
111.788940 
111.786194 
111.782532 
111.778259 
111.774292 
111.770020 
111.766052 
111.761780 
111.758118 
111.753845 
111.749878 
111.745911 
111.742249 
111.738586 
111.734924 
111.731262 
111.727905 
111.724243 
111.720276 
111.715698 
111.710510 
111.705933 
111.701660 
111.697998 
111.694336 
111.690369 
111.686707 
111.683044 
111.679688 
111.676331 
111.672363 
111.668701 
111.665039 
111.660767 
111.656494 
111.652222 
111.648254 
111.643982 
111.639709 
111.636963 
111.634521 
111.631775 
111.627808 
111.624146 
111.620178 
111.616211 
111.611633 
111.607666 
111.603394 
111.599426 
111.595764 
111.591797 
111.587830 
111.583557 
111.580505 
111.577148 
111.573181 
111.570435 
111.566467 
111.561279 
111.556396 
111.551819 
111.547546 
111.543274 
111.539612 
111.536255 
111.532898 
111.528931 
111.525574 
111.521912 
111.517639 
111.514282 
111.510010 
111.506653 
111.502075 
111.498108 
111.493835 
111.489868 
111.485596 
111.482849 
111.479797 
111.477051 
111.473389 
111.469727 
111.465759 
111.461792 
111.457825 
111.453247 
111.449585 
111.445007 
111.441040 
111.437073 
111.433411 
111.429749 
111.425781 
111.422729 
111.419067 
111.415710 
111.412048 
111.406860 
111.401672 
111.397095 
111.392822 
111.389160 
111.385498 
111.382141 
111.378479 
111.374817 
111.371460 
111.367493 
111.363525 
111.360168 
111.356201 
111.352234 
111.348267 
111.344299 
111.340027 
111.335754 
111.331787 
111.328735 
111.326599 
111.323242 
111.319580 
111.315613 
111.311646 
111.307373 
111.303406 
111.299438 
111.295166 
111.291199 
111.287231 
111.283264 
111.279602 
111.275330 
111.271973 
111.268311 
111.264954 
111.261597 
111.257935 
111.253052 
111.247864 
111.242981 
111.239319 
111.234741 
111.231689 
111.227417 
111.224060 
111.220703 
111.217041 
111.212769 
111.209717 
111.206055 
111.201782 
111.198425 
111.194458 
111.189880 
111.185608 
111.181335 
111.177368 
111.174011 
111.171875 
111.168518 
111.165466 
111.161194 
111.157227 
111.153564 
111.148987 
111.145020 
111.140747 
111.136475 
111.132813 
111.128845 
111.125183 
111.120911 
111.117859 
111.114502 
111.110840 
111.107178 
111.103821 
111.098938 
111.093750 
111.088867 
111.084595 
111.080933 
111.077271 
111.073914 
111.069946 
111.066284 
111.062927 
111.059265 
111.055603 
111.051941 
111.047668 
111.043701 
111.039734 
111.035767 
111.031494 
111.026611 
111.023254 
111.020508 
111.017761 
111.014404 
111.011353 
111.007385 
111.003113 
110.999146 
110.995178 
110.990906 
110.986633 
110.982666 
110.978699 
110.974731 
110.971069 
110.967102 
110.963135 
110.959778 
110.956726 
110.953369 
110.949402 
110.944214 
110.939026 
110.934143 
110.930481 
110.926819 
110.922546 
110.919189 
110.915833 
110.912476 
110.908508 
110.905151 
110.901184 
110.897522 
110.893860 
110.889587 
110.885620 
110.881653 
110.877075 
110.873108 
110.868835 
110.866394 
110.863953 
110.860596 
110.856628 
110.852966 
110.848999 
110.844727 
110.841064 
110.836792 
110.832214 
110.828247 
110.824585 
110.820923 
110.816956 
110.812683 
110.809326 
110.805969 
110.802307 
110.798950 
110.794983 
110.790100 
110.784912 
110.780029 
110.776367 
110.771484 
110.768738 
110.764771 
110.761108 
110.757751 
110.754395 
110.750122 
110.746460 
110.742798 
110.739136 
110.735168 
110.730896 
110.727234 
110.722961 
110.718689 
110.714417 
110.711670 
110.708923 
110.706177 
110.702515 
110.698853 
110.694275 
110.690308 
110.686340 
110.681763 
110.678101 
110.674133 
110.669861 
110.666199 
110.662231 
110.658264 
110.654907 
110.651550 
110.647888 
110.644531 
110.640869 
110.635681 
110.630798 
110.625610 
110.621948 
110.617676 
110.614014 
110.610657 
110.606995 
110.603333 
110.599670 
110.596008 
110.592041 
110.588684 
110.584717 
110.580750 
110.577087 
110.572815 
110.568542 
110.564270 
110.560303 
110.556946 
110.554810 
110.551758 
110.548401 
110.544128 
110.540466 
110.536194 
110.532227 
110.527954 
110.523987 
110.520020 
110.515747 
110.511780 
110.508118 
110.504150 
110.500488 
110.497131 
110.493774 
110.490112 
110.486450 
110.481567 
110.476685 
110.471497 
110.467529 
110.463867 
110.460205 
110.456238 
110.452881 
110.449219 
110.445557 
110.441589 
110.438232 
110.434570 
110.430603 
110.426636 
110.422668 
110.418701 
110.414124 
110.410156 
110.406189 
110.403442 
110.400696 
110.397949 
110.394592 
110.390015 
110.386047 
110.382385 
110.377808 
110.373535 
110.369873 
110.365601 
110.361328 
110.357666 
110.353699 
110.350342 
110.346375 
110.342712 
110.339661 
110.335999 
110.332031 
110.327454 
110.322571 
110.317688 
110.313110 
110.309753 
110.305481 
110.302124 
110.298462 
110.295105 
110.291443 
110.287476 
110.284119 
110.280151 
110.276489 
110.272217 
110.268555 
110.263977 
110.260315 
110.255737 
110.251770 
110.248718 
110.246582 
110.243835 
110.239868 
110.236206 
110.231934 
110.228271 
110.223694 
110.219727 
110.215149 
110.211487 
110.207214 
110.203857 
110.199585 
110.196228 
110.192261 
110.188904 
110.185242 
110.181885 
110.178223 
110.173035 
110.168457 
110.163879 
110.159302 
110.155334 
110.152283 
110.148621 
110.144348 
110.141602 
110.137939 
110.134583 
110.130920 
110.127563 
110.124512 
110.121155 
110.118408 
110.115356 
110.112610 
110.109558 
110.108032 
110.107117 
110.106812 
110.106506 
110.106812 
110.105896 
110.105286 
110.104980 
110.104675 
110.104675 
110.104675 
110.105286 
110.105896 
110.106812 
110.108643 
110.109863 
110.112000 
110.114746 
110.118103 
110.121155 
110.124512 
110.127258 
110.129395 
110.132751 
110.136414 
110.141907 
110.146790 
110.151672 
110.158081 
110.163574 
110.169983 
110.176086 
110.182800 
110.189514 
110.196533 
110.203552 
110.210876 
110.218506 
110.225830 
110.233765 
110.242004 
110.251770 
110.263062 
110.272827 
110.282898 
110.293274 
110.303345 
110.313416 
110.324402 
110.334778 
110.345459 
110.357361 
110.368958 
110.380859 
110.393677 
110.406189 
110.419006 
110.432129 
110.445862 
110.459900 
110.473938 
110.486755 
110.499268 
110.512695 
110.526733 
110.541687 
110.556946 
110.571899 
110.587769 
110.603333 
110.619202 
110.634155 
110.650330 
110.665588 
110.681152 
110.696411 
110.712280 
110.727234 
110.741882 
110.757141 
110.772705 
110.788879 
110.805359 
110.821533 
110.837708 
110.852661 
110.868530 
110.883789 
110.898743 
110.913696 
110.928955 
110.944214 
110.959167 
110.974426 
110.989685 
111.004944 
111.021118 
111.036682 
111.052246 
111.068115 
111.083679 
111.098328 
111.112061 
111.126404 
111.141357 
111.156921 
111.172180 
111.188049 
111.203308 
111.219177 
111.235046 
111.250305 
111.265869 
111.281433 
111.296692 
111.312256 
111.327515 
111.342773 
111.358032 
111.372681 
111.387939 
111.403809 
111.420898 
111.437378 
111.453247 
111.468811 
111.483765 
111.499634 
111.514587 
111.529846 
111.544495 
111.560059 
111.575012 
111.590271 
111.605835 
111.621399 
111.636963 
111.652832 
111.668701 
111.684570 
111.699829 
111.714478 
111.728210 
111.742554 
111.757507 
111.772766 
111.788330 
111.803894 
111.819153 
111.834717 
111.850281 
111.865234 
111.880798 
111.895752 
111.910706 
111.926270 
111.940918 
111.955566 
111.970825 
111.985474 
112.000427 
112.016296 
112.032776 
112.048950 
112.064209 
112.079468 
112.094727 
112.109375 
112.124634 
112.139587 
112.153931 
112.169800 
112.184448 
112.199707 
112.214966 
112.230225 
112.246094 
112.261047 
112.276917 
112.292786 
112.307739 
112.322388 
112.336121 
112.350159 
112.365417 
112.380066 
112.395630 
112.411194 
112.426453 
112.442627 
112.457886 
112.473145 
112.488708 
112.503967 
112.518921 
112.534180 
112.549438 
112.564087 
112.579041 
112.594299 
112.609253 
112.625122 
112.641602 
112.658081 
112.673340 
112.688599 
112.703552 
112.718201 
112.732544 
112.747498 
112.761536 
112.775879 
112.789917 
112.803650 
112.817383 
112.830811 
112.844849 
112.857666 
112.871094 
112.884216 
112.897034 
112.908325 
112.918701 
112.929688 
112.940369 
112.951355 
112.962341 
112.972717 
112.983704 
112.994385 
113.004150 
113.013916 
113.023376 
113.032532 
113.041077 
113.049927 
113.058472 
113.065796 
113.072815 
113.079834 
113.087158 
113.094788 
113.103027 
113.110657 
113.117371 
113.122864 
113.128052 
113.133850 
113.138428 
113.143311 
113.147583 
113.151855 
113.156128 
113.159485 
113.163452 
113.166504 
113.169861 
113.173828 
113.176880 
113.179321 
113.181763 
113.182983 
113.183289 
113.183594 
113.184509 
113.184814 
113.185730 
113.186340 
113.186646 
113.186951 
113.186646 
113.186646 
113.186340 
113.185120 
113.184204 
113.182678 
113.180847 
113.178406 
113.175964 
113.172913 
113.170166 
113.168640 
113.167114 
113.164978 
113.162537 
113.159180 
113.155823 
113.152161 
113.148499 
113.145142 
113.141479 
113.137512 
113.134460 
113.130798 
113.127747 
113.124084 
113.121033 
113.117981 
113.114929 
113.112183 
113.108826 
113.104858 
113.100281 
113.095703 
113.092041 
113.088379 
113.085327 
113.082275 
113.079224 
113.076477 
113.073425 
113.070068 
113.067017 
113.063660 
113.060608 
113.057251 
113.053589 
113.050537 
113.046570 
113.042908 
113.039551 
113.037109 
113.035583 
113.033752 
113.030396 
113.027344 
113.024597 
113.020935 
113.017273 
113.013916 
113.010559 
113.007202 
113.004150 
113.000793 
112.997742 
112.994385 
112.991638 
112.988892 
112.986145 
112.983398 
112.980652 
112.976990 
112.972717 
112.968140 
112.964478 
112.962036 
112.958374 
112.955627 
112.952881 
112.950439 
112.947388 
112.944641 
112.941284 
112.938232 
112.935486 
112.932129 
112.929077 
112.925720 
112.922058 
112.918396 
112.915344 
112.912903 
112.910767 
112.909241 
112.906494 
112.903748 
112.899780 
112.896729 
112.893372 
112.889709 
112.886658 
112.882996 
112.879639 
112.876587 
112.873535 
112.870483 
112.867432 
112.864990 
112.862244 
112.859192 
112.856140 
112.852173 
112.848816 
112.844238 
112.840576 
112.837219 
112.834473 
112.831726 
112.828979 
112.825928 
112.822876 
112.820435 
112.817078 
112.814026 
112.810974 
112.807922 
112.804871 
112.801208 
112.797852 
112.794800 
112.791138 
112.788696 
112.787170 
112.785339 
112.782288 
112.779541 
112.775879 
112.772827 
112.769470 
112.766113 
112.762756 
112.759399 
112.756348 
112.753296 
112.749939 
112.746887 
112.744141 
112.741394 
112.738342 
112.735901 
112.732849 
112.728882 
112.724609 
112.720642 
112.716980 
112.713623 
112.710876 
112.708130 
112.705383 
112.702637 
112.699585 
112.696838 
112.693787 
112.691040 
112.687988 
112.684326 
112.681580 
112.678223 
112.674866 
112.671204 
112.668152 
112.665405 
112.663879 
112.661743 
112.658997 
112.655945 
112.653198 
112.649841 
112.646179 
112.642822 
112.639465 
112.636719 
112.633057 
112.629700 
112.626648 
112.623596 
112.620850 
112.618408 
112.615662 
112.612915 
112.609863 
112.605896 
112.601624 
112.597351 
112.593994 
112.590942 
112.587585 
112.584839 
112.581787 
112.579041 
112.576904 
112.573547 
112.570190 
112.567444 
112.564697 
112.561035 
112.557983 
112.554626 
112.551270 
112.547607 
112.543945 
112.541809 
112.540283 
112.538452 
112.535706 
112.532654 
112.529297 
112.525940 
112.522888 
112.519531 
112.515869 
112.512512 
112.509460 
112.506104 
112.502747 
112.500305 
112.497253 
112.494202 
112.491455 
112.489014 
112.486267 
112.482300 
112.478333 
112.473755 
112.470093 
112.467346 
112.464294 
112.461243 
112.458496 
112.456055 
112.453003 
112.449951 
112.446899 
112.444153 
112.441101 
112.438049 
112.434998 
112.431335 
112.427979 
112.424011 
112.420959 
112.417908 
112.416382 
112.414551 
112.411804 
112.409058 
112.405701 
112.402649 
112.398987 
112.395630 
112.392273 
112.389221 
112.385864 
112.382813 
112.379456 
112.376404 
112.373657 
112.370911 
112.367859 
112.365723 
112.362671 
112.358704 
112.354431 
112.350159 
112.346497 
112.343445 
112.340698 
112.337646 
112.335205 
112.332458 
112.329712 
112.326660 
112.323608 
112.320862 
112.317505 
112.314453 
112.311401 
112.308350 
112.304688 
112.300720 
112.297668 
112.295532 
112.293701 
112.291565 
112.289734 
112.286072 
112.282715 
112.279968 
112.276306 
112.272949 
112.268982 
112.265930 
112.262573 
112.259521 
112.256470 
112.253418 
112.250061 
112.247620 
112.244873 
112.242126 
112.239380 
112.235413 
112.231445 
112.227173 
112.223511 
112.220459 
112.217102 
112.214355 
112.211609 
112.208862 
112.205811 
112.203064 
112.200317 
112.197266 
112.193909 
112.191162 
112.187805 
112.184448 
112.181396 
112.177429 
112.173767 
112.171936 
112.169800 
112.167969 
112.165527 
112.162476 
112.159424 
112.156067 
112.152405 
112.149353 
112.145996 
112.142639 
112.139282 
112.136230 
112.132874 
112.130127 
112.127075 
112.124329 
112.121582 
112.118835 
112.116394 
112.112427 
112.107849 
112.103577 
112.100220 
112.096863 
112.094116 
112.090759 
112.088013 
112.085571 
112.082520 
112.079773 
112.076721 
112.073975 
112.070923 
112.067566 
112.064514 
112.060852 
112.057800 
112.053833 
112.050781 
112.048340 
112.046814 
112.044983 
112.042236 
112.039185 
112.035828 
112.032471 
112.029419 
112.025757 
112.022400 
112.019348 
112.015991 
112.012939 
112.009888 
112.006836 
112.003784 
112.001038 
111.998596 
111.995544 
111.992493 
111.989441 
111.984863 
111.980591 
111.977539 
111.973877 
111.970825 
111.967773 
111.965027 
111.961975 
111.959534 
111.956482 
111.953430 
111.950378 
111.947327 
111.944275 
111.941223 
111.937866 
111.934204 
111.930542 
111.927185 
111.925049 
111.923218 
111.920776 
111.918335 
111.915588 
111.912537 
111.909180 
111.905823 
111.902466 
111.899414 
111.896057 
111.892700 
111.889038 
111.885986 
111.883240 
111.880188 
111.877441 
111.874695 
111.871948 
111.869507 
111.865540 
111.860962 
111.856689 
111.853027 
111.850281 
111.846924 
111.844177 
111.841431 
111.838684 
111.835938 
111.832886 
111.830139 
111.827087 
111.824036 
111.820984 
111.817932 
111.814270 
111.811218 
111.807251 
111.804199 
111.801453 
111.799622 
111.797791 
111.795654 
111.791992 
111.788940 
111.785889 
111.782532 
111.778870 
111.775208 
111.772156 
111.769104 
111.766052 
111.762390 
111.759644 
111.756592 
111.754150 
111.751099 
111.748657 
111.745911 
111.741943 
111.737366 
111.733704 
111.729736 
111.726685 
111.723328 
111.720581 
111.718140 
111.715393 
111.712646 
111.709290 
111.706543 
111.703796 
111.700745 
111.697388 
111.694336 
111.690979 
111.687622 
111.683960 
111.680603 
111.677551 
111.676025 
111.674500 
111.671753 
111.669006 
111.665344 
111.662903 
111.658630 
111.655579 
111.652222 
111.649170 
111.646118 
111.642456 
111.639404 
111.636047 
111.632690 
111.630554 
111.627808 
111.624756 
111.622314 
111.618652 
111.614075 
111.609802 
111.606140 
111.603088 
111.600037 
111.596985 
111.594238 
111.591187 
111.589050 
111.585693 
111.582947 
111.579895 
111.576843 
111.573792 
111.570435 
111.566772 
111.563721 
111.560059 
111.557007 
111.554871 
111.553040 
111.550903 
111.547852 
111.545105 
111.542053 
111.538696 
111.535950 
111.531982 
111.528931 
111.525574 
111.521912 
111.518860 
111.515808 
111.512451 
111.510010 
111.506958 
111.504211 
111.501770 
111.499023 
111.495361 
111.491089 
111.486206 
111.482544 
111.479492 
111.476135 
111.473389 
111.470642 
111.468201 
111.464844 
111.462097 
111.459656 
111.456604 
111.453247 
111.450195 
111.447144 
111.443176 
111.440125 
111.436768 
111.433105 
111.430969 
111.429138 
111.427002 
111.424561 
111.421814 
111.418457 
111.415100 
111.412048 
111.408386 
111.405029 
111.401978 
111.398315 
111.395569 
111.392517 
111.389160 
111.386108 
111.383362 
111.380920 
111.378174 
111.375732 
111.372070 
111.367493 
111.363525 
111.359558 
111.356506 
111.353455 
111.350403 
111.347961 
111.344910 
111.342163 
111.339111 
111.336365 
111.333618 
111.329956 
111.327209 
111.323547 
111.320496 
111.317139 
111.313171 
111.310425 
111.307678 
111.305542 
111.303711 
111.301270 
111.298218 
111.294861 
111.292114 
111.288452 
111.285095 
111.281738 
111.278381 
111.275330 
111.271667 
111.269226 
111.266174 
111.262817 
111.260681 
111.257629 
111.254578 
111.251831 
111.248169 
111.244202 
111.239624 
111.236267 
111.232910 
111.229858 
111.227112 
111.224365 
111.221008 
111.218567 
111.215515 
111.212769 
111.210022 
111.206970 
111.203613 
111.200562 
111.197510 
111.193848 
111.190186 
111.187134 
111.184692 
111.182556 
111.180420 
111.178284 
111.175232 
111.171875 
111.168518 
111.165466 
111.161804 
111.158142 
111.155090 
111.151733 
111.148682 
111.145630 
111.142578 
111.139526 
111.136475 
111.133728 
111.131592 
111.128845 
111.125183 
111.121216 
111.116333 
111.112671 
111.109619 
111.106567 
111.103821 
111.101379 
111.098328 
111.095276 
111.092529 
111.089478 
111.086731 
111.083374 
111.080322 
111.077271 
111.073914 
111.070251 
111.066589 
111.063538 
111.060791 
111.059265 
111.057129 
111.054688 
111.051636 
111.048889 
111.045532 
111.041870 
111.038818 
111.035767 
111.032104 
111.028748 
111.025696 
111.022644 
111.018982 
111.016235 
111.013489 
111.010437 
111.008301 
111.005554 
111.002197 
110.997314 
110.993042 
110.989380 
110.986328 
110.982971 
110.980530 
110.977783 
110.974731 
110.972290 
110.968933 
110.966187 
110.962830 
110.959778 
110.956726 
110.953979 
110.950317 
110.946960 
110.943909 
110.940552 
110.937195 
110.935669 
110.933533 
110.931091 
110.928345 
110.924988 
110.921936 
110.918579 
110.915222 
110.911865 
110.908813 
110.904846 
110.902100 
110.899048 
110.895691 
110.892944 
110.890198 
110.887146 
110.885010 
110.882263 
110.878601 
110.874023 
110.869446 
110.866089 
110.862732 
110.859375 
110.856934 
110.853882 
110.851440 
110.848389 
110.845337 
110.842590 
110.839844 
110.836792 
110.833740 
110.830383 
110.827026 
110.823364 
110.820007 
110.816040 
110.813293 
110.811462 
110.809937 
110.807800 
110.805054 
110.801392 
110.798340 
110.794983 
110.791321 
110.787964 
110.784912 
110.782166 
110.778503 
110.775452 
110.772095 
110.769043 
110.766602 
110.764160 
110.761414 
110.758362 
110.755310 
110.750732 
110.746155 
110.742798 
110.739441 
110.736694 
110.733948 
110.730896 
110.728149 
110.725403 
110.722351 
110.718994 
110.716553 
110.713196 
110.710144 
110.707092 
110.703430 
110.700073 
110.696411 
110.693359 
110.690308 
110.688477 
110.686646 
110.684204 
110.681763 
110.678406 
110.675049 
110.671997 
110.668030 
110.664978 
110.661316 
110.657959 
110.654907 
110.651550 
110.649109 
110.646362 
110.643311 
110.639954 
110.637817 
110.634766 
110.631409 
110.627441 
110.622864 
110.619202 
110.616150 
110.613098 
110.610352 
110.607300 
110.604248 
110.601501 
110.598450 
110.595703 
110.593262 
110.589905 
110.586243 
110.583191 
110.580444 
110.576782 
110.573120 
110.570068 
110.566711 
110.565491 
110.563354 
110.560913 
110.558167 
110.554810 
110.551758 
110.548096 
110.545044 
110.541382 
110.538025 
110.534668 
110.531311 
110.528564 
110.525208 
110.522156 
110.519714 
110.516663 
110.514221 
110.511780 
110.507813 
110.503845 
110.499573 
110.495911 
110.492249 
110.490112 
110.486755 
110.483398 
110.481262 
110.478516 
110.475464 
110.472412 
110.469360 
110.466614 
110.463257 
110.460510 
110.456543 
110.453186 
110.449829 
110.446167 
110.443726 
110.441284 
110.440063 
110.437622 
110.434570 
110.431824 
110.428467 
110.424805 
110.421143 
110.418091 
110.415344 
110.411377 
110.408325 
110.405273 
110.402527 
110.399170 
110.396729 
110.393982 
110.391235 
110.388184 
110.384827 
110.380554 
110.376282 
110.372314 
110.369263 
110.366516 
110.363464 
110.360718 
110.357971 
110.354919 
110.351868 
110.349121 
110.346375 
110.343323 
110.339966 
110.336914 
110.332947 
110.330200 
110.326538 
110.323181 
110.320129 
110.318298 
110.316467 
110.314331 
110.311279 
110.308533 
110.304871 
110.301819 
110.298462 
110.294495 
110.291443 
110.288391 
110.285034 
110.281982 
110.278931 
110.275879 
110.273132 
110.270386 
110.267944 
110.265503 
110.261841 
110.257874 
110.253296 
110.249634 
110.246277 
110.243225 
110.240479 
110.237732 
110.234680 
110.231323 
110.228882 
110.225830 
110.222778 
110.220032 
110.216675 
110.213623 
110.209961 
110.206604 
110.202942 
110.199280 
110.196838 
110.195313 
110.193176 
110.190735 
110.187683 
110.184326 
110.181885 
110.178223 
110.175171 
110.171509 
110.167847 
110.165100 
110.161743 
110.158691 
110.155640 
110.152588 
110.150146 
110.147400 
110.144958 
110.141602 
110.138550 
110.134583 
110.130005 
110.126038 
110.123291 
110.120544 
110.117798 
110.115662 
110.113525 
110.111084 
110.109253 
110.108032 
110.105896 
110.104370 
110.103455 
110.102234 
110.101013 
110.100403 
110.098877 
110.098267 
110.098572 
110.099487 
110.101013 
110.101624 
110.101624 
110.101318 
110.101318 
110.101013 
110.100708 
110.100403 
110.100098 
110.100403 
110.100403 
110.100708 
110.100403 
110.101013 
110.101318 
110.101624 
110.102234 
110.102539 
110.101929 
110.101013 
110.099487 
110.099182 
110.099487 
110.099487 
110.100098 
110.100098 
110.100403 
110.100403 
110.100403 
110.100708 
110.101013 
110.101013 
110.100403 
110.101013 
110.100403 
110.100098 
110.099792 
110.099487 
110.099792 
110.101013 
110.102539 
110.103149 
110.103149 
110.103455 
110.103149 
110.102844 
110.102539 
110.102234 
110.102234 
110.102539 
110.102234 
110.102234 
110.102539 
110.102539 
110.102844 
110.103149 
110.103760 
110.104370 
110.103760 
110.101929 
110.100708 
110.100708 
110.100403 
110.100098 
110.100708 
110.101318 
110.101318 
110.101624 
110.101624 
110.101318 
110.101624 
110.101929 
110.101318 
110.101318 
110.100708 
110.100098 
110.100403 
110.099792 
110.100098 
110.101929 
110.102844 
110.103760 
110.103149 
110.103149 
110.103149 
110.102539 
110.101929 
