Blum, K. P., D’Incamps, B. L., Zytnicki, D., & Ting, L. H. (2017).
Force encoding in muscle spindles during stretch of
passive muscle. PLoS computational biology, 13(9), 
e1005767. <https://journals.plos.org/ploscompbiol/article?
id=10.1371/journal.pcbi.1005767>

cat medial gastrocnemius muscle lengths over t  (in 0.0005 s increments)
110.105286 
110.105896 
110.106201 
110.106201 
110.106506 
110.106506 
110.106506 
110.106812 
110.106201 
110.106506 
110.106201 
110.106506 
110.106201 
110.105896 
110.105591 
110.105286 
110.105286 
110.106201 
110.107117 
110.107117 
110.107422 
110.108032 
110.107727 
110.107727 
110.107422 
110.106812 
110.106506 
110.106812 
110.106812 
110.106812 
110.107117 
110.107422 
110.107422 
110.107422 
110.107422 
110.107727 
110.107727 
110.106812 
110.106506 
110.105286 
110.105286 
110.105591 
110.106201 
110.106201 
110.106506 
110.106506 
110.106812 
110.106506 
110.106506 
110.106506 
110.106506 
110.106201 
110.106506 
110.105896 
110.105591 
110.105286 
110.105896 
110.105591 
110.106506 
110.107117 
110.107727 
110.107727 
110.107727 
110.107422 
110.107117 
110.107422 
110.107117 
110.107117 
110.106506 
110.107117 
110.107117 
110.107117 
110.107422 
110.107117 
110.107422 
110.107727 
110.107727 
110.107422 
110.106201 
110.105591 
110.105286 
110.105591 
110.105896 
110.105896 
110.106506 
110.106506 
110.106812 
110.106812 
110.106506 
110.106506 
110.106812 
110.106812 
110.106201 
110.106201 
110.105591 
110.105286 
110.104980 
110.105896 
110.107117 
110.107422 
110.107727 
110.108032 
110.107727 
110.107422 
110.107422 
110.107727 
110.108337 
110.110779 
110.114136 
110.116882 
110.122070 
110.126953 
110.132141 
110.138855 
110.144653 
110.151978 
110.159302 
110.166016 
110.172729 
110.179749 
110.187683 
110.196228 
110.205078 
110.214233 
110.223694 
110.233154 
110.243225 
110.252991 
110.262451 
110.273132 
110.282898 
110.292969 
110.303345 
110.314026 
110.325317 
110.335999 
110.347900 
110.360413 
110.374756 
110.388184 
110.403137 
110.417175 
110.431213 
110.446167 
110.460815 
110.475464 
110.489807 
110.503540 
110.516968 
110.530396 
110.542297 
110.554504 
110.565491 
110.576172 
110.586548 
110.596924 
110.606384 
110.615540 
110.623779 
110.632324 
110.641174 
110.650024 
110.659790 
110.668640 
110.677795 
110.687256 
110.696106 
110.705872 
110.715027 
110.724182 
110.733643 
110.742798 
110.751953 
110.761414 
110.770264 
110.779419 
110.788879 
110.798645 
110.809631 
110.820007 
110.830383 
110.840454 
110.850525 
110.859985 
110.870667 
110.880127 
110.889893 
110.900269 
110.910034 
110.920715 
110.930176 
110.940552 
110.950928 
110.961304 
110.971680 
110.982056 
110.993042 
111.001892 
111.011658 
111.021423 
111.031494 
111.042480 
111.052551 
111.062622 
111.073914 
111.084290 
111.095276 
111.105347 
111.115417 
111.126404 
111.136780 
111.146851 
111.156921 
111.166992 
111.177063 
111.187439 
111.197510 
111.208496 
111.219482 
111.231079 
111.241455 
111.252136 
111.262512 
111.272583 
111.282654 
111.292725 
111.302795 
111.312866 
111.322937 
111.333923 
111.343994 
111.354675 
111.364746 
111.375427 
111.386108 
111.396179 
111.406860 
111.416626 
111.426086 
111.435547 
111.445618 
111.455994 
111.466675 
111.477051 
111.488037 
111.498718 
111.509094 
111.519775 
111.530151 
111.540527 
111.550598 
111.560974 
111.571350 
111.581116 
111.590881 
111.600952 
111.611023 
111.621094 
111.632996 
111.643982 
111.654663 
111.665344 
111.674805 
111.685181 
111.694641 
111.705017 
111.714783 
111.724854 
111.734924 
111.744690 
111.755066 
111.765137 
111.775818 
111.785889 
111.796265 
111.807251 
111.817322 
111.827087 
111.835938 
111.845703 
111.855469 
111.865540 
111.875916 
111.886292 
111.896973 
111.907349 
111.917419 
111.928101 
111.938171 
111.948547 
111.959229 
111.968994 
111.979065 
111.988831 
111.998901 
112.008057 
112.019348 
112.029419 
112.040710 
112.051392 
112.062073 
112.072754 
112.082520 
112.092285 
112.102356 
112.112427 
112.122498 
112.132568 
112.142944 
112.153015 
112.163086 
112.173157 
112.184143 
112.193909 
112.204590 
112.215271 
112.225342 
112.234497 
112.244263 
112.253113 
112.263489 
112.274170 
112.284241 
112.294922 
112.304993 
112.315369 
112.326050 
112.336426 
112.346802 
112.356873 
112.366943 
112.377014 
112.387085 
112.396545 
112.406616 
112.416382 
112.426758 
112.438049 
112.448425 
112.459717 
112.469788 
112.480469 
112.490540 
112.500610 
112.509766 
112.520142 
112.529907 
112.540283 
112.550354 
112.560730 
112.570496 
112.580872 
112.591248 
112.601929 
112.612305 
112.622681 
112.633362 
112.642517 
112.651978 
112.661438 
112.671509 
112.681885 
112.692261 
112.702332 
112.713013 
112.723389 
112.733765 
112.744751 
112.754211 
112.764893 
112.774963 
112.785034 
112.794800 
112.805176 
112.814941 
112.825012 
112.834778 
112.845459 
112.856750 
112.867432 
112.878113 
112.888794 
112.898560 
112.909241 
112.918701 
112.928772 
112.938538 
112.948914 
112.958679 
112.969360 
112.979431 
112.989502 
112.999878 
113.010254 
113.020630 
113.031006 
113.041382 
113.051453 
113.060913 
113.069763 
113.080444 
113.090210 
113.099976 
113.110962 
113.121033 
113.130798 
113.139954 
113.147888 
113.155823 
113.162231 
113.168030 
113.173218 
113.177795 
113.181458 
113.185120 
113.187561 
113.190308 
113.193359 
113.196106 
113.198853 
113.200378 
113.201904 
113.203125 
113.203735 
113.203430 
113.204041 
113.203735 
113.204041 
113.203735 
113.203735 
113.203735 
113.203430 
113.203735 
113.203430 
113.203430 
113.203125 
113.203125 
113.201904 
113.200684 
113.199463 
113.198547 
113.198547 
113.198242 
113.197327 
113.197327 
113.197327 
113.196716 
113.196716 
113.195801 
113.195801 
113.195496 
113.194580 
113.194275 
113.193359 
113.192749 
113.192444 
113.191528 
113.191528 
113.192444 
113.192444 
113.193054 
113.193054 
113.192444 
113.192139 
113.191833 
113.191223 
113.190613 
113.190308 
113.190308 
113.190308 
113.189697 
113.189697 
113.190002 
113.190308 
113.190613 
113.190308 
113.190613 
113.190002 
113.189392 
113.188171 
113.187866 
113.188171 
113.188171 
113.188477 
113.188477 
113.188782 
113.189392 
113.189087 
113.189087 
113.188782 
113.188782 
113.189392 
113.188782 
113.188477 
113.187866 
113.188171 
113.187561 
113.188477 
113.189087 
113.190308 
113.190613 
113.190613 
113.190613 
113.190613 
113.190308 
113.190308 
113.189697 
113.190002 
113.190002 
113.190308 
113.189697 
113.190002 
113.190308 
113.190308 
113.190308 
113.191223 
113.191223 
113.190613 
113.189392 
113.188782 
113.188782 
113.189087 
113.189087 
113.189697 
113.189697 
113.190002 
113.190308 
113.190002 
113.190002 
113.190308 
113.190308 
113.190002 
113.189697 
113.189392 
113.189087 
113.189087 
113.188782 
113.189697 
113.190308 
113.190613 
113.190918 
113.191223 
113.191223 
113.191223 
113.190308 
113.190308 
113.190002 
113.189697 
113.190002 
113.190002 
113.190308 
113.190308 
113.190002 
113.190002 
113.189697 
113.190308 
113.190308 
113.190002 
113.188782 
113.187866 
113.187866 
113.188477 
113.188171 
113.188171 
113.188171 
113.188477 
113.188477 
113.188782 
113.188171 
113.188477 
113.188477 
113.188171 
113.188171 
113.188171 
113.187561 
113.187256 
113.187256 
113.186951 
113.188477 
113.189087 
113.188782 
113.189697 
113.189087 
113.189392 
113.188782 
113.188782 
113.188477 
113.188171 
113.188171 
113.188477 
113.188171 
113.188171 
113.188477 
113.188477 
113.188782 
113.189087 
113.189087 
113.189087 
113.187866 
113.186951 
113.186951 
113.187256 
113.187561 
113.187866 
113.187866 
113.188171 
113.188477 
113.188171 
113.188171 
113.188477 
113.188477 
113.188171 
113.188171 
113.188171 
113.187866 
113.187256 
113.187561 
113.187561 
113.189087 
113.189697 
113.190002 
113.190308 
113.190308 
113.189697 
113.190002 
113.189697 
113.189087 
113.189392 
113.189392 
113.189697 
113.189697 
113.189087 
113.189392 
113.189697 
113.190002 
113.190002 
113.190002 
113.190002 
113.189392 
113.188477 
113.188171 
113.188477 
113.188477 
113.189087 
113.189087 
113.189392 
113.189087 
113.189392 
113.189392 
113.189392 
113.189087 
113.189087 
113.189392 
113.188782 
113.188477 
113.188171 
113.187561 
113.188477 
113.189392 
113.189392 
113.190308 
113.190918 
113.190613 
113.190613 
113.190002 
113.189392 
113.189697 
113.189087 
113.189087 
113.189087 
113.189087 
113.189392 
113.189087 
113.189697 
113.189392 
113.189392 
113.189697 
113.189392 
113.188171 
113.187256 
113.187256 
113.187256 
113.187561 
113.187561 
113.187866 
113.187866 
113.187866 
113.187866 
113.187866 
113.187561 
113.187866 
113.187561 
113.187866 
113.187256 
113.186951 
113.186646 
113.186340 
113.187256 
113.188171 
113.188782 
113.188782 
113.189087 
113.189087 
113.188782 
113.188171 
113.188171 
113.188477 
113.187866 
113.188171 
113.188477 
113.188171 
113.188171 
113.188477 
113.188171 
113.188477 
113.188477 
113.189087 
113.188782 
113.187256 
113.186646 
113.187256 
113.187256 
113.186951 
113.187256 
113.187561 
113.188171 
113.188171 
113.188171 
113.188171 
113.188171 
113.188171 
113.187866 
113.187866 
113.187866 
113.187561 
113.186951 
113.187256 
113.187561 
113.188782 
113.189392 
113.189392 
113.189697 
113.190002 
113.189392 
113.189697 
113.189392 
113.189087 
113.189087 
113.189087 
113.189087 
113.189392 
113.189087 
113.189392 
113.189697 
113.189697 
113.190308 
113.190002 
113.189697 
113.188782 
113.187561 
113.187561 
113.188171 
113.188477 
113.188477 
113.188782 
113.188782 
113.188782 
113.189087 
113.188782 
113.189087 
113.188782 
113.188477 
113.188477 
113.188171 
113.188171 
113.187561 
113.187866 
113.188171 
113.188782 
113.189087 
113.189697 
113.190002 
113.189697 
113.189697 
113.189087 
113.189087 
113.188782 
113.188782 
113.188782 
113.188782 
113.188782 
113.188782 
113.188782 
113.189392 
113.188782 
113.189392 
113.189087 
113.188782 
113.187866 
113.187256 
113.186646 
113.186951 
113.186951 
113.186951 
113.187561 
113.187561 
113.188171 
113.187866 
113.187866 
113.187561 
113.188171 
113.187561 
113.187561 
113.187561 
113.186951 
113.186951 
113.186646 
113.187256 
113.188171 
113.188477 
113.189087 
113.189392 
113.189087 
113.188782 
113.188477 
113.188171 
113.188171 
113.188171 
113.188171 
113.188171 
113.188171 
113.188477 
113.188477 
113.188782 
113.189392 
113.189087 
113.189087 
113.188477 
113.188171 
113.187256 
113.186951 
113.187256 
113.187256 
113.187256 
113.188171 
113.188171 
113.188171 
113.188171 
113.188171 
113.188171 
113.188171 
113.188477 
113.187866 
113.188171 
113.187256 
113.187256 
113.187256 
113.187866 
113.188782 
113.189697 
113.190002 
113.189697 
113.190002 
113.189697 
113.189697 
113.189087 
113.189087 
113.189087 
113.188782 
113.188782 
113.189087 
113.188782 
113.189087 
113.189392 
113.189697 
113.190002 
113.189392 
113.189392 
113.188782 
113.187866 
113.187256 
113.187866 
113.187561 
113.188171 
113.188477 
113.188171 
113.188782 
113.188782 
113.188171 
113.188477 
113.188171 
113.188477 
113.188171 
113.187866 
113.187866 
113.187561 
113.187256 
113.187561 
113.188171 
113.188782 
113.189392 
113.189697 
113.189087 
113.189392 
113.188782 
113.188477 
113.188782 
113.188477 
113.188477 
113.188477 
113.188477 
113.188782 
113.188477 
113.188477 
113.189087 
113.189392 
113.189087 
113.188782 
113.187866 
113.186951 
113.186340 
113.186951 
113.187256 
113.186951 
113.187256 
113.187561 
113.187866 
113.187561 
113.187561 
113.187866 
113.187866 
113.187561 
113.187561 
113.187561 
113.187256 
113.186646 
113.186340 
113.186646 
113.188171 
113.188782 
113.188782 
113.189392 
113.189087 
113.188782 
113.188782 
113.188782 
113.188171 
113.188477 
113.188477 
113.188782 
113.188477 
113.188782 
113.188477 
113.188782 
113.188782 
113.189087 
113.189392 
113.188782 
113.187866 
113.186951 
113.186951 
113.187561 
113.187561 
113.187866 
113.187866 
113.187866 
113.188171 
113.188477 
113.188171 
113.188171 
113.188171 
113.188171 
113.187866 
113.187866 
113.187561 
113.187256 
113.187256 
113.187256 
113.188782 
113.189392 
113.189697 
113.189697 
113.190002 
113.189697 
113.189697 
113.189392 
113.188782 
113.189087 
113.189087 
113.189087 
113.188782 
113.189087 
113.189392 
113.189697 
113.189392 
113.189392 
113.190002 
113.189392 
113.188477 
113.187561 
113.187561 
113.187561 
113.187866 
113.187866 
113.188477 
113.187866 
113.188171 
113.188171 
113.188477 
113.187866 
113.188171 
113.187866 
113.188171 
113.187866 
113.187561 
113.187561 
113.187256 
113.187256 
113.188171 
113.188782 
113.189087 
113.189392 
113.189087 
113.189392 
113.188782 
113.188782 
113.188477 
113.188477 
113.188477 
113.188171 
113.188171 
113.188782 
113.188477 
113.188477 
113.189087 
113.189087 
113.189392 
113.188782 
113.187866 
113.186951 
113.186646 
113.186646 
113.186951 
113.187256 
113.187561 
113.187256 
113.187866 
113.187866 
113.187866 
113.187561 
113.187561 
113.187561 
113.187561 
113.187561 
113.187256 
113.186951 
113.186340 
113.186951 
113.187866 
113.189087 
113.188782 
113.189392 
113.189087 
113.189087 
113.189087 
113.188477 
113.188171 
113.188171 
113.188477 
113.187866 
113.188171 
113.188171 
113.189087 
113.188477 
113.189087 
113.189392 
113.189087 
113.189087 
113.187866 
113.187256 
113.186951 
113.187256 
113.187561 
113.187866 
113.187866 
113.188171 
113.188171 
113.188171 
113.188171 
113.188171 
113.188171 
113.188477 
113.188171 
113.187561 
113.187561 
113.186951 
113.186951 
113.187561 
113.188477 
113.189697 
113.189087 
113.189697 
113.189392 
113.189392 
113.188782 
113.188782 
113.189087 
113.188782 
113.189087 
113.188477 
113.189087 
113.189087 
113.188782 
113.188782 
113.189392 
113.189392 
113.189697 
113.188782 
113.188171 
113.187256 
113.186951 
113.187866 
113.187561 
113.187561 
113.187866 
113.188171 
113.188171 
113.188171 
113.188171 
113.188171 
113.188171 
113.188171 
113.188171 
113.187561 
113.187256 
113.186951 
113.186646 
113.186951 
113.188171 
113.188782 
113.189087 
113.189392 
113.189392 
113.189087 
113.188477 
113.188477 
113.188171 
113.188171 
113.188477 
113.188171 
113.188171 
113.188477 
113.188477 
113.188782 
113.188782 
113.188782 
113.189392 
113.188782 
113.187561 
113.187256 
113.186951 
113.186951 
113.187256 
113.187561 
113.187256 
113.187866 
113.187866 
113.187866 
113.187866 
113.187561 
113.188171 
113.187866 
113.187866 
113.187561 
113.186951 
113.186951 
113.186646 
113.187256 
113.188171 
113.189087 
113.189087 
113.189392 
113.189697 
113.188782 
113.189087 
113.188477 
113.188171 
113.188477 
113.188782 
113.188477 
113.188477 
113.188782 
113.188782 
113.188782 
113.189087 
113.189087 
113.190002 
113.189697 
113.187561 
113.187256 
113.187256 
113.187561 
113.187561 
113.187866 
113.187866 
113.188171 
113.188477 
113.188171 
113.188171 
113.188171 
113.187866 
113.188171 
113.188171 
113.187561 
113.187256 
113.186646 
113.186951 
113.187561 
113.188171 
113.189392 
113.189392 
113.189697 
113.189392 
113.189392 
113.188782 
113.188477 
113.188171 
113.188477 
113.189087 
113.188477 
113.188477 
113.188477 
113.188782 
113.189087 
113.189087 
113.189392 
113.189392 
113.189087 
113.187561 
113.186951 
113.187256 
113.187256 
113.187561 
113.187256 
113.187561 
113.187866 
113.187866 
113.188171 
113.187866 
113.187866 
113.187866 
113.187256 
113.187561 
113.187561 
113.187561 
113.186646 
113.186340 
113.186951 
113.187561 
113.188782 
113.189087 
113.189392 
113.188782 
113.188477 
113.188477 
113.188782 
113.188171 
113.188171 
113.188171 
113.188477 
113.188477 
113.188477 
113.188477 
113.188477 
113.188477 
113.189087 
113.189392 
113.188477 
113.187866 
113.186951 
113.187256 
113.187256 
113.187256 
113.187866 
113.187561 
113.187866 
113.187561 
113.187561 
113.187866 
113.187866 
113.187866 
113.187866 
113.187866 
113.187866 
113.187256 
113.186951 
113.186646 
113.187256 
113.188171 
113.188477 
113.189087 
113.189392 
113.189392 
113.188782 
113.188782 
113.188782 
113.188477 
113.188477 
113.188477 
113.188477 
113.188477 
113.188171 
113.188782 
113.188477 
113.188782 
113.189087 
113.189697 
113.189087 
113.187866 
113.187256 
113.187561 
113.186951 
113.187561 
113.187866 
113.187866 
113.188171 
113.188171 
113.188477 
113.188477 
113.188171 
113.188171 
113.188171 
113.187561 
113.187866 
113.187256 
113.186340 
113.187256 
113.187256 
113.188477 
113.188782 
113.189392 
113.189697 
113.189392 
113.189392 
113.188782 
113.188782 
113.188477 
113.188477 
113.188477 
113.188171 
113.188171 
113.188477 
113.188477 
113.188477 
113.188782 
113.189087 
113.189087 
113.188782 
113.187866 
113.186951 
113.186951 
113.186951 
113.187256 
113.187256 
113.187866 
113.187256 
113.188171 
113.187561 
113.187561 
113.187866 
113.188171 
113.187561 
113.187866 
113.187561 
113.187561 
113.187256 
113.186951 
113.186951 
113.188171 
113.188782 
113.189087 
113.189087 
113.189087 
113.189087 
113.188477 
113.188782 
113.188171 
113.188477 
113.188477 
113.187866 
113.188171 
113.188171 
113.188477 
113.188782 
113.188477 
113.188782 
113.189087 
113.188782 
113.188171 
113.186951 
113.186340 
113.187256 
113.187561 
113.187561 
113.187561 
113.188171 
113.187866 
113.188171 
113.187866 
113.188171 
113.188171 
113.187866 
113.188477 
113.187561 
113.187866 
113.186951 
113.186951 
113.187561 
113.188171 
113.189087 
113.189392 
113.189392 
113.189392 
113.189087 
113.189087 
113.188477 
113.188782 
113.188171 
113.188171 
113.188477 
113.188477 
113.188782 
113.188477 
113.188477 
113.188782 
113.189087 
113.189392 
113.188782 
113.188171 
113.187256 
113.187256 
113.187561 
113.187561 
113.187866 
113.187866 
113.188171 
113.188477 
113.188171 
113.188171 
113.188171 
113.188171 
113.187561 
113.187866 
113.187866 
113.187561 
113.186646 
113.186646 
113.187256 
113.188477 
113.189087 
113.189392 
113.189392 
113.189392 
113.188782 
113.189087 
113.188477 
113.188782 
113.188782 
113.188171 
113.188477 
113.187866 
113.188477 
113.188477 
113.188477 
113.188782 
113.189087 
113.189087 
113.189087 
113.188171 
113.187561 
113.186646 
113.187256 
113.187256 
113.187866 
113.186951 
113.188171 
113.188171 
113.188171 
113.188171 
113.187561 
113.187866 
113.187866 
113.187561 
113.187256 
113.187256 
113.186951 
113.186646 
113.187256 
113.187866 
113.188477 
113.189087 
113.188782 
113.189087 
113.188782 
113.188782 
113.188782 
113.187866 
113.188477 
113.188477 
113.188477 
113.188477 
113.188171 
113.188782 
113.188477 
113.188782 
113.189087 
113.189087 
113.188782 
113.188171 
113.187561 
113.186646 
113.186951 
113.187256 
113.187561 
113.187561 
113.187866 
113.188171 
113.188171 
113.188477 
113.187866 
113.187866 
113.188171 
113.188171 
113.187561 
113.187561 
113.186951 
113.186646 
113.187256 
113.187866 
113.189087 
113.189392 
113.189697 
113.189392 
113.189087 
113.188782 
113.188782 
113.188477 
113.188171 
113.188477 
113.188477 
113.188477 
113.188782 
113.188171 
113.188782 
113.189087 
113.189087 
113.189392 
113.188782 
113.188171 
113.186951 
113.187256 
113.187256 
113.187256 
113.187561 
113.187561 
113.187866 
113.188171 
113.187866 
113.187561 
113.187866 
113.187866 
113.188171 
113.187866 
113.187561 
113.186951 
113.186951 
113.187256 
113.186646 
113.187866 
113.188782 
113.189087 
113.189392 
113.189392 
113.189087 
113.188782 
113.188477 
113.188477 
113.188477 
113.188477 
113.188171 
113.188171 
113.188477 
113.188477 
113.188171 
113.188782 
113.189087 
113.189392 
113.188782 
113.187866 
113.186951 
113.186951 
113.187256 
113.187256 
113.187561 
113.187561 
113.187866 
113.187866 
113.187561 
113.188171 
113.187866 
113.187866 
113.188171 
113.187256 
113.187561 
113.186951 
113.186646 
113.186646 
113.187256 
113.187561 
113.188782 
113.189392 
113.189087 
113.189087 
113.188782 
113.189087 
113.188782 
113.188171 
113.188477 
113.188477 
113.188782 
113.188477 
113.188782 
113.188477 
113.188477 
113.188782 
113.189392 
113.189087 
113.189087 
113.187866 
113.186951 
113.186951 
113.186951 
113.187256 
113.187561 
113.187866 
113.188171 
113.188171 
113.187866 
113.188171 
113.188171 
113.188171 
113.188171 
113.187866 
113.187561 
113.187256 
113.186646 
113.187256 
113.187256 
113.187866 
113.189087 
113.189392 
113.189392 
113.189392 
113.189087 
113.189087 
113.188782 
113.188171 
113.188171 
113.188782 
113.188171 
113.188477 
113.188171 
113.189087 
113.188477 
113.188782 
113.189087 
113.189087 
113.188782 
113.187866 
113.186951 
113.186951 
113.186951 
113.187256 
113.187561 
113.187561 
113.187866 
113.187866 
113.187866 
113.188477 
113.187866 
113.187866 
113.187866 
113.187866 
113.187561 
113.187256 
113.186646 
113.186951 
113.186951 
113.188171 
113.189087 
113.189087 
113.189087 
113.189087 
113.189392 
113.188477 
113.188477 
113.188477 
113.188171 
113.188782 
113.187866 
113.188171 
113.188477 
113.188171 
113.188782 
113.188477 
113.189087 
113.189697 
113.188782 
113.188171 
113.186646 
113.186646 
113.187256 
113.186951 
113.186951 
113.187561 
113.187866 
113.187561 
113.187866 
113.188171 
113.187866 
113.188171 
113.187866 
113.187561 
113.187866 
113.187256 
113.186646 
113.186646 
113.186951 
113.187866 
113.188782 
113.189392 
113.189087 
113.189087 
113.189087 
113.188782 
113.188477 
113.188171 
113.188477 
113.188477 
113.188477 
113.188171 
113.188782 
113.188477 
113.188782 
113.188782 
113.189087 
113.189392 
113.188477 
113.187561 
113.187256 
113.187256 
113.186951 
113.187256 
113.187256 
113.187256 
113.187866 
113.187866 
113.187866 
113.188171 
113.187866 
113.188171 
113.187866 
113.187561 
113.187561 
113.186951 
113.186646 
113.186646 
113.186951 
113.188171 
113.188782 
113.188782 
113.189392 
113.189392 
113.189087 
113.188782 
113.188782 
113.188171 
113.188477 
113.187866 
113.188477 
113.188171 
113.188477 
113.188477 
113.188477 
113.188782 
113.189087 
113.189087 
113.189087 
113.188171 
113.187256 
113.186646 
113.186951 
113.186951 
113.187866 
113.187561 
113.186951 
113.187866 
113.187866 
113.188171 
113.187866 
113.187866 
113.187866 
113.187561 
113.187866 
113.186951 
113.186951 
113.186646 
113.186951 
113.187866 
113.188171 
113.189392 
113.189392 
113.189087 
113.189392 
113.188477 
113.188782 
113.188782 
113.188171 
113.188477 
113.188171 
113.188477 
113.188477 
113.188171 
113.188477 
113.189087 
113.189087 
113.189087 
113.189087 
113.187561 
113.186951 
113.186646 
113.186951 
113.187256 
113.186951 
113.187866 
113.187561 
113.187866 
113.188171 
113.187866 
113.188171 
113.188171 
113.187561 
113.187866 
113.188171 
113.187561 
113.186951 
113.186951 
113.186951 
113.187866 
113.188782 
113.188782 
113.189697 
113.189087 
113.189087 
113.188782 
113.188477 
113.188782 
113.188171 
113.188477 
113.188477 
113.188171 
113.188171 
113.188171 
113.188782 
113.188782 
113.189087 
113.189087 
113.189087 
113.187866 
113.187256 
113.186951 
113.187256 
113.186951 
113.187561 
113.186951 
113.187866 
113.187866 
113.187561 
113.188171 
113.187866 
113.188171 
113.187866 
113.187866 
113.187561 
113.187256 
113.186951 
113.186340 
113.187256 
113.188171 
113.188782 
113.189087 
113.189392 
113.189087 
113.189087 
113.188782 
113.188782 
113.188171 
113.187866 
113.188782 
113.188477 
113.188171 
113.188477 
113.188477 
113.188477 
113.189087 
113.189392 
113.189087 
113.188782 
113.187866 
113.187256 
113.186951 
113.187256 
113.187256 
113.187256 
113.187866 
113.187561 
113.188171 
113.188171 
113.187866 
113.187866 
113.187866 
113.187561 
113.187866 
113.187561 
113.187256 
113.186646 
113.186340 
113.187256 
113.187866 
113.188477 
113.188782 
113.189087 
113.189087 
113.189087 
113.188171 
113.188782 
113.188171 
113.188477 
113.188477 
113.188477 
113.188477 
113.188171 
113.188171 
113.188782 
113.189087 
113.189087 
113.189087 
113.189087 
113.188171 
113.187256 
113.186951 
113.187561 
113.187256 
113.187256 
113.187866 
113.187561 
113.188477 
113.188171 
113.187561 
113.187866 
113.187866 
113.187866 
113.187866 
113.187561 
113.187256 
113.186951 
113.186646 
113.186646 
113.188477 
113.188171 
113.189087 
113.189697 
113.189087 
113.189087 
113.188477 
113.188782 
113.188782 
113.188171 
113.188477 
113.188171 
113.188477 
113.188477 
113.188477 
113.188477 
113.188782 
113.189087 
113.189087 
113.189087 
113.188171 
113.187561 
113.187256 
113.187256 
113.187561 
113.187866 
113.187561 
113.188171 
113.187866 
113.188171 
113.187561 
113.187866 
113.187866 
113.187866 
113.187866 
113.187561 
113.187561 
113.186646 
113.186646 
113.186951 
113.187866 
113.189087 
113.188782 
113.189392 
113.188782 
113.189087 
113.188782 
113.188477 
113.188171 
113.188477 
113.187866 
113.188477 
113.188477 
113.188171 
113.188171 
113.188782 
113.188782 
113.189392 
113.189087 
113.188782 
113.187866 
113.186951 
113.187256 
113.186951 
113.187256 
113.187561 
113.187256 
113.187866 
113.187866 
113.187866 
113.188171 
113.187561 
113.187866 
113.187561 
113.187866 
113.187866 
113.186951 
113.186646 
113.186646 
113.187256 
113.187866 
113.188477 
113.189087 
113.189392 
113.189087 
113.188782 
113.188782 
113.188477 
113.188477 
113.188782 
113.188171 
113.188171 
113.188477 
113.188171 
113.188477 
113.188477 
113.188782 
113.189392 
113.189087 
113.189087 
113.187561 
113.187256 
113.186646 
113.187256 
113.187256 
113.187866 
113.187866 
113.187561 
113.187866 
113.187866 
113.187561 
113.188171 
113.187561 
113.187866 
113.187866 
113.187256 
113.187256 
113.186646 
113.186646 
113.186646 
113.187866 
113.188782 
113.189087 
113.188782 
113.189087 
113.188782 
113.188782 
113.188477 
113.188171 
113.188171 
113.188171 
113.188171 
113.188171 
113.188171 
113.188782 
113.188477 
113.188477 
113.189392 
113.189392 
113.188782 
113.187866 
113.187256 
113.186951 
113.186951 
113.187561 
113.187256 
113.187866 
113.187866 
113.187866 
113.187866 
113.187866 
113.187866 
113.187866 
113.187866 
113.187561 
113.187561 
113.187256 
113.186951 
113.186646 
113.186646 
113.187866 
113.189087 
113.189087 
113.189087 
113.189087 
113.189087 
113.188477 
113.188477 
113.188171 
113.188171 
113.188171 
113.188171 
113.187866 
113.188171 
113.188782 
113.188477 
113.188477 
113.189087 
113.189087 
113.189087 
113.188171 
113.187256 
113.186951 
113.186951 
113.187256 
113.187256 
113.187561 
113.187866 
113.187561 
113.188171 
113.188171 
113.188171 
113.187561 
113.187866 
113.187866 
113.187561 
113.187256 
113.186951 
113.187256 
113.186646 
113.188171 
113.188782 
113.188782 
113.189087 
113.189087 
113.188477 
113.189087 
113.188477 
113.188171 
113.188171 
113.188171 
113.188171 
113.188171 
113.188477 
113.188477 
113.188477 
113.188782 
113.189087 
113.189087 
113.188782 
113.188171 
113.187256 
113.187256 
113.187256 
113.187256 
113.187866 
113.187561 
113.187866 
113.188171 
113.187866 
113.187866 
113.188171 
113.188171 
113.188171 
113.187866 
113.187561 
113.187561 
113.186951 
113.186951 
113.187256 
113.188171 
113.189087 
113.189392 
113.189087 
113.189392 
113.188782 
113.188782 
113.188477 
113.188171 
113.188171 
113.188477 
113.188171 
113.188171 
113.188171 
113.188171 
113.188477 
113.188477 
113.189087 
113.189697 
113.188782 
113.188171 
113.187561 
113.186646 
113.187256 
113.187256 
113.187561 
113.187866 
113.188171 
113.188171 
113.188171 
113.188171 
113.188171 
113.187866 
113.187866 
113.188171 
113.187561 
113.187256 
113.186951 
113.186951 
113.186951 
113.188171 
113.189087 
113.189392 
113.189392 
113.189392 
113.189087 
113.188782 
113.188782 
113.187866 
113.188477 
113.188477 
113.188171 
113.188477 
113.188171 
113.188171 
113.188477 
113.188782 
113.189087 
113.189087 
113.189087 
113.187561 
113.186951 
113.187256 
113.187256 
113.187561 
113.186951 
113.187561 
113.188171 
113.187866 
113.187866 
113.188171 
113.187866 
113.187866 
113.187561 
113.188171 
113.187561 
113.186951 
113.186951 
113.186646 
113.186646 
113.188171 
113.188782 
113.189087 
113.189392 
113.188782 
113.189392 
113.189087 
113.188477 
113.188477 
113.188171 
113.188477 
113.188477 
113.188171 
113.188477 
113.188477 
113.188477 
113.188782 
113.189087 
113.188782 
113.189087 
113.187561 
113.187256 
113.186951 
113.186951 
113.187256 
113.187256 
113.187561 
113.188171 
113.187866 
113.188171 
113.187866 
113.188171 
113.187866 
113.187866 
113.187561 
113.187866 
113.186951 
113.186951 
113.186646 
113.186951 
113.188171 
113.188782 
113.189087 
113.189087 
113.189697 
113.188782 
113.188782 
113.188477 
113.188477 
113.188171 
113.188171 
113.188477 
113.188477 
113.188171 
113.188782 
113.188477 
113.188477 
113.188782 
113.189087 
113.188782 
113.187561 
113.187256 
113.186951 
113.186646 
113.186951 
113.187256 
113.187561 
113.187866 
113.187866 
113.188171 
113.188171 
113.187561 
113.187561 
113.187561 
113.187561 
113.187561 
113.187256 
113.186340 
113.186646 
113.186951 
113.187866 
113.188782 
113.188782 
113.189392 
113.189087 
113.189087 
113.188171 
113.188782 
113.188171 
113.188171 
113.188477 
113.188171 
113.188171 
113.188171 
113.188171 
113.188477 
113.188477 
113.188477 
113.189087 
113.188477 
113.187866 
113.186951 
113.186646 
113.186951 
113.187561 
113.187256 
113.187256 
113.186951 
113.186035 
113.184204 
113.181152 
113.178101 
113.173828 
113.169250 
113.163757 
113.157349 
113.151245 
113.143921 
113.136902 
113.129883 
113.122864 
113.115234 
113.107300 
113.098755 
113.089600 
113.080139 
113.069458 
113.059692 
113.048401 
113.037720 
113.026733 
113.015747 
113.004761 
112.993164 
112.982178 
112.971191 
112.959900 
112.948914 
112.937927 
112.926331 
112.913818 
112.901917 
112.889404 
112.878418 
112.867432 
112.856445 
112.845764 
112.834778 
112.824402 
112.813721 
112.803040 
112.791748 
112.781067 
112.770081 
112.759399 
112.748413 
112.736816 
112.726135 
112.714539 
112.704468 
112.695313 
112.685242 
112.674866 
112.665100 
112.654724 
112.644348 
112.633362 
112.622681 
112.612305 
112.601929 
112.591248 
112.580261 
112.569885 
112.560120 
112.549744 
112.539368 
112.529602 
112.519531 
112.509460 
112.499084 
112.487793 
112.476807 
112.466431 
112.455750 
112.445679 
112.435303 
112.425232 
112.415161 
112.405396 
112.395630 
112.385254 
112.375183 
112.365112 
112.353821 
112.344360 
112.333069 
112.322693 
112.312317 
112.301636 
112.291565 
112.282715 
112.272949 
112.262573 
112.252808 
112.242432 
112.232361 
112.221680 
112.210999 
112.200623 
112.189941 
112.179871 
112.169189 
112.158813 
112.148743 
112.138367 
112.127991 
112.118225 
112.107544 
112.097778 
112.086487 
112.075500 
112.064209 
112.053833 
112.043152 
112.033081 
112.022705 
112.012634 
112.002563 
111.992493 
111.982422 
111.971741 
111.961670 
111.950684 
111.940308 
111.930237 
111.919556 
111.908264 
111.898193 
111.887817 
111.877136 
111.867981 
111.858521 
111.848450 
111.838074 
111.828308 
111.817932 
111.806946 
111.796265 
111.785583 
111.775208 
111.764832 
111.754150 
111.743774 
111.734009 
111.723938 
111.713867 
111.703186 
111.693115 
111.683655 
111.672974 
111.661682 
111.650696 
111.639709 
111.629333 
111.619263 
111.609497 
111.599426 
111.589050 
111.579285 
111.569214 
111.558838 
111.549072 
111.538391 
111.528320 
111.517944 
111.507568 
111.496582 
111.485596 
111.474915 
111.464844 
111.455688 
111.445923 
111.436157 
111.426086 
111.416016 
111.405640 
111.394653 
111.384277 
111.373596 
111.362915 
111.352539 
111.342468 
111.332092 
111.321411 
111.311035 
111.300964 
111.290894 
111.280823 
111.271057 
111.260071 
111.248779 
111.238098 
111.227112 
111.217041 
111.206970 
111.196289 
111.186829 
111.176453 
111.166077 
111.156311 
111.145935 
111.135559 
111.125488 
111.115112 
111.104736 
111.094666 
111.083679 
111.072998 
111.062622 
111.052246 
111.043091 
111.033325 
111.023865 
111.013489 
111.003418 
110.993347 
110.982056 
110.971985 
110.961609 
110.950928 
110.941162 
110.930481 
110.920105 
110.910034 
110.899658 
110.889893 
110.879517 
110.869751 
110.859985 
110.848999 
110.838013 
110.826721 
110.816345 
110.805969 
110.795898 
110.785828 
110.775757 
110.765686 
110.755310 
110.745850 
110.735474 
110.725098 
110.714722 
110.704346 
110.693665 
110.682983 
110.672302 
110.661926 
110.651245 
110.640869 
110.631714 
110.622253 
110.611877 
110.602417 
110.592041 
110.581970 
110.571289 
110.559998 
110.549927 
110.538635 
110.528564 
110.518188 
110.507507 
110.497437 
110.487061 
110.476990 
110.466919 
110.456848 
110.446777 
110.435791 
110.425415 
110.414124 
110.403442 
110.393066 
110.382996 
110.372620 
110.362549 
110.352783 
110.342407 
110.332642 
110.322266 
110.311890 
110.301819 
110.291443 
110.281372 
110.270996 
110.260010 
110.249634 
110.238953 
110.228882 
110.219116 
110.209351 
110.199890 
110.189819 
110.180054 
110.169067 
110.158997 
110.149536 
110.140991 
110.132446 
110.125122 
110.119324 
110.113525 
110.109863 
110.106812 
110.104065 
110.102539 
110.101624 
110.101013 
110.100708 
110.099487 
110.098267 
110.098267 
110.097961 
110.098572 
110.098572 
110.098572 
110.099487 
110.100098 
110.099792 
110.100098 
110.100708 
110.101318 
110.101013 
110.101318 
110.101929 
110.101929 
110.101624 
110.101624 
110.102234 
110.103149 
110.104980 
110.105591 
110.105591 
110.106201 
110.106201 
110.106201 
110.105896 
110.105591 
110.106201 
110.105286 
110.105896 
110.105591 
110.105591 
110.106201 
110.106506 
110.106812 
110.106812 
110.106812 
110.107117 
110.105896 
110.104980 
110.104675 
110.105286 
110.104980 
110.105591 
110.105591 
110.105896 
110.106201 
110.106201 
110.106812 
110.106506 
110.106201 
110.106506 
110.106201 
110.106201 
110.105896 
110.105591 
110.105591 
110.105286 
110.106201 
110.107117 
110.107422 
110.107727 
110.108032 
110.108337 
110.107422 
110.107117 
110.107117 
110.106812 
110.106506 
110.106506 
110.107117 
110.107117 
110.107117 
110.107422 
110.107422 
110.107422 
110.107727 
110.107422 
110.106812 
110.105896 
110.105286 
