Blum, K. P., D’Incamps, B. L., Zytnicki, D., & Ting, L. H. (2017).
Force encoding in muscle spindles during stretch of
passive muscle. PLoS computational biology, 13(9), 
e1005767. <https://journals.plos.org/ploscompbiol/article?
id=10.1371/journal.pcbi.1005767>

cat medial gastrocnemius muscle lengths over t  (in 0.0005 s increments)
110.106812 
110.107117 
110.106812 
110.106506 
110.106506 
110.106812 
110.106812 
110.106506 
110.106812 
110.106812 
110.107117 
110.107117 
110.107422 
110.107422 
110.106506 
110.105896 
110.104980 
110.105286 
110.106201 
110.105896 
110.105896 
110.106201 
110.106506 
110.106506 
110.106506 
110.106506 
110.105896 
110.106201 
110.106201 
110.106812 
110.105591 
110.104980 
110.104980 
110.105591 
110.106201 
110.107117 
110.107422 
110.107727 
110.107422 
110.107117 
110.106812 
110.106812 
110.106506 
110.106812 
110.106812 
110.106812 
110.106506 
110.106812 
110.106812 
110.106506 
110.107422 
110.107117 
110.107727 
110.107422 
110.106201 
110.105591 
110.105286 
110.105286 
110.105286 
110.106201 
110.106201 
110.106506 
110.106506 
110.106201 
110.106506 
110.106201 
110.106201 
110.106201 
110.105896 
110.105896 
110.105896 
110.105286 
110.105286 
110.105286 
110.106506 
110.107117 
110.107727 
110.107727 
110.107727 
110.107422 
110.107727 
110.107117 
110.106812 
110.106812 
110.106201 
110.106812 
110.107117 
110.106812 
110.106812 
110.106812 
110.107117 
110.107422 
110.107727 
110.107117 
110.106506 
110.105591 
110.105591 
110.105591 
110.105896 
110.105896 
110.106201 
110.106812 
110.106506 
110.106506 
110.106201 
110.106506 
110.106812 
110.106812 
110.106506 
110.106506 
110.106201 
110.105896 
110.106812 
110.107117 
110.108643 
110.110779 
110.112610 
110.114136 
110.115967 
110.117493 
110.119324 
110.120850 
110.122986 
110.125732 
110.128479 
110.131226 
110.134277 
110.137939 
110.141602 
110.146179 
110.150452 
110.155029 
110.160217 
110.164185 
110.168762 
110.173645 
110.178833 
110.184631 
110.191650 
110.197754 
110.205078 
110.212402 
110.219727 
110.227966 
110.235596 
110.243835 
110.252380 
110.260620 
110.269775 
110.278625 
110.287476 
110.296936 
110.306702 
110.317078 
110.328369 
110.339966 
110.351563 
110.363770 
110.376587 
110.388489 
110.401917 
110.415039 
110.429077 
110.442810 
110.457153 
110.471497 
110.485840 
110.499878 
110.512695 
110.525818 
110.538635 
110.550537 
110.562439 
110.573120 
110.582275 
110.591736 
110.600891 
110.610046 
110.619812 
110.629578 
110.638733 
110.648499 
110.657349 
110.666809 
110.675964 
110.685120 
110.694275 
110.702820 
110.712585 
110.721741 
110.729980 
110.739136 
110.748596 
110.758057 
110.769043 
110.779114 
110.788879 
110.798950 
110.808716 
110.818481 
110.827942 
110.837402 
110.847473 
110.857239 
110.867004 
110.877380 
110.887146 
110.897217 
110.907593 
110.917969 
110.928040 
110.938416 
110.949097 
110.959167 
110.968628 
110.978088 
110.987549 
110.998230 
111.008606 
111.019592 
111.029968 
111.040955 
111.051636 
111.062012 
111.072083 
111.082458 
111.092834 
111.103516 
111.113586 
111.123962 
111.134033 
111.143799 
111.153564 
111.164246 
111.175537 
111.187134 
111.197510 
111.207581 
111.218872 
111.229248 
111.239014 
111.249084 
111.259155 
111.269226 
111.279297 
111.289673 
111.299744 
111.310425 
111.321106 
111.331787 
111.341858 
111.352844 
111.363220 
111.373291 
111.382751 
111.392517 
111.402283 
111.412659 
111.423340 
111.433411 
111.444092 
111.454163 
111.465454 
111.475525 
111.485901 
111.496887 
111.506958 
111.517639 
111.527405 
111.537781 
111.547546 
111.557617 
111.567688 
111.577759 
111.589050 
111.600037 
111.610718 
111.621094 
111.631775 
111.642151 
111.651917 
111.661682 
111.671753 
111.681824 
111.692200 
111.701965 
111.712341 
111.722412 
111.732483 
111.742859 
111.752625 
111.763306 
111.773682 
111.784058 
111.793213 
111.802979 
111.812744 
111.822815 
111.832886 
111.843262 
111.853638 
111.863708 
111.875000 
111.885376 
111.895142 
111.905518 
111.915588 
111.925659 
111.935730 
111.945801 
111.955566 
111.965637 
111.975708 
111.985779 
111.997070 
112.008057 
112.018433 
112.029114 
112.039490 
112.049561 
112.059631 
112.069397 
112.079468 
112.088928 
112.099609 
112.109375 
112.119751 
112.130127 
112.139893 
112.150879 
112.160950 
112.171631 
112.182007 
112.192078 
112.201538 
112.210693 
112.220154 
112.230530 
112.241211 
112.250977 
112.261353 
112.272339 
112.282715 
112.293396 
112.303467 
112.313843 
112.323914 
112.334290 
112.344360 
112.353821 
112.363892 
112.373962 
112.384033 
112.394409 
112.405090 
112.416382 
112.427063 
112.437439 
112.448120 
112.458191 
112.467957 
112.477417 
112.487488 
112.497253 
112.507935 
112.517700 
112.527771 
112.538452 
112.548523 
112.558899 
112.569275 
112.579041 
112.590332 
112.600403 
112.609558 
112.619019 
112.628479 
112.638855 
112.649231 
112.659607 
112.669678 
112.680054 
112.691040 
112.701416 
112.711182 
112.721558 
112.731934 
112.742004 
112.752686 
112.762146 
112.772217 
112.782288 
112.792053 
112.802429 
112.813416 
112.824402 
112.835083 
112.845154 
112.855530 
112.865906 
112.875366 
112.885437 
112.895813 
112.905579 
112.916260 
112.926025 
112.936401 
112.946472 
112.956238 
112.966919 
112.976379 
112.986450 
112.996826 
113.005981 
113.014221 
113.022461 
113.031311 
113.040161 
113.048401 
113.057251 
113.065186 
113.073730 
113.081970 
113.089600 
113.096619 
113.103638 
113.110352 
113.117065 
113.122864 
113.128967 
113.134155 
113.139343 
113.144226 
113.149109 
113.155212 
113.160095 
113.164673 
113.168945 
113.172607 
113.175964 
113.178711 
113.181152 
113.183899 
113.185425 
113.187866 
113.189392 
113.190918 
113.192444 
113.193359 
113.194580 
113.195190 
113.195801 
113.195496 
113.195496 
113.193970 
113.192444 
113.191528 
113.190613 
113.188782 
113.187256 
113.185425 
113.182983 
113.180847 
113.178406 
113.174744 
113.171387 
113.168335 
113.164063 
113.159790 
113.154907 
113.150330 
113.145142 
113.139343 
113.134155 
113.129272 
113.124390 
113.118591 
113.112488 
113.105774 
113.098450 
113.090820 
113.082886 
113.074646 
113.066101 
113.057861 
113.048706 
113.039551 
113.030701 
113.021240 
113.011780 
113.002014 
112.992249 
112.982178 
112.971802 
112.960815 
112.949219 
112.938232 
112.927246 
112.917175 
112.906799 
112.895508 
112.885437 
112.874451 
112.864380 
112.853394 
112.842407 
112.832031 
112.820740 
112.810059 
112.799072 
112.787476 
112.776489 
112.765198 
112.755127 
112.744751 
112.734985 
112.724609 
112.714539 
112.703857 
112.693481 
112.683105 
112.671509 
112.660828 
112.649841 
112.639160 
112.629089 
112.618408 
112.608032 
112.597961 
112.587585 
112.577209 
112.566528 
112.556458 
112.546082 
112.534180 
112.523499 
112.512512 
112.502441 
112.492371 
112.481995 
112.471313 
112.461243 
112.450867 
112.441406 
112.430725 
112.420349 
112.410278 
112.399902 
112.389221 
112.378540 
112.368164 
112.357178 
112.346802 
112.336426 
112.326660 
112.317505 
112.307129 
112.297363 
112.287598 
112.276917 
112.265320 
112.255249 
112.244568 
112.233887 
112.223511 
112.212830 
112.202759 
112.192383 
112.182007 
112.171631 
112.161560 
112.151794 
112.141724 
112.130737 
112.119751 
112.108154 
112.097778 
112.087708 
112.077026 
112.066956 
112.056274 
112.046204 
112.036438 
112.026367 
112.016602 
112.005920 
111.995544 
111.985168 
111.974487 
111.964111 
111.952820 
111.942444 
111.931763 
111.921692 
111.912231 
111.902771 
111.893005 
111.882629 
111.872559 
111.861877 
111.851501 
111.840820 
111.830750 
111.820068 
111.809387 
111.798401 
111.788330 
111.777954 
111.767578 
111.757813 
111.747437 
111.737671 
111.726990 
111.716919 
111.705933 
111.694641 
111.683960 
111.673889 
111.663818 
111.653442 
111.643372 
111.632690 
111.622314 
111.612549 
111.602478 
111.592102 
111.582031 
111.571655 
111.561279 
111.550598 
111.540222 
111.529236 
111.518860 
111.508789 
111.499023 
111.489868 
111.479492 
111.469421 
111.459656 
111.449280 
111.438293 
111.427917 
111.417542 
111.406555 
111.396790 
111.385498 
111.375427 
111.365051 
111.354980 
111.344299 
111.334229 
111.324463 
111.314087 
111.303101 
111.292114 
111.280823 
111.270142 
111.260071 
111.250000 
111.239929 
111.229858 
111.220093 
111.209106 
111.199646 
111.189270 
111.179504 
111.168518 
111.158142 
111.147766 
111.137085 
111.126404 
111.116028 
111.105347 
111.095276 
111.085815 
111.076965 
111.066895 
111.056824 
111.047058 
111.036377 
111.026001 
111.015015 
111.004639 
110.994568 
110.983887 
110.973511 
110.962830 
110.952759 
110.942993 
110.932617 
110.922546 
110.912781 
110.902710 
110.892334 
110.881348 
110.870361 
110.859375 
110.849609 
110.839539 
110.829163 
110.819092 
110.809326 
110.799561 
110.788879 
110.778503 
110.768433 
110.758362 
110.747986 
110.737000 
110.726929 
110.715942 
110.705566 
110.694275 
110.683899 
110.673828 
110.664673 
110.654907 
110.644531 
110.634766 
110.624695 
110.613708 
110.603333 
110.592346 
110.582275 
110.571899 
110.561829 
110.550842 
110.540771 
110.530090 
110.520020 
110.509644 
110.499878 
110.489502 
110.479126 
110.467834 
110.457153 
110.445862 
110.435791 
110.425720 
110.415039 
110.405579 
110.395508 
110.385437 
110.375366 
110.364990 
110.354614 
110.344849 
110.334167 
110.324097 
110.313721 
110.303955 
110.293579 
110.283813 
110.274353 
110.266113 
110.257874 
110.249329 
110.241089 
110.232544 
110.224304 
110.216675 
110.208435 
110.200806 
110.193481 
110.187073 
110.180359 
110.173950 
110.167847 
110.162354 
110.157471 
110.152283 
110.147705 
110.143738 
110.138855 
110.133972 
110.129700 
110.125427 
110.122070 
110.119324 
110.116882 
110.113831 
110.112610 
110.111084 
110.109253 
110.107727 
110.106812 
110.105591 
110.105286 
110.104065 
110.103760 
110.102844 
110.102844 
110.103149 
110.104370 
110.105286 
110.107117 
110.108337 
110.110168 
110.112305 
110.114136 
110.115967 
110.118408 
110.121155 
110.124207 
110.127869 
110.131531 
110.135498 
110.139465 
110.144043 
110.148621 
110.153809 
110.159607 
110.164795 
110.170288 
110.175171 
110.181274 
110.187378 
110.194092 
110.201416 
110.208435 
110.216675 
110.224915 
110.233459 
110.242920 
110.251770 
110.260925 
110.270691 
110.280151 
110.289917 
110.299683 
110.310059 
110.320129 
110.329895 
110.340881 
110.352783 
110.364380 
110.375671 
110.386047 
110.397034 
110.407715 
110.418091 
110.428467 
110.438538 
110.448303 
110.458984 
110.469055 
110.479431 
110.489807 
110.500183 
110.510559 
110.520935 
110.531616 
110.541687 
110.552063 
110.561218 
110.570679 
110.580750 
110.590820 
110.601196 
110.611572 
110.621948 
110.632935 
110.642700 
110.653381 
110.663757 
110.674133 
110.684509 
110.694275 
110.704651 
110.714722 
110.724487 
110.734558 
110.744629 
110.755005 
110.765991 
110.776978 
110.787659 
110.798035 
110.808105 
110.818481 
110.828247 
110.838623 
110.848083 
110.858154 
110.868530 
110.878906 
110.888672 
110.899048 
110.909424 
110.919495 
110.929565 
110.940552 
110.950623 
110.960999 
110.970154 
110.979309 
110.989075 
110.999146 
111.009521 
111.019897 
111.030579 
111.040955 
111.051636 
111.061401 
111.071777 
111.082458 
111.092224 
111.102905 
111.112976 
111.122742 
111.133118 
111.142578 
111.152954 
111.163330 
111.174927 
111.186218 
111.196594 
111.207581 
111.217957 
111.228027 
111.237793 
111.247864 
111.257935 
111.268311 
111.278381 
111.288757 
111.299133 
111.309204 
111.319885 
111.329956 
111.340942 
111.351929 
111.362000 
111.372070 
111.381531 
111.390991 
111.400757 
111.411133 
111.421509 
111.431580 
111.441956 
111.452637 
111.463318 
111.473694 
111.484070 
111.494751 
111.504211 
111.514893 
111.524963 
111.535339 
111.544800 
111.554871 
111.564636 
111.574707 
111.585693 
111.597290 
111.607361 
111.618042 
111.628418 
111.638794 
111.648865 
111.658630 
111.669006 
111.678162 
111.688538 
111.698608 
111.708984 
111.719055 
111.729431 
111.739807 
111.749878 
111.760559 
111.770630 
111.780701 
111.790161 
111.799011 
111.809387 
111.819763 
111.830139 
111.840515 
111.850891 
111.861267 
111.871643 
111.882019 
111.892090 
111.902466 
111.912537 
111.922913 
111.932678 
111.942444 
111.952515 
111.962280 
111.972961 
111.983337 
111.994629 
112.005615 
112.015686 
112.026367 
112.037048 
112.046814 
112.056580 
112.066650 
112.077026 
112.086487 
112.097168 
112.106934 
112.117310 
112.128296 
112.138062 
112.148438 
112.158813 
112.169495 
112.180481 
112.189636 
112.199097 
112.208557 
112.218323 
112.228699 
112.239075 
112.249146 
112.259827 
112.270813 
112.281189 
112.291870 
112.301941 
112.311401 
112.322388 
112.332153 
112.342834 
112.352295 
112.362061 
112.371826 
112.381897 
112.392578 
112.403870 
112.414551 
112.424927 
112.436218 
112.446289 
112.456055 
112.465515 
112.475891 
112.485962 
112.496033 
112.505798 
112.516174 
112.526245 
112.536621 
112.546692 
112.557068 
112.567749 
112.578125 
112.588806 
112.598572 
112.607727 
112.617493 
112.627258 
112.637329 
112.647705 
112.658386 
112.668762 
112.678833 
112.689514 
112.699280 
112.709656 
112.720337 
112.730408 
112.740479 
112.750854 
112.760925 
112.770996 
112.781067 
112.790527 
112.800903 
112.812195 
112.822876 
112.833557 
112.843933 
112.854309 
112.864380 
112.874146 
112.884216 
112.893982 
112.904358 
112.914124 
112.924500 
112.934265 
112.944641 
112.955017 
112.964783 
112.974854 
112.985229 
112.994690 
113.003540 
113.012390 
113.020630 
113.029785 
113.038025 
113.047180 
113.056030 
113.064270 
113.072510 
113.080444 
113.088379 
113.095398 
113.102417 
113.108521 
113.115234 
113.121643 
113.127441 
113.132324 
113.137512 
113.143311 
113.148193 
113.153992 
113.158875 
113.163757 
113.167725 
113.171387 
113.174438 
113.177490 
113.179932 
113.182373 
113.184509 
113.186646 
113.188171 
113.190002 
113.191223 
113.191833 
113.193054 
113.193970 
113.194580 
113.194580 
113.193970 
113.192749 
113.191528 
113.190308 
113.189087 
113.188171 
113.186035 
113.184509 
113.182678 
113.180237 
113.177795 
113.174133 
113.171387 
113.167419 
113.163452 
113.159180 
113.154907 
113.149719 
113.144531 
113.139038 
113.133850 
113.128967 
113.123474 
113.117981 
113.111877 
113.105774 
113.098145 
113.090210 
113.082581 
113.074646 
113.065796 
113.057861 
113.048706 
113.039551 
113.030396 
113.020935 
113.011475 
113.001709 
112.992249 
112.982178 
112.971497 
112.960510 
112.949219 
112.938538 
112.928162 
112.917175 
112.906799 
112.896423 
112.885437 
112.875061 
112.864380 
112.854004 
112.842712 
112.832031 
112.821350 
112.810059 
112.799072 
112.788086 
112.777405 
112.765808 
112.755737 
112.745361 
112.735291 
112.725220 
112.714844 
112.704468 
112.693787 
112.682800 
112.671814 
112.661133 
112.650757 
112.640076 
112.629395 
112.619019 
112.608643 
112.597961 
112.587891 
112.577209 
112.566833 
112.557068 
112.546387 
112.534790 
112.523804 
112.512817 
112.502747 
112.492371 
112.481995 
112.471924 
112.461853 
112.452393 
112.441711 
112.431335 
112.420959 
112.410583 
112.399902 
112.389526 
112.379150 
112.368164 
112.357483 
112.346802 
112.337036 
112.327271 
112.317810 
112.307739 
112.297363 
112.287598 
112.277527 
112.266235 
112.255859 
112.244873 
112.234192 
112.223511 
112.213440 
112.202759 
112.192993 
112.182617 
112.172546 
112.162170 
112.152100 
112.141724 
112.131042 
112.120056 
112.108459 
112.097778 
112.087708 
112.077026 
112.066956 
112.057190 
112.046814 
112.036743 
112.026672 
112.016296 
112.006226 
111.996155 
111.985779 
111.974792 
111.964111 
111.953430 
111.943054 
111.932068 
111.922302 
111.913147 
111.903381 
111.893311 
111.883240 
111.872864 
111.862488 
111.851807 
111.841431 
111.830444 
111.819763 
111.809998 
111.799011 
111.788635 
111.778564 
111.768188 
111.758118 
111.748047 
111.737976 
111.727600 
111.717224 
111.705933 
111.695251 
111.684265 
111.673889 
111.663818 
111.653748 
111.643982 
111.633606 
111.623230 
111.613770 
111.603088 
111.593323 
111.582947 
111.572571 
111.561890 
111.551208 
111.540527 
111.530151 
111.519470 
111.509399 
111.500244 
111.490173 
111.480103 
111.470337 
111.459961 
111.449585 
111.438904 
111.428223 
111.417847 
111.406860 
111.396790 
111.386414 
111.376038 
111.365967 
111.355286 
111.345520 
111.334839 
111.324463 
111.315002 
111.304016 
111.292725 
111.281738 
111.270447 
111.260681 
111.250916 
111.240540 
111.230164 
111.220398 
111.210022 
111.200256 
111.189880 
111.179810 
111.169434 
111.158752 
111.148682 
111.137695 
111.127319 
111.116943 
111.106262 
111.095886 
111.087036 
111.077576 
111.067810 
111.057434 
111.047363 
111.036987 
111.026306 
111.015320 
111.005249 
110.994568 
110.984192 
110.974121 
110.963440 
110.953064 
110.943298 
110.932922 
110.922852 
110.913086 
110.903015 
110.892639 
110.881348 
110.870667 
110.859680 
110.849304 
110.839233 
110.828857 
110.819092 
110.809326 
110.798950 
110.789185 
110.778809 
110.768738 
110.758667 
110.748596 
110.737915 
110.727539 
110.715942 
110.705872 
110.695496 
110.685120 
110.675354 
110.665588 
110.656128 
110.645752 
110.635681 
110.625305 
110.614624 
110.604248 
110.593262 
110.582886 
110.572205 
110.561829 
110.551453 
110.540771 
110.530701 
110.520630 
110.510559 
110.500488 
110.490112 
110.479736 
110.468140 
110.457153 
110.446472 
110.436401 
110.426331 
110.415955 
110.406189 
110.396118 
110.385742 
110.375671 
110.365295 
110.355225 
110.345459 
110.335083 
110.324707 
110.314636 
110.304260 
110.294495 
110.284424 
110.275269 
110.267029 
110.258789 
110.250244 
110.242004 
110.233459 
110.225220 
110.216980 
110.209351 
110.202332 
110.194702 
110.187378 
110.180969 
110.174866 
110.168762 
110.163269 
110.158081 
110.152893 
110.148621 
110.144043 
110.139465 
110.134583 
110.130005 
110.126343 
110.122986 
110.119934 
110.117188 
110.114746 
110.113220 
110.111389 
110.109558 
110.107727 
110.106812 
110.105896 
110.104980 
110.104065 
110.103760 
110.103149 
110.102539 
110.103455 
110.104065 
110.105591 
110.107422 
110.108032 
110.110779 
110.112610 
110.114441 
110.116272 
110.119019 
110.121460 
110.124512 
110.128174 
110.131531 
110.135193 
110.139465 
110.144653 
110.149231 
110.154419 
110.159912 
110.165405 
110.171204 
110.176392 
110.181274 
110.187683 
110.194702 
110.201721 
110.209656 
110.217285 
110.225525 
110.234985 
110.243225 
110.252075 
110.261536 
110.270691 
110.280457 
110.289917 
110.299683 
110.309753 
110.318909 
110.329590 
110.340271 
110.351563 
110.362549 
110.374146 
110.384827 
110.395813 
110.406189 
110.416260 
110.426941 
110.436707 
110.446777 
110.457153 
110.467529 
110.477905 
110.487976 
110.498657 
110.509338 
110.519714 
110.530090 
110.540161 
110.550842 
110.560608 
110.570068 
110.579834 
110.590515 
110.600281 
110.610657 
110.621643 
110.632019 
110.642090 
110.652771 
110.663147 
110.672913 
110.683289 
110.693970 
110.704041 
110.714111 
110.724182 
110.734253 
110.744019 
110.754700 
110.765381 
110.776672 
110.787048 
110.798035 
110.808105 
110.818176 
110.827637 
110.838013 
110.847778 
110.857544 
110.868530 
110.878296 
110.888367 
110.898438 
110.908813 
110.919495 
110.929565 
110.940247 
110.950623 
110.960388 
110.969543 
110.978699 
110.989075 
110.999146 
111.009216 
111.019592 
111.030273 
111.040649 
111.051025 
111.061707 
111.071472 
111.082153 
111.092224 
111.102295 
111.112671 
111.122742 
111.132507 
111.142578 
111.152344 
111.163330 
111.174622 
111.185303 
111.196289 
111.206970 
111.217346 
111.227722 
111.237183 
111.247559 
111.257935 
111.267700 
111.277771 
111.288147 
111.298218 
111.308594 
111.318970 
111.329346 
111.340027 
111.351013 
111.360779 
111.371155 
111.380310 
111.389771 
111.400146 
111.410522 
111.420288 
111.430969 
111.441650 
111.451721 
111.462402 
111.472778 
111.482849 
111.493835 
111.504211 
111.513672 
111.524048 
111.534424 
111.544189 
111.553650 
111.564026 
111.574402 
111.585388 
111.596985 
111.607056 
111.617432 
111.627808 
111.637878 
111.647949 
111.658020 
111.668091 
111.677856 
111.688232 
111.698608 
111.708069 
111.718750 
111.728821 
111.738892 
111.749268 
111.759949 
111.770020 
111.780090 
111.789551 
111.798401 
111.809082 
111.819153 
111.829834 
111.840210 
111.850281 
111.860962 
111.871033 
111.881409 
111.891785 
111.902161 
111.912537 
111.922302 
111.932068 
111.942139 
111.951904 
111.962280 
111.972046 
111.982422 
111.994019 
112.004700 
112.015381 
112.026367 
112.036438 
112.046204 
112.056274 
112.065735 
112.075806 
112.085876 
112.096252 
112.106323 
112.116699 
112.127380 
112.137756 
112.147827 
112.158508 
112.168884 
112.178955 
112.189026 
112.198181 
112.207947 
112.218018 
112.228088 
112.238770 
112.248840 
112.258911 
112.269897 
112.280579 
112.290955 
112.301025 
112.311096 
112.321777 
112.331543 
112.341309 
112.351685 
112.361450 
112.370911 
112.381287 
112.391663 
112.402954 
112.413940 
112.424316 
112.434998 
112.445068 
112.455444 
112.465210 
112.474976 
112.484741 
112.495117 
112.505188 
112.515564 
112.525330 
112.536316 
112.546082 
112.556458 
112.566833 
112.577820 
112.587585 
112.598267 
112.607117 
112.616577 
112.626343 
112.636719 
112.647095 
112.657776 
112.667847 
112.678528 
112.689209 
112.698975 
112.709351 
112.719421 
112.729797 
112.739868 
112.749939 
112.759705 
112.770081 
112.779541 
112.789917 
112.799988 
112.811279 
112.822266 
112.832642 
112.843018 
112.853699 
112.863770 
112.873535 
112.883606 
112.893066 
112.903748 
112.913818 
112.923889 
112.933960 
112.944336 
112.954102 
112.964478 
112.974243 
112.984314 
112.994080 
113.003540 
113.012085 
113.020020 
113.029175 
113.037720 
113.046570 
113.055725 
113.063965 
113.071594 
113.080139 
113.087158 
113.094482 
113.101807 
113.108521 
113.114929 
113.121338 
113.126831 
113.132324 
113.137207 
113.142700 
113.147583 
113.153381 
113.158264 
113.162842 
113.167419 
113.170776 
113.174133 
113.176575 
113.179932 
113.182068 
113.184204 
113.186340 
113.188171 
113.189697 
113.191223 
113.192139 
113.193054 
113.193970 
113.194580 
113.194580 
113.193970 
113.193054 
113.191528 
113.190308 
113.189392 
113.188171 
113.186951 
113.185120 
113.182373 
113.180542 
113.177795 
113.174438 
113.171387 
113.167419 
113.163147 
113.159485 
113.154602 
113.149719 
113.144836 
113.139038 
113.134155 
113.129272 
113.124084 
113.118286 
113.112183 
113.105469 
113.098450 
113.090210 
113.082886 
113.074646 
113.066101 
113.057556 
113.048401 
113.039856 
113.030701 
113.021240 
113.012085 
113.002319 
112.992554 
112.983093 
112.971802 
112.961121 
112.949524 
112.938538 
112.928772 
112.918396 
112.907410 
112.896729 
112.886353 
112.875366 
112.864685 
112.854004 
112.843018 
112.832336 
112.821655 
112.810364 
112.799377 
112.788086 
112.777405 
112.766113 
112.755737 
112.746277 
112.735901 
112.725830 
112.715149 
112.704468 
112.694397 
112.683411 
112.672119 
112.661743 
112.650757 
112.640381 
112.629700 
112.619324 
112.608948 
112.598877 
112.588501 
112.577820 
112.567444 
112.557678 
112.546692 
112.535400 
112.524414 
112.513428 
112.503052 
112.493591 
112.482910 
112.473145 
112.462769 
112.452698 
112.442627 
112.431946 
112.421570 
112.411194 
112.400818 
112.390137 
112.379761 
112.368469 
112.358093 
112.347412 
112.337341 
112.327881 
112.318420 
112.308655 
112.297974 
112.288208 
112.277527 
112.266846 
112.256165 
112.245178 
112.234802 
112.224121 
112.214050 
112.204285 
112.193298 
112.183228 
112.173462 
112.163086 
112.152710 
112.142334 
112.131958 
112.120972 
112.109680 
112.098694 
112.088928 
112.078247 
112.067871 
112.057800 
112.048035 
112.037354 
112.027588 
112.017212 
112.006836 
111.996460 
111.986389 
111.975708 
111.965027 
111.954041 
111.943665 
111.932373 
111.922913 
111.913452 
111.903687 
111.893311 
111.883850 
111.873779 
111.863098 
111.852417 
111.841736 
111.831055 
111.820679 
111.810303 
111.800232 
111.789551 
111.779480 
111.768799 
111.758423 
111.748657 
111.738586 
111.728516 
111.717834 
111.706848 
111.695557 
111.685181 
111.674500 
111.664429 
111.654358 
111.643982 
111.634216 
111.623840 
111.613770 
111.603394 
111.593323 
111.583557 
111.572876 
111.562500 
111.552124 
111.541138 
111.530151 
111.520081 
111.509705 
111.500549 
111.491089 
111.480713 
111.470947 
111.460266 
111.449890 
111.439209 
111.428223 
111.418152 
111.407776 
111.397400 
111.387329 
111.376648 
111.365967 
111.356201 
111.345825 
111.335754 
111.325378 
111.315308 
111.304321 
111.293335 
111.282654 
111.271667 
111.261597 
111.251526 
111.241150 
111.230774 
111.221008 
111.211243 
111.200562 
111.190796 
111.180420 
111.170044 
111.159668 
111.148987 
111.138916 
111.127930 
111.117554 
111.106873 
111.097107 
111.087341 
111.078186 
111.068115 
111.058044 
111.047974 
111.037598 
111.026917 
111.015930 
111.005554 
110.995178 
110.984497 
110.974426 
110.964050 
110.953979 
110.943909 
110.934143 
110.923767 
110.913696 
110.903320 
110.893555 
110.881958 
110.871277 
110.860291 
110.850220 
110.840149 
110.829773 
110.820007 
110.809937 
110.799866 
110.789490 
110.780029 
110.769653 
110.758972 
110.748901 
110.738220 
110.728149 
110.716858 
110.706177 
110.695496 
110.685425 
110.675964 
110.666809 
110.656738 
110.646362 
110.636292 
110.625305 
110.615234 
110.604553 
110.593567 
110.583496 
110.573120 
110.562744 
110.552368 
110.541382 
110.531311 
110.520935 
110.511169 
110.501099 
110.490723 
110.480347 
110.469360 
110.457764 
110.447693 
110.437317 
110.427246 
110.416870 
110.406799 
110.397339 
110.386658 
110.376587 
110.366516 
110.356140 
110.345764 
110.335693 
110.325317 
110.315247 
110.304871 
110.294800 
110.285339 
110.275574 
110.267639 
110.259094 
110.250549 
110.242615 
110.233459 
110.225830 
110.217285 
110.209351 
110.202332 
110.195007 
110.187683 
110.181580 
110.175476 
110.168762 
110.163269 
110.158386 
110.153198 
110.148315 
110.144348 
110.139771 
110.134888 
110.130005 
110.126343 
110.122986 
110.120544 
110.117493 
110.115051 
110.113220 
110.111694 
110.109863 
110.108337 
110.107117 
110.105896 
110.104980 
110.104370 
110.103760 
110.103455 
110.103149 
110.103149 
110.104065 
110.105896 
110.107422 
110.108948 
110.110779 
110.112305 
110.114136 
110.116272 
110.118408 
110.121460 
110.124512 
110.128174 
110.131836 
110.135803 
110.139771 
110.144043 
110.148926 
110.154419 
110.159912 
110.165405 
110.170898 
110.175476 
110.181580 
110.187683 
110.194702 
110.202332 
110.209961 
110.217590 
110.225830 
110.234375 
110.243225 
110.252380 
110.261230 
110.270996 
110.280151 
110.289612 
110.299683 
110.308533 
110.318909 
110.328979 
110.339966 
110.351257 
110.362244 
110.373230 
110.384216 
110.394897 
110.405273 
110.415649 
110.425720 
110.435486 
110.446472 
110.455933 
110.466614 
110.476990 
110.487671 
110.498047 
110.508423 
110.518799 
110.529480 
110.540161 
110.549927 
110.559387 
110.569153 
110.579224 
110.589600 
110.599976 
110.610352 
110.620728 
110.631714 
110.641785 
110.652466 
110.662231 
110.672913 
110.683289 
110.693054 
110.703125 
110.713196 
110.723267 
110.733032 
110.743713 
110.754089 
110.765076 
110.776062 
110.786133 
110.797119 
110.807495 
110.817871 
110.827332 
110.837402 
110.847168 
110.856934 
110.867310 
110.877686 
110.887756 
110.897827 
110.908203 
110.918884 
110.928955 
110.939636 
110.949707 
110.959778 
110.968933 
110.978088 
110.987854 
110.998230 
111.008606 
111.019287 
111.029968 
111.040344 
111.050720 
111.061096 
111.071472 
111.081848 
111.091919 
111.102295 
111.112061 
111.122131 
111.131897 
111.141968 
111.152344 
111.162415 
111.173706 
111.184998 
111.195984 
111.206665 
111.216431 
111.226807 
111.236877 
111.246948 
111.257019 
111.267090 
111.277466 
111.287537 
111.297607 
111.307983 
111.318054 
111.328735 
111.339417 
111.350098 
111.360474 
111.370239 
111.379700 
111.389160 
111.398926 
111.409302 
111.419983 
111.429749 
111.440735 
111.450806 
111.461487 
111.472168 
111.482544 
111.493225 
111.503601 
111.513672 
111.523743 
111.533813 
111.543274 
111.553345 
111.563416 
111.573792 
111.585083 
111.596069 
111.606445 
111.617126 
111.627502 
111.637268 
111.647339 
111.657104 
111.667480 
111.677551 
111.687622 
111.697693 
111.707764 
111.717834 
111.727905 
111.738586 
111.748657 
111.759033 
111.769714 
111.779175 
111.788635 
111.798096 
111.808167 
111.818237 
111.828918 
111.839294 
111.849365 
111.860046 
111.870728 
111.880798 
111.891174 
111.902161 
111.911926 
111.921692 
111.931763 
111.942139 
111.951904 
111.961670 
111.971436 
111.982117 
111.993408 
112.004395 
112.015076 
112.025452 
112.035828 
112.045593 
112.055664 
112.065430 
112.075806 
112.085571 
112.095642 
112.105713 
112.116394 
112.126465 
112.137146 
112.146606 
112.157898 
112.167969 
112.178345 
112.188721 
112.197266 
112.207336 
112.216797 
112.227783 
112.237549 
112.247925 
112.258606 
112.268982 
112.279663 
112.290039 
112.300415 
112.310486 
112.320862 
112.330933 
112.341003 
112.351379 
112.360535 
112.371216 
112.380981 
112.391052 
112.402344 
112.413025 
112.423401 
112.434692 
112.444763 
112.454834 
112.464905 
112.474365 
112.484741 
112.494507 
112.504883 
112.514954 
112.525024 
112.535400 
112.545776 
112.556152 
112.566528 
112.576599 
112.587585 
112.597351 
112.606506 
112.616272 
112.626038 
112.636414 
112.646790 
112.656860 
112.667542 
112.677917 
112.688293 
112.698669 
112.708740 
112.718811 
112.729187 
112.738953 
112.749939 
112.759705 
112.769470 
112.779236 
112.789307 
112.799683 
112.811279 
112.821960 
112.832031 
112.843018 
112.852783 
112.862854 
112.872925 
112.882690 
112.892761 
112.902832 
112.913208 
112.923584 
112.933655 
112.943726 
112.953796 
112.963867 
112.973938 
112.984009 
112.993774 
113.002930 
113.010864 
113.019409 
113.028564 
113.037415 
113.045654 
113.054199 
113.063354 
113.071289 
113.079224 
113.086853 
113.093872 
113.101196 
113.108521 
113.114624 
113.120422 
113.126526 
113.131714 
113.137207 
113.142090 
113.146973 
113.153076 
113.158264 
113.162842 
113.167419 
113.170471 
113.174438 
113.176880 
113.179321 
113.181763 
113.184204 
113.186340 
113.188171 
113.189087 
113.191528 
113.192444 
113.193054 
113.193359 
113.194275 
113.194580 
113.193970 
113.192749 
113.191528 
113.190308 
113.189392 
113.187866 
113.186340 
113.184509 
113.182678 
113.180237 
113.177795 
113.174133 
113.171082 
113.168030 
113.163757 
113.159180 
113.154907 
113.150024 
113.145142 
113.139648 
113.134460 
113.129883 
113.124084 
113.118896 
113.112488 
113.105469 
113.098755 
113.090515 
113.082886 
113.075256 
113.067017 
113.058167 
113.048706 
113.040466 
113.031311 
113.022156 
113.012695 
113.003235 
112.993164 
112.983398 
112.972717 
112.961121 
112.950439 
112.939453 
112.929077 
112.918701 
112.907410 
112.897644 
112.886658 
112.875977 
112.865295 
112.854614 
112.843628 
112.832947 
112.822266 
112.811279 
112.800293 
112.789307 
112.778015 
112.767029 
112.756653 
112.746887 
112.736816 
112.726746 
112.716370 
112.705383 
112.695007 
112.683716 
112.673035 
112.662659 
112.651672 
112.641296 
112.630005 
112.620239 
112.609558 
112.599487 
112.589111 
112.578125 
112.568054 
112.557983 
112.546997 
112.535706 
112.524719 
112.514343 
112.503967 
112.493896 
112.483521 
112.473145 
112.463684 
112.453003 
112.442932 
112.432556 
112.421875 
112.411499 
112.400818 
112.390442 
112.379761 
112.369080 
112.359009 
112.347717 
112.338257 
112.328796 
112.319031 
112.309265 
112.298584 
112.288513 
112.278442 
112.267151 
112.256775 
112.246094 
112.235718 
112.225647 
112.214966 
112.204590 
112.194214 
112.183533 
112.173767 
112.163391 
112.153320 
112.143250 
112.132568 
112.120972 
112.109985 
112.098999 
112.088928 
112.078552 
112.068481 
112.058411 
112.048035 
112.038269 
112.028198 
112.017517 
112.006836 
111.997375 
111.986694 
111.976318 
111.965332 
111.954651 
111.944275 
111.933594 
111.923828 
111.914063 
111.904602 
111.894836 
111.884766 
111.874390 
111.864014 
111.853333 
111.842651 
111.832275 
111.821594 
111.811218 
111.800537 
111.790161 
111.779785 
111.769714 
111.759644 
111.749268 
111.739197 
111.729126 
111.718140 
111.707153 
111.696167 
111.685181 
111.675720 
111.665344 
111.654663 
111.644592 
111.634827 
111.624756 
111.614380 
111.604309 
111.593933 
111.583557 
111.573181 
111.562805 
111.552124 
111.541748 
111.530762 
111.520386 
111.510315 
111.501160 
111.491394 
111.481628 
111.471252 
111.461182 
111.450195 
111.440125 
111.429749 
111.419067 
111.408081 
111.398315 
111.387329 
111.377258 
111.366882 
111.356201 
111.346130 
111.336365 
111.325684 
111.315613 
111.305237 
111.293945 
111.282959 
111.272278 
111.262512 
111.251831 
111.241455 
111.231689 
111.221313 
111.211548 
111.201172 
111.191406 
111.181030 
111.170654 
111.159668 
111.149292 
111.138916 
111.128845 
111.117859 
111.107788 
111.097412 
111.088562 
111.078796 
111.068726 
111.058960 
111.048584 
111.038208 
111.027222 
111.016846 
111.006470 
110.995789 
110.985718 
110.975037 
110.964966 
110.954895 
110.944214 
110.934448 
110.924072 
110.914307 
110.903931 
110.893555 
110.882263 
110.871582 
110.861206 
110.850525 
110.840454 
110.830078 
110.820618 
110.809937 
110.800476 
110.790710 
110.780029 
110.770264 
110.759583 
110.749207 
110.738831 
110.728455 
110.717468 
110.707092 
110.696106 
110.686340 
110.676575 
110.667114 
110.657043 
110.646973 
110.637207 
110.626221 
110.615845 
110.604858 
110.594482 
110.584412 
110.573730 
110.563049 
110.552979 
110.541992 
110.531921 
110.521851 
110.512085 
110.501404 
110.491028 
110.480347 
110.469666 
110.458374 
110.447998 
110.438232 
110.427551 
110.417480 
110.407410 
110.397644 
110.386963 
110.377197 
110.366516 
110.356750 
110.346985 
110.336304 
110.325928 
110.315552 
110.305176 
110.295410 
110.285645 
110.276794 
110.268250 
110.260010 
110.251160 
110.242920 
110.234375 
110.226440 
110.218506 
110.210266 
110.202637 
110.195313 
110.188293 
110.181885 
110.175476 
110.169678 
110.163879 
110.158691 
110.153809 
110.149231 
110.144958 
110.139465 
110.134583 
110.129700 
110.126038 
110.123291 
110.120239 
110.117493 
110.115051 
110.112915 
110.111694 
110.109863 
110.108643 
110.107117 
110.105896 
110.104675 
110.104370 
110.103455 
110.103455 
110.102844 
110.103149 
110.103760 
110.105591 
110.107117 
110.108948 
110.110474 
110.112305 
110.113831 
110.115967 
110.118713 
110.121460 
110.124207 
110.127869 
110.131836 
110.135498 
110.139771 
110.144043 
110.148621 
110.153809 
110.159607 
110.165100 
110.170288 
110.175476 
110.180969 
110.187073 
110.194397 
110.201416 
110.209045 
110.216980 
110.225220 
110.233459 
110.242615 
110.251465 
110.260925 
110.270081 
110.279541 
110.289001 
110.298767 
110.308228 
110.318298 
110.328369 
110.339050 
110.350647 
110.361328 
110.372314 
110.383301 
110.394287 
110.404663 
110.414734 
110.425415 
110.435181 
110.444946 
110.455627 
110.466003 
110.476685 
110.486755 
110.496826 
110.508118 
110.518494 
110.528870 
110.539551 
110.549316 
110.558777 
110.568237 
110.578308 
110.588989 
110.599365 
110.609436 
110.620422 
110.630493 
110.641174 
110.651550 
110.661621 
110.672302 
110.682678 
110.692444 
110.702820 
110.712585 
110.722656 
110.732727 
110.742798 
110.753479 
110.764465 
110.775452 
110.785828 
110.796509 
110.806885 
110.816956 
110.826721 
110.836487 
110.846558 
110.856628 
110.867310 
110.877075 
110.887451 
110.897827 
110.907593 
110.917969 
110.928040 
110.939026 
110.949402 
110.958862 
110.968323 
110.977783 
110.987549 
110.997620 
111.007996 
111.018982 
111.029358 
111.039734 
111.050110 
111.060486 
111.071167 
111.081238 
111.091919 
111.101379 
111.112061 
111.121216 
111.131287 
111.141357 
111.151428 
111.162415 
111.173706 
111.184387 
111.195068 
111.205750 
111.215820 
111.226196 
111.236267 
111.246033 
111.256104 
111.266174 
111.276550 
111.286926 
111.296997 
111.307373 
111.317749 
111.328125 
111.339111 
111.349487 
111.360474 
111.369629 
111.379395 
111.388245 
111.398621 
111.408997 
111.419373 
111.429443 
111.440430 
111.450806 
111.461487 
111.471558 
111.481628 
111.492310 
111.502991 
111.513062 
111.522827 
111.532898 
111.542969 
111.552734 
111.562805 
111.573181 
111.584473 
111.595459 
111.605835 
111.616821 
111.626587 
111.636658 
111.646729 
111.656799 
111.666565 
111.676941 
111.686707 
111.697083 
111.707458 
111.717224 
111.727600 
111.737976 
111.748657 
111.758728 
111.769104 
111.779175 
111.788330 
111.797791 
111.807556 
111.818542 
111.828613 
111.838684 
111.849365 
111.859741 
111.870422 
111.880493 
111.890869 
111.901245 
111.911011 
111.921082 
111.931458 
111.940918 
111.950684 
111.961060 
111.971741 
111.981506 
111.993408 
112.004089 
112.014465 
112.024841 
112.035217 
112.045288 
112.055054 
112.065430 
112.074585 
112.084961 
112.095032 
112.105408 
112.115784 
112.125854 
112.136230 
112.146912 
112.157288 
112.167664 
112.178345 
112.187805 
112.197266 
112.206421 
112.216797 
112.227173 
112.237549 
112.247314 
112.258301 
112.268372 
112.279358 
112.289429 
112.299805 
112.309875 
112.319946 
112.330322 
112.340698 
112.350159 
112.360229 
112.369995 
112.379761 
112.391052 
112.402039 
112.412720 
112.423096 
112.434387 
112.444153 
112.454224 
112.463989 
112.474060 
112.483826 
112.493896 
112.503967 
112.514038 
112.524719 
112.534485 
112.544861 
112.555542 
112.565308 
112.576294 
112.586975 
112.596741 
112.605896 
112.615356 
112.625122 
112.635498 
112.645874 
112.656555 
112.666931 
112.677002 
112.687378 
112.698059 
112.708130 
112.718506 
112.728577 
112.738342 
112.749023 
112.758789 
112.768555 
112.778625 
112.788391 
112.799377 
112.810364 
112.821350 
112.831726 
112.842102 
112.852783 
112.862244 
112.871704 
112.882385 
112.892456 
112.902527 
112.912598 
112.922363 
112.933044 
112.942810 
112.953186 
112.962952 
112.973022 
112.983398 
112.992859 
113.002319 
113.010559 
113.019409 
113.027649 
113.036499 
113.045349 
113.054504 
113.062439 
113.070984 
113.078918 
113.086548 
113.094177 
113.101196 
113.107910 
113.114319 
113.120117 
113.125610 
113.131104 
113.136902 
113.141479 
113.147278 
113.152771 
113.157959 
113.162231 
113.167114 
113.170471 
113.173523 
113.176880 
113.179321 
113.181763 
113.183594 
113.185730 
113.187561 
113.189087 
113.190918 
113.192139 
113.193054 
113.193970 
113.194275 
113.194275 
113.193970 
113.192749 
113.191528 
113.190308 
113.189087 
113.187866 
113.186340 
113.185120 
113.182678 
113.180847 
113.177795 
113.174744 
113.171692 
113.167725 
113.163757 
113.159790 
113.154907 
113.150330 
113.145447 
113.139954 
113.134766 
113.130493 
113.124695 
113.118896 
113.113098 
113.106384 
113.099060 
113.091431 
113.083496 
113.075562 
113.067017 
113.058777 
113.049316 
113.040771 
113.031616 
113.022461 
113.013306 
113.003540 
112.993774 
112.983704 
112.973022 
112.962036 
112.951050 
112.939758 
112.929382 
112.919006 
112.908325 
112.897949 
112.887268 
112.876892 
112.866211 
112.855225 
112.844543 
112.833557 
112.822571 
112.812195 
112.800598 
112.789307 
112.778320 
112.767944 
112.757568 
112.747498 
112.737427 
112.727051 
112.716980 
112.705688 
112.695618 
112.684326 
112.673340 
112.662964 
112.651978 
112.641602 
112.630920 
112.620239 
112.609863 
112.600098 
112.589417 
112.579346 
112.568665 
112.558594 
112.547607 
112.536316 
112.525330 
112.514954 
112.504272 
112.494507 
112.483826 
112.473755 
112.463989 
112.453918 
112.443542 
112.433167 
112.422485 
112.412415 
112.401428 
112.391357 
112.380371 
112.369995 
112.359009 
112.348938 
112.338867 
112.329712 
112.319946 
112.309265 
112.299805 
112.289124 
112.279053 
112.268066 
112.257080 
112.246704 
112.236023 
112.225647 
112.215271 
112.204895 
112.194824 
112.184143 
112.174377 
112.164001 
112.153931 
112.143860 
112.132874 
112.121582 
112.110596 
112.099915 
112.089844 
112.079773 
112.069397 
112.058716 
112.049255 
112.038879 
112.028809 
112.018738 
112.008362 
111.997986 
111.987305 
111.977234 
111.966553 
111.954956 
111.944885 
111.934204 
111.924133 
111.914978 
111.905212 
111.895142 
111.885376 
111.875000 
111.864624 
111.853943 
111.842957 
111.832581 
111.822205 
111.811829 
111.801453 
111.790771 
111.780396 
111.770325 
111.759949 
111.750183 
111.739807 
111.730042 
111.719055 
111.707764 
111.697083 
111.685791 
111.676331 
111.665649 
111.655884 
111.645508 
111.635437 
111.625061 
111.614990 
111.604919 
111.594543 
111.584778 
111.574097 
111.563721 
111.553040 
111.542358 
111.531982 
111.520996 
111.510925 
111.501770 
111.492004 
111.481934 
111.472168 
111.461182 
111.450806 
111.440735 
111.429749 
111.419067 
111.408691 
111.398315 
111.387634 
111.377869 
111.367188 
111.357117 
111.346741 
111.336365 
111.326294 
111.316528 
111.305847 
111.294250 
111.282959 
111.273193 
111.262817 
111.252136 
111.242371 
111.232300 
111.221924 
111.212463 
111.202087 
111.191711 
111.181946 
111.171265 
111.161194 
111.150818 
111.139832 
111.129150 
111.118469 
111.108398 
111.098022 
111.089172 
111.079712 
111.069031 
111.059570 
111.049194 
111.038513 
111.027832 
111.017761 
111.006775 
110.996704 
110.986328 
110.975647 
110.965576 
110.955200 
110.945129 
110.935059 
110.924683 
110.914917 
110.904846 
110.893555 
110.882874 
110.871887 
110.861816 
110.851135 
110.841370 
110.831299 
110.820618 
110.810852 
110.801086 
110.790710 
110.780640 
110.770264 
110.759888 
110.749817 
110.739136 
110.728760 
110.718384 
110.706787 
110.696411 
110.686646 
110.677185 
110.667725 
110.657349 
110.647583 
110.637207 
110.626526 
110.616150 
110.605469 
110.594482 
110.584412 
110.574036 
110.563660 
110.553589 
110.542603 
110.532532 
110.522461 
110.512390 
110.502319 
110.491943 
110.481262 
110.470276 
110.458984 
110.448608 
110.438538 
110.428162 
110.418396 
110.408325 
110.398254 
110.387878 
110.377808 
110.367737 
110.357666 
110.347290 
110.337219 
110.326538 
110.316467 
110.306091 
110.296021 
110.285950 
110.277710 
110.268555 
110.260315 
110.252075 
110.243530 
110.235291 
110.226440 
110.218506 
110.210571 
110.202942 
110.196228 
110.188904 
110.182190 
110.176086 
110.169983 
110.164490 
110.158997 
110.154419 
110.149536 
110.145264 
110.139771 
110.135193 
110.130615 
110.126648 
110.123596 
110.119934 
110.117493 
110.115356 
110.113525 
110.111389 
110.109863 
110.108337 
110.107117 
110.106201 
110.104980 
110.104065 
110.103455 
110.102539 
110.102234 
110.101624 
110.102234 
110.103149 
110.103760 
110.104370 
110.103760 
110.104065 
110.104065 
110.103455 
110.103149 
110.103149 
110.103455 
110.103455 
110.103760 
110.103760 
110.103760 
110.104370 
110.104370 
110.104675 
110.105591 
110.105591 
110.105286 
110.104370 
110.103760 
110.103455 
110.104370 
110.104065 
110.104370 
110.104980 
110.104980 
110.105286 
110.105286 
110.105591 
110.105896 
110.105591 
110.105896 
110.105896 
110.105286 
110.105591 
110.104675 
110.104980 
110.105286 
110.105896 
110.107422 
110.107422 
110.107727 
110.107727 
110.107727 
110.107117 
110.106812 
110.106506 
110.106812 
110.106812 
110.106812 
110.106812 
110.106812 
110.106812 
110.107117 
110.107422 
110.107422 
110.107727 
110.106812 
110.105896 
110.105591 
110.105286 
110.105591 
110.105286 
110.105591 
110.105896 
110.105896 
110.106201 
110.106506 
110.105896 
110.106201 
110.106201 
110.105896 
110.106201 
110.105591 
110.105286 
110.104980 
110.105286 
110.105591 
110.106812 
110.106812 
110.107117 
110.107117 
110.106812 
110.107117 
110.107117 
