Blum, K. P., D’Incamps, B. L., Zytnicki, D., & Ting, L. H. (2017).
Force encoding in muscle spindles during stretch of
passive muscle. PLoS computational biology, 13(9), 
e1005767. <https://journals.plos.org/ploscompbiol/article?
id=10.1371/journal.pcbi.1005767>

cat medial gastrocnemius muscle lengths over t  (in 0.0005 s increments)
110.105286 
110.106506 
110.107727 
110.107727 
110.108032 
110.107727 
110.107422 
110.107727 
110.107422 
110.106812 
110.106812 
110.107117 
110.107117 
110.107117 
110.106812 
110.107117 
110.107117 
110.107422 
110.107422 
110.107727 
110.107727 
110.107117 
110.106201 
110.105896 
110.105591 
110.106506 
110.106201 
110.106201 
110.106506 
110.106812 
110.106812 
110.106812 
110.106812 
110.106506 
110.106812 
110.106506 
110.106201 
110.106201 
110.105591 
110.105286 
110.105286 
110.106201 
110.107117 
110.107727 
110.107117 
110.108337 
110.108032 
110.107422 
110.107117 
110.107117 
110.107117 
110.107422 
110.107727 
110.107117 
110.106812 
110.106812 
110.107422 
110.106812 
110.107422 
110.107727 
110.107727 
110.106812 
110.106201 
110.105896 
110.105591 
110.106201 
110.105896 
110.106201 
110.105896 
110.106812 
110.107117 
110.106506 
110.106506 
110.106812 
110.106506 
110.106201 
110.106506 
110.105896 
110.105591 
110.105286 
110.105591 
110.105896 
110.107117 
110.107727 
110.107727 
110.108032 
110.107727 
110.107422 
110.107422 
110.106812 
110.106812 
110.106812 
110.107117 
110.107117 
110.107117 
110.106506 
110.107422 
110.107422 
110.107117 
110.107422 
110.107727 
110.107117 
110.106506 
110.105591 
110.105591 
110.106201 
110.105896 
110.106506 
110.106506 
110.106201 
110.106812 
110.106506 
110.107117 
110.107422 
110.107117 
110.107727 
110.107422 
110.107117 
110.107422 
110.107422 
110.107727 
110.109558 
110.110474 
110.112305 
110.112915 
110.114136 
110.115356 
110.115356 
110.115967 
110.117188 
110.117493 
110.119019 
110.120239 
110.121155 
110.122070 
110.124207 
110.124817 
110.127258 
110.129089 
110.130920 
110.132446 
110.133057 
110.134583 
110.135498 
110.137329 
110.139771 
110.141907 
110.144348 
110.146790 
110.149231 
110.151978 
110.154114 
110.156860 
110.159302 
110.162354 
110.164490 
110.166626 
110.169678 
110.172119 
110.174866 
110.177307 
110.180969 
110.185242 
110.189209 
110.192566 
110.196228 
110.199585 
110.202332 
110.205994 
110.209045 
110.212402 
110.216064 
110.219727 
110.223694 
110.227356 
110.231934 
110.236511 
110.240479 
110.245361 
110.249634 
110.253906 
110.257568 
110.261230 
110.265198 
110.269775 
110.274963 
110.279541 
110.285034 
110.289917 
110.295410 
110.301208 
110.305786 
110.311584 
110.317078 
110.322571 
110.327759 
110.333557 
110.338745 
110.344543 
110.350037 
110.356445 
110.363159 
110.370178 
110.377197 
110.383301 
110.390015 
110.396423 
110.402832 
110.408936 
110.415039 
110.421448 
110.427246 
110.433655 
110.440674 
110.446777 
110.453186 
110.459290 
110.465088 
110.471802 
110.477295 
110.482788 
110.487366 
110.491638 
110.496216 
110.501099 
110.506287 
110.511475 
110.516052 
110.520935 
110.525818 
110.530701 
110.534973 
110.539551 
110.543823 
110.549011 
110.553284 
110.557556 
110.561218 
110.565186 
110.570068 
110.574646 
110.579529 
110.585022 
110.590515 
110.595398 
110.600281 
110.604858 
110.609741 
110.614319 
110.618286 
110.622864 
110.628052 
110.632629 
110.637207 
110.642700 
110.647583 
110.652771 
110.657654 
110.662842 
110.668335 
110.673523 
110.677795 
110.682068 
110.686646 
110.691833 
110.697327 
110.701904 
110.707703 
110.713501 
110.718384 
110.724182 
110.729370 
110.734558 
110.740051 
110.744934 
110.750122 
110.755005 
110.759888 
110.764771 
110.769653 
110.774536 
110.780640 
110.786438 
110.792542 
110.798035 
110.803223 
110.808105 
110.813293 
110.817871 
110.823059 
110.827942 
110.832825 
110.838013 
110.842896 
110.848389 
110.853577 
110.858459 
110.864258 
110.869446 
110.874939 
110.879822 
110.884705 
110.888977 
110.893250 
110.898132 
110.903625 
110.908813 
110.913696 
110.919800 
110.924683 
110.930176 
110.935059 
110.940247 
110.945740 
110.950928 
110.955505 
110.960693 
110.965576 
110.969849 
110.975037 
110.980225 
110.985718 
110.992126 
110.997314 
111.003113 
111.008301 
111.013489 
111.018677 
111.023254 
111.028442 
111.032715 
111.038208 
111.042786 
111.048279 
111.053162 
111.057739 
111.063232 
111.068726 
111.074219 
111.079712 
111.083984 
111.089172 
111.093445 
111.098022 
111.102905 
111.108093 
111.113586 
111.118774 
111.123657 
111.129761 
111.134644 
111.140442 
111.145325 
111.150513 
111.155701 
111.160583 
111.165771 
111.170654 
111.175537 
111.180420 
111.185303 
111.191406 
111.197205 
111.203308 
111.208496 
111.213989 
111.219482 
111.224060 
111.229248 
111.233826 
111.238708 
111.243896 
111.248779 
111.253967 
111.258850 
111.264343 
111.269531 
111.274719 
111.280212 
111.285400 
111.290283 
111.294861 
111.299438 
111.304321 
111.309204 
111.314697 
111.319885 
111.325073 
111.330566 
111.336365 
111.341553 
111.346741 
111.352234 
111.357117 
111.362305 
111.367188 
111.372375 
111.376953 
111.382141 
111.386719 
111.391907 
111.398010 
111.403198 
111.409607 
111.414795 
111.420288 
111.425781 
111.430359 
111.435547 
111.440430 
111.444397 
111.450195 
111.454773 
111.459961 
111.464844 
111.470032 
111.475830 
111.480713 
111.485901 
111.492004 
111.497192 
111.501770 
111.506042 
111.510315 
111.515198 
111.520691 
111.525879 
111.531372 
111.536255 
111.542053 
111.547546 
111.552734 
111.557007 
111.562195 
111.567688 
111.572876 
111.577454 
111.582336 
111.586914 
111.592102 
111.596985 
111.602783 
111.608276 
111.614685 
111.620178 
111.625061 
111.630859 
111.634827 
111.640015 
111.645508 
111.649780 
111.654968 
111.659851 
111.664734 
111.669922 
111.675110 
111.680603 
111.685791 
111.691284 
111.696472 
111.701660 
111.706238 
111.710205 
111.714783 
111.719666 
111.725159 
111.730347 
111.735535 
111.741028 
111.746521 
111.752014 
111.757202 
111.762085 
111.767273 
111.772766 
111.777344 
111.782227 
111.787109 
111.791992 
111.796875 
111.802063 
111.807861 
111.813660 
111.819763 
111.824951 
111.830444 
111.835327 
111.840515 
111.844788 
111.849976 
111.854553 
111.859131 
111.864929 
111.870117 
111.875000 
111.880493 
111.885071 
111.890259 
111.896057 
111.901550 
111.906738 
111.911011 
111.915283 
111.919861 
111.924744 
111.929932 
111.935425 
111.940308 
111.946106 
111.951294 
111.957397 
111.962280 
111.967468 
111.972961 
111.977539 
111.982422 
111.987915 
111.992493 
111.997375 
112.002258 
112.007141 
112.012939 
112.018738 
112.024536 
112.030334 
112.035522 
112.040710 
112.045898 
112.050171 
112.055054 
112.059937 
112.065125 
112.069702 
112.074890 
112.079773 
112.085266 
112.090454 
112.095947 
112.101440 
112.106628 
112.111511 
112.116699 
112.120972 
112.125244 
112.130127 
112.135620 
112.141113 
112.145996 
112.151794 
112.156982 
112.162170 
112.167358 
112.172852 
112.177734 
112.182922 
112.187805 
112.192688 
112.197571 
112.202148 
112.206726 
112.212219 
112.217712 
112.224121 
112.229614 
112.234802 
112.240601 
112.245178 
112.250366 
112.254944 
112.259216 
112.264404 
112.269592 
112.274780 
112.280273 
112.285156 
112.290344 
112.295227 
112.300720 
112.305908 
112.311401 
112.316895 
112.321167 
112.325439 
112.329712 
112.334900 
112.340088 
112.345581 
112.350464 
112.355652 
112.361450 
112.366638 
112.372131 
112.376709 
112.381897 
112.387085 
112.391968 
112.397156 
112.402039 
112.406616 
112.411499 
112.416992 
112.422180 
112.428589 
112.434692 
112.439880 
112.445374 
112.450256 
112.455444 
112.459717 
112.464600 
112.469788 
112.474670 
112.479553 
112.484436 
112.489929 
112.494812 
112.500000 
112.505188 
112.510376 
112.516174 
112.521057 
112.525940 
112.530212 
112.534180 
112.539368 
112.544861 
112.550049 
112.555237 
112.560425 
112.566223 
112.571106 
112.576294 
112.581787 
112.586975 
112.592163 
112.597046 
112.602234 
112.606812 
112.612000 
112.616272 
112.621765 
112.627258 
112.633362 
112.639160 
112.644653 
112.649841 
112.655029 
112.660217 
112.664490 
112.669678 
112.674255 
112.679443 
112.684326 
112.689209 
112.694092 
112.699585 
112.705078 
112.709656 
112.715454 
112.720642 
112.726440 
112.730713 
112.734680 
112.739563 
112.744141 
112.750244 
112.755127 
112.760315 
112.765808 
112.771301 
112.776794 
112.781677 
112.786560 
112.792053 
112.797241 
112.802124 
112.807007 
112.811584 
112.816162 
112.821655 
112.826233 
112.831726 
112.838135 
112.844238 
112.849426 
112.854919 
112.859497 
112.864685 
112.869568 
112.874451 
112.878723 
112.883911 
112.889404 
112.894287 
112.899780 
112.904663 
112.909851 
112.915039 
112.920837 
112.925720 
112.931213 
112.935791 
112.940369 
112.944336 
112.948914 
112.954407 
112.959900 
112.964783 
112.970276 
112.975464 
112.980957 
112.985840 
112.990417 
112.995911 
113.000793 
113.005676 
113.009949 
113.014221 
113.018799 
113.023071 
113.027344 
113.032837 
113.038025 
113.042908 
113.047485 
113.052063 
113.056641 
113.061218 
113.064270 
113.067932 
113.071289 
113.075256 
113.079224 
113.082886 
113.086243 
113.089905 
113.093567 
113.097229 
113.100891 
113.104553 
113.108215 
113.110657 
113.113098 
113.115540 
113.117676 
113.121948 
113.124390 
113.127136 
113.130493 
113.132935 
113.135986 
113.138428 
113.140869 
113.143311 
113.146057 
113.147888 
113.150635 
113.152466 
113.153687 
113.155823 
113.157043 
113.159790 
113.163147 
113.165588 
113.167725 
113.169556 
113.171082 
113.172302 
113.172913 
113.174133 
113.175354 
113.176575 
113.177795 
113.178406 
113.179626 
113.180847 
113.182068 
113.182983 
113.183899 
113.185120 
113.185730 
113.186340 
113.186035 
113.186035 
113.185730 
113.186035 
113.186646 
113.187256 
113.187561 
113.188477 
113.188782 
113.189392 
113.189087 
113.189087 
113.189087 
113.188782 
113.189087 
113.188477 
113.188171 
113.188171 
113.187561 
113.188171 
113.189392 
113.190002 
113.190308 
113.190308 
113.190613 
113.190308 
113.190002 
113.189697 
113.188782 
113.188782 
113.189087 
113.188782 
113.188477 
113.188782 
113.188477 
113.188477 
113.187866 
113.188782 
113.188782 
113.188171 
113.187256 
113.186340 
113.186035 
113.186340 
113.186646 
113.186340 
113.186646 
113.186951 
113.186951 
113.186646 
113.186951 
113.186646 
113.186951 
113.186646 
113.186340 
113.186340 
113.186035 
113.185730 
113.185730 
113.186035 
113.186951 
113.187561 
113.187561 
113.188171 
113.188171 
113.187866 
113.187561 
113.187256 
113.186646 
113.186646 
113.187256 
113.186951 
113.186951 
113.186951 
113.186951 
113.187256 
113.187256 
113.187561 
113.187561 
113.186951 
113.186035 
113.185730 
113.185425 
113.185730 
113.185425 
113.185425 
113.185425 
113.186340 
113.186035 
113.186340 
113.186340 
113.186035 
113.186340 
113.185730 
113.186035 
113.185730 
113.185425 
113.185120 
113.184814 
113.185120 
113.186340 
113.187256 
113.187256 
113.187561 
113.187561 
113.187256 
113.186951 
113.186035 
113.186646 
113.186035 
113.186646 
113.186340 
113.186340 
113.186646 
113.186646 
113.186951 
113.186646 
113.186951 
113.187561 
113.186340 
113.186035 
113.185425 
113.185120 
113.185120 
113.185425 
113.185730 
113.185425 
113.185730 
113.185730 
113.185730 
113.185730 
113.186340 
113.186340 
113.185730 
113.185730 
113.185120 
113.184814 
113.184814 
113.184814 
113.185120 
113.186340 
113.187256 
113.187256 
113.187256 
113.187256 
113.186951 
113.186340 
113.186340 
113.186340 
113.186035 
113.186035 
113.186035 
113.186035 
113.186340 
113.186646 
113.186646 
113.187256 
113.187256 
113.187256 
113.186951 
113.185730 
113.185120 
113.184509 
113.185120 
113.185425 
113.185425 
113.186035 
113.185730 
113.186035 
113.186035 
113.185425 
113.185730 
113.186035 
113.185730 
113.185730 
113.185730 
113.184814 
113.184814 
113.184814 
113.184814 
113.186035 
113.186646 
113.187561 
113.186951 
113.187256 
113.187256 
113.186340 
113.186646 
113.186340 
113.186340 
113.186646 
113.186646 
113.186035 
113.186646 
113.186646 
113.186646 
113.187256 
113.186646 
113.186951 
113.186951 
113.185730 
113.185120 
113.184509 
113.184509 
113.184814 
113.185425 
113.185120 
113.185425 
113.185730 
113.186035 
113.186035 
113.185730 
113.185425 
113.185730 
113.185425 
113.185425 
113.185120 
113.184814 
113.184814 
113.185120 
113.186035 
113.186951 
113.186951 
113.187256 
113.186951 
113.186951 
113.186646 
113.186035 
113.186035 
113.186035 
113.186035 
113.186035 
113.186340 
113.186340 
113.186646 
113.186340 
113.186340 
113.186951 
113.186951 
113.186340 
113.185425 
113.184814 
113.185120 
113.184814 
113.185120 
113.184814 
113.185120 
113.185425 
113.185730 
113.185730 
113.185730 
113.185425 
113.185730 
113.185425 
113.185425 
113.185425 
113.184509 
113.184509 
113.184509 
113.184814 
113.185425 
113.186035 
113.186340 
113.186951 
113.186951 
113.186340 
113.186646 
113.186035 
113.186035 
113.186035 
113.186035 
113.186035 
113.186035 
113.186340 
113.186340 
113.186340 
113.186646 
113.186646 
113.186951 
113.186340 
113.185425 
113.184509 
113.184204 
113.184814 
113.185120 
113.184509 
113.185120 
113.185120 
113.185425 
113.185730 
113.185425 
113.185730 
113.185425 
113.185120 
113.185425 
113.185120 
113.184814 
113.184509 
113.184509 
113.184814 
113.185730 
113.186646 
113.187256 
113.187256 
113.187256 
113.186951 
113.186340 
113.186340 
113.186646 
113.186035 
113.186035 
113.185730 
113.186035 
113.186035 
113.186340 
113.186646 
113.186646 
113.186951 
113.186646 
113.186646 
113.185425 
113.184509 
113.184509 
113.185425 
113.185120 
113.185120 
113.185120 
113.185730 
113.185730 
113.185425 
113.185730 
113.185425 
113.185730 
113.185730 
113.185120 
113.185425 
113.184509 
113.184509 
113.184204 
113.184814 
113.185425 
113.186340 
113.186340 
113.186951 
113.186951 
113.186340 
113.186035 
113.186340 
113.186035 
113.186035 
113.186035 
113.185730 
113.186035 
113.186035 
113.186035 
113.186340 
113.186340 
113.186340 
113.186951 
113.186340 
113.185425 
113.184204 
113.184204 
113.185120 
113.184204 
113.185120 
113.184814 
113.185120 
113.185730 
113.185425 
113.185120 
113.185425 
113.185730 
113.185425 
113.185425 
113.185120 
113.184814 
113.184204 
113.184509 
113.184509 
113.185425 
113.186646 
113.186646 
113.186951 
113.186951 
113.186340 
113.186035 
113.186035 
113.185730 
113.186035 
113.185730 
113.186035 
113.186035 
113.185425 
113.186035 
113.186340 
113.186340 
113.186951 
113.186646 
113.186646 
113.185730 
113.184814 
113.184204 
113.185120 
113.184814 
113.185120 
113.185425 
113.185425 
113.185730 
113.185730 
113.185425 
113.185425 
113.185730 
113.185730 
113.185425 
113.185120 
113.184814 
113.184509 
113.184509 
113.184814 
113.185425 
113.186646 
113.186646 
113.186646 
113.186951 
113.186646 
113.186035 
113.186035 
113.185730 
113.186035 
113.186035 
113.186340 
113.186035 
113.186035 
113.186340 
113.186035 
113.186646 
113.186951 
113.186340 
113.186340 
113.185730 
113.184814 
113.184509 
113.184814 
113.185120 
113.184814 
113.185120 
113.185120 
113.185730 
113.185730 
113.185120 
113.185425 
113.185120 
113.185120 
113.185425 
113.185425 
113.184509 
113.184814 
113.184204 
113.185120 
113.185730 
113.186340 
113.186951 
113.187256 
113.186340 
113.186646 
113.186340 
113.186035 
113.186035 
113.185730 
113.185730 
113.185730 
113.186035 
113.185730 
113.186035 
113.186340 
113.186340 
113.186951 
113.186646 
113.186035 
113.185425 
113.184814 
113.184509 
113.184814 
113.184814 
113.184509 
113.185425 
113.185425 
113.185120 
113.185425 
113.185730 
113.185425 
113.185425 
113.185120 
113.185120 
113.185120 
113.184814 
113.184204 
113.184509 
113.184509 
113.186035 
113.186340 
113.186646 
113.186951 
113.186951 
113.186340 
113.186646 
113.185425 
113.185730 
113.186035 
113.185730 
113.185730 
113.186035 
113.186035 
113.186340 
113.186035 
113.186035 
113.187256 
113.186951 
113.186340 
113.185730 
113.184814 
113.184509 
113.184509 
113.184814 
113.185120 
113.185120 
113.185120 
113.185425 
113.185425 
113.185425 
113.185730 
113.185730 
113.185425 
113.185120 
113.185120 
113.184814 
113.184204 
113.184509 
113.184814 
113.185730 
113.186951 
113.186646 
113.186951 
113.186646 
113.186646 
113.186646 
113.186035 
113.186035 
113.186035 
113.186340 
113.186035 
113.186035 
113.185730 
113.186035 
113.186646 
113.186340 
113.186951 
113.186646 
113.186340 
113.185730 
113.184509 
113.184509 
113.185120 
113.184204 
113.184814 
113.185120 
113.185120 
113.185425 
113.185730 
113.185425 
113.185425 
113.185425 
113.185425 
113.184814 
113.184814 
113.185120 
113.184204 
113.184509 
113.184814 
113.185425 
113.186035 
113.186646 
113.186646 
113.186951 
113.186340 
113.185425 
113.186035 
113.185425 
113.186035 
113.185730 
113.185730 
113.185730 
113.185425 
113.185730 
113.186340 
113.186340 
113.186646 
113.186646 
113.186340 
113.185425 
113.184509 
113.184509 
113.184814 
113.184814 
113.185425 
113.185120 
113.185425 
113.185120 
113.185425 
113.185425 
113.185425 
113.185425 
113.185425 
113.185425 
113.185425 
113.184509 
113.184204 
113.184204 
113.184509 
113.185120 
113.186646 
113.186646 
113.186646 
113.186951 
113.186646 
113.186340 
113.185730 
113.186035 
113.185730 
113.186035 
113.185730 
113.185730 
113.186035 
113.186035 
113.186340 
113.186340 
113.186340 
113.186951 
113.186951 
113.185120 
113.184814 
113.184204 
113.184814 
113.184509 
113.184509 
113.185120 
113.185425 
113.185120 
113.185425 
113.185730 
113.185425 
113.185425 
113.185425 
113.185120 
113.185425 
113.184814 
113.184509 
113.184509 
113.184814 
113.185425 
113.186035 
113.186646 
113.187256 
113.186646 
113.186646 
113.186035 
113.186035 
113.185425 
113.185730 
113.185425 
113.185730 
113.186035 
113.186035 
113.186035 
113.186340 
113.186340 
113.186646 
113.186340 
113.186340 
113.185730 
113.184814 
113.184204 
113.184509 
113.184814 
113.184814 
113.184814 
113.184814 
113.185120 
113.186035 
113.185425 
113.185425 
113.185425 
113.185730 
113.185120 
113.185120 
113.184814 
113.184204 
113.184509 
113.184204 
113.185730 
113.186340 
113.186646 
113.186646 
113.186646 
113.186646 
113.186035 
113.186035 
113.185730 
113.186035 
113.186035 
113.185730 
113.185730 
113.186340 
113.186035 
113.186340 
113.186340 
113.186646 
113.186340 
113.186646 
113.185425 
113.184814 
113.184509 
113.184814 
113.184509 
113.184814 
113.185425 
113.185425 
113.184814 
113.185730 
113.185730 
113.185425 
113.185425 
113.185120 
113.185425 
113.184814 
113.184509 
113.184204 
113.184204 
113.184509 
113.185425 
113.186340 
113.186340 
113.186951 
113.186340 
113.186340 
113.186340 
113.185730 
113.186035 
113.186035 
113.186035 
113.186035 
113.185730 
113.186035 
113.185425 
113.186340 
113.186340 
113.186646 
113.186646 
113.186646 
113.185425 
113.184509 
113.184509 
113.184204 
113.184509 
113.184814 
113.184814 
113.185425 
113.185120 
113.185425 
113.185425 
113.185425 
113.185425 
113.185730 
113.185120 
113.185425 
113.185120 
113.184509 
113.184204 
113.184509 
113.185425 
113.185730 
113.186340 
113.186951 
113.186951 
113.186340 
113.186035 
113.186035 
113.186035 
113.185730 
113.185730 
113.185730 
113.185730 
113.186035 
113.185730 
113.186035 
113.186340 
113.186646 
113.186646 
113.186646 
113.185425 
113.184204 
113.184204 
113.184509 
113.184814 
113.185120 
113.184814 
113.185425 
113.185425 
113.185425 
113.185730 
113.185120 
113.185425 
113.185120 
113.185425 
113.185120 
113.184509 
113.184204 
113.184204 
113.184204 
113.185120 
113.186340 
113.186340 
113.186646 
113.186951 
113.186646 
113.186646 
113.185730 
113.186340 
113.185730 
113.185730 
113.186035 
113.186035 
113.186035 
113.186035 
113.186035 
113.186340 
113.186340 
113.186646 
113.186646 
113.185730 
113.184814 
113.184509 
113.184814 
113.184814 
113.184814 
113.184814 
113.185730 
113.185730 
113.185730 
113.185425 
113.185120 
113.186035 
113.185730 
113.185730 
113.185425 
113.184814 
113.184814 
113.184509 
113.184814 
113.185730 
113.186340 
113.186035 
113.186646 
113.186951 
113.186951 
113.186646 
113.186035 
113.185730 
113.186035 
113.185730 
113.186035 
113.185730 
113.185730 
113.186035 
113.186035 
113.186035 
113.186340 
113.186340 
113.186340 
113.185425 
113.184509 
113.184204 
113.184814 
113.184509 
113.184814 
113.185120 
113.185120 
113.185730 
113.185425 
113.185425 
113.185425 
113.185425 
113.185730 
113.185425 
113.185120 
113.184814 
113.184204 
113.184204 
113.184814 
113.185730 
113.186035 
113.186340 
113.186951 
113.186951 
113.186646 
113.186340 
113.186035 
113.186035 
113.185730 
113.186340 
113.186035 
113.185730 
113.185730 
113.186035 
113.186340 
113.186340 
113.186340 
113.186646 
113.186340 
113.185425 
113.184814 
113.184204 
113.184509 
113.184509 
113.185120 
113.184814 
113.185425 
113.185425 
113.185425 
113.185730 
113.185425 
113.185730 
113.185425 
113.185120 
113.185120 
113.185120 
113.184509 
113.184509 
113.183899 
113.185730 
113.186035 
113.186646 
113.186646 
113.186951 
113.186646 
113.186340 
113.185730 
113.186340 
113.185120 
113.186035 
113.186035 
113.186035 
113.186035 
113.186035 
113.186035 
113.186035 
113.186340 
113.186035 
113.186340 
113.185425 
113.184509 
113.184204 
113.184204 
113.184814 
113.184509 
113.185120 
113.185425 
113.185730 
113.185730 
113.185730 
113.185120 
113.185730 
113.185120 
113.185425 
113.185120 
113.184204 
113.184204 
113.184204 
113.184204 
113.185425 
113.186340 
113.186340 
113.186951 
113.186646 
113.186340 
113.186035 
113.186035 
113.186035 
113.185730 
113.185730 
113.186035 
113.185730 
113.186340 
113.186035 
113.186340 
113.186340 
113.186340 
113.186646 
113.186340 
113.185425 
113.184814 
113.184509 
113.184509 
113.184509 
113.184509 
113.184814 
113.185120 
113.185425 
113.185425 
113.185120 
113.185120 
113.185425 
113.185120 
113.185425 
113.185120 
113.184509 
113.184204 
113.184509 
113.184204 
113.185425 
113.186035 
113.186340 
113.186951 
113.186646 
113.186646 
113.186035 
113.186035 
113.186035 
113.185730 
113.185730 
113.185730 
113.185730 
113.186035 
113.185730 
113.185730 
113.186035 
113.186646 
113.186951 
113.186340 
113.185425 
113.184509 
113.184204 
113.184814 
113.184814 
113.185120 
113.184814 
113.185120 
113.185120 
113.185425 
113.185425 
113.185425 
113.185730 
113.185120 
113.184814 
113.185120 
113.184509 
113.184509 
113.183899 
113.184509 
113.185425 
113.186035 
113.186340 
113.186951 
113.186646 
113.186646 
113.186646 
113.186035 
113.186035 
113.185730 
113.185425 
113.186035 
113.185425 
113.186035 
113.186035 
113.186035 
113.186340 
113.186340 
113.186646 
113.186340 
113.185425 
113.184814 
113.184509 
113.184509 
113.184814 
113.184814 
113.185120 
113.185425 
113.185425 
113.185120 
113.185730 
113.185730 
113.185425 
113.185425 
113.185425 
113.185120 
113.184204 
113.184204 
113.184204 
113.184509 
113.185120 
113.186035 
113.186340 
113.186646 
113.186646 
113.186340 
113.186340 
113.186340 
113.186035 
113.185730 
113.185425 
113.186340 
113.185730 
113.186035 
113.186035 
113.185730 
113.186035 
113.186646 
113.186951 
113.186646 
113.185120 
113.184509 
113.184204 
113.184204 
113.184509 
113.184814 
113.184814 
113.185120 
113.185425 
113.185425 
113.185425 
113.185425 
113.185425 
113.185425 
113.185120 
113.184814 
113.184509 
113.184204 
113.184204 
113.184509 
113.185425 
113.186035 
113.186340 
113.186646 
113.186951 
113.186646 
113.186340 
113.186035 
113.185730 
113.185730 
113.185730 
113.185730 
113.186035 
113.186035 
113.186035 
113.186035 
113.186035 
113.186646 
113.186646 
113.186646 
113.185730 
113.184814 
113.184814 
113.184509 
113.184509 
113.185120 
113.184814 
113.185120 
113.185425 
113.185730 
113.185425 
113.185425 
113.185425 
113.185730 
113.185425 
113.185120 
113.184509 
113.184814 
113.184204 
113.184204 
113.185425 
113.186340 
113.186951 
113.186646 
113.187561 
113.186646 
113.186340 
113.186340 
113.186035 
113.186035 
113.186035 
113.186035 
113.186035 
113.185730 
113.186035 
113.186340 
113.185730 
113.186035 
113.186340 
113.186646 
113.185425 
113.184509 
113.183899 
113.184509 
113.184814 
113.184814 
113.185120 
113.184814 
113.185730 
113.185425 
113.185120 
113.185730 
113.185120 
113.186035 
113.185425 
113.184814 
113.184509 
113.184509 
113.184204 
113.184814 
113.185425 
113.186035 
113.186340 
113.186646 
113.186646 
113.186646 
113.186340 
113.186035 
113.185730 
113.185730 
113.186035 
113.186035 
113.185730 
113.186035 
113.186035 
113.186646 
113.186035 
113.186340 
113.186340 
113.186340 
113.185730 
113.185120 
113.184204 
113.184814 
113.184814 
113.184814 
113.185120 
113.184814 
113.184814 
113.185730 
113.184814 
113.185425 
113.185425 
113.185120 
113.185120 
113.184814 
113.184814 
113.184814 
113.183899 
113.184509 
113.185120 
113.186035 
113.186340 
113.186951 
113.186646 
113.186340 
113.186340 
113.186035 
113.185730 
113.185730 
113.186035 
113.185730 
113.185120 
113.185425 
113.186035 
113.186035 
113.186035 
113.186340 
113.186646 
113.186340 
113.185425 
113.184814 
113.184509 
113.184814 
113.184814 
113.184814 
113.185120 
113.185425 
113.185120 
113.185425 
113.185730 
113.185425 
113.185425 
113.185425 
113.185120 
113.185120 
113.184509 
113.184509 
113.184204 
113.184509 
113.185120 
113.186340 
113.186646 
113.186951 
113.186646 
113.186951 
113.186340 
113.186340 
113.186340 
113.185730 
113.186646 
113.185730 
113.186035 
113.186035 
113.185730 
113.186035 
113.186035 
113.186646 
113.186951 
113.186340 
113.185425 
113.184814 
113.184204 
113.183899 
113.184509 
113.184814 
113.184509 
113.185425 
113.185425 
113.185425 
113.185730 
113.185425 
113.185120 
113.185120 
113.185120 
113.185120 
113.184509 
113.184509 
113.184204 
113.184204 
113.185120 
113.185730 
113.186646 
113.186340 
113.186951 
113.186646 
113.186340 
113.185730 
113.186035 
113.185730 
113.186035 
113.186035 
113.185730 
113.186035 
113.186340 
113.186035 
113.186035 
113.186646 
113.186646 
113.186646 
113.185425 
113.184814 
113.184204 
113.184204 
113.184509 
113.184814 
113.185120 
113.184814 
113.185120 
113.185425 
113.185730 
113.185120 
113.185120 
113.185730 
113.184814 
113.184814 
113.184814 
113.184814 
113.184204 
113.184204 
113.185120 
113.186035 
113.186646 
113.186646 
113.186646 
113.186646 
113.186646 
113.185730 
113.185730 
113.186035 
113.185730 
113.185730 
113.185730 
113.185730 
113.185730 
113.185730 
113.186035 
113.186340 
113.186340 
113.186035 
113.185730 
113.184814 
113.184509 
113.184204 
113.185120 
113.184814 
113.184814 
113.185120 
113.186035 
113.185120 
113.185120 
113.185425 
113.185425 
113.185425 
113.185120 
113.185425 
113.184814 
113.184509 
113.184204 
113.183899 
113.185120 
113.186035 
113.186035 
113.186646 
113.186951 
113.186951 
113.186340 
113.186035 
113.185730 
113.186035 
113.186035 
113.185730 
113.186035 
113.185730 
113.186035 
113.186035 
113.185730 
113.186340 
113.186646 
113.186646 
113.185120 
113.184509 
113.184204 
113.184509 
113.184509 
113.184814 
113.185425 
113.185425 
113.185425 
113.185425 
113.185425 
113.185425 
113.185120 
113.185425 
113.185120 
113.184509 
113.184814 
113.184204 
113.184509 
113.184204 
113.185425 
113.186035 
113.186340 
113.186646 
113.186951 
113.186646 
113.186340 
113.186035 
113.186035 
113.186340 
113.185730 
113.185730 
113.185730 
113.186035 
113.186035 
113.186035 
113.186035 
113.186340 
113.186646 
113.186646 
113.186035 
113.184814 
113.184509 
113.184204 
113.184814 
113.184814 
113.185425 
113.185120 
113.185730 
113.185120 
113.185120 
113.185425 
113.185120 
113.185425 
113.185730 
113.184814 
113.184814 
113.184509 
113.184204 
113.184204 
113.185120 
113.186340 
113.186646 
113.186646 
113.186951 
113.186340 
113.186035 
113.186035 
113.185730 
113.185730 
113.186035 
113.185730 
113.185730 
113.185425 
113.185425 
113.186035 
113.186340 
113.186340 
113.186951 
113.186340 
113.185730 
113.184814 
113.184509 
113.184509 
113.184814 
113.185120 
113.185425 
113.185425 
113.185425 
113.185425 
113.185730 
113.185425 
113.185120 
113.184814 
113.185425 
113.184814 
113.184814 
113.184509 
113.183899 
113.184204 
113.185425 
113.186035 
113.186340 
113.186951 
113.186951 
113.186951 
113.186340 
113.186035 
113.186035 
113.185730 
113.185730 
113.186035 
113.185730 
113.186035 
113.186035 
113.186035 
113.186340 
113.186340 
113.186646 
113.186340 
113.185425 
113.185120 
113.184204 
113.184509 
113.184814 
113.184814 
113.185120 
113.185425 
113.185425 
113.185730 
113.185425 
113.185730 
113.185425 
113.184814 
113.185120 
113.185120 
113.184509 
113.184204 
113.184509 
113.184204 
113.185120 
113.186035 
113.186646 
113.186951 
113.186646 
113.186340 
113.186646 
113.186035 
113.186035 
113.185730 
113.186035 
113.185730 
113.185425 
113.185730 
113.186035 
113.186035 
113.186035 
113.186340 
113.186340 
113.186340 
113.185730 
113.184814 
113.184509 
113.184509 
113.184814 
113.184509 
113.185120 
113.185120 
113.185425 
113.185425 
113.185730 
113.185425 
113.185425 
113.185425 
113.185425 
113.185120 
113.184509 
113.184204 
113.184509 
113.184509 
113.185120 
113.186340 
113.186646 
113.186951 
113.186646 
113.186646 
113.186035 
113.186035 
113.186340 
113.185730 
113.185730 
113.185425 
113.185425 
113.185425 
113.185730 
113.186035 
113.186340 
113.186646 
113.186646 
113.186951 
113.186035 
113.185120 
113.184204 
113.184509 
113.184204 
113.184814 
113.185120 
113.185425 
113.185120 
113.185120 
113.185120 
113.185425 
113.185120 
113.185730 
113.185425 
113.185120 
113.184509 
113.184204 
113.184204 
113.184509 
113.185120 
113.185730 
113.186340 
113.186646 
113.186951 
113.186340 
113.186340 
113.186035 
113.186035 
113.185730 
113.185425 
113.185425 
113.185730 
113.185730 
113.186035 
113.186035 
113.185425 
113.186646 
113.186340 
113.186646 
113.185730 
113.184814 
113.184204 
113.184509 
113.184814 
113.184814 
113.185120 
113.185425 
113.185120 
113.185425 
113.185425 
113.185425 
113.185425 
113.185425 
113.185120 
113.185120 
113.184814 
113.184509 
113.184509 
113.184204 
113.185120 
113.186035 
113.186035 
113.186340 
113.186340 
113.186646 
113.186340 
113.185730 
113.185730 
113.185425 
113.186035 
113.186035 
113.185425 
113.185425 
113.185730 
113.186035 
113.186340 
113.186035 
113.186646 
113.186340 
113.186035 
113.185120 
113.184814 
113.184509 
113.184814 
113.184814 
113.184814 
113.185425 
113.185425 
113.185425 
113.185425 
113.185425 
113.185730 
113.184814 
113.185425 
113.184814 
113.184814 
113.184204 
113.184509 
113.184509 
113.185120 
113.185730 
113.186340 
113.186646 
113.186951 
113.186340 
113.186340 
113.185730 
113.185730 
113.185730 
113.186035 
113.185730 
113.186035 
113.185730 
113.186035 
113.186035 
113.186340 
113.186340 
113.186646 
113.186646 
113.185425 
113.184509 
113.184814 
113.184204 
113.184814 
113.185120 
113.184814 
113.185425 
113.185120 
113.185425 
113.185730 
113.185425 
113.185730 
113.185425 
113.185425 
113.185120 
113.184814 
113.184204 
113.184204 
113.184204 
113.184814 
113.185730 
113.186646 
113.186646 
113.186951 
113.186340 
113.186035 
113.186035 
113.185730 
113.185730 
113.185730 
113.185425 
113.185730 
113.185730 
113.186035 
113.185730 
113.186035 
113.186340 
113.186646 
113.186340 
113.185730 
113.185120 
113.184204 
113.184509 
113.184814 
113.184814 
113.185120 
113.185120 
113.185120 
113.185425 
113.185425 
113.185120 
113.185425 
113.185120 
113.185120 
113.185120 
113.184814 
113.184509 
113.184204 
113.184509 
113.185425 
113.186340 
113.186951 
113.186646 
113.186646 
113.186646 
113.186035 
113.186340 
113.186035 
113.185425 
113.185425 
113.185730 
113.185425 
113.185425 
113.185730 
113.186340 
113.186340 
113.186340 
113.186340 
113.186340 
113.186035 
113.185120 
113.183899 
113.184509 
113.184509 
113.185120 
113.185120 
113.185120 
113.185425 
113.185730 
113.185425 
113.185425 
113.185425 
113.185425 
113.185120 
113.185425 
113.185120 
113.184204 
113.184204 
113.184509 
113.185120 
113.185730 
113.186340 
113.186340 
113.186340 
113.186646 
113.186035 
113.186035 
113.185730 
113.185425 
113.185425 
113.185730 
113.185730 
113.185730 
113.185730 
113.186035 
113.186035 
113.186646 
113.186340 
113.186646 
113.185730 
113.184814 
113.184204 
113.184204 
113.184509 
113.185120 
113.184814 
113.185120 
113.185730 
113.185425 
113.185425 
113.185425 
113.184814 
113.185425 
113.185425 
113.185425 
113.184814 
113.184814 
113.183899 
113.184204 
113.185120 
113.186035 
113.186646 
113.186340 
113.187256 
113.186646 
113.186035 
113.186035 
113.185730 
113.185730 
113.185730 
113.185730 
113.186035 
113.185730 
113.186035 
113.186035 
113.185730 
113.186340 
113.186646 
113.186340 
113.185730 
113.185120 
113.184204 
113.184814 
113.184814 
113.184509 
113.185120 
113.185425 
113.184814 
113.185120 
113.185120 
113.185425 
113.185425 
113.185120 
113.185120 
113.184814 
113.184814 
113.184509 
113.184204 
113.184509 
113.185425 
113.185730 
113.186340 
113.186951 
113.186646 
113.186646 
113.186340 
113.186035 
113.186035 
113.185730 
113.185425 
113.185425 
113.185425 
113.185730 
113.185730 
113.186340 
113.186035 
113.186646 
113.186340 
113.186340 
113.185730 
113.184814 
113.184509 
113.184509 
113.184509 
113.184509 
113.184814 
113.185120 
113.184814 
113.185730 
113.185425 
113.185425 
113.185425 
113.185120 
113.185120 
113.185120 
113.185120 
113.184509 
113.184204 
113.184509 
113.185120 
113.186035 
113.186340 
113.186951 
113.186340 
113.186646 
113.186340 
113.185730 
113.185730 
113.185730 
113.185730 
113.186035 
113.185730 
113.185730 
113.185425 
113.185730 
113.186340 
113.186035 
113.186646 
113.186340 
113.186035 
113.184814 
113.184509 
113.184204 
113.184814 
113.184814 
113.184814 
113.184814 
113.185120 
113.185120 
113.184814 
113.185120 
113.184814 
113.184509 
113.184509 
113.183899 
113.182983 
113.181763 
113.181152 
113.181152 
113.180847 
113.181152 
113.181152 
113.180847 
113.179932 
113.178711 
113.177490 
113.175964 
113.175049 
113.173523 
113.172607 
113.171387 
113.169861 
113.168335 
113.166504 
113.165894 
113.164368 
113.162842 
113.161621 
113.159485 
113.157043 
113.154602 
113.152161 
113.149414 
113.147583 
113.145447 
113.143311 
113.141479 
113.139343 
113.136902 
113.134766 
113.132019 
113.129578 
113.126221 
113.123474 
113.120728 
113.117676 
113.114014 
113.110352 
113.107300 
113.104553 
113.102112 
113.099365 
113.096008 
113.092651 
113.088684 
113.084717 
113.080750 
113.076782 
113.072510 
113.068542 
113.064575 
113.059998 
113.055420 
113.051147 
113.047180 
113.042603 
113.038330 
113.034363 
113.030090 
113.024292 
113.018188 
113.013611 
113.008423 
113.003235 
112.998352 
112.993469 
112.988586 
112.984009 
112.979126 
112.974243 
112.969055 
112.963867 
112.958679 
112.953186 
112.947693 
112.942200 
112.936707 
112.931213 
112.925720 
112.921143 
112.916870 
112.912598 
112.907104 
112.902222 
112.896729 
112.890930 
112.885437 
112.879639 
112.874451 
112.868958 
112.863770 
112.858582 
112.853394 
112.848206 
112.843323 
112.838135 
112.833252 
112.828064 
112.823486 
112.817078 
112.811279 
112.805176 
112.799988 
112.795105 
112.789917 
112.784729 
112.779846 
112.775269 
112.770081 
112.765198 
112.760315 
112.755127 
112.749939 
112.744751 
112.738342 
112.733459 
112.727661 
112.722473 
112.717285 
112.712708 
112.709045 
112.704468 
112.698975 
112.694092 
112.689209 
112.683716 
112.678528 
112.672729 
112.667847 
112.662048 
112.657166 
112.651978 
112.646484 
112.641602 
112.636719 
112.631836 
112.626953 
112.621765 
112.616577 
112.610779 
112.604980 
112.599182 
112.593994 
112.589111 
112.583313 
112.579041 
112.573547 
112.569275 
112.564087 
112.558899 
112.554321 
112.549133 
112.543640 
112.538452 
112.532959 
112.527771 
112.522583 
112.516785 
112.511902 
112.507019 
112.502747 
112.498474 
112.493591 
112.488708 
112.483521 
112.477722 
112.472534 
112.467041 
112.461853 
112.456970 
112.451477 
112.445984 
112.441101 
112.436218 
112.431030 
112.425537 
112.420959 
112.416077 
112.410889 
112.405396 
112.398987 
112.393188 
112.388000 
112.382813 
112.377930 
112.373047 
112.368164 
112.363281 
112.358704 
112.352905 
112.348022 
112.343445 
112.338257 
112.333374 
112.327576 
112.322388 
112.316895 
112.311096 
112.306519 
112.301636 
112.297363 
112.293091 
112.287903 
112.283630 
112.278137 
112.272644 
112.266846 
112.261353 
112.255859 
112.250977 
112.245789 
112.240295 
112.235107 
112.229919 
112.225342 
112.220459 
112.214966 
112.210693 
112.205811 
112.199402 
112.193298 
112.187805 
112.182312 
112.177429 
112.172241 
112.167358 
112.162170 
112.157288 
112.152710 
112.147522 
112.142029 
112.137756 
112.132263 
112.127075 
112.121582 
112.115784 
112.110291 
112.104797 
112.099304 
112.095337 
112.090759 
112.086182 
112.081299 
112.076721 
112.071228 
112.066345 
112.060547 
112.055359 
112.049561 
112.044373 
112.039490 
112.033691 
112.028503 
112.023621 
112.018738 
112.013245 
112.008667 
112.003784 
111.998596 
111.992493 
111.986694 
111.981201 
111.975708 
111.970520 
111.966248 
111.961060 
111.955566 
111.951294 
111.946106 
111.940918 
111.935730 
111.930542 
111.925354 
111.920471 
111.914978 
111.909790 
111.903992 
111.898804 
111.893311 
111.889038 
111.884460 
111.880493 
111.875610 
111.870422 
111.865234 
111.860046 
111.854248 
111.848755 
111.843872 
111.838684 
111.833496 
111.828003 
111.823120 
111.817932 
111.812744 
111.807556 
111.802673 
111.797485 
111.792603 
111.786804 
111.781006 
111.775208 
111.770325 
111.765137 
111.759949 
111.754150 
111.749878 
111.744995 
111.739807 
111.735229 
111.730042 
111.725159 
111.720276 
111.714783 
111.709290 
111.704102 
111.698914 
111.693420 
111.688232 
111.683655 
111.679382 
111.674500 
111.669617 
111.665344 
111.660461 
111.654663 
111.649170 
111.643372 
111.638184 
111.632690 
111.627197 
111.622620 
111.617126 
111.612244 
111.607056 
111.602173 
111.597290 
111.592407 
111.586914 
111.581726 
111.575317 
111.569519 
111.564636 
111.559448 
111.554260 
111.549377 
111.544495 
111.539917 
111.535034 
111.529541 
111.524658 
111.519470 
111.514282 
111.509094 
111.503906 
111.498718 
111.492920 
111.487427 
111.481934 
111.477661 
111.473389 
111.468811 
111.464233 
111.459351 
111.453552 
111.448364 
111.443481 
111.437378 
111.432495 
111.427002 
111.421814 
111.416626 
111.411133 
111.406555 
111.401062 
111.395874 
111.391602 
111.386414 
111.381836 
111.375427 
111.369324 
111.363831 
111.358643 
111.353760 
111.348572 
111.343689 
111.338501 
111.333923 
111.328735 
111.323547 
111.318970 
111.313782 
111.308594 
111.303101 
111.297607 
111.292725 
111.286926 
111.281433 
111.276245 
111.271362 
111.267700 
111.263123 
111.257935 
111.253357 
111.248169 
111.243286 
111.237488 
111.231995 
111.226196 
111.221313 
111.216125 
111.210938 
111.205750 
111.200562 
111.195679 
111.190491 
111.185303 
111.181030 
111.175537 
111.169739 
111.163330 
111.157532 
111.152344 
111.147461 
111.141663 
111.137390 
111.132813 
111.127319 
111.123047 
111.117859 
111.113281 
111.107788 
111.102600 
111.097412 
111.092224 
111.087036 
111.081543 
111.075745 
111.070557 
111.066284 
111.062012 
111.057434 
111.052551 
111.047668 
111.042786 
111.036987 
111.031799 
111.026001 
111.020813 
111.015625 
111.009827 
111.004944 
110.999756 
110.994568 
110.989685 
110.984497 
110.979614 
110.975037 
110.969849 
110.964355 
110.958252 
110.952454 
110.947266 
110.942078 
110.937195 
110.932007 
110.927429 
110.922546 
110.917969 
110.912781 
110.907593 
110.902710 
110.897522 
110.892334 
110.886841 
110.881958 
110.876160 
110.870972 
110.865479 
110.861206 
110.856628 
110.852051 
110.846863 
110.842285 
110.836792 
110.831909 
110.826111 
110.820923 
110.815430 
110.809937 
110.805054 
110.799255 
110.794678 
110.789185 
110.784302 
110.779419 
110.773926 
110.769653 
110.764465 
110.758667 
110.752869 
110.746765 
110.741882 
110.736389 
110.731201 
110.726929 
110.722046 
110.716858 
110.711975 
110.707092 
110.701599 
110.696716 
110.691528 
110.686340 
110.680847 
110.675659 
110.669861 
110.664063 
110.659485 
110.654297 
110.650330 
110.645752 
110.641174 
110.635986 
110.631104 
110.625610 
110.620422 
110.615540 
110.609436 
110.603943 
110.598755 
110.593567 
110.588684 
110.583801 
110.578613 
110.573425 
110.568542 
110.563965 
110.558777 
110.552979 
110.546570 
110.540771 
110.535583 
110.530701 
110.525513 
110.520935 
110.515747 
110.510864 
110.506287 
110.500793 
110.495911 
110.491028 
110.485535 
110.480347 
110.475464 
110.469971 
110.464172 
110.458679 
110.453796 
110.449219 
110.444641 
110.440063 
110.435486 
110.430908 
110.425415 
110.420227 
110.414734 
110.409241 
110.403442 
110.399170 
110.393372 
110.387878 
110.382690 
110.377808 
110.372314 
110.367737 
110.362549 
110.357971 
110.352783 
110.347290 
110.341187 
110.335083 
110.329895 
110.325012 
110.319824 
110.315247 
110.310669 
110.305786 
110.300903 
110.296021 
110.291138 
110.286255 
110.281677 
110.276794 
110.271912 
110.267029 
110.262146 
110.257568 
110.252991 
110.249023 
110.245667 
110.242615 
110.238342 
110.234985 
110.230408 
110.225830 
110.222473 
110.217896 
110.213928 
110.209961 
110.206299 
110.202637 
110.199280 
110.195618 
110.192566 
110.189514 
110.186157 
110.183716 
110.180359 
110.176697 
110.173035 
110.169678 
110.166321 
110.163879 
110.161133 
110.158997 
110.156555 
110.154419 
110.151978 
110.149841 
110.147400 
110.145569 
110.143127 
110.141296 
110.138550 
110.136108 
110.133972 
110.131836 
110.130005 
110.129089 
110.127869 
110.127258 
110.125732 
110.124207 
110.122986 
110.121155 
110.119934 
110.118408 
110.116577 
110.115356 
110.114746 
110.112915 
110.112305 
110.111389 
110.110779 
110.110168 
110.109863 
110.109558 
110.108948 
110.108032 
110.106812 
110.105286 
110.104370 
110.104675 
110.104370 
110.104675 
110.104675 
110.104675 
110.105286 
110.105286 
110.104675 
110.104675 
110.104980 
110.104980 
110.104980 
110.105286 
110.104065 
110.104065 
110.103760 
110.104980 
110.105591 
110.106201 
110.106506 
110.106812 
110.106506 
110.106506 
110.106201 
110.106201 
110.105896 
110.105896 
110.105591 
110.105591 
110.105591 
110.106201 
110.106201 
110.105896 
110.106812 
110.107117 
110.106812 
110.106506 
110.105896 
110.104980 
110.104675 
110.105286 
110.105286 
110.105286 
110.105591 
110.106201 
110.106506 
110.105896 
110.106201 
110.106201 
110.105896 
110.105896 
110.105896 
110.105591 
110.105591 
110.104980 
110.104980 
110.105896 
110.106506 
110.107422 
110.107422 
110.107727 
110.107727 
110.107727 
110.107117 
110.107422 
110.106812 
110.107117 
110.106812 
110.106506 
110.107117 
110.106812 
110.107117 
110.107117 
110.106812 
110.107422 
110.108032 
110.106812 
110.106201 
110.105286 
110.105286 
110.105591 
110.105591 
110.105896 
110.106201 
110.106201 
110.106812 
110.106506 
110.106506 
110.106812 
110.106201 
110.106506 
110.106201 
110.105896 
110.105591 
110.105591 
