Blum, K. P., D’Incamps, B. L., Zytnicki, D., & Ting, L. H. (2017).
Force encoding in muscle spindles during stretch of
passive muscle. PLoS computational biology, 13(9), 
e1005767. <https://journals.plos.org/ploscompbiol/article?
id=10.1371/journal.pcbi.1005767>

cat medial gastrocnemius muscle lengths over t  (in 0.0005 s increments)
110.111084 
110.111694 
110.111084 
110.110168 
110.109558 
110.108948 
110.108643 
110.108948 
110.108948 
110.108948 
110.109558 
110.109863 
110.109863 
110.109863 
110.109863 
110.110168 
110.110168 
110.109863 
110.109253 
110.109253 
110.108337 
110.108337 
110.108643 
110.109558 
110.110168 
110.110779 
110.111084 
110.110474 
110.110779 
110.110474 
110.110168 
110.110168 
110.110779 
110.110168 
110.110474 
110.110168 
110.110474 
110.110168 
110.110474 
110.110779 
110.111389 
110.111694 
110.111389 
110.110168 
110.109558 
110.108643 
110.108643 
110.109253 
110.109253 
110.109558 
110.109558 
110.109253 
110.109558 
110.109253 
110.109558 
110.109863 
110.109863 
110.109558 
110.109253 
110.109558 
110.108948 
110.108337 
110.108948 
110.109863 
110.110168 
110.111389 
110.110779 
110.110779 
110.110474 
110.110779 
110.110168 
110.110168 
110.110168 
110.109863 
110.110168 
110.110168 
110.110168 
110.110474 
110.110779 
110.110474 
110.111389 
110.111694 
110.111389 
110.110168 
110.108948 
110.108643 
110.108643 
110.108948 
110.108948 
110.109253 
110.109253 
110.108948 
110.109863 
110.109558 
110.109253 
110.109558 
110.109863 
110.109253 
110.109558 
110.108643 
110.108337 
110.108032 
110.108643 
110.109558 
110.110474 
110.111084 
110.111084 
110.110474 
110.110779 
110.110779 
110.110474 
110.110779 
110.110474 
110.110474 
110.110779 
110.111389 
110.111084 
110.112000 
110.112305 
110.113220 
110.114441 
110.115356 
110.115967 
110.115967 
110.117188 
110.117493 
110.119019 
110.121155 
110.123291 
110.125427 
110.127563 
110.129700 
110.132751 
110.134888 
110.137329 
110.140076 
110.142822 
110.145874 
110.148315 
110.151367 
110.154419 
110.157471 
110.161133 
110.165710 
110.170593 
110.175476 
110.180054 
110.183716 
110.188293 
110.192566 
110.196838 
110.201416 
110.206299 
110.211487 
110.216675 
110.221863 
110.227966 
110.233459 
110.239868 
110.246277 
110.252380 
110.259094 
110.265198 
110.270996 
110.276794 
110.282898 
110.289612 
110.296631 
110.304565 
110.312500 
110.320129 
110.328064 
110.335693 
110.343933 
110.352478 
110.360718 
110.369263 
110.377502 
110.386047 
110.395203 
110.403748 
110.412598 
110.422363 
110.433044 
110.443726 
110.454407 
110.464478 
110.474854 
110.484924 
110.495605 
110.505981 
110.516663 
110.527344 
110.538940 
110.550537 
110.561523 
110.572815 
110.584717 
110.596313 
110.608521 
110.620728 
110.632629 
110.643921 
110.655518 
110.665588 
110.676270 
110.687256 
110.699158 
110.710754 
110.722046 
110.733337 
110.744324 
110.755005 
110.765381 
110.775757 
110.785828 
110.796204 
110.805359 
110.814819 
110.823975 
110.832214 
110.840759 
110.849915 
110.859070 
110.868835 
110.877380 
110.885315 
110.893250 
110.900879 
110.907593 
110.914307 
110.921631 
110.928345 
110.935364 
110.942383 
110.948792 
110.955200 
110.961304 
110.967712 
110.973816 
110.980530 
110.986633 
110.992126 
110.997314 
111.001282 
111.006165 
111.011658 
111.016846 
111.022339 
111.027832 
111.033020 
111.037598 
111.042480 
111.047363 
111.051636 
111.056213 
111.060486 
111.064758 
111.068420 
111.072083 
111.075439 
111.079102 
111.082764 
111.087341 
111.091614 
111.095886 
111.099243 
111.102295 
111.105347 
111.107788 
111.110840 
111.112976 
111.115417 
111.117859 
111.119995 
111.122437 
111.124573 
111.126709 
111.128540 
111.130676 
111.132813 
111.134338 
111.135559 
111.135559 
111.135864 
111.136475 
111.136780 
111.137695 
111.138916 
111.139526 
111.140137 
111.140747 
111.141052 
111.141663 
111.142578 
111.142578 
111.142578 
111.142883 
111.142578 
111.142578 
111.141968 
111.141663 
111.141663 
111.142883 
111.144104 
111.144409 
111.144409 
111.144409 
111.144104 
111.143799 
111.143188 
111.143494 
111.143188 
111.143494 
111.143188 
111.142883 
111.142883 
111.142883 
111.143188 
111.142883 
111.143188 
111.143799 
111.143188 
111.142273 
111.141052 
111.140137 
111.140442 
111.139526 
111.140442 
111.140137 
111.140442 
111.140442 
111.140747 
111.140442 
111.140442 
111.140137 
111.139832 
111.140137 
111.139221 
111.139221 
111.138916 
111.138611 
111.138611 
111.139526 
111.140137 
111.140747 
111.140747 
111.140747 
111.140442 
111.140747 
111.140137 
111.140137 
111.139526 
111.139832 
111.140137 
111.139832 
111.140137 
111.140137 
111.140137 
111.140442 
111.140747 
111.141357 
111.140747 
111.139526 
111.138916 
111.138306 
111.138306 
111.138306 
111.138306 
111.138306 
111.139221 
111.138916 
111.138916 
111.139221 
111.139221 
111.138916 
111.139221 
111.139221 
111.138611 
111.138306 
111.138000 
111.138306 
111.138000 
111.139221 
111.140137 
111.141052 
111.141052 
111.140442 
111.140747 
111.140747 
111.140442 
111.140137 
111.140442 
111.140442 
111.139832 
111.140442 
111.140442 
111.140442 
111.141052 
111.140747 
111.141663 
111.142273 
111.141663 
111.140747 
111.139526 
111.139221 
111.138916 
111.139832 
111.139526 
111.140137 
111.140137 
111.140137 
111.140442 
111.140442 
111.140442 
111.140442 
111.140442 
111.140442 
111.140442 
111.140137 
111.139526 
111.138916 
111.139526 
111.140747 
111.141052 
111.141968 
111.141968 
111.141968 
111.141968 
111.141663 
111.141052 
111.141052 
111.141052 
111.141357 
111.140747 
111.141357 
111.141052 
111.140747 
111.141052 
111.141357 
111.141968 
111.142883 
111.141968 
111.140747 
111.139832 
111.139526 
111.139526 
111.139526 
111.139832 
111.139832 
111.140137 
111.140137 
111.140137 
111.140137 
111.140137 
111.139832 
111.139832 
111.139526 
111.139526 
111.138916 
111.138916 
111.138306 
111.138916 
111.139832 
111.140442 
111.140442 
111.140747 
111.140747 
111.140442 
111.140137 
111.140137 
111.140137 
111.139526 
111.140137 
111.139526 
111.139526 
111.139832 
111.139221 
111.140137 
111.140137 
111.140442 
111.140747 
111.140442 
111.139526 
111.138306 
111.138000 
111.138000 
111.138306 
111.138306 
111.138000 
111.138611 
111.138306 
111.138916 
111.138916 
111.138916 
111.138916 
111.138916 
111.138611 
111.138306 
111.138000 
111.138000 
111.137695 
111.138306 
111.139221 
111.139832 
111.140747 
111.141052 
111.141357 
111.140442 
111.140442 
111.140442 
111.139832 
111.140137 
111.140747 
111.140137 
111.140442 
111.139832 
111.140747 
111.141052 
111.141357 
111.142273 
111.142273 
111.141357 
111.141052 
111.139832 
111.139832 
111.139832 
111.140137 
111.140442 
111.140747 
111.140442 
111.140747 
111.141052 
111.141357 
111.141357 
111.141663 
111.141357 
111.141357 
111.141663 
111.141357 
111.140747 
111.140137 
111.140747 
111.141968 
111.142883 
111.143494 
111.143799 
111.143799 
111.143188 
111.143494 
111.143188 
111.142883 
111.143188 
111.142883 
111.142578 
111.142883 
111.142883 
111.143188 
111.143188 
111.143494 
111.144104 
111.143494 
111.143799 
111.142578 
111.141663 
111.141663 
111.141052 
111.141663 
111.141357 
111.141357 
111.141663 
111.141968 
111.141968 
111.141968 
111.141663 
111.141663 
111.141357 
111.141663 
111.141357 
111.141052 
111.140442 
111.140137 
111.140442 
111.141052 
111.142273 
111.142578 
111.142883 
111.142273 
111.142273 
111.142273 
111.141663 
111.141357 
111.141663 
111.141052 
111.141052 
111.141052 
111.140747 
111.140442 
111.141052 
111.141357 
111.141968 
111.141663 
111.141357 
111.140137 
111.139221 
111.138611 
111.138916 
111.138916 
111.138916 
111.138916 
111.139221 
111.139526 
111.139221 
111.139221 
111.139221 
111.139526 
111.139221 
111.139221 
111.138611 
111.138306 
111.138306 
111.138000 
111.138306 
111.139221 
111.140137 
111.140747 
111.140747 
111.140747 
111.140442 
111.140442 
111.140747 
111.140137 
111.139832 
111.140137 
111.139832 
111.140137 
111.139832 
111.140137 
111.140137 
111.140747 
111.141052 
111.141663 
111.141663 
111.140442 
111.139526 
111.139221 
111.139221 
111.139526 
111.139832 
111.139526 
111.140137 
111.140137 
111.140442 
111.140747 
111.140747 
111.140442 
111.140442 
111.140747 
111.140747 
111.140442 
111.139832 
111.139526 
111.140137 
111.140747 
111.142273 
111.142883 
111.143188 
111.142883 
111.142883 
111.142578 
111.142273 
111.142273 
111.142273 
111.142578 
111.142578 
111.142273 
111.142578 
111.142578 
111.143188 
111.143188 
111.143799 
111.143799 
111.144104 
111.142578 
111.141663 
111.141357 
111.141052 
111.141357 
111.141663 
111.141357 
111.142273 
111.142273 
111.142273 
111.142273 
111.142273 
111.142273 
111.141968 
111.141968 
111.141968 
111.141663 
111.141052 
111.141052 
111.141052 
111.142273 
111.143188 
111.143494 
111.143799 
111.143494 
111.143188 
111.143494 
111.142578 
111.142883 
111.142578 
111.142578 
111.142578 
111.142578 
111.142883 
111.142578 
111.142883 
111.143494 
111.143799 
111.143494 
111.143494 
111.142273 
111.141357 
111.140747 
111.140442 
111.141052 
111.141052 
111.141052 
111.141357 
111.141663 
111.141357 
111.141663 
111.141663 
111.141052 
111.141357 
111.141052 
111.140747 
111.140442 
111.140137 
111.139832 
111.140137 
111.141052 
111.141968 
111.142273 
111.142883 
111.141968 
111.141663 
111.141968 
111.141663 
111.141052 
111.141663 
111.141357 
111.141052 
111.141357 
111.141052 
111.141357 
111.141357 
111.141663 
111.141968 
111.142273 
111.141968 
111.140747 
111.139526 
111.139221 
111.138916 
111.139526 
111.139526 
111.139526 
111.139526 
111.140137 
111.140137 
111.139832 
111.139832 
111.140137 
111.139832 
111.139832 
111.139832 
111.139526 
111.139221 
111.139221 
111.138916 
111.139832 
111.140747 
111.141357 
111.141357 
111.141052 
111.141052 
111.140747 
111.141052 
111.140442 
111.140137 
111.140747 
111.140442 
111.140137 
111.140747 
111.140747 
111.141052 
111.141357 
111.141357 
111.141968 
111.141663 
111.141052 
111.139526 
111.139526 
111.138916 
111.139526 
111.139221 
111.139832 
111.139832 
111.140442 
111.139832 
111.140442 
111.140137 
111.140442 
111.140442 
111.139832 
111.139832 
111.139832 
111.139526 
111.138916 
111.139221 
111.140442 
111.141357 
111.141968 
111.141968 
111.141968 
111.141663 
111.141663 
111.141357 
111.141357 
111.141357 
111.141357 
111.140747 
111.141357 
111.141052 
111.141357 
111.141968 
111.141663 
111.142273 
111.143188 
111.142578 
111.141357 
111.140137 
111.139832 
111.139832 
111.140137 
111.140747 
111.140442 
111.140747 
111.140747 
111.140747 
111.140442 
111.141052 
111.141357 
111.141052 
111.141052 
111.140747 
111.140442 
111.140442 
111.139832 
111.140137 
111.141052 
111.141968 
111.142883 
111.142883 
111.142273 
111.142273 
111.142578 
111.141968 
111.141968 
111.141968 
111.141663 
111.141968 
111.141663 
111.141968 
111.141968 
111.142273 
111.142578 
111.142883 
111.143494 
111.142883 
111.141968 
111.141052 
111.140442 
111.140137 
111.140747 
111.140747 
111.140747 
111.141052 
111.141663 
111.141357 
111.141357 
111.141357 
111.141052 
111.141052 
111.141357 
111.141052 
111.140747 
111.140442 
111.139832 
111.140137 
111.141052 
111.141968 
111.142578 
111.142578 
111.142273 
111.141968 
111.142273 
111.141663 
111.141663 
111.141663 
111.141357 
111.141357 
111.141663 
111.141663 
111.141357 
111.141968 
111.142273 
111.142273 
111.142578 
111.141663 
111.141357 
111.139832 
111.139526 
111.139221 
111.139526 
111.139526 
111.139832 
111.139526 
111.139526 
111.140137 
111.140442 
111.139832 
111.140137 
111.139832 
111.140137 
111.139221 
111.139221 
111.138611 
111.138306 
111.138916 
111.139832 
111.140747 
111.141052 
111.141052 
111.141052 
111.140747 
111.140747 
111.140442 
111.140747 
111.140137 
111.140442 
111.140137 
111.140442 
111.140442 
111.140442 
111.140747 
111.140747 
111.141052 
111.141663 
111.141357 
111.140137 
111.139526 
111.138611 
111.138611 
111.138611 
111.139221 
111.139221 
111.139832 
111.139832 
111.139526 
111.139832 
111.139526 
111.139221 
111.139526 
111.139832 
111.139526 
111.139221 
111.138916 
111.138611 
111.138916 
111.140137 
111.140747 
111.141663 
111.141663 
111.141357 
111.141357 
111.141357 
111.141052 
111.141052 
111.141052 
111.140747 
111.140747 
111.141357 
111.140747 
111.141052 
111.141663 
111.141663 
111.141968 
111.142578 
111.142273 
111.141052 
111.140137 
111.139221 
111.139832 
111.139832 
111.139832 
111.140442 
111.140747 
111.141052 
111.140442 
111.140747 
111.140747 
111.140747 
111.141052 
111.140442 
111.140442 
111.140137 
111.139832 
111.139526 
111.139832 
111.141357 
111.141968 
111.142273 
111.142578 
111.142273 
111.142273 
111.141968 
111.141968 
111.141663 
111.141663 
111.141052 
111.141663 
111.141663 
111.141968 
111.141663 
111.141968 
111.141968 
111.142578 
111.142883 
111.142578 
111.141357 
111.140442 
111.139832 
111.139832 
111.140137 
111.140442 
111.140442 
111.140442 
111.140747 
111.140747 
111.141357 
111.140442 
111.141052 
111.140442 
111.140747 
111.140137 
111.139832 
111.139526 
111.139221 
111.139526 
111.141052 
111.141968 
111.141968 
111.141968 
111.141663 
111.141663 
111.141357 
111.140747 
111.141052 
111.140747 
111.140747 
111.140442 
111.140747 
111.140747 
111.140747 
111.140747 
111.141357 
111.141663 
111.142273 
111.141357 
111.140747 
111.139526 
111.138916 
111.138916 
111.139221 
111.139221 
111.139221 
111.139526 
111.139832 
111.139832 
111.140137 
111.139526 
111.139832 
111.139526 
111.139526 
111.139221 
111.139221 
111.138611 
111.138611 
111.138916 
111.139526 
111.140442 
111.141052 
111.140747 
111.140747 
111.141052 
111.140747 
111.141052 
111.140442 
111.140442 
111.140442 
111.140442 
111.140747 
111.140442 
111.140442 
111.141052 
111.140747 
111.141357 
111.141968 
111.141357 
111.140137 
111.139526 
111.138611 
111.138916 
111.139526 
111.139221 
111.139526 
111.139832 
111.139832 
111.140137 
111.140137 
111.140137 
111.139832 
111.139832 
111.139832 
111.139526 
111.139526 
111.138611 
111.138306 
111.138916 
111.140137 
111.140747 
111.141357 
111.141663 
111.141357 
111.141357 
111.141052 
111.140747 
111.141052 
111.141052 
111.140747 
111.140747 
111.141052 
111.140442 
111.141357 
111.141357 
111.141663 
111.142273 
111.142273 
111.141968 
111.140747 
111.140137 
111.139221 
111.139526 
111.139832 
111.139832 
111.139832 
111.140137 
111.140137 
111.140442 
111.140137 
111.140137 
111.140137 
111.140137 
111.140137 
111.139832 
111.139832 
111.139526 
111.138916 
111.139221 
111.140442 
111.141052 
111.141663 
111.141968 
111.141663 
111.141357 
111.141357 
111.140747 
111.140747 
111.141052 
111.141052 
111.140747 
111.141357 
111.141052 
111.141052 
111.141357 
111.141357 
111.141968 
111.142273 
111.141663 
111.140747 
111.139832 
111.139221 
111.139526 
111.139526 
111.139221 
111.139832 
111.140137 
111.139832 
111.139832 
111.140137 
111.140137 
111.140137 
111.140137 
111.139832 
111.139832 
111.139526 
111.138916 
111.138916 
111.138916 
111.139832 
111.141052 
111.141663 
111.141052 
111.141052 
111.141052 
111.141357 
111.140747 
111.141052 
111.140747 
111.140137 
111.140442 
111.140747 
111.140442 
111.140747 
111.140747 
111.140747 
111.141663 
111.141968 
111.141052 
111.140137 
111.138916 
111.138916 
111.139221 
111.139221 
111.139526 
111.139526 
111.139526 
111.139526 
111.139832 
111.139832 
111.139832 
111.139526 
111.140137 
111.139526 
111.139221 
111.139221 
111.138306 
111.138306 
111.138916 
111.139526 
111.140747 
111.141052 
111.141052 
111.141052 
111.140442 
111.140442 
111.140747 
111.140137 
111.140442 
111.139832 
111.140442 
111.140137 
111.140442 
111.140137 
111.140747 
111.140747 
111.141357 
111.141663 
111.141052 
111.140442 
111.139221 
111.138916 
111.138611 
111.138916 
111.139221 
111.139526 
111.139526 
111.139526 
111.140137 
111.140137 
111.139526 
111.139832 
111.139526 
111.139526 
111.139221 
111.139221 
111.138611 
111.138306 
111.139221 
111.139832 
111.141052 
111.141357 
111.141052 
111.141052 
111.140747 
111.141052 
111.140747 
111.140747 
111.140442 
111.140747 
111.140137 
111.140442 
111.140442 
111.140747 
111.140747 
111.140747 
111.141663 
111.141663 
111.141052 
111.140137 
111.139221 
111.139221 
111.139221 
111.139221 
111.139832 
111.139526 
111.139526 
111.140137 
111.140137 
111.139832 
111.140442 
111.140137 
111.140137 
111.139832 
111.139526 
111.139526 
111.139221 
111.138611 
111.139221 
111.140137 
111.141052 
111.141052 
111.141052 
111.141052 
111.141052 
111.140442 
111.140747 
111.140747 
111.140747 
111.141052 
111.140747 
111.140442 
111.140747 
111.140442 
111.141052 
111.141052 
111.141968 
111.141968 
111.141968 
111.140137 
111.139832 
111.138916 
111.139221 
111.139221 
111.139832 
111.139832 
111.139832 
111.140137 
111.140137 
111.139832 
111.140137 
111.140137 
111.139832 
111.139832 
111.139526 
111.139221 
111.138916 
111.138611 
111.138611 
111.140137 
111.140747 
111.141052 
111.141052 
111.141052 
111.141052 
111.140747 
111.140137 
111.140137 
111.140137 
111.140137 
111.139832 
111.140442 
111.140137 
111.140442 
111.141052 
111.141052 
111.141052 
111.141663 
111.141052 
111.140137 
111.139526 
111.138611 
111.138611 
111.138611 
111.138611 
111.139221 
111.138916 
111.139526 
111.139221 
111.139526 
111.139526 
111.139221 
111.139221 
111.139221 
111.138916 
111.138306 
111.138306 
111.138000 
111.138611 
111.139221 
111.140442 
111.140442 
111.141052 
111.140747 
111.140747 
111.140747 
111.140137 
111.140137 
111.139526 
111.139832 
111.139832 
111.139832 
111.140137 
111.140137 
111.140137 
111.140747 
111.140747 
111.141663 
111.140442 
111.139832 
111.138916 
111.138611 
111.138916 
111.139221 
111.138916 
111.139221 
111.139526 
111.139832 
111.139526 
111.139832 
111.139832 
111.139526 
111.139526 
111.139526 
111.139221 
111.138916 
111.138611 
111.138611 
111.138916 
111.139832 
111.140747 
111.141357 
111.141357 
111.140747 
111.141052 
111.141052 
111.140442 
111.140747 
111.140442 
111.140442 
111.140442 
111.140442 
111.140747 
111.140747 
111.140747 
111.141052 
111.141663 
111.141968 
111.141052 
111.140747 
111.139221 
111.139221 
111.138916 
111.139221 
111.139832 
111.139526 
111.139832 
111.139832 
111.140137 
111.140137 
111.140137 
111.140137 
111.140137 
111.139832 
111.139526 
111.138916 
111.138916 
111.138306 
111.138916 
111.140137 
111.141052 
111.141663 
111.141052 
111.141052 
111.141052 
111.140747 
111.140137 
111.140442 
111.140442 
111.140137 
111.140442 
111.140442 
111.140442 
111.140747 
111.140747 
111.141052 
111.141357 
111.141357 
111.141357 
111.140747 
111.139221 
111.138611 
111.139221 
111.138916 
111.138916 
111.139526 
111.139526 
111.139526 
111.139832 
111.139221 
111.139526 
111.139832 
111.139526 
111.139526 
111.139221 
111.138611 
111.138306 
111.138611 
111.138306 
111.139526 
111.140747 
111.141357 
111.140747 
111.140747 
111.140747 
111.140747 
111.140442 
111.140442 
111.140442 
111.139832 
111.140137 
111.140137 
111.140137 
111.140137 
111.140137 
111.140442 
111.141052 
111.141052 
111.141052 
111.140442 
111.138916 
111.138611 
111.138611 
111.138611 
111.139221 
111.139221 
111.139526 
111.139526 
111.139832 
111.139221 
111.139526 
111.139832 
111.139221 
111.139221 
111.139221 
111.139221 
111.138306 
111.138306 
111.138611 
111.139526 
111.140442 
111.141052 
111.141052 
111.140747 
111.140442 
111.140137 
111.140442 
111.140137 
111.140137 
111.140137 
111.140137 
111.140137 
111.140137 
111.140442 
111.140442 
111.140747 
111.141052 
111.141357 
111.141052 
111.140442 
111.138916 
111.138611 
111.138611 
111.139221 
111.139526 
111.138916 
111.139526 
111.140137 
111.139832 
111.139832 
111.139832 
111.139832 
111.139526 
111.139526 
111.139526 
111.139221 
111.138916 
111.138611 
111.139221 
111.140137 
111.140747 
111.140747 
111.141052 
111.140747 
111.141052 
111.140747 
111.140137 
111.140137 
111.140442 
111.140442 
111.140137 
111.140442 
111.140442 
111.140442 
111.140747 
111.140747 
111.141663 
111.141663 
111.141357 
111.140137 
111.139526 
111.138916 
111.138916 
111.138916 
111.139526 
111.139526 
111.139526 
111.139526 
111.140137 
111.139526 
111.139832 
111.140137 
111.139526 
111.139832 
111.139221 
111.138611 
111.138611 
111.138611 
111.138916 
111.139832 
111.141052 
111.141357 
111.141052 
111.140747 
111.140747 
111.140442 
111.140442 
111.140442 
111.140442 
111.140442 
111.140442 
111.140137 
111.140137 
111.140442 
111.140442 
111.141052 
111.141052 
111.141357 
111.141052 
111.140137 
111.139221 
111.138916 
111.139221 
111.138916 
111.138916 
111.139221 
111.139221 
111.139526 
111.139832 
111.140137 
111.139832 
111.139526 
111.139526 
111.139526 
111.139221 
111.138916 
111.138611 
111.138611 
111.138916 
111.139526 
111.140747 
111.141052 
111.141052 
111.140747 
111.140747 
111.140442 
111.140137 
111.140442 
111.140442 
111.140442 
111.139832 
111.140137 
111.140137 
111.140442 
111.140442 
111.140747 
111.141663 
111.141357 
111.141052 
111.139832 
111.138916 
111.138611 
111.138306 
111.138611 
111.139221 
111.138916 
111.138916 
111.139526 
111.139526 
111.139526 
111.139526 
111.139526 
111.139526 
111.139221 
111.139221 
111.138611 
111.138306 
111.138306 
111.138306 
111.139526 
111.140747 
111.141357 
111.141052 
111.140137 
111.140442 
111.140137 
111.140137 
111.140137 
111.140137 
111.140137 
111.139832 
111.139832 
111.139832 
111.140442 
111.140747 
111.140747 
111.141052 
111.141357 
111.140747 
111.140137 
111.138916 
111.138611 
111.138916 
111.138611 
111.138916 
111.138916 
111.139221 
111.139526 
111.139526 
111.139526 
111.139832 
111.139526 
111.139526 
111.139526 
111.138916 
111.139221 
111.138306 
111.138306 
111.138611 
111.139526 
111.140137 
111.141052 
111.141052 
111.141052 
111.140747 
111.140747 
111.140442 
111.140137 
111.139832 
111.140137 
111.140137 
111.140137 
111.140137 
111.140747 
111.140442 
111.141052 
111.141052 
111.141052 
111.141052 
111.139832 
111.139221 
111.138916 
111.138916 
111.138916 
111.139221 
111.139526 
111.139221 
111.139832 
111.139832 
111.139832 
111.139832 
111.139526 
111.139526 
111.139526 
111.139526 
111.139221 
111.138611 
111.138611 
111.138916 
111.140137 
111.141052 
111.141357 
111.140747 
111.140747 
111.140747 
111.140442 
111.140442 
111.140442 
111.140137 
111.140137 
111.140442 
111.139832 
111.140137 
111.140442 
111.140442 
111.141052 
111.141357 
111.141357 
111.141052 
111.140137 
111.138916 
111.138916 
111.138611 
111.138916 
111.138916 
111.139221 
111.139221 
111.139526 
111.139832 
111.139832 
111.139221 
111.139832 
111.139832 
111.139526 
111.139526 
111.138916 
111.138611 
111.138306 
111.138611 
111.139526 
111.140442 
111.141052 
111.141052 
111.140747 
111.140442 
111.140747 
111.140137 
111.139526 
111.139832 
111.140137 
111.140137 
111.139832 
111.140442 
111.140442 
111.140442 
111.140442 
111.141357 
111.141052 
111.140747 
111.139832 
111.138916 
111.138306 
111.138611 
111.138916 
111.138916 
111.139526 
111.139526 
111.139526 
111.139526 
111.139526 
111.139526 
111.139526 
111.139526 
111.139221 
111.139221 
111.138916 
111.138306 
111.138000 
111.138306 
111.139526 
111.140442 
111.141052 
111.141052 
111.140747 
111.141052 
111.140442 
111.140442 
111.139832 
111.140137 
111.140137 
111.139832 
111.140137 
111.140442 
111.140137 
111.140442 
111.141052 
111.141052 
111.141357 
111.140747 
111.140137 
111.139221 
111.138916 
111.138611 
111.138916 
111.139221 
111.138916 
111.139526 
111.139832 
111.139526 
111.140137 
111.139832 
111.139526 
111.139832 
111.139526 
111.139221 
111.138916 
111.138611 
111.138306 
111.138611 
111.139832 
111.140442 
111.141052 
111.141052 
111.141052 
111.140747 
111.140747 
111.140747 
111.140442 
111.140442 
111.140442 
111.140442 
111.140137 
111.140137 
111.140442 
111.140442 
111.140747 
111.141357 
111.141968 
111.141052 
111.140442 
111.139221 
111.138611 
111.138916 
111.138916 
111.138916 
111.139221 
111.139526 
111.139526 
111.139526 
111.139526 
111.139526 
111.139832 
111.139832 
111.139526 
111.139221 
111.139221 
111.138611 
111.138611 
111.138611 
111.139832 
111.140747 
111.141357 
111.141052 
111.141052 
111.140747 
111.140442 
111.140442 
111.140137 
111.140442 
111.140747 
111.140442 
111.140442 
111.140442 
111.140442 
111.140747 
111.141052 
111.141357 
111.141052 
111.141052 
111.140137 
111.139221 
111.138306 
111.138611 
111.138611 
111.138611 
111.139221 
111.139526 
111.139526 
111.139526 
111.139832 
111.139526 
111.139526 
111.139526 
111.139221 
111.138916 
111.138611 
111.138611 
111.138306 
111.138916 
111.139526 
111.140747 
111.141357 
111.141052 
111.141052 
111.140442 
111.140442 
111.140137 
111.140137 
111.140137 
111.140442 
111.139832 
111.140137 
111.140137 
111.140442 
111.140442 
111.140747 
111.141357 
111.141663 
111.140747 
111.139832 
111.139221 
111.138916 
111.138611 
111.138916 
111.139221 
111.139221 
111.139526 
111.139832 
111.139526 
111.139526 
111.139832 
111.139221 
111.139526 
111.139526 
111.139526 
111.138916 
111.138916 
111.138306 
111.138611 
111.139526 
111.140747 
111.141052 
111.141052 
111.140747 
111.140442 
111.140747 
111.140442 
111.140137 
111.140442 
111.140747 
111.140137 
111.140137 
111.140137 
111.140137 
111.140747 
111.141052 
111.141357 
111.141357 
111.141052 
111.139832 
111.139221 
111.138611 
111.138611 
111.138916 
111.138916 
111.139221 
111.139526 
111.139526 
111.139832 
111.139526 
111.139526 
111.139221 
111.139221 
111.139526 
111.139221 
111.138916 
111.138611 
111.138306 
111.138611 
111.139221 
111.140442 
111.140747 
111.141052 
111.140747 
111.140442 
111.140137 
111.140137 
111.140137 
111.140137 
111.140137 
111.139832 
111.139832 
111.140137 
111.140442 
111.140442 
111.141052 
111.141357 
111.141052 
111.140747 
111.139832 
111.138916 
111.138611 
111.139221 
111.139221 
111.139221 
111.139221 
111.139832 
111.139526 
111.139526 
111.140137 
111.139832 
111.139526 
111.139221 
111.139221 
111.139221 
111.138916 
111.138611 
111.138306 
111.138611 
111.139526 
111.140747 
111.141052 
111.141052 
111.140747 
111.140747 
111.140442 
111.139832 
111.140442 
111.140137 
111.139832 
111.140137 
111.139832 
111.140137 
111.140442 
111.140442 
111.140442 
111.141357 
111.141052 
111.140747 
111.140442 
111.139221 
111.138611 
111.138611 
111.138916 
111.138916 
111.139221 
111.139221 
111.139526 
111.139526 
111.139526 
111.139526 
111.139526 
111.139526 
111.139221 
111.138916 
111.138916 
111.138611 
111.138000 
111.138306 
111.139221 
111.140747 
111.141052 
111.140747 
111.140747 
111.140442 
111.140442 
111.140442 
111.140137 
111.140137 
111.139832 
111.140137 
111.139832 
111.140137 
111.140137 
111.140442 
111.141052 
111.141357 
111.141052 
111.140747 
111.139832 
111.138916 
111.138916 
111.138611 
111.138916 
111.138916 
111.139526 
111.138916 
111.139526 
111.139526 
111.139526 
111.139526 
111.139526 
111.139221 
111.139221 
111.139221 
111.138306 
111.138611 
111.138306 
111.138611 
111.139832 
111.140442 
111.141052 
111.140747 
111.140747 
111.140442 
111.140442 
111.140137 
111.139832 
111.140137 
111.140137 
111.140137 
111.139832 
111.140442 
111.140137 
111.140442 
111.141357 
111.141052 
111.141357 
111.141052 
111.140137 
111.139221 
111.138916 
111.138611 
111.139221 
111.139526 
111.139221 
111.139526 
111.139832 
111.139221 
111.139526 
111.138306 
111.139526 
111.141052 
111.139526 
111.138306 
111.139221 
111.138916 
111.138306 
111.139832 
111.139832 
111.139832 
111.141357 
111.141357 
111.141357 
111.141052 
111.140747 
111.140137 
111.140442 
111.140137 
111.140442 
111.140442 
111.140137 
111.140137 
111.140442 
111.140747 
111.141052 
111.141663 
111.141357 
111.141052 
111.139832 
111.139221 
111.138306 
111.139221 
111.138916 
111.138916 
111.139526 
111.139221 
111.139526 
111.139221 
111.139526 
111.138611 
111.138916 
111.138000 
111.137390 
111.136780 
111.135559 
111.134338 
111.133118 
111.132202 
111.131897 
111.131897 
111.130981 
111.129456 
111.127930 
111.125488 
111.123657 
111.121521 
111.119385 
111.116943 
111.114807 
111.112366 
111.109314 
111.106873 
111.103821 
111.101074 
111.098328 
111.095276 
111.091614 
111.087952 
111.083374 
111.077881 
111.073608 
111.069336 
111.065063 
111.060791 
111.056213 
111.051331 
111.047058 
111.042175 
111.036987 
111.031494 
111.025696 
111.019897 
111.014099 
111.007690 
111.000671 
110.993347 
110.986938 
110.980530 
110.974426 
110.969238 
110.962219 
110.954590 
110.947266 
110.938721 
110.930786 
110.922546 
110.914001 
110.905762 
110.897217 
110.888367 
110.879822 
110.870972 
110.861511 
110.852966 
110.843811 
110.834961 
110.825195 
110.815430 
110.804138 
110.793152 
110.783081 
110.772400 
110.762329 
110.752258 
110.741882 
110.731506 
110.721130 
110.710754 
110.700073 
110.689392 
110.679016 
110.668030 
110.657349 
110.646973 
110.635681 
110.624695 
110.614014 
110.603943 
110.594482 
110.585022 
110.575256 
110.564575 
110.554504 
110.543518 
110.532837 
110.522156 
110.512085 
110.501709 
110.491333 
110.480957 
110.471191 
110.461426 
110.451965 
110.442505 
110.433655 
110.424805 
110.415955 
110.406494 
110.396423 
110.386963 
110.377808 
110.368652 
110.361023 
110.353088 
110.345154 
110.337524 
110.330200 
110.322571 
110.314941 
110.308228 
110.300903 
110.293884 
110.287476 
110.280457 
110.272827 
110.266418 
110.260010 
110.254211 
110.249329 
110.244141 
110.239258 
110.233154 
110.227356 
110.221558 
110.216064 
110.211182 
110.205383 
110.200500 
110.195618 
110.190735 
110.186462 
110.181885 
110.177917 
110.173950 
110.169983 
110.166626 
110.162964 
110.158997 
110.154419 
110.150146 
110.146179 
110.142212 
110.140076 
110.137329 
110.134888 
110.132751 
110.130310 
110.127869 
110.126038 
110.123901 
110.122070 
110.119934 
110.117798 
110.116272 
110.114746 
110.112305 
110.110779 
110.110168 
110.110474 
110.110474 
110.109863 
110.109558 
110.108643 
110.108337 
110.107422 
110.106812 
110.106812 
110.106201 
110.106201 
110.105896 
110.105896 
110.105896 
110.105591 
110.106506 
110.107117 
110.107422 
110.107422 
110.106812 
110.106201 
110.104675 
110.105286 
110.104980 
110.105591 
110.105591 
110.105286 
110.105286 
110.105896 
110.106506 
110.106201 
110.106201 
110.106812 
110.106812 
110.106201 
110.106201 
110.106812 
110.105896 
110.105896 
110.105896 
110.107422 
110.108643 
110.109253 
110.109253 
110.109253 
110.109253 
110.108948 
110.108643 
110.108643 
110.108948 
110.108948 
110.108948 
110.108948 
110.108948 
110.109558 
110.109253 
110.109863 
110.110779 
110.110474 
110.109863 
110.109253 
110.108337 
110.108032 
110.108337 
110.108032 
110.108337 
110.108337 
110.108643 
110.108643 
110.108948 
110.108948 
110.108948 
110.108948 
110.108948 
110.108643 
110.108643 
110.108337 
110.107727 
110.107727 
110.108337 
110.108948 
110.109863 
110.110474 
110.110168 
110.110474 
110.110168 
110.109558 
110.109558 
110.109253 
110.109558 
110.109863 
110.109558 
110.109253 
110.109558 
110.109863 
110.109863 
110.110168 
110.110779 
