Blum, K. P., D’Incamps, B. L., Zytnicki, D., & Ting, L. H. (2017).
Force encoding in muscle spindles during stretch of
passive muscle. PLoS computational biology, 13(9), 
e1005767. <https://journals.plos.org/ploscompbiol/article?
id=10.1371/journal.pcbi.1005767>

cat medial gastrocnemius muscle lengths over t  (in 0.0005 s increments)
110.106506 
110.106812 
110.106812 
110.106506 
110.106812 
110.106812 
110.106812 
110.107727 
110.107727 
110.107422 
110.106812 
110.105896 
110.105286 
110.104980 
110.105591 
110.105591 
110.105896 
110.106201 
110.105896 
110.106201 
110.106201 
110.106201 
110.106201 
110.106201 
110.106201 
110.105896 
110.105896 
110.105286 
110.105286 
110.104980 
110.105896 
110.107117 
110.107727 
110.107727 
110.107727 
110.107727 
110.107117 
110.107117 
110.106812 
110.106812 
110.106506 
110.106812 
110.106506 
110.107117 
110.106812 
110.106812 
110.107117 
110.107422 
110.108032 
110.107422 
110.106812 
110.105591 
110.104980 
110.104980 
110.105286 
110.105591 
110.105896 
110.106201 
110.106201 
110.106506 
110.106201 
110.105896 
110.106812 
110.106201 
110.106201 
110.106506 
110.105896 
110.105591 
110.104675 
110.105286 
110.105896 
110.106812 
110.107422 
110.107727 
110.107727 
110.107727 
110.107422 
110.106812 
110.106506 
110.107117 
110.106812 
110.107117 
110.106506 
110.106812 
110.106506 
110.107117 
110.106812 
110.107422 
110.107422 
110.107727 
110.106812 
110.105896 
110.104980 
110.104980 
110.105896 
110.105591 
110.105896 
110.106201 
110.106506 
110.106201 
110.106201 
110.106201 
110.105896 
110.106201 
110.106201 
110.105896 
110.105896 
110.105591 
110.104675 
110.105286 
110.105896 
110.107117 
110.108032 
110.107727 
110.108337 
110.108032 
110.108337 
110.108032 
110.108337 
110.108643 
110.108643 
110.109558 
110.109863 
110.110779 
110.111694 
110.112610 
110.113525 
110.114746 
110.116272 
110.117188 
110.116577 
110.117188 
110.117493 
110.118408 
110.119934 
110.121460 
110.122986 
110.124817 
110.126648 
110.128479 
110.130005 
110.131836 
110.133362 
110.134888 
110.137329 
110.138550 
110.140381 
110.142212 
110.143433 
110.145874 
110.148621 
110.151978 
110.155640 
110.158386 
110.160828 
110.163574 
110.165710 
110.167847 
110.170593 
110.173340 
110.176392 
110.179138 
110.181885 
110.185547 
110.188904 
110.191956 
110.195923 
110.199585 
110.202942 
110.206909 
110.209656 
110.212097 
110.215759 
110.218811 
110.223389 
110.227661 
110.232239 
110.237122 
110.241699 
110.246887 
110.251465 
110.256653 
110.261536 
110.266724 
110.271912 
110.277405 
110.282288 
110.287781 
110.293579 
110.298767 
110.306396 
110.313416 
110.320435 
110.326843 
110.333557 
110.339661 
110.345764 
110.351563 
110.357361 
110.363464 
110.369873 
110.375366 
110.381775 
110.387573 
110.394287 
110.400696 
110.406494 
110.413208 
110.419006 
110.425415 
110.430603 
110.435486 
110.440674 
110.446777 
110.453491 
110.459595 
110.466003 
110.473022 
110.479431 
110.485840 
110.492554 
110.499573 
110.505981 
110.513000 
110.520020 
110.526428 
110.532532 
110.539246 
110.546265 
110.553894 
110.562134 
110.570679 
110.578918 
110.586548 
110.594788 
110.602112 
110.610046 
110.617065 
110.625000 
110.632935 
110.640564 
110.648804 
110.657043 
110.665588 
110.673828 
110.682678 
110.691528 
110.700378 
110.709534 
110.718079 
110.726318 
110.733948 
110.742188 
110.751038 
110.760498 
110.769348 
110.779114 
110.788269 
110.798340 
110.807800 
110.817261 
110.826721 
110.836182 
110.846252 
110.855408 
110.865173 
110.875244 
110.884399 
110.893860 
110.903931 
110.914612 
110.926208 
110.936890 
110.947266 
110.957642 
110.967712 
110.977478 
110.987854 
110.997925 
111.007690 
111.018372 
111.028748 
111.039429 
111.049805 
111.060181 
111.070862 
111.081543 
111.092834 
111.103210 
111.113892 
111.123657 
111.132813 
111.142578 
111.153259 
111.163635 
111.174622 
111.185608 
111.196289 
111.206665 
111.217651 
111.228027 
111.238708 
111.249084 
111.259460 
111.269531 
111.279602 
111.289673 
111.299133 
111.309204 
111.319275 
111.330872 
111.341553 
111.353149 
111.363220 
111.373596 
111.383972 
111.393738 
111.403503 
111.413269 
111.423340 
111.433105 
111.443481 
111.452942 
111.463318 
111.473694 
111.483459 
111.494446 
111.504822 
111.515503 
111.525574 
111.535034 
111.543579 
111.553040 
111.563721 
111.573792 
111.583557 
111.594543 
111.604614 
111.615295 
111.625671 
111.635742 
111.646423 
111.656189 
111.666260 
111.676331 
111.686401 
111.696167 
111.705627 
111.715088 
111.726074 
111.736450 
111.748352 
111.759033 
111.769714 
111.779480 
111.789551 
111.799316 
111.809998 
111.819458 
111.829529 
111.839600 
111.849365 
111.859436 
111.869812 
111.880188 
111.890259 
111.900330 
111.911011 
111.921692 
111.931763 
111.941223 
111.950073 
111.960144 
111.970215 
111.980591 
111.991272 
112.001648 
112.012024 
112.022400 
112.033081 
112.042847 
112.053528 
112.063293 
112.073669 
112.084045 
112.093506 
112.103577 
112.113037 
112.123413 
112.133789 
112.144775 
112.156067 
112.167053 
112.177429 
112.187500 
112.197571 
112.207336 
112.217407 
112.227173 
112.237244 
112.247314 
112.257080 
112.267456 
112.278137 
112.288208 
112.298279 
112.308655 
112.319336 
112.330017 
112.339172 
112.348328 
112.357483 
112.366638 
112.376709 
112.386780 
112.396851 
112.407227 
112.416992 
112.427368 
112.437134 
112.446594 
112.456055 
112.465820 
112.474670 
112.484436 
112.493286 
112.502441 
112.511292 
112.520142 
112.528992 
112.539368 
112.548828 
112.558594 
112.567444 
112.576294 
112.585754 
112.593689 
112.601624 
112.610474 
112.618408 
112.626953 
112.634888 
112.643127 
112.651367 
112.659607 
112.667847 
112.676392 
112.684326 
112.692871 
112.700195 
112.707214 
112.713623 
112.720947 
112.728271 
112.735901 
112.744141 
112.751465 
112.759094 
112.766724 
112.774048 
112.781067 
112.788696 
112.795410 
112.802124 
112.809143 
112.815247 
112.822266 
112.828369 
112.834778 
112.841492 
112.848816 
112.856140 
112.863159 
112.869568 
112.876587 
112.882080 
112.888184 
112.893677 
112.899780 
112.905579 
112.911377 
112.917175 
112.922668 
112.928772 
112.934265 
112.940369 
112.945862 
112.951355 
112.956848 
112.962341 
112.966614 
112.970886 
112.975159 
112.980042 
112.985840 
112.990417 
112.996216 
113.001099 
113.005981 
113.010864 
113.014832 
113.019409 
113.023987 
113.028259 
113.032837 
113.036804 
113.040771 
113.044739 
113.048401 
113.052673 
113.058167 
113.062439 
113.067017 
113.071289 
113.075256 
113.078003 
113.081360 
113.085022 
113.088074 
113.091125 
113.094482 
113.097839 
113.101196 
113.104248 
113.107605 
113.110657 
113.113708 
113.117065 
113.120117 
113.122559 
113.124084 
113.126221 
113.127747 
113.130493 
113.132935 
113.135986 
113.138428 
113.140869 
113.143616 
113.145752 
113.148193 
113.149719 
113.151855 
113.153687 
113.155212 
113.157043 
113.158264 
113.159180 
113.160706 
113.162537 
113.165283 
113.166809 
113.169250 
113.170166 
113.171997 
113.172607 
113.172913 
113.174438 
113.174744 
113.175659 
113.176270 
113.177185 
113.177490 
113.178711 
113.179626 
113.179932 
113.180542 
113.181458 
113.182068 
113.182068 
113.181458 
113.180542 
113.180542 
113.180847 
113.181152 
113.181458 
113.182068 
113.182068 
113.182373 
113.182373 
113.182678 
113.182068 
113.182678 
113.182373 
113.182373 
113.182068 
113.181763 
113.181152 
113.181152 
113.181152 
113.182068 
113.182983 
113.182983 
113.183289 
113.183289 
113.182983 
113.182983 
113.182068 
113.181763 
113.181458 
113.181763 
113.181458 
113.181458 
113.181152 
113.181152 
113.181763 
113.181458 
113.181763 
113.181763 
113.181763 
113.180542 
113.179321 
113.179016 
113.179016 
113.178711 
113.179016 
113.179016 
113.179321 
113.179321 
113.179626 
113.179626 
113.179626 
113.179932 
113.179932 
113.179321 
113.179321 
113.178406 
113.178101 
113.177795 
113.177795 
113.178406 
113.179626 
113.180237 
113.180542 
113.180542 
113.179932 
113.179626 
113.179626 
113.179321 
113.179321 
113.179321 
113.179016 
113.179321 
113.179016 
113.179016 
113.179321 
113.179321 
113.179626 
113.179932 
113.179321 
113.178711 
113.177795 
113.177185 
113.177490 
113.177185 
113.177490 
113.177795 
113.178101 
113.178406 
113.178406 
113.178711 
113.177795 
113.178101 
113.178101 
113.178101 
113.177490 
113.177490 
113.176575 
113.176575 
113.177490 
113.178101 
113.179016 
113.179016 
113.179321 
113.179626 
113.179016 
113.178711 
113.178711 
113.178406 
113.179016 
113.178406 
113.178711 
113.178406 
113.178711 
113.178406 
113.179016 
113.178711 
113.179626 
113.179321 
113.179321 
113.178406 
113.177490 
113.176575 
113.177185 
113.177185 
113.177795 
113.177490 
113.177795 
113.177795 
113.177795 
113.177490 
113.177795 
113.178101 
113.177795 
113.177795 
113.177490 
113.177490 
113.176575 
113.176575 
113.176880 
113.178101 
113.179321 
113.179016 
113.179321 
113.179016 
113.179016 
113.178711 
113.178406 
113.178406 
113.178406 
113.178101 
113.178406 
113.178406 
113.179016 
113.178101 
113.178711 
113.178711 
113.179016 
113.179321 
113.179016 
113.178101 
113.177185 
113.176880 
113.176575 
113.176880 
113.177185 
113.177185 
113.177490 
113.178101 
113.177185 
113.177490 
113.177185 
113.177490 
113.177490 
113.177490 
113.176880 
113.176880 
113.176575 
113.176575 
113.176880 
113.177795 
113.178711 
113.179016 
113.179016 
113.179016 
113.179016 
113.178711 
113.178101 
113.178101 
113.178101 
113.177795 
113.177795 
113.177795 
113.178101 
113.177795 
113.178406 
113.178711 
113.179016 
113.179016 
113.178711 
113.177490 
113.177185 
113.176270 
113.176575 
113.176575 
113.176880 
113.176880 
113.177490 
113.177185 
113.177490 
113.177185 
113.176880 
113.177185 
113.176880 
113.177185 
113.176880 
113.176270 
113.176575 
113.175964 
113.176270 
113.177490 
113.178101 
113.178711 
113.179016 
113.178406 
113.178406 
113.178101 
113.178101 
113.177795 
113.177795 
113.177490 
113.177795 
113.177795 
113.178101 
113.178101 
113.178101 
113.178406 
113.178711 
113.178711 
113.178711 
113.177185 
113.176270 
113.176270 
113.176575 
113.176575 
113.176880 
113.176880 
113.177185 
113.177490 
113.177490 
113.177185 
113.177490 
113.177490 
113.177185 
113.176880 
113.176880 
113.176880 
113.175964 
113.176270 
113.176270 
113.177490 
113.178406 
113.178406 
113.179016 
113.178711 
113.178711 
113.178406 
113.177490 
113.177795 
113.177490 
113.177795 
113.177490 
113.177490 
113.177795 
113.177795 
113.178406 
113.177795 
113.178711 
113.178406 
113.178711 
113.177185 
113.176270 
113.176270 
113.176575 
113.175964 
113.176880 
113.176880 
113.177490 
113.177490 
113.177490 
113.177185 
113.177185 
113.177185 
113.177185 
113.176880 
113.176575 
113.176270 
113.175964 
113.175659 
113.175964 
113.177490 
113.178101 
113.178711 
113.178711 
113.178406 
113.178406 
113.178101 
113.177490 
113.177490 
113.177490 
113.177490 
113.177795 
113.177795 
113.177795 
113.177795 
113.177795 
113.178101 
113.178711 
113.178406 
113.178711 
113.177185 
113.175964 
113.175964 
113.176575 
113.176575 
113.176880 
113.176575 
113.176880 
113.177490 
113.177185 
113.177185 
113.177490 
113.177490 
113.176880 
113.176880 
113.176880 
113.176575 
113.175659 
113.175659 
113.175964 
113.177490 
113.178101 
113.178101 
113.179016 
113.178711 
113.178101 
113.178101 
113.177490 
113.177795 
113.177490 
113.177795 
113.177490 
113.177490 
113.177795 
113.177795 
113.177795 
113.178101 
113.178406 
113.179016 
113.178406 
113.176880 
113.176575 
113.175659 
113.176270 
113.176270 
113.176270 
113.176880 
113.176880 
113.177185 
113.177185 
113.176880 
113.177490 
113.177185 
113.177185 
113.176880 
113.176575 
113.175964 
113.175659 
113.175964 
113.175964 
113.177185 
113.177795 
113.178711 
113.178711 
113.178406 
113.178406 
113.178101 
113.177795 
113.177490 
113.177795 
113.177490 
113.177490 
113.177490 
113.177795 
113.177795 
113.178101 
113.178406 
113.178711 
113.178406 
113.178101 
113.177185 
113.176270 
113.175354 
113.176270 
113.176270 
113.176575 
113.176575 
113.177185 
113.177185 
113.176880 
113.176880 
113.176880 
113.176880 
113.176575 
113.176270 
113.176270 
113.175964 
113.175659 
113.175354 
113.175964 
113.176880 
113.177795 
113.178406 
113.178406 
113.178406 
113.178101 
113.178101 
113.177795 
113.176880 
113.177795 
113.177185 
113.177490 
113.177795 
113.177185 
113.177185 
113.178406 
113.177795 
113.178711 
113.178101 
113.177795 
113.177185 
113.175964 
113.175964 
113.176270 
113.175964 
113.176575 
113.176575 
113.176880 
113.177185 
113.177185 
113.176880 
113.177185 
113.177185 
113.176880 
113.177185 
113.176270 
113.176270 
113.175354 
113.175659 
113.175964 
113.177185 
113.177795 
113.178406 
113.178406 
113.178101 
113.177795 
113.177795 
113.178101 
113.177795 
113.177490 
113.177795 
113.177490 
113.177795 
113.177795 
113.177490 
113.177795 
113.177490 
113.178406 
113.178406 
113.177795 
113.176575 
113.175964 
113.175964 
113.175964 
113.176575 
113.176270 
113.176880 
113.176575 
113.177490 
113.177185 
113.176880 
113.176880 
113.177185 
113.177185 
113.176575 
113.176270 
113.176270 
113.175659 
113.175354 
113.176270 
113.177490 
113.177795 
113.178406 
113.178711 
113.178101 
113.178101 
113.178101 
113.177185 
113.177795 
113.177185 
113.177185 
113.177490 
113.177490 
113.177185 
113.177490 
113.177490 
113.178101 
113.177795 
113.178406 
113.177795 
113.176880 
113.175964 
113.175659 
113.176270 
113.176270 
113.176575 
113.176575 
113.177185 
113.176880 
113.176575 
113.177185 
113.177185 
113.176880 
113.176880 
113.176880 
113.176270 
113.175964 
113.175659 
113.175659 
113.175964 
113.177185 
113.177795 
113.178406 
113.178406 
113.178101 
113.177795 
113.177795 
113.177185 
113.177490 
113.177185 
113.177795 
113.177490 
113.177795 
113.177490 
113.177490 
113.178101 
113.178101 
113.178406 
113.178406 
113.177490 
113.177185 
113.175659 
113.175354 
113.175964 
113.175964 
113.176270 
113.176575 
113.176880 
113.176880 
113.177185 
113.176880 
113.176880 
113.177185 
113.176880 
113.176575 
113.176880 
113.175964 
113.175659 
113.175659 
113.175964 
113.177185 
113.177795 
113.178406 
113.178406 
113.178101 
113.177490 
113.177795 
113.177185 
113.177185 
113.177795 
113.177185 
113.177490 
113.177490 
113.177795 
113.178101 
113.177490 
113.177795 
113.178101 
113.178406 
113.178101 
113.176270 
113.175659 
113.175049 
113.175964 
113.175964 
113.176270 
113.176575 
113.176575 
113.176880 
113.177185 
113.176880 
113.176880 
113.176575 
113.176880 
113.176880 
113.175964 
113.175964 
113.175659 
113.175354 
113.176270 
113.176880 
113.177795 
113.178101 
113.178101 
113.178406 
113.177490 
113.177490 
113.177490 
113.177185 
113.177185 
113.177185 
113.176880 
113.176880 
113.177795 
113.177490 
113.178101 
113.177795 
113.178406 
113.178406 
113.177490 
113.176575 
113.175659 
113.175659 
113.176270 
113.175964 
113.176270 
113.176575 
113.176270 
113.177185 
113.176880 
113.176880 
113.176880 
113.176880 
113.176575 
113.176880 
113.176270 
113.175964 
113.175964 
113.175659 
113.175964 
113.177490 
113.178101 
113.178101 
113.178406 
113.178101 
113.177795 
113.177795 
113.177490 
113.177185 
113.177185 
113.177490 
113.177185 
113.177490 
113.177185 
113.177490 
113.177490 
113.178406 
113.178406 
113.178101 
113.177795 
113.176880 
113.175964 
113.175964 
113.175659 
113.175964 
113.175964 
113.176575 
113.176575 
113.177185 
113.176880 
113.176880 
113.176880 
113.176880 
113.176575 
113.176575 
113.176270 
113.175659 
113.175964 
113.175659 
113.175659 
113.177185 
113.178101 
113.178406 
113.178711 
113.178406 
113.178101 
113.178101 
113.177185 
113.177185 
113.177185 
113.176880 
113.177185 
113.177185 
113.177490 
113.177490 
113.177490 
113.178101 
113.177795 
113.178101 
113.177795 
113.176575 
113.175964 
113.175354 
113.176270 
113.176270 
113.176270 
113.176880 
113.176270 
113.176575 
113.176880 
113.176880 
113.176880 
113.176880 
113.176880 
113.176270 
113.176575 
113.175354 
113.175354 
113.175659 
113.176270 
113.177185 
113.178101 
113.177490 
113.178711 
113.178101 
113.177795 
113.177185 
113.177490 
113.177185 
113.177185 
113.177185 
113.177185 
113.177185 
113.177490 
113.177185 
113.177795 
113.177795 
113.178101 
113.178711 
113.177185 
113.176575 
113.175659 
113.175659 
113.175964 
113.176270 
113.175964 
113.176575 
113.177185 
113.177185 
113.176575 
113.176575 
113.176575 
113.176880 
113.176880 
113.176575 
113.176270 
113.175964 
113.175659 
113.175659 
113.175964 
113.177185 
113.177795 
113.178406 
113.177795 
113.177795 
113.177795 
113.177795 
113.177185 
113.177185 
113.177185 
113.177185 
113.176880 
113.177185 
113.177185 
113.177185 
113.177490 
113.178101 
113.178406 
113.178406 
113.177795 
113.176575 
113.175354 
113.175354 
113.175659 
113.176270 
113.176575 
113.176270 
113.176880 
113.176880 
113.176880 
113.176575 
113.176575 
113.176880 
113.176575 
113.176575 
113.175964 
113.175964 
113.175659 
113.175659 
113.176270 
113.177185 
113.178101 
113.177795 
113.177795 
113.178101 
113.177795 
113.177185 
113.177795 
113.177185 
113.177185 
113.177490 
113.177185 
113.177185 
113.177490 
113.177490 
113.177490 
113.177795 
113.178101 
113.178101 
113.177490 
113.176575 
113.175659 
113.175659 
113.175964 
113.175964 
113.176270 
113.176575 
113.176880 
113.176880 
113.177185 
113.176575 
113.176880 
113.176880 
113.176575 
113.176575 
113.176270 
113.175659 
113.175659 
113.175354 
113.175964 
113.177185 
113.177795 
113.177795 
113.178406 
113.177795 
113.177795 
113.177490 
113.176880 
113.177490 
113.177185 
113.177490 
113.176880 
113.177185 
113.177490 
113.177490 
113.177490 
113.177795 
113.178711 
113.178406 
113.177490 
113.176575 
113.175964 
113.175659 
113.175964 
113.175659 
113.176270 
113.176575 
113.176880 
113.176880 
113.176575 
113.176575 
113.176880 
113.176880 
113.177185 
113.176270 
113.176270 
113.175659 
113.175049 
113.175659 
113.176270 
113.177490 
113.177490 
113.178101 
113.177795 
113.178101 
113.177795 
113.177490 
113.177490 
113.177185 
113.177490 
113.177490 
113.177490 
113.177490 
113.177490 
113.177490 
113.177795 
113.178101 
113.178101 
113.178101 
113.177490 
113.176575 
113.175964 
113.175659 
113.175964 
113.175964 
113.176270 
113.176575 
113.176880 
113.176880 
113.176880 
113.176270 
113.176880 
113.176880 
113.176575 
113.176575 
113.176270 
113.175659 
113.175659 
113.175659 
113.175964 
113.177185 
113.177795 
113.178101 
113.178101 
113.178101 
113.177185 
113.177795 
113.177185 
113.177185 
113.177185 
113.177185 
113.177490 
113.177490 
113.177185 
113.177490 
113.177490 
113.177795 
113.177795 
113.178101 
113.177490 
113.176575 
113.175659 
113.175659 
113.175964 
113.175964 
113.176270 
113.176270 
113.176880 
113.176880 
113.176880 
113.176270 
113.176575 
113.176880 
113.176575 
113.176575 
113.175964 
113.175964 
113.175049 
113.175354 
113.175659 
113.177185 
113.177490 
113.177795 
113.178101 
113.177795 
113.177795 
113.177795 
113.177185 
113.177185 
113.177185 
113.177185 
113.176575 
113.177185 
113.176880 
113.177185 
113.177490 
113.177490 
113.178101 
113.178406 
113.177185 
113.175964 
113.175659 
113.175049 
113.175964 
113.176270 
113.176270 
113.176270 
113.176575 
113.176880 
113.176575 
113.176575 
113.176575 
113.176270 
113.176880 
113.176270 
113.176270 
113.175354 
113.175659 
113.175659 
113.176270 
113.177490 
113.177795 
113.177795 
113.178101 
113.177795 
113.177795 
113.177490 
113.177185 
113.177185 
113.177490 
113.177185 
113.177185 
113.176880 
113.177185 
113.177795 
113.177795 
113.177795 
113.178101 
113.178101 
113.177185 
113.176575 
113.175354 
113.175354 
113.175964 
113.175964 
113.176270 
113.176270 
113.176880 
113.176880 
113.176880 
113.176270 
113.176880 
113.176575 
113.176575 
113.176575 
113.176270 
113.175964 
113.175354 
113.175354 
113.176575 
113.176880 
113.177795 
113.178101 
113.178101 
113.178101 
113.177490 
113.177795 
113.177185 
113.177490 
113.177185 
113.177490 
113.177185 
113.177185 
113.177185 
113.177185 
113.177795 
113.177795 
113.177795 
113.178101 
113.177185 
113.176575 
113.175659 
113.175354 
113.175659 
113.176270 
113.176575 
113.176575 
113.176880 
113.176575 
113.176880 
113.176575 
113.176575 
113.177185 
113.176880 
113.176270 
113.176270 
113.175964 
113.175659 
113.175659 
113.176575 
113.177490 
113.177795 
113.177490 
113.177795 
113.177795 
113.177795 
113.177490 
113.177185 
113.177185 
113.177185 
113.177490 
113.178101 
113.177490 
113.177490 
113.177185 
113.177490 
113.178101 
113.178711 
113.178101 
113.177185 
113.176270 
113.175659 
113.175354 
113.175964 
113.176270 
113.175964 
113.176575 
113.176270 
113.176880 
113.176880 
113.176880 
113.176880 
113.176575 
113.176575 
113.176575 
113.175964 
113.175964 
113.175659 
113.175354 
113.176270 
113.177185 
113.177795 
113.178406 
113.178101 
113.177795 
113.177795 
113.177490 
113.177490 
113.177185 
113.177185 
113.177185 
113.177185 
113.177490 
113.177490 
113.177185 
113.177185 
113.178101 
113.178101 
113.178101 
113.177185 
113.176270 
113.175659 
113.175354 
113.175659 
113.175964 
113.175964 
113.176270 
113.176575 
113.176575 
113.176575 
113.176270 
113.176575 
113.177185 
113.176270 
113.176270 
113.176270 
113.175659 
113.175659 
113.175659 
113.175964 
113.177490 
113.178406 
113.178101 
113.178101 
113.178101 
113.177795 
113.177795 
113.177185 
113.177185 
113.177185 
113.177185 
113.176880 
113.177185 
113.177185 
113.177490 
113.177795 
113.178101 
113.177795 
113.177795 
113.177185 
113.176270 
113.175354 
113.175964 
113.175659 
113.175964 
113.176270 
113.176270 
113.176575 
113.176880 
113.176575 
113.176575 
113.177185 
113.176270 
113.176575 
113.176575 
113.175964 
113.175659 
113.175354 
113.175659 
113.176270 
113.177490 
113.178101 
113.177795 
113.178101 
113.178101 
113.177490 
113.177185 
113.177185 
113.176880 
113.176880 
113.177185 
113.177185 
113.177185 
113.177185 
113.177185 
113.177795 
113.177795 
113.178101 
113.178101 
113.177185 
113.175964 
113.175354 
113.175659 
113.175659 
113.175964 
113.176270 
113.176880 
113.176575 
113.176880 
113.176880 
113.176880 
113.176575 
113.176575 
113.176270 
113.176270 
113.176575 
113.175354 
113.175354 
113.175354 
113.176270 
113.177490 
113.178101 
113.178101 
113.178406 
113.177795 
113.177795 
113.177490 
113.177185 
113.176880 
113.177185 
113.176880 
113.177185 
113.176880 
113.177185 
113.177185 
113.177490 
113.177795 
113.178406 
113.178101 
113.177490 
113.175964 
113.175354 
113.175659 
113.175964 
113.176575 
113.175964 
113.176575 
113.176575 
113.176575 
113.176880 
113.176575 
113.176880 
113.176575 
113.176270 
113.176270 
113.175964 
113.175659 
113.175354 
113.175659 
113.176270 
113.177185 
113.177795 
113.177795 
113.177795 
113.178101 
113.177490 
113.177185 
113.176880 
113.177185 
113.176880 
113.177185 
113.176880 
113.177185 
113.177490 
113.177490 
113.177490 
113.177795 
113.178406 
113.177795 
113.177185 
113.175964 
113.175659 
113.175659 
113.175659 
113.176270 
113.176270 
113.176575 
113.176880 
113.176880 
113.176575 
113.176880 
113.176880 
113.177185 
113.176270 
113.176270 
113.175964 
113.175354 
113.175049 
113.175659 
113.176575 
113.177185 
113.178101 
113.178101 
113.178101 
113.178101 
113.177490 
113.177490 
113.177185 
113.176880 
113.176880 
113.177490 
113.177185 
113.177185 
113.177490 
113.177185 
113.177490 
113.177795 
113.178406 
113.178101 
113.177185 
113.176270 
113.175659 
113.175659 
113.176270 
113.175964 
113.176270 
113.176575 
113.176270 
113.176880 
113.176575 
113.176575 
113.176880 
113.176880 
113.176270 
113.176575 
113.176270 
113.175354 
113.175354 
113.175354 
113.176270 
113.177490 
113.177490 
113.178101 
113.178101 
113.177795 
113.177490 
113.177490 
113.176880 
113.177185 
113.177185 
113.176880 
113.176880 
113.177185 
113.177490 
113.177490 
113.177490 
113.178101 
113.178406 
113.177795 
113.177185 
113.176270 
113.175354 
113.175964 
113.175964 
113.175964 
113.175964 
113.176575 
113.176575 
113.176880 
113.176880 
113.176880 
113.176880 
113.176575 
113.176575 
113.176575 
113.176270 
113.175659 
113.175354 
113.175659 
113.176270 
113.177490 
113.178101 
113.177795 
113.178101 
113.177795 
113.177490 
113.177795 
113.177185 
113.176880 
113.177490 
113.177185 
113.177185 
113.177490 
113.177490 
113.177185 
113.177795 
113.177795 
113.178101 
113.178101 
113.177185 
113.175964 
113.175964 
113.175659 
113.175964 
113.175964 
113.176270 
113.176880 
113.176270 
113.176880 
113.176575 
113.176880 
113.176575 
113.176575 
113.176575 
113.176575 
113.175964 
113.175659 
113.175659 
113.175354 
113.176575 
113.177795 
113.177490 
113.177795 
113.178101 
113.177490 
113.177795 
113.177490 
113.177185 
113.177490 
113.176880 
113.176880 
113.177185 
113.177185 
113.177185 
113.177490 
113.177490 
113.178406 
113.178101 
113.178101 
113.176880 
113.176270 
113.175659 
113.175964 
113.175964 
113.176270 
113.175964 
113.176270 
113.176575 
113.176575 
113.176270 
113.176880 
113.176575 
113.176575 
113.176270 
113.176270 
113.175964 
113.175354 
113.175354 
113.175659 
113.176270 
113.177490 
113.177795 
113.177795 
113.178101 
113.177795 
113.177490 
113.176880 
113.177490 
113.177185 
113.177185 
113.176880 
113.177185 
113.177185 
113.177185 
113.177490 
113.177490 
113.177795 
113.178101 
113.177490 
113.176880 
113.175659 
113.175049 
113.175354 
113.175964 
113.176270 
113.176270 
113.176575 
113.176575 
113.176575 
113.176575 
113.176575 
113.176575 
113.176270 
113.176270 
113.176270 
113.175964 
113.175659 
113.175354 
113.175659 
113.176270 
113.177185 
113.177490 
113.177490 
113.177795 
113.177185 
113.177795 
113.177490 
113.177185 
113.177185 
113.177185 
113.176880 
113.176880 
113.177185 
113.177490 
113.177185 
113.177490 
113.177490 
113.178101 
113.177795 
113.176575 
113.175354 
113.175049 
113.175354 
113.175964 
113.175964 
113.176270 
113.176575 
113.176575 
113.177185 
113.176270 
113.176880 
113.176575 
113.176575 
113.176575 
113.176270 
113.175659 
113.175659 
113.175354 
113.175354 
113.176575 
113.177490 
113.177795 
113.177795 
113.178101 
113.177795 
113.177795 
113.177185 
113.177185 
113.176880 
113.176880 
113.177185 
113.177490 
113.177490 
113.177490 
113.177185 
113.177490 
113.177795 
113.178406 
113.178101 
113.176575 
113.175659 
113.175354 
113.175354 
113.175964 
113.175964 
113.175964 
113.176270 
113.176575 
113.176575 
113.176880 
113.176880 
113.176575 
113.176575 
113.176270 
113.176575 
113.175964 
113.175659 
113.175354 
113.175354 
113.176270 
113.177490 
113.178101 
113.177795 
113.178101 
113.177795 
113.177490 
113.177490 
113.177490 
113.177185 
113.177185 
113.176880 
113.176880 
113.176880 
113.176880 
113.177185 
113.177490 
113.178406 
113.178711 
113.177795 
113.177185 
113.175659 
113.175659 
113.175964 
113.175659 
113.175659 
113.176270 
113.176575 
113.176270 
113.176575 
113.176575 
113.176575 
113.176575 
113.176270 
113.176575 
113.176270 
113.175964 
113.175659 
113.175354 
113.175659 
113.176575 
113.177795 
113.177795 
113.178406 
113.177795 
113.177795 
113.177490 
113.177490 
113.176880 
113.176575 
113.177185 
113.177185 
113.177185 
113.177185 
113.177490 
113.177185 
113.177795 
113.177795 
113.178101 
113.178101 
113.176880 
113.175964 
113.175354 
113.175659 
113.176270 
113.175964 
113.176575 
113.176575 
113.176575 
113.176880 
113.176575 
113.176575 
113.176270 
113.176880 
113.176575 
113.176270 
113.176270 
113.175049 
113.175659 
113.175354 
113.176270 
113.177185 
113.177795 
113.178101 
113.177795 
113.177795 
113.177795 
113.177185 
113.176880 
113.177185 
113.177185 
113.176880 
113.176880 
113.177490 
113.177185 
113.177490 
113.177490 
113.177795 
113.178101 
113.177795 
113.176880 
113.175659 
113.175659 
113.175659 
113.176270 
113.175964 
113.176270 
113.176575 
113.176575 
113.176270 
113.176575 
113.177185 
113.176575 
113.176575 
113.176270 
113.176270 
113.175659 
113.175354 
113.175354 
113.175354 
113.176270 
113.177490 
113.177795 
113.178101 
113.178101 
113.177795 
113.177490 
113.177185 
113.177185 
113.177185 
113.177185 
113.177185 
113.177185 
113.176880 
113.176880 
113.177490 
113.177490 
113.177795 
113.177795 
113.178101 
113.176880 
113.175964 
113.175659 
113.175354 
113.175964 
113.176270 
113.176270 
113.176575 
113.176880 
113.176880 
113.176575 
113.176880 
113.176575 
113.176575 
113.176575 
113.176270 
113.175964 
113.175659 
113.175049 
113.175354 
113.176575 
113.177795 
113.177795 
113.178101 
113.178406 
113.178101 
113.177490 
113.177185 
113.177490 
113.177185 
113.177185 
113.177185 
113.177185 
113.177185 
113.177185 
113.177490 
113.177490 
113.178101 
113.178101 
113.177490 
113.176575 
113.175964 
113.175354 
113.175964 
113.175659 
113.175964 
113.176270 
113.176575 
113.176575 
113.176880 
113.176575 
113.176880 
113.176575 
113.176575 
113.176880 
113.176270 
113.175964 
113.175354 
113.175049 
113.175354 
113.176575 
113.177185 
113.178101 
113.177795 
113.177795 
113.177795 
113.177490 
113.177490 
113.177185 
113.177185 
113.177490 
113.176880 
113.176880 
113.177185 
113.177185 
113.177490 
113.178101 
113.177185 
113.178101 
113.177795 
113.176880 
113.175659 
113.175354 
113.175354 
113.175964 
113.176270 
113.175964 
113.176880 
113.176880 
113.176880 
113.177185 
113.175964 
113.176880 
113.176575 
113.176575 
113.176575 
113.175964 
113.175354 
113.175354 
113.175354 
113.176880 
113.177490 
113.177490 
113.178101 
113.177490 
113.177490 
113.177490 
113.176880 
113.176880 
113.177185 
113.177490 
113.177185 
113.177185 
113.176880 
113.177185 
113.177185 
113.177795 
113.178101 
113.178406 
113.177490 
113.176575 
113.175964 
113.175659 
113.175659 
113.175659 
113.175964 
113.175964 
113.176575 
113.176575 
113.176575 
113.176575 
113.176575 
113.176575 
113.176575 
113.176270 
113.175964 
113.175964 
113.175354 
113.175049 
113.175659 
113.176575 
113.177185 
113.177795 
113.178101 
113.178101 
113.177185 
113.177185 
113.177185 
113.176880 
113.177185 
113.177185 
113.176880 
113.176880 
113.177185 
113.177490 
113.176880 
113.177795 
113.177795 
113.178101 
113.177795 
113.176575 
113.175659 
113.175049 
113.175964 
113.175964 
113.175659 
113.176270 
113.176575 
113.176575 
113.176575 
113.176880 
113.176575 
113.176575 
113.176575 
113.176270 
113.175964 
113.175659 
113.175659 
113.175049 
113.175354 
113.176575 
113.177490 
113.177490 
113.178101 
113.177795 
113.177795 
113.177185 
113.176880 
113.176880 
113.176880 
113.177490 
113.176880 
113.176880 
113.177490 
113.177185 
113.177490 
113.177185 
113.178101 
113.178406 
113.177490 
113.176575 
113.175354 
113.175354 
113.175964 
113.175659 
113.175964 
113.176270 
113.176575 
113.176575 
113.176575 
113.176575 
113.176270 
113.176880 
113.176575 
113.176575 
113.176270 
113.175659 
113.175354 
113.175354 
113.175354 
113.176880 
113.178101 
113.178101 
113.178406 
113.178101 
113.177795 
113.177490 
113.177185 
113.176880 
113.177185 
113.177185 
113.177185 
113.177185 
113.177185 
113.176880 
113.177490 
113.177185 
113.177795 
113.177795 
113.177795 
113.176880 
113.175354 
113.175049 
113.175354 
113.175049 
113.175659 
113.175659 
113.175354 
113.175659 
113.175354 
113.175049 
113.174438 
113.174438 
113.172913 
113.172913 
113.171387 
113.171082 
113.168945 
113.168335 
113.168030 
113.168030 
113.168030 
113.167114 
113.166504 
113.165283 
113.164673 
113.162537 
113.161011 
113.158875 
113.157349 
113.155823 
113.154602 
113.153076 
113.151550 
113.149719 
113.147888 
113.146362 
113.144836 
113.143005 
113.140869 
113.136902 
113.134155 
113.131104 
113.128967 
113.126831 
113.124390 
113.121948 
113.119812 
113.117676 
113.114929 
113.111877 
113.108826 
113.105774 
113.102417 
113.099365 
113.096008 
113.091736 
113.088074 
113.084412 
113.080750 
113.078918 
113.076172 
113.072815 
113.069153 
113.065186 
113.060608 
113.056335 
113.052063 
113.047180 
113.042603 
113.038330 
113.034058 
113.029480 
113.025513 
113.020935 
113.016357 
113.012085 
113.007507 
113.002625 
112.997742 
112.991333 
112.985535 
112.980042 
112.974854 
112.969360 
112.964478 
112.959290 
112.954407 
112.949219 
112.943420 
112.938232 
112.932129 
112.926636 
112.920837 
112.914429 
112.908630 
112.901917 
112.894897 
112.888489 
112.882385 
112.877502 
112.872009 
112.865906 
112.860107 
112.853088 
112.846375 
112.839355 
112.832031 
112.825317 
112.817993 
112.811584 
112.803955 
112.797241 
112.790527 
112.782898 
112.775879 
112.768555 
112.761841 
112.754517 
112.746582 
112.737427 
112.729187 
112.720642 
112.713318 
112.705383 
112.698059 
112.689819 
112.682190 
112.674561 
112.666626 
112.657776 
112.650452 
112.641602 
112.633057 
112.624512 
112.615967 
112.607117 
112.597656 
112.588806 
112.580261 
112.572021 
112.564087 
112.555847 
112.546997 
112.537842 
112.528381 
112.519226 
112.509155 
112.499695 
112.490234 
112.480469 
112.470703 
112.461243 
112.451782 
112.442017 
112.432556 
112.422791 
112.412720 
112.403564 
112.392883 
112.381897 
112.370605 
112.360229 
112.350159 
112.339783 
112.329712 
112.319946 
112.309570 
112.299194 
112.289429 
112.278748 
112.268372 
112.258301 
112.247620 
112.237244 
112.226563 
112.215576 
112.204895 
112.194214 
112.184448 
112.174988 
112.165527 
112.155457 
112.145386 
112.134399 
112.124634 
112.113342 
112.102356 
112.091370 
112.080688 
112.070313 
112.059937 
112.049255 
112.038879 
112.028503 
112.018433 
112.008362 
111.997986 
111.988220 
111.977234 
111.965637 
111.953735 
111.943359 
111.932983 
111.923218 
111.912537 
111.902466 
111.892090 
111.882324 
111.871948 
111.861572 
111.851196 
111.840820 
111.830139 
111.819763 
111.809692 
111.798096 
111.787720 
111.777649 
111.766968 
111.757813 
111.748352 
111.738281 
111.728516 
111.718140 
111.707764 
111.697083 
111.686707 
111.675720 
111.665344 
111.654968 
111.644592 
111.633911 
111.623535 
111.613464 
111.603394 
111.593323 
111.583252 
111.572876 
111.562500 
111.551208 
111.539917 
111.528931 
111.519165 
111.508789 
111.498718 
111.488342 
111.477966 
111.468201 
111.457825 
111.447449 
111.437073 
111.427307 
111.416931 
111.406250 
111.395569 
111.384277 
111.373596 
111.363220 
111.353149 
111.343994 
111.334839 
111.324158 
111.314087 
111.303711 
111.293335 
111.282654 
111.271973 
111.261292 
111.250610 
111.240234 
111.229858 
111.219788 
111.209412 
111.199036 
111.188660 
111.178894 
111.168213 
111.158447 
111.147461 
111.135864 
111.124573 
111.114197 
111.104126 
111.094055 
111.083984 
111.073914 
111.063843 
111.054077 
111.043701 
111.033630 
111.023560 
111.012878 
111.002808 
110.991821 
110.981750 
110.970764 
110.960693 
110.950012 
110.940247 
110.931091 
110.922241 
110.911865 
110.902710 
110.892639 
110.882263 
110.871887 
110.862427 
110.851440 
110.841980 
110.831909 
110.822449 
110.812378 
110.803528 
110.794067 
110.784912 
110.775452 
110.766602 
110.757751 
110.747986 
110.737915 
110.727844 
110.718384 
110.709839 
110.700684 
110.692444 
110.683899 
110.675049 
110.667419 
110.659180 
110.650940 
110.642395 
110.634155 
110.625610 
110.617676 
110.609131 
110.600281 
110.592041 
110.583496 
110.576477 
110.569763 
110.562744 
110.555725 
110.548096 
110.540466 
110.532837 
110.525513 
110.517578 
110.509949 
110.502625 
110.495605 
110.488281 
110.481873 
110.474548 
110.467529 
110.461426 
110.455017 
110.448608 
110.442200 
110.434875 
110.427246 
110.420227 
110.413513 
110.407410 
110.401306 
110.394897 
110.389709 
110.383606 
110.377808 
110.372314 
110.366516 
110.361023 
110.355225 
110.349731 
110.344238 
110.338135 
110.332336 
110.326233 
110.321045 
110.316467 
110.312500 
110.308228 
110.303345 
110.299072 
110.293579 
110.288696 
110.283813 
110.278320 
110.273438 
110.268860 
110.263977 
110.259705 
110.255127 
110.250854 
110.246887 
110.242920 
110.238953 
110.234985 
110.231018 
110.226746 
110.221558 
110.216980 
110.213013 
110.209351 
110.205688 
110.202332 
110.199280 
110.196228 
110.193176 
110.189514 
110.187073 
110.183716 
110.180359 
110.177307 
110.174255 
110.171204 
110.167847 
110.164490 
110.161743 
110.159302 
110.157776 
110.156250 
110.154419 
110.151978 
110.149841 
110.147400 
110.144348 
110.142212 
110.139465 
110.137329 
110.135193 
110.132751 
110.131836 
110.129700 
110.128174 
110.126648 
110.125427 
110.124207 
110.122986 
110.121155 
110.118408 
110.115967 
110.114441 
110.114136 
110.112610 
110.112000 
110.111084 
110.110474 
110.110168 
110.109558 
110.108337 
110.107727 
110.107422 
110.107117 
110.105896 
110.105591 
110.104675 
110.104370 
110.103455 
110.104065 
110.104980 
110.105591 
110.105896 
110.106201 
110.105591 
110.105591 
110.104980 
110.104675 
110.104370 
110.104980 
110.104980 
110.104980 
110.104980 
110.105286 
110.105591 
110.105591 
110.105591 
110.106201 
110.106201 
110.104980 
110.104370 
110.103455 
110.103455 
110.104065 
110.104065 
110.104370 
110.104370 
110.104675 
110.105286 
110.104980 
110.104980 
110.104675 
110.104675 
110.104675 
110.104980 
110.104370 
110.104065 
110.104065 
110.103760 
110.104980 
110.105591 
110.106506 
110.106812 
110.106812 
110.107117 
110.106812 
110.106506 
110.106201 
110.106201 
110.105896 
110.105896 
110.106201 
110.106506 
110.106506 
110.106506 
110.106201 
110.106812 
110.107117 
110.107422 
110.106506 
110.105591 
110.104675 
110.104370 
110.104980 
110.104980 
110.104980 
110.105591 
110.105896 
110.106201 
110.105896 
110.106201 
110.105591 
110.105896 
110.105591 
110.105286 
110.105591 
110.104980 
110.104675 
110.104675 
110.105286 
110.106812 
110.107117 
110.106812 
110.107727 
110.107422 
110.107117 
110.106812 
110.106506 
110.106201 
110.106201 
110.106201 
110.106506 
