Blum, K. P., D’Incamps, B. L., Zytnicki, D., & Ting, L. H. (2017).
Force encoding in muscle spindles during stretch of
passive muscle. PLoS computational biology, 13(9), 
e1005767. <https://journals.plos.org/ploscompbiol/article?
id=10.1371/journal.pcbi.1005767>

cat medial gastrocnemius muscle lengths over t  (in 0.0005 s increments)
110.105286 
110.104980 
110.104675 
110.105896 
110.107117 
110.107422 
110.107727 
110.107422 
110.107422 
110.107117 
110.106812 
110.106506 
110.106812 
110.106812 
110.106506 
110.107117 
110.106506 
110.106812 
110.106812 
110.107422 
110.107727 
110.107727 
110.108032 
110.106506 
110.105591 
110.104980 
110.104675 
110.105286 
110.105591 
110.105591 
110.105591 
110.106201 
110.106506 
110.106201 
110.106201 
110.106506 
110.106201 
110.105896 
110.106201 
110.105286 
110.104980 
110.104980 
110.104980 
110.106201 
110.106812 
110.107422 
110.107727 
110.107422 
110.107422 
110.106812 
110.106506 
110.106812 
110.106201 
110.106506 
110.106812 
110.106812 
110.106506 
110.106506 
110.106812 
110.106506 
110.107117 
110.107422 
110.107422 
110.106201 
110.105286 
110.104675 
110.104980 
110.105286 
110.105286 
110.105896 
110.105896 
110.105591 
110.106201 
110.106201 
110.106201 
110.105896 
110.106506 
110.106201 
110.105591 
110.105591 
110.105591 
110.104675 
110.104675 
110.106201 
110.106506 
110.107117 
110.108032 
110.107727 
110.107422 
110.107422 
110.106506 
110.106506 
110.106812 
110.106812 
110.106506 
110.106812 
110.106812 
110.106506 
110.107117 
110.106506 
110.107727 
110.107727 
110.107727 
110.106506 
110.105896 
110.104980 
110.104675 
110.105591 
110.105896 
110.106506 
110.106812 
110.107422 
110.108337 
110.109253 
110.110474 
110.111694 
110.113831 
110.115356 
110.117493 
110.119324 
110.121765 
110.124817 
110.127869 
110.132751 
110.138245 
110.142517 
110.147400 
110.152588 
110.157776 
110.163269 
110.168762 
110.174866 
110.181274 
110.188599 
110.195618 
110.203247 
110.211487 
110.219727 
110.228271 
110.237427 
110.246277 
110.255737 
110.264893 
110.273132 
110.281677 
110.291138 
110.300598 
110.310974 
110.321350 
110.332031 
110.343323 
110.354309 
110.365295 
110.376282 
110.387573 
110.399170 
110.410461 
110.421753 
110.432434 
110.443420 
110.454102 
110.465088 
110.476685 
110.488586 
110.500183 
110.511780 
110.523071 
110.533447 
110.544128 
110.554504 
110.564880 
110.574646 
110.585327 
110.595093 
110.605774 
110.615845 
110.626221 
110.636597 
110.647278 
110.657349 
110.667725 
110.678406 
110.688477 
110.697021 
110.706787 
110.716553 
110.726013 
110.736694 
110.746765 
110.757141 
110.767517 
110.777893 
110.788269 
110.798645 
110.808716 
110.818787 
110.828857 
110.838928 
110.848389 
110.858154 
110.868530 
110.878296 
110.888672 
110.899658 
110.911255 
110.921326 
110.932007 
110.942383 
110.952454 
110.961914 
110.971375 
110.981750 
110.992126 
111.001892 
111.011353 
111.022339 
111.032410 
111.042480 
111.052856 
111.063232 
111.073608 
111.084290 
111.094055 
111.102905 
111.112061 
111.121521 
111.131592 
111.142273 
111.152954 
111.163025 
111.173401 
111.184387 
111.194763 
111.204529 
111.214905 
111.224976 
111.235046 
111.245117 
111.255493 
111.264954 
111.274719 
111.284790 
111.294861 
111.305847 
111.317749 
111.328125 
111.338806 
111.349487 
111.358643 
111.369019 
111.379089 
111.388550 
111.398315 
111.409302 
111.419373 
111.429443 
111.439819 
111.450195 
111.460266 
111.470642 
111.481628 
111.492310 
111.502380 
111.512146 
111.520996 
111.531067 
111.541138 
111.551514 
111.561890 
111.572571 
111.582947 
111.593628 
111.604309 
111.614380 
111.624451 
111.634827 
111.644897 
111.655273 
111.665344 
111.675415 
111.684875 
111.694946 
111.705627 
111.716614 
111.728210 
111.738892 
111.749573 
111.759644 
111.769714 
111.779785 
111.789246 
111.799622 
111.810303 
111.819763 
111.830139 
111.840515 
111.851196 
111.861267 
111.871643 
111.881714 
111.892395 
111.903076 
111.912842 
111.922302 
111.931458 
111.940918 
111.951294 
111.961975 
111.972351 
111.982727 
111.993408 
112.003479 
112.013855 
112.024231 
112.034607 
112.044678 
112.054749 
112.064514 
112.074280 
112.084656 
112.094116 
112.104492 
112.114563 
112.126160 
112.137146 
112.148132 
112.158203 
112.168274 
112.178650 
112.188110 
112.198181 
112.208252 
112.217712 
112.228088 
112.238464 
112.248840 
112.258911 
112.268982 
112.279663 
112.290039 
112.300415 
112.310791 
112.320557 
112.330017 
112.338867 
112.348328 
112.359009 
112.368774 
112.379456 
112.390137 
112.400818 
112.410583 
112.420654 
112.431641 
112.441406 
112.451477 
112.461853 
112.471008 
112.481384 
112.491455 
112.500916 
112.510681 
112.521057 
112.532043 
112.543030 
112.553711 
112.564392 
112.574463 
112.584534 
112.594604 
112.604065 
112.613831 
112.623901 
112.634583 
112.644348 
112.654419 
112.664795 
112.675171 
112.684937 
112.695923 
112.705994 
112.716370 
112.726440 
112.735596 
112.744751 
112.754822 
112.764893 
112.774963 
112.785645 
112.796021 
112.806396 
112.816467 
112.827148 
112.836914 
112.846985 
112.857666 
112.867126 
112.877197 
112.887573 
112.897644 
112.907410 
112.917480 
112.927856 
112.938232 
112.949524 
112.960815 
112.970886 
112.980957 
112.990723 
113.000183 
113.009338 
113.019714 
113.028259 
113.037720 
113.046875 
113.056030 
113.065186 
113.073730 
113.081970 
113.090515 
113.098755 
113.106079 
113.113403 
113.119812 
113.125610 
113.131409 
113.137817 
113.143921 
113.149414 
113.154602 
113.160095 
113.165283 
113.169250 
113.173523 
113.176880 
113.180237 
113.183594 
113.185730 
113.188477 
113.190308 
113.192444 
113.194275 
113.196106 
113.198853 
113.201599 
113.203735 
113.204956 
113.205566 
113.206787 
113.206787 
113.207092 
113.207703 
113.208008 
113.208923 
113.208923 
113.209229 
113.209534 
113.209839 
113.210144 
113.210144 
113.210449 
113.210449 
113.210144 
113.208313 
113.207703 
113.206482 
113.206177 
113.206482 
113.205872 
113.205872 
113.205872 
113.205261 
113.204956 
113.204956 
113.203430 
113.203430 
113.203125 
113.202209 
113.201599 
113.200684 
113.199768 
113.198853 
113.198547 
113.198853 
113.199158 
113.200073 
113.199158 
113.198242 
113.197937 
113.197021 
113.196106 
113.195496 
113.195190 
113.194885 
113.194275 
113.193665 
113.193665 
113.193665 
113.193054 
113.193054 
113.193359 
113.193359 
113.192749 
113.191528 
113.190613 
113.190002 
113.190002 
113.189697 
113.190002 
113.190002 
113.190002 
113.190002 
113.190613 
113.190308 
113.190308 
113.190002 
113.190002 
113.189697 
113.189697 
113.189392 
113.188782 
113.188782 
113.188782 
113.190308 
113.191528 
113.191833 
113.192139 
113.192139 
113.192139 
113.191528 
113.191528 
113.191528 
113.191223 
113.191833 
113.191833 
113.192139 
113.192139 
113.192444 
113.192749 
113.193054 
113.193665 
113.193970 
113.193970 
113.193054 
113.192139 
113.191833 
113.192139 
113.192444 
113.193054 
113.193665 
113.193359 
113.194275 
113.194275 
113.193970 
113.194275 
113.194580 
113.194275 
113.193359 
113.194275 
113.193970 
113.193359 
113.192749 
113.193359 
113.193970 
113.195496 
113.196106 
113.196106 
113.196106 
113.195496 
113.195801 
113.194885 
113.194885 
113.194580 
113.195190 
113.194885 
113.194885 
113.194580 
113.194885 
113.194580 
113.194580 
113.194885 
113.195190 
113.194885 
113.193665 
113.192444 
113.191528 
113.191833 
113.191528 
113.191528 
113.192139 
113.191833 
113.191528 
113.191833 
113.191833 
113.191528 
113.190918 
113.191223 
113.190308 
113.190002 
113.189392 
113.188782 
113.188782 
113.188171 
113.189392 
113.190308 
113.190918 
113.190308 
113.190002 
113.190308 
113.189697 
113.188782 
113.189087 
113.188477 
113.188171 
113.188171 
113.188171 
113.188171 
113.188171 
113.188171 
113.188477 
113.188171 
113.188782 
113.188477 
113.187561 
113.186646 
113.185730 
113.186035 
113.186646 
113.186035 
113.186951 
113.186951 
113.186951 
113.186951 
113.187256 
113.186951 
113.187256 
113.187561 
113.187256 
113.186951 
113.186646 
113.186340 
113.186035 
113.186951 
113.187561 
113.188782 
113.189087 
113.190002 
113.189697 
113.189697 
113.189392 
113.189392 
113.188782 
113.189392 
113.189392 
113.189392 
113.190002 
113.189392 
113.190308 
113.190002 
113.190613 
113.190918 
113.191223 
113.191528 
113.190308 
113.189697 
113.189697 
113.189697 
113.190308 
113.190613 
113.190918 
113.191223 
113.191528 
113.191833 
113.191528 
113.191833 
113.191833 
113.191223 
113.191528 
113.191833 
113.191223 
113.190308 
113.190613 
113.190613 
113.191833 
113.193054 
113.193359 
113.193359 
113.193665 
113.193054 
113.193054 
113.192749 
113.192139 
113.192444 
113.192444 
113.192749 
113.192444 
113.192444 
113.192444 
113.192749 
113.193054 
113.193054 
113.193054 
113.192749 
113.191528 
113.190613 
113.190002 
113.190308 
113.190918 
113.190308 
113.190613 
113.190308 
113.190613 
113.190308 
113.190308 
113.190002 
113.190002 
113.190002 
113.189392 
113.189087 
113.188782 
113.188477 
113.188171 
113.187866 
113.189087 
113.189697 
113.190308 
113.190308 
113.190308 
113.189697 
113.189087 
113.188782 
113.188477 
113.187866 
113.188782 
113.187866 
113.187866 
113.188171 
113.187866 
113.187866 
113.188171 
113.188171 
113.188477 
113.188171 
113.187561 
113.186340 
113.185730 
113.186035 
113.185730 
113.186035 
113.186340 
113.186951 
113.186951 
113.186951 
113.186951 
113.186646 
113.186951 
113.186951 
113.186646 
113.186951 
113.186646 
113.185425 
113.185425 
113.186340 
113.187256 
113.188477 
113.189087 
113.189087 
113.189087 
113.189087 
113.188477 
113.188477 
113.188782 
113.188171 
113.188782 
113.188782 
113.188782 
113.189087 
113.188782 
113.189087 
113.189392 
113.189697 
113.190308 
113.190308 
113.189392 
113.188782 
113.188171 
113.188782 
113.189087 
113.189087 
113.189697 
113.189392 
113.189697 
113.190308 
113.190613 
113.190613 
113.190308 
113.190002 
113.190002 
113.190002 
113.189392 
113.189087 
113.189087 
113.189087 
113.190308 
113.191528 
113.191833 
113.192139 
113.192139 
113.192444 
113.191528 
113.191223 
113.191833 
113.190613 
113.191223 
113.191223 
113.191223 
113.191223 
113.191223 
113.191528 
113.191833 
113.191223 
113.191833 
113.191528 
113.190613 
113.190002 
113.188782 
113.189087 
113.189392 
113.189392 
113.189392 
113.190002 
113.190002 
113.190308 
113.190002 
113.189392 
113.189087 
113.189087 
113.189087 
113.189087 
113.188477 
113.187866 
113.187561 
113.187561 
113.188477 
113.189392 
113.189697 
113.190002 
113.189697 
113.189087 
113.188782 
113.188782 
113.188477 
113.188171 
113.188477 
113.187561 
113.188171 
113.188477 
113.187561 
113.187866 
113.188477 
113.188782 
113.188782 
113.188477 
113.187256 
113.186646 
113.186035 
113.186035 
113.186340 
113.186951 
113.186646 
113.186646 
113.187256 
113.187256 
113.186951 
113.186951 
113.186951 
113.187256 
113.187256 
113.186646 
113.186035 
113.186035 
113.186035 
113.186035 
113.187561 
113.188477 
113.188782 
113.189087 
113.189087 
113.188782 
113.188477 
113.188477 
113.188477 
113.187866 
113.188171 
113.188782 
113.188477 
113.188782 
113.188477 
113.188782 
113.189392 
113.189087 
113.190002 
113.189697 
113.188782 
113.187866 
113.187866 
113.188171 
113.187866 
113.188782 
113.188782 
113.188782 
113.189087 
113.189697 
113.189697 
113.189697 
113.189697 
113.189697 
113.189392 
113.189697 
113.189087 
113.188477 
113.188171 
113.188782 
113.189697 
113.190613 
113.191223 
113.191223 
113.191833 
113.190918 
113.191223 
113.190308 
113.190613 
113.190918 
113.190308 
113.190308 
113.190308 
113.190613 
113.190613 
113.190613 
113.190613 
113.191223 
113.191528 
113.191223 
113.189697 
113.188782 
113.188782 
113.189087 
113.189087 
113.188782 
113.189392 
113.189697 
113.189392 
113.189392 
113.189087 
113.189392 
113.189392 
113.188782 
113.188782 
113.188171 
113.188171 
113.187866 
113.187561 
113.187561 
113.188782 
113.189697 
113.189697 
113.190002 
113.189392 
113.189392 
113.189392 
113.188782 
113.188171 
113.188477 
113.188477 
113.188171 
113.188171 
113.188477 
113.188171 
113.188171 
113.188477 
113.188477 
113.188477 
113.188782 
113.187256 
113.186340 
113.186340 
113.186340 
113.186035 
113.186951 
113.186646 
113.187256 
113.187256 
113.187561 
113.187256 
113.187256 
113.187561 
113.186951 
113.187256 
113.186951 
113.186035 
113.186035 
113.186035 
113.186646 
113.187561 
113.188171 
113.188782 
113.189392 
113.188477 
113.188782 
113.188477 
113.188477 
113.188477 
113.188171 
113.188477 
113.188171 
113.188477 
113.188171 
113.188782 
113.188782 
113.188782 
113.189087 
113.189697 
113.189392 
113.188782 
113.187256 
113.187256 
113.187866 
113.187866 
113.188477 
113.188477 
113.188477 
113.188477 
113.189087 
113.189087 
113.188782 
113.189087 
113.189087 
113.189087 
113.188477 
113.188171 
113.187866 
113.187866 
113.188477 
113.189087 
113.190308 
113.190918 
113.190918 
113.190613 
113.190918 
113.190308 
113.190002 
113.190308 
113.190002 
113.190308 
113.190002 
113.190308 
113.190002 
113.190002 
113.190613 
113.190002 
113.190918 
113.191223 
113.191223 
113.189392 
113.188782 
113.188171 
113.188171 
113.188477 
113.188782 
113.188782 
113.188782 
113.189087 
113.189087 
113.188782 
113.188782 
113.188782 
113.188477 
113.188477 
113.188477 
113.187561 
113.187561 
113.187561 
113.187256 
113.188477 
113.189087 
113.189392 
113.190002 
113.189392 
113.189087 
113.188782 
113.188477 
113.188171 
113.188477 
113.188171 
113.187866 
113.188477 
113.188171 
113.188477 
113.188171 
113.188171 
113.189087 
113.188782 
113.188477 
113.187561 
113.186646 
113.186035 
113.186340 
113.186340 
113.186951 
113.187256 
113.187256 
113.187866 
113.187866 
113.187256 
113.187256 
113.187561 
113.187256 
113.187256 
113.187256 
113.186035 
113.186646 
113.185730 
113.186035 
113.187561 
113.188171 
113.189087 
113.189392 
113.189087 
113.188782 
113.189087 
113.188477 
113.188171 
113.188477 
113.188477 
113.188782 
113.188477 
113.188477 
113.188782 
113.189087 
113.188782 
113.189392 
113.189697 
113.189392 
113.188477 
113.187866 
113.187256 
113.187561 
113.187866 
113.188171 
113.188171 
113.188477 
113.188477 
113.188782 
113.189087 
113.188782 
113.188782 
113.188782 
113.188171 
113.188171 
113.187866 
113.187866 
113.187561 
113.188171 
113.189087 
113.190002 
113.190308 
113.190918 
113.190613 
113.190308 
113.190308 
113.190002 
113.189697 
113.189697 
113.189392 
113.189697 
113.189697 
113.189392 
113.189392 
113.190002 
113.190002 
113.190308 
113.190308 
113.190308 
113.188782 
113.187866 
113.187561 
113.187561 
113.188171 
113.188171 
113.188171 
113.188782 
113.188477 
113.188782 
113.188477 
113.188782 
113.188477 
113.188477 
113.188171 
113.187866 
113.187256 
113.187256 
113.186951 
113.187256 
113.188171 
113.189087 
113.189087 
113.189392 
113.189697 
113.189087 
113.188782 
113.188477 
113.188171 
113.188171 
113.188171 
113.188171 
113.187866 
113.187866 
113.188171 
113.188171 
113.188477 
113.189087 
113.188782 
113.188782 
113.187866 
113.186646 
113.185730 
113.186646 
113.186646 
113.186340 
113.187256 
113.187256 
113.187256 
113.187256 
113.187256 
113.186951 
113.187561 
113.187256 
113.186951 
113.186951 
113.186646 
113.186646 
113.186035 
113.186951 
113.187561 
113.188477 
113.189087 
113.189697 
113.189087 
113.189087 
113.189087 
113.188477 
113.188477 
113.188477 
113.188477 
113.188477 
113.188477 
113.188477 
113.188782 
113.188782 
113.189087 
113.189392 
113.190002 
113.189087 
113.188171 
113.187561 
113.186951 
113.187561 
113.187561 
113.187866 
113.188171 
113.188782 
113.188782 
113.188477 
113.189087 
113.188782 
113.188477 
113.188782 
113.188477 
113.188171 
113.188477 
113.187561 
113.187561 
113.187866 
113.189087 
113.190002 
113.190002 
113.190613 
113.190613 
113.190308 
113.189392 
113.189392 
113.189392 
113.189087 
113.189392 
113.189087 
113.189392 
113.189392 
113.189697 
113.189697 
113.189392 
113.190002 
113.190002 
113.189697 
113.188477 
113.188171 
113.187561 
113.187561 
113.187866 
113.187561 
113.187561 
113.188477 
113.188477 
113.188477 
113.188477 
113.188477 
113.188171 
113.187866 
113.188171 
113.187866 
113.187256 
113.186951 
113.186951 
113.187256 
113.188171 
113.188782 
113.189087 
113.189392 
113.189392 
113.189087 
113.188782 
113.188782 
113.188171 
113.188171 
113.187866 
113.188477 
113.188171 
113.188477 
113.188171 
113.188171 
113.188782 
113.188782 
113.189087 
113.188782 
113.187561 
113.186340 
113.186340 
113.186340 
113.186340 
113.187256 
113.187561 
113.187561 
113.187256 
113.187866 
113.187561 
113.187561 
113.187866 
113.187561 
113.187561 
113.187561 
113.186646 
113.186340 
113.186646 
113.186340 
113.187561 
113.189087 
113.189087 
113.189087 
113.189087 
113.189087 
113.188477 
113.188782 
113.188477 
113.188171 
113.188782 
113.188477 
113.188477 
113.188782 
113.188782 
113.188782 
113.188782 
113.189087 
113.189392 
113.188782 
113.188171 
113.186951 
113.186646 
113.187561 
113.187256 
113.187561 
113.187866 
113.188782 
113.188477 
113.188477 
113.188477 
113.188171 
113.188171 
113.188477 
113.188171 
113.188171 
113.187256 
113.186951 
113.187256 
113.187561 
113.188477 
113.189392 
113.190002 
113.190002 
113.189697 
113.189392 
113.189697 
113.189087 
113.188782 
113.189087 
113.189087 
113.189087 
113.189087 
113.189087 
113.189087 
113.189087 
113.189392 
113.189697 
113.189697 
113.189087 
113.187866 
113.187256 
113.187256 
113.187256 
113.187561 
113.187256 
113.187256 
113.188171 
113.187866 
113.187561 
113.188171 
113.188171 
113.187866 
113.187866 
113.188171 
113.187256 
113.187256 
113.186646 
113.186340 
113.187256 
113.187866 
113.189087 
113.189087 
113.190002 
113.189392 
113.189087 
113.189087 
113.188782 
113.188477 
113.188477 
113.187866 
113.188477 
113.188477 
113.188171 
113.188477 
113.188477 
113.188782 
113.188782 
113.189087 
113.188477 
113.187866 
113.186951 
113.186646 
113.186646 
113.186646 
113.187256 
113.187561 
113.187866 
113.187866 
113.188171 
113.187561 
113.187561 
113.187561 
113.187866 
113.187866 
113.186951 
113.186951 
113.186646 
113.186646 
113.186646 
113.188171 
113.188782 
113.189087 
113.189697 
113.189392 
113.189087 
113.188782 
113.188477 
113.188477 
113.188477 
113.188477 
113.188477 
113.189087 
113.188477 
113.189087 
113.189087 
113.189087 
113.189087 
113.189697 
113.189392 
113.188477 
113.187561 
113.186951 
113.187256 
113.187866 
113.187561 
113.188171 
113.188171 
113.188171 
113.188477 
113.187866 
113.188477 
113.188171 
113.188171 
113.188171 
113.187866 
113.187256 
113.187256 
113.186646 
113.187561 
113.188477 
113.189392 
113.189697 
113.189697 
113.190002 
113.189087 
113.189392 
113.188782 
113.188477 
113.189087 
113.188782 
113.188477 
113.188782 
113.188782 
113.188782 
113.189087 
113.189392 
113.189392 
113.189392 
113.189087 
113.188171 
113.187256 
113.186646 
113.187256 
113.187256 
113.187866 
113.188171 
113.188171 
113.188477 
113.188171 
113.188171 
113.187866 
113.187866 
113.187866 
113.188171 
113.187561 
113.186646 
113.186646 
113.186646 
113.186951 
113.188171 
113.189087 
113.189392 
113.189392 
113.189392 
113.189087 
113.188782 
113.188477 
113.188171 
113.188171 
113.188171 
113.188477 
113.188477 
113.188477 
113.188782 
113.188477 
113.188782 
113.189392 
113.189392 
113.189087 
113.187866 
113.186646 
113.186951 
113.186951 
113.186951 
113.187256 
113.187561 
113.187866 
113.187866 
113.188171 
113.187866 
113.187866 
113.188171 
113.187561 
113.187561 
113.187561 
113.187256 
113.186340 
113.186951 
113.187256 
113.187866 
113.188782 
113.189392 
113.189392 
113.189087 
113.189087 
113.188782 
113.188782 
113.188477 
113.188477 
113.188782 
113.188782 
113.188171 
113.188477 
113.188782 
113.189087 
113.188782 
113.189087 
113.189697 
113.189087 
113.187866 
113.186951 
113.186646 
113.187256 
113.187866 
113.187866 
113.187866 
113.188171 
113.188171 
113.188171 
113.188171 
113.188171 
113.188477 
113.188477 
113.187866 
113.187561 
113.187561 
113.186951 
113.187256 
113.187866 
113.188477 
113.189087 
113.190002 
113.189697 
113.189697 
113.189087 
113.189087 
113.188477 
113.188782 
113.188477 
113.188477 
113.188782 
113.188782 
113.188782 
113.188782 
113.189087 
113.189392 
113.189697 
113.189697 
113.189087 
113.187866 
113.186951 
113.186646 
113.186646 
113.187561 
113.187256 
113.187256 
113.188171 
113.187866 
113.188171 
113.188477 
113.188171 
113.187866 
113.187561 
113.187866 
113.187256 
113.186951 
113.186951 
113.186340 
113.186951 
113.187866 
113.188477 
113.189087 
113.189392 
113.189392 
113.189087 
113.188477 
113.188477 
113.188477 
113.188477 
113.188477 
113.188782 
113.188171 
113.188782 
113.188171 
113.188782 
113.189087 
113.189392 
113.189087 
113.188782 
113.187561 
113.186951 
113.186951 
113.186951 
113.186951 
113.187256 
113.187561 
113.187866 
113.187866 
113.187866 
113.188171 
113.187866 
113.187561 
113.187561 
113.187866 
113.186951 
113.186951 
113.186646 
113.186340 
113.186951 
113.188477 
113.189392 
113.188782 
113.189392 
113.189087 
113.189392 
113.188782 
113.188171 
113.188477 
113.188477 
113.189087 
113.188477 
113.188171 
113.188477 
113.188782 
113.188782 
113.189087 
113.189392 
113.189697 
113.189087 
113.188171 
113.187256 
113.186951 
113.187866 
113.187561 
113.187561 
113.187866 
113.187866 
113.188477 
113.188171 
113.188171 
113.188171 
113.188171 
113.187866 
113.187561 
113.187561 
113.187256 
113.186951 
113.186646 
113.186951 
113.188477 
113.189087 
113.189087 
113.189392 
113.189392 
113.189087 
113.188782 
113.188782 
113.188782 
113.188477 
113.188782 
113.188477 
113.189087 
113.188477 
113.189087 
113.188477 
113.189087 
113.189392 
113.189087 
113.189087 
113.187866 
113.186951 
113.186646 
113.187256 
113.187256 
113.187256 
113.187866 
113.187866 
113.187866 
113.188171 
113.187866 
113.187866 
113.188171 
113.187561 
113.187561 
113.186951 
113.186951 
113.186951 
113.186646 
113.186951 
113.187866 
113.189392 
113.189392 
113.189087 
113.188782 
113.188782 
113.188477 
113.188171 
113.188477 
113.188171 
113.187866 
113.188477 
113.188782 
113.188171 
113.188477 
113.188477 
113.188782 
113.189392 
113.189087 
113.188477 
113.187561 
113.187256 
113.186646 
113.187256 
113.187256 
113.186951 
113.187561 
113.187866 
113.188171 
113.187866 
113.188171 
113.187866 
113.187866 
113.188171 
113.187866 
113.187561 
113.186951 
113.186646 
113.186951 
113.186951 
113.188171 
113.188782 
113.189087 
113.189392 
113.189392 
113.189087 
113.188477 
113.188477 
113.188477 
113.188782 
113.188782 
113.188171 
113.188782 
113.188477 
113.188782 
113.188782 
113.188782 
113.189392 
113.190002 
113.188782 
113.187561 
113.187256 
113.186646 
113.186951 
113.187561 
113.187256 
113.187561 
113.187866 
113.187866 
113.188477 
113.188171 
113.188171 
113.188171 
113.188171 
113.187866 
113.187561 
113.186951 
113.186951 
113.186646 
113.187256 
113.188477 
113.189392 
113.189087 
113.189697 
113.189392 
113.189087 
113.188782 
113.188782 
113.188171 
113.188782 
113.188171 
113.188171 
113.188477 
113.188477 
113.188477 
113.188477 
113.188782 
113.189392 
113.189392 
113.188782 
113.187256 
113.186646 
113.186340 
113.186646 
113.187256 
113.187561 
113.187561 
113.187256 
113.187561 
113.187561 
113.187866 
113.187561 
113.188171 
113.187866 
113.187256 
113.187256 
113.186646 
113.186340 
113.186646 
113.186646 
113.187866 
113.189087 
113.189087 
113.189087 
113.189087 
113.188477 
113.188477 
113.188171 
113.187866 
113.188171 
113.188782 
113.188477 
113.188171 
113.188477 
113.188477 
113.188477 
113.189087 
113.189087 
113.189087 
113.188477 
113.187866 
113.186951 
113.186340 
113.186646 
113.186951 
113.187256 
113.187866 
113.187866 
113.188477 
113.187866 
113.187866 
113.187866 
113.187866 
113.187561 
113.187561 
113.187256 
113.186951 
113.186646 
113.186646 
113.186951 
113.188171 
113.189087 
113.189697 
113.189392 
113.189697 
113.189697 
113.188477 
113.188171 
113.188477 
113.188171 
113.188171 
113.188477 
113.188477 
113.188171 
113.188782 
113.188477 
113.188782 
113.189087 
113.189392 
113.189087 
113.187561 
113.186646 
113.186646 
113.187256 
113.187561 
113.187256 
113.187866 
113.188171 
113.188477 
113.188171 
113.188171 
113.188171 
113.187866 
113.188171 
113.187561 
113.187561 
113.187256 
113.186951 
113.186951 
113.187561 
113.188477 
113.189392 
113.189392 
113.189392 
113.189087 
113.189392 
113.188477 
113.188171 
113.188171 
113.188171 
113.188477 
113.188171 
113.188171 
113.188477 
113.188477 
113.188477 
113.189087 
113.189392 
113.189392 
113.188782 
113.187866 
113.186646 
113.186340 
113.187256 
113.187256 
113.187256 
113.187561 
113.188171 
113.187561 
113.187561 
113.187866 
113.187561 
113.187866 
113.187866 
113.187561 
113.187256 
113.186951 
113.186646 
113.186646 
113.186951 
113.188171 
113.188477 
113.189087 
113.189392 
113.189087 
113.188782 
113.188477 
113.188477 
113.188171 
113.188171 
113.188171 
113.188477 
113.188171 
113.188477 
113.187866 
113.188171 
113.188782 
113.189087 
113.189087 
113.188171 
113.187561 
113.186646 
113.186646 
113.186951 
113.187256 
113.187561 
113.187866 
113.187866 
113.187866 
113.187866 
113.187561 
113.187561 
113.188171 
113.187561 
113.187561 
113.187256 
113.186646 
113.186646 
113.186646 
113.187561 
113.188782 
113.189392 
113.189392 
113.189697 
113.189697 
113.188782 
113.189087 
113.188477 
113.188477 
113.188477 
113.188477 
113.188171 
113.188477 
113.188782 
113.188782 
113.188782 
113.188782 
113.189392 
113.188782 
113.189087 
113.187866 
113.186646 
113.186951 
113.187256 
113.187256 
113.187561 
113.187866 
113.187561 
113.187866 
113.188171 
113.187866 
113.188477 
113.187866 
113.187866 
113.187561 
113.187256 
113.186951 
113.186340 
113.186646 
113.187256 
113.188477 
113.189087 
113.189392 
113.189392 
113.189392 
113.189392 
113.188477 
113.188782 
113.188171 
113.187866 
113.188477 
113.188477 
113.188477 
113.188171 
113.188782 
113.188782 
113.188782 
113.189697 
113.189392 
113.188477 
113.187561 
113.186646 
113.186340 
113.186951 
113.187256 
113.187256 
113.187561 
113.187866 
113.187561 
113.188171 
113.187866 
113.187561 
113.187866 
113.187866 
113.187561 
113.187256 
113.186646 
113.186646 
113.186646 
113.186951 
113.188171 
113.188782 
113.189087 
113.189392 
113.189087 
113.188782 
113.188477 
113.188171 
113.187866 
113.188171 
113.188477 
113.188171 
113.188171 
113.188171 
113.188171 
113.188782 
113.189087 
113.189087 
113.189392 
113.188477 
113.187561 
113.186951 
113.186340 
113.186951 
113.186951 
113.187256 
113.187561 
113.188171 
113.188171 
113.187866 
113.187866 
113.187866 
113.187866 
113.187866 
113.187866 
113.187256 
113.187256 
113.186035 
113.186340 
113.187256 
113.188477 
113.189087 
113.189087 
113.189392 
113.189087 
113.188782 
113.188782 
113.188477 
113.188477 
113.188782 
113.188477 
113.188477 
113.188782 
113.188477 
113.188477 
113.188477 
113.188782 
113.188782 
113.189087 
113.188782 
113.187256 
113.186340 
113.187256 
113.186951 
113.186951 
113.187561 
113.187561 
113.187866 
113.188171 
113.187866 
113.187561 
113.187866 
113.187561 
113.187561 
113.187866 
113.187256 
113.186646 
113.186340 
113.186646 
113.187256 
113.188171 
113.189087 
113.189087 
113.189697 
113.189087 
113.189087 
113.188782 
113.188782 
113.188171 
113.188171 
113.188477 
113.188171 
113.188477 
113.188171 
113.188477 
113.188171 
113.188782 
113.189697 
113.189087 
113.188782 
113.187256 
113.186646 
113.186340 
113.186951 
113.187256 
113.187256 
113.187866 
113.187866 
113.188171 
113.188171 
113.187561 
113.187866 
113.187866 
113.187561 
113.187561 
113.186951 
113.186951 
113.186646 
113.186035 
113.187561 
113.188477 
113.188782 
113.188782 
113.189087 
113.188782 
113.188782 
113.188171 
113.187866 
113.188171 
113.188477 
113.188171 
113.188171 
113.188171 
113.188171 
113.188477 
113.188782 
113.189087 
113.189392 
113.189392 
113.188477 
113.187256 
113.186951 
113.186340 
113.186646 
113.187256 
113.187256 
113.187866 
113.187866 
113.187866 
113.187866 
113.187866 
113.188171 
113.187866 
113.187866 
113.187561 
113.187256 
113.186646 
113.186646 
113.186646 
113.187256 
113.188171 
113.189087 
113.189087 
113.189697 
113.189087 
113.188782 
113.188782 
113.188477 
113.188171 
113.188477 
113.188477 
113.188171 
113.188171 
113.188477 
113.188477 
113.188782 
113.188782 
113.189392 
113.189392 
113.188477 
113.187866 
113.186951 
113.186646 
113.187256 
113.187256 
113.187561 
113.187866 
113.187866 
113.187866 
113.187866 
113.187866 
113.187866 
113.187561 
113.187256 
113.187866 
113.186951 
113.186951 
113.186646 
113.186340 
113.187256 
113.188477 
113.189087 
113.189087 
113.190002 
113.188782 
113.188477 
113.188477 
113.188477 
113.188477 
113.188171 
113.188477 
113.188477 
113.188171 
113.188477 
113.188477 
113.189087 
113.189087 
113.189697 
113.189392 
113.188477 
113.187561 
113.186646 
113.186646 
113.187561 
113.186951 
113.187561 
113.187561 
113.187866 
113.187866 
113.187866 
113.188171 
113.187866 
113.187866 
113.187866 
113.187561 
113.187866 
113.186646 
113.186646 
113.186951 
113.186951 
113.188477 
113.188782 
113.189392 
113.189697 
113.189392 
113.188782 
113.188477 
113.188171 
113.188171 
113.188171 
113.188477 
113.188477 
113.187866 
113.188782 
113.188477 
113.188782 
113.188782 
113.189392 
113.189087 
113.188477 
113.187561 
113.186951 
113.186646 
113.186646 
113.186951 
113.187256 
113.187561 
113.187561 
113.187866 
113.187561 
113.187866 
113.187256 
113.187256 
113.186951 
113.186646 
113.185730 
113.184509 
113.182678 
113.182373 
113.181458 
113.181152 
113.180542 
113.179016 
113.176575 
113.174133 
113.171692 
113.168335 
113.164673 
113.161621 
113.157654 
113.154297 
113.149414 
113.145142 
113.140259 
113.135071 
113.129272 
113.124084 
113.117981 
113.111267 
113.104248 
113.096008 
113.088379 
113.080444 
113.073120 
113.065186 
113.056946 
113.049011 
113.040161 
113.031921 
113.022766 
113.013611 
113.004456 
112.994690 
112.984924 
112.974854 
112.964783 
112.954712 
112.944031 
112.933655 
112.923889 
112.914429 
112.904663 
112.893982 
112.883606 
112.872620 
112.862244 
112.850647 
112.839355 
112.828674 
112.817688 
112.807007 
112.796021 
112.785034 
112.774048 
112.763062 
112.752380 
112.741394 
112.730408 
112.719727 
112.707825 
112.695313 
112.683411 
112.672119 
112.661133 
112.650757 
112.639771 
112.629395 
112.618408 
112.608032 
112.597046 
112.585754 
112.574158 
112.563782 
112.552490 
112.541504 
112.530212 
112.518616 
112.507629 
112.496338 
112.486572 
112.476807 
112.467346 
112.456970 
112.445984 
112.434998 
112.423706 
112.412415 
112.401733 
112.390442 
112.380066 
112.369385 
112.358704 
112.348022 
112.337646 
112.327271 
112.316895 
112.307129 
112.296753 
112.286072 
112.274780 
112.263184 
112.251892 
112.241211 
112.231140 
112.221069 
112.210693 
112.200317 
112.190552 
112.180176 
112.169800 
112.159729 
112.149353 
112.138672 
112.128601 
112.117920 
112.106628 
112.095947 
112.085876 
112.074890 
112.065735 
112.056274 
112.046814 
112.036438 
112.026978 
112.015686 
112.005310 
111.994629 
111.983643 
111.973267 
111.962891 
111.952209 
111.941528 
111.931763 
111.921387 
111.911011 
111.900940 
111.890564 
111.880493 
111.870422 
111.859436 
111.847839 
111.836853 
111.826477 
111.816406 
111.805725 
111.795044 
111.784973 
111.774902 
111.765137 
111.754456 
111.744385 
111.733398 
111.723022 
111.712341 
111.701660 
111.691284 
111.680298 
111.669617 
111.659241 
111.649170 
111.639709 
111.629944 
111.619873 
111.609192 
111.599426 
111.588440 
111.577148 
111.566467 
111.555481 
111.544800 
111.534424 
111.523743 
111.513367 
111.502991 
111.492920 
111.481934 
111.472168 
111.461792 
111.450806 
111.440125 
111.428528 
111.416931 
111.406250 
111.396484 
111.385498 
111.375427 
111.365356 
111.355591 
111.344910 
111.335144 
111.323547 
111.313477 
111.303101 
111.292419 
111.282043 
111.270447 
111.260071 
111.249390 
111.239014 
111.229248 
111.219482 
111.210327 
111.199951 
111.189880 
111.179199 
111.167908 
111.157227 
111.146240 
111.135559 
111.125183 
111.114502 
111.104126 
111.093750 
111.083679 
111.073608 
111.063538 
111.053162 
111.043091 
111.032715 
111.021118 
111.009521 
110.998535 
110.987854 
110.978088 
110.967407 
110.957642 
110.947266 
110.937195 
110.927124 
110.917053 
110.906677 
110.896301 
110.885315 
110.875244 
110.864563 
110.854187 
110.842896 
110.832214 
110.822144 
110.812073 
110.802612 
110.793152 
110.783386 
110.773315 
110.762634 
110.752258 
110.740967 
110.730591 
110.719910 
110.709534 
110.698547 
110.688171 
110.677795 
110.667725 
110.657349 
110.647583 
110.637207 
110.627136 
110.616760 
110.605774 
110.594177 
110.583496 
110.572815 
110.562439 
110.552673 
110.542603 
110.531616 
110.521851 
110.512390 
110.502014 
110.491943 
110.481262 
110.470581 
110.460205 
110.450134 
110.438843 
110.428467 
110.418091 
110.407104 
110.397644 
110.388184 
110.378723 
110.368652 
110.358887 
110.348206 
110.337219 
110.327148 
110.316162 
110.305786 
110.295105 
110.285339 
110.274963 
110.264893 
110.255432 
110.245361 
110.236206 
110.226746 
110.218201 
110.209045 
110.200195 
110.190735 
110.182190 
110.174255 
110.167542 
110.160828 
110.154419 
110.148621 
110.143127 
110.138245 
110.133362 
110.128479 
110.124207 
110.120239 
110.116272 
110.113220 
110.110474 
110.107422 
110.104980 
110.102844 
110.102539 
110.102844 
110.101929 
110.101624 
110.100708 
110.100098 
110.099487 
110.098572 
110.098267 
110.097656 
110.097656 
110.097961 
110.097046 
110.097351 
110.097961 
110.097961 
110.098572 
110.098877 
110.098877 
110.099487 
110.098572 
110.097656 
110.097046 
110.097656 
110.097961 
110.098572 
110.099182 
110.099182 
110.100098 
110.100708 
110.100708 
110.101013 
110.100708 
110.101318 
110.101318 
110.101624 
110.101624 
110.100708 
110.101013 
110.101318 
110.102539 
110.103455 
110.104675 
110.105286 
110.105286 
110.105591 
110.105286 
110.104370 
110.104675 
110.104065 
110.104370 
110.104675 
110.104980 
110.104980 
110.104980 
110.104980 
110.104980 
110.105286 
110.105896 
110.105896 
110.105286 
110.104065 
110.103760 
110.103149 
110.103760 
110.104370 
110.104065 
110.104675 
110.104675 
110.104980 
110.105286 
110.104980 
110.105286 
110.104675 
110.105286 
110.104370 
110.104065 
110.103760 
110.103760 
110.103455 
110.104675 
110.104980 
110.106201 
110.106812 
110.106506 
110.106506 
110.106201 
110.106201 
110.105896 
110.105896 
110.105591 
110.105896 
