Blum, K. P., D’Incamps, B. L., Zytnicki, D., & Ting, L. H. (2017).
Force encoding in muscle spindles during stretch of
passive muscle. PLoS computational biology, 13(9), 
e1005767. <https://journals.plos.org/ploscompbiol/article?
id=10.1371/journal.pcbi.1005767>

cat medial gastrocnemius muscle lengths over t  (in 0.0005 s increments)
110.106506 
110.106506 
110.106506 
110.106812 
110.106812 
110.106506 
110.107422 
110.107422 
110.107422 
110.105896 
110.104980 
110.104675 
110.105591 
110.105286 
110.105591 
110.105896 
110.105591 
110.106201 
110.105896 
110.105896 
110.105896 
110.105896 
110.105896 
110.105896 
110.105591 
110.104980 
110.104370 
110.104675 
110.104980 
110.106201 
110.106812 
110.107117 
110.107422 
110.107117 
110.106506 
110.107117 
110.106201 
110.106506 
110.106201 
110.106812 
110.106812 
110.106506 
110.106201 
110.106506 
110.106506 
110.107117 
110.107422 
110.107422 
110.107117 
110.105896 
110.104980 
110.104980 
110.105591 
110.105591 
110.105591 
110.105286 
110.105591 
110.106201 
110.106201 
110.105591 
110.106201 
110.105896 
110.106201 
110.105286 
110.105591 
110.105286 
110.104675 
110.104675 
110.104980 
110.105591 
110.106812 
110.107117 
110.107727 
110.106812 
110.106812 
110.106201 
110.106812 
110.106201 
110.106506 
110.106506 
110.106506 
110.106506 
110.106812 
110.106506 
110.106812 
110.107117 
110.107117 
110.107727 
110.107117 
110.106201 
110.104980 
110.104675 
110.104980 
110.105591 
110.105286 
110.106201 
110.105896 
110.105286 
110.106201 
110.105896 
110.105896 
110.106201 
110.105896 
110.105896 
110.105591 
110.104980 
110.104980 
110.105286 
110.105896 
110.108032 
110.110168 
110.111389 
110.113525 
110.114746 
110.115967 
110.117493 
110.118713 
110.120239 
110.122375 
110.124207 
110.126038 
110.128174 
110.130005 
110.132446 
110.134583 
110.137329 
110.140381 
110.142212 
110.144653 
110.145569 
110.146790 
110.149231 
110.151672 
110.154114 
110.157166 
110.159912 
110.162659 
110.165405 
110.167847 
110.170593 
110.173340 
110.176086 
110.178528 
110.180664 
110.183411 
110.185547 
110.187683 
110.190430 
110.193176 
110.197449 
110.200806 
110.204163 
110.207214 
110.209351 
110.211792 
110.214233 
110.216980 
110.219116 
110.222168 
110.224304 
110.227356 
110.230103 
110.233459 
110.236816 
110.239563 
110.242615 
110.245972 
110.249023 
110.251465 
110.253296 
110.255737 
110.258179 
110.261230 
110.264282 
110.267334 
110.270691 
110.274048 
110.277405 
110.280151 
110.283203 
110.286560 
110.289612 
110.292358 
110.294800 
110.297546 
110.299988 
110.302734 
110.305176 
110.308228 
110.311890 
110.315247 
110.318604 
110.321350 
110.323486 
110.326233 
110.328369 
110.330505 
110.332642 
110.334778 
110.337524 
110.339966 
110.342102 
110.344849 
110.347290 
110.350037 
110.352478 
110.355225 
110.357666 
110.359802 
110.360718 
110.362854 
110.364685 
110.367432 
110.370178 
110.372314 
110.375061 
110.377808 
110.380554 
110.383301 
110.385742 
110.387878 
110.390625 
110.393066 
110.395508 
110.397339 
110.399780 
110.401917 
110.404663 
110.407410 
110.411072 
110.414734 
110.417175 
110.420227 
110.422363 
110.424805 
110.427246 
110.429077 
110.431519 
110.434265 
110.436707 
110.438843 
110.441589 
110.444336 
110.447083 
110.449524 
110.452576 
110.455322 
110.458069 
110.459900 
110.461426 
110.463257 
110.465088 
110.468445 
110.470886 
110.473633 
110.476990 
110.479431 
110.482483 
110.485229 
110.487671 
110.489807 
110.492554 
110.494995 
110.497742 
110.499878 
110.502014 
110.504150 
110.506592 
110.509644 
110.513306 
110.516663 
110.519104 
110.522461 
110.525208 
110.527954 
110.529785 
110.531616 
110.534058 
110.536804 
110.538940 
110.541382 
110.544128 
110.546875 
110.549622 
110.552368 
110.555115 
110.558472 
110.560913 
110.562439 
110.563965 
110.565186 
110.568237 
110.570984 
110.573425 
110.575562 
110.579224 
110.581970 
110.585022 
110.587463 
110.589905 
110.592651 
110.594788 
110.596924 
110.599670 
110.601807 
110.603943 
110.606079 
110.608521 
110.612488 
110.615234 
110.618896 
110.621948 
110.625000 
110.627136 
110.629272 
110.632019 
110.633850 
110.635986 
110.638733 
110.641479 
110.643616 
110.646057 
110.648804 
110.651855 
110.654602 
110.657349 
110.660095 
110.662842 
110.664978 
110.666199 
110.668030 
110.670471 
110.672913 
110.675659 
110.678406 
110.680847 
110.684204 
110.687256 
110.690002 
110.692139 
110.694885 
110.697327 
110.699768 
110.702209 
110.704956 
110.707092 
110.709229 
110.711670 
110.715027 
110.718384 
110.722046 
110.725098 
110.727539 
110.730286 
110.732422 
110.734558 
110.737000 
110.739441 
110.741882 
110.744934 
110.746765 
110.749207 
110.752258 
110.755005 
110.757751 
110.760498 
110.763245 
110.765991 
110.767517 
110.769043 
110.771179 
110.773010 
110.776672 
110.779114 
110.781860 
110.784302 
110.787354 
110.790100 
110.792847 
110.795288 
110.798035 
110.800476 
110.802917 
110.805054 
110.807800 
110.809631 
110.811768 
110.814514 
110.817566 
110.821228 
110.824280 
110.827332 
110.830383 
110.832520 
110.834961 
110.837097 
110.839539 
110.841675 
110.844421 
110.847168 
110.849304 
110.851746 
110.854797 
110.857239 
110.860291 
110.863342 
110.866394 
110.868530 
110.870667 
110.871582 
110.874023 
110.876160 
110.879211 
110.881653 
110.884094 
110.887146 
110.889893 
110.892944 
110.895691 
110.898132 
110.901184 
110.903625 
110.905762 
110.908203 
110.910034 
110.912476 
110.914917 
110.917358 
110.920715 
110.924377 
110.927429 
110.930176 
110.933533 
110.935669 
110.938110 
110.940247 
110.942383 
110.945129 
110.947571 
110.950012 
110.952454 
110.954590 
110.957642 
110.960693 
110.963135 
110.965881 
110.968933 
110.971680 
110.973206 
110.974731 
110.976868 
110.979004 
110.982056 
110.984497 
110.987244 
110.989990 
110.992737 
110.996094 
110.997925 
111.000977 
111.003723 
111.005859 
111.008911 
111.011047 
111.012878 
111.015625 
111.017761 
111.020508 
111.024170 
111.027222 
111.030579 
111.033630 
111.036072 
111.038513 
111.040955 
111.043396 
111.045532 
111.047974 
111.050415 
111.052856 
111.055603 
111.058044 
111.060791 
111.063232 
111.065979 
111.069031 
111.072083 
111.073914 
111.076355 
111.077576 
111.079407 
111.081848 
111.084595 
111.087036 
111.090393 
111.093140 
111.095581 
111.098633 
111.101074 
111.104126 
111.106262 
111.108704 
111.111145 
111.113281 
111.115723 
111.117859 
111.119995 
111.123047 
111.126099 
111.129761 
111.133118 
111.135864 
111.138611 
111.141052 
111.142883 
111.145325 
111.147766 
111.150208 
111.152649 
111.155396 
111.157837 
111.160278 
111.163025 
111.165771 
111.168213 
111.171265 
111.174011 
111.176453 
111.178589 
111.179810 
111.182251 
111.184387 
111.187134 
111.190186 
111.192627 
111.195679 
111.198120 
111.200867 
111.203613 
111.206055 
111.208496 
111.211548 
111.213684 
111.216125 
111.218262 
111.220703 
111.222534 
111.225281 
111.228638 
111.232605 
111.235962 
111.238403 
111.241455 
111.243896 
111.246033 
111.248474 
111.250305 
111.253052 
111.255188 
111.257935 
111.260376 
111.263123 
111.265564 
111.268005 
111.270752 
111.274109 
111.276550 
111.279297 
111.280823 
111.282654 
111.284485 
111.286926 
111.289978 
111.292725 
111.294861 
111.298218 
111.300964 
111.303711 
111.306458 
111.308899 
111.311035 
111.314087 
111.316528 
111.318359 
111.320801 
111.322937 
111.325378 
111.327515 
111.331787 
111.335144 
111.338501 
111.341248 
111.344299 
111.346130 
111.348877 
111.351013 
111.353455 
111.355591 
111.358337 
111.360779 
111.363220 
111.365967 
111.368713 
111.370850 
111.373596 
111.376648 
111.379395 
111.382141 
111.383362 
111.385498 
111.387024 
111.389160 
111.391907 
111.394958 
111.397705 
111.400452 
111.402893 
111.406250 
111.408386 
111.411133 
111.414185 
111.416321 
111.419067 
111.421204 
111.423645 
111.425171 
111.427612 
111.430054 
111.433716 
111.437378 
111.440430 
111.443176 
111.445923 
111.448669 
111.450806 
111.452637 
111.455383 
111.457214 
111.460266 
111.463013 
111.465454 
111.467896 
111.470642 
111.473083 
111.475830 
111.478882 
111.481323 
111.484070 
111.485596 
111.487122 
111.489258 
111.492004 
111.494751 
111.497192 
111.500549 
111.503296 
111.506042 
111.509094 
111.511230 
111.513977 
111.516724 
111.518555 
111.521301 
111.523743 
111.525879 
111.528320 
111.530151 
111.532898 
111.536560 
111.540222 
111.542664 
111.546021 
111.548767 
111.550903 
111.553650 
111.555786 
111.557617 
111.560364 
111.562500 
111.565247 
111.567688 
111.570435 
111.573181 
111.575928 
111.578369 
111.581421 
111.584167 
111.586609 
111.588440 
111.589966 
111.592102 
111.594543 
111.597290 
111.599731 
111.602783 
111.605225 
111.607971 
111.611023 
111.613464 
111.616211 
111.618958 
111.621094 
111.623535 
111.626282 
111.628418 
111.630249 
111.632690 
111.635437 
111.638794 
111.642761 
111.645813 
111.648560 
111.651917 
111.653442 
111.655884 
111.658020 
111.660461 
111.663208 
111.665344 
111.668091 
111.670532 
111.672974 
111.676025 
111.678162 
111.680908 
111.684265 
111.687012 
111.689453 
111.690979 
111.692505 
111.694641 
111.697083 
111.699524 
111.702576 
111.705017 
111.708374 
111.710815 
111.713562 
111.716309 
111.718750 
111.721191 
111.723328 
111.726074 
111.728516 
111.730957 
111.732788 
111.735535 
111.737976 
111.741333 
111.744995 
111.747742 
111.751099 
111.753540 
111.756592 
111.758118 
111.760254 
111.762390 
111.765442 
111.767578 
111.770020 
111.772766 
111.775208 
111.778259 
111.780701 
111.783447 
111.786804 
111.788940 
111.791382 
111.793213 
111.794739 
111.796875 
111.799011 
111.802063 
111.805115 
111.807861 
111.810913 
111.813660 
111.816101 
111.818848 
111.821289 
111.824036 
111.826172 
111.829224 
111.831360 
111.833191 
111.835632 
111.837769 
111.840515 
111.844788 
111.847534 
111.850891 
111.853943 
111.856384 
111.859131 
111.860962 
111.862793 
111.865540 
111.867676 
111.870117 
111.873169 
111.875305 
111.878052 
111.880798 
111.883240 
111.885986 
111.889038 
111.892395 
111.894226 
111.896057 
111.897583 
111.899414 
111.901855 
111.904602 
111.907349 
111.910706 
111.913452 
111.915894 
111.918945 
111.921387 
111.923523 
111.926270 
111.928711 
111.931458 
111.932983 
111.935120 
111.937866 
111.940002 
111.943054 
111.946411 
111.950073 
111.953430 
111.956177 
111.958618 
111.961365 
111.963501 
111.965637 
111.968384 
111.970520 
111.972961 
111.975403 
111.977844 
111.980591 
111.983032 
111.986084 
111.988525 
111.991882 
111.994019 
111.996460 
111.997986 
111.999817 
112.001953 
112.004700 
112.006836 
112.010193 
112.012939 
112.015381 
112.018738 
112.021484 
112.023926 
112.026367 
112.028503 
112.031555 
112.033997 
112.036133 
112.037964 
112.040100 
112.042847 
112.045593 
112.049255 
112.052612 
112.055664 
112.059021 
112.061157 
112.063599 
112.065735 
112.067871 
112.070313 
112.072449 
112.075500 
112.077637 
112.080078 
112.083435 
112.085876 
112.088318 
112.091064 
112.094116 
112.096558 
112.098999 
112.100830 
112.101746 
112.104492 
112.106628 
112.109375 
112.112427 
112.115173 
112.118225 
112.120972 
112.124023 
112.126465 
112.129211 
112.131653 
112.133789 
112.136230 
112.138977 
112.140503 
112.142944 
112.145386 
112.148743 
112.151794 
112.155151 
112.158203 
112.161255 
112.163696 
112.165833 
112.168274 
112.170410 
112.172852 
112.174988 
112.177734 
112.180481 
112.182922 
112.185669 
112.188416 
112.191162 
112.193604 
112.196655 
112.199097 
112.201843 
112.203064 
112.204590 
112.206726 
112.209167 
112.212219 
112.214661 
112.217407 
112.220459 
112.223511 
112.226257 
112.228394 
112.231750 
112.233582 
112.236328 
112.238770 
112.240906 
112.243042 
112.245178 
112.247314 
112.250366 
112.254028 
112.257690 
112.260437 
112.263794 
112.265930 
112.268372 
112.270813 
112.273254 
112.275085 
112.277527 
112.280273 
112.283325 
112.285767 
112.287903 
112.290955 
112.293396 
112.296448 
112.299194 
112.301941 
112.304077 
112.305908 
112.307434 
112.309265 
112.312317 
112.314453 
112.317810 
112.319946 
112.322998 
112.326050 
112.328491 
112.331238 
112.333679 
112.335815 
112.338867 
112.341003 
112.343445 
112.345886 
112.347412 
112.350159 
112.352905 
112.356567 
112.360229 
112.362976 
112.366028 
112.368469 
112.370911 
112.373047 
112.375183 
112.377319 
112.380371 
112.382813 
112.384644 
112.388000 
112.390137 
112.393188 
112.395935 
112.398987 
112.401123 
112.404480 
112.406616 
112.408142 
112.409363 
112.411804 
112.414551 
112.416992 
112.420044 
112.422791 
112.425842 
112.427979 
112.431335 
112.433777 
112.436218 
112.438965 
112.441101 
112.443848 
112.445984 
112.448120 
112.450562 
112.453003 
112.455750 
112.459106 
112.462769 
112.465515 
112.468567 
112.471313 
112.473450 
112.476196 
112.478027 
112.480469 
112.482910 
112.485352 
112.487793 
112.490234 
112.493286 
112.495422 
112.498169 
112.501221 
112.503662 
112.506714 
112.508850 
112.510376 
112.512207 
112.514038 
112.517090 
112.519226 
112.521973 
112.525330 
112.528076 
112.531128 
112.533875 
112.536011 
112.538452 
112.541199 
112.543640 
112.545776 
112.547607 
112.550354 
112.552185 
112.555237 
112.558289 
112.561646 
112.565002 
112.568054 
112.571106 
112.573547 
112.575989 
112.577820 
112.580261 
112.582703 
112.584839 
112.587585 
112.590332 
112.593079 
112.595825 
112.597961 
112.601013 
112.603455 
112.606506 
112.609558 
112.611084 
112.612915 
112.614441 
112.617188 
112.619324 
112.622375 
112.624817 
112.627563 
112.630920 
112.633667 
112.636108 
112.638550 
112.641296 
112.643433 
112.646179 
112.648926 
112.650757 
112.653198 
112.655029 
112.657776 
112.660522 
112.664185 
112.667847 
112.670593 
112.673645 
112.675781 
112.678223 
112.680359 
112.683105 
112.684937 
112.687378 
112.690430 
112.692566 
112.695313 
112.698059 
112.701111 
112.703247 
112.705994 
112.709045 
112.711182 
112.713928 
112.714844 
112.716980 
112.719116 
112.721863 
112.724304 
112.727356 
112.730408 
112.732849 
112.735901 
112.738342 
112.741394 
112.743835 
112.745972 
112.748718 
112.750854 
112.753296 
112.755432 
112.757874 
112.760010 
112.763062 
112.766724 
112.770081 
112.773132 
112.775879 
112.778320 
112.781067 
112.782898 
112.785034 
112.787781 
112.790222 
112.792358 
112.794800 
112.797546 
112.800293 
112.803345 
112.805786 
112.808533 
112.811584 
112.814026 
112.816162 
112.817993 
112.819519 
112.821655 
112.824402 
112.826843 
112.829590 
112.832947 
112.835388 
112.838135 
112.840576 
112.843018 
112.846069 
112.848816 
112.850952 
112.853394 
112.855835 
112.857361 
112.859802 
112.862244 
112.865295 
112.868958 
112.872314 
112.875671 
112.878113 
112.880859 
112.882996 
112.884827 
112.886963 
112.889404 
112.892456 
112.894897 
112.897644 
112.900696 
112.903137 
112.905579 
112.908630 
112.911377 
112.913818 
112.915955 
112.918701 
112.920532 
112.921753 
112.923584 
112.927246 
112.929382 
112.932129 
112.935181 
112.937927 
112.940674 
112.943420 
112.945862 
112.947998 
112.951050 
112.953796 
112.956238 
112.958374 
112.960815 
112.962341 
112.965088 
112.968140 
112.971802 
112.975464 
112.977905 
112.980652 
112.983093 
112.985229 
112.987671 
112.990112 
112.992249 
112.994690 
112.997437 
113.000183 
113.002319 
113.005371 
113.007813 
113.010559 
113.013306 
113.016052 
113.018799 
113.021240 
113.022156 
113.023682 
113.026428 
113.029480 
113.031616 
113.034668 
113.037720 
113.040161 
113.043213 
113.045959 
113.048096 
113.050842 
113.053894 
113.055725 
113.058472 
113.060303 
113.063049 
113.065186 
113.067322 
113.070374 
113.074341 
113.077393 
113.080444 
113.082886 
113.085632 
113.088379 
113.090210 
113.092041 
113.094788 
113.097229 
113.099670 
113.102417 
113.105164 
113.107605 
113.110046 
113.113098 
113.116150 
113.118896 
113.121643 
113.123169 
113.125000 
113.126831 
113.128662 
113.131714 
113.134460 
113.137207 
113.140259 
113.142700 
113.145752 
113.148499 
113.150635 
113.153076 
113.155823 
113.157959 
113.160706 
113.162537 
113.164978 
113.167419 
113.169250 
113.171692 
113.174744 
113.177490 
113.179321 
113.181152 
113.182678 
113.183289 
113.184204 
113.185120 
113.186340 
113.187256 
113.187866 
113.188782 
113.189392 
113.190002 
113.191223 
113.191833 
113.192444 
113.193054 
113.193665 
113.193054 
113.192749 
113.192139 
113.192139 
113.192749 
113.193054 
113.193054 
113.193359 
113.194275 
113.194580 
113.194275 
113.194275 
113.193970 
113.194275 
113.194275 
113.193665 
113.193359 
113.193359 
113.192749 
113.192444 
113.193359 
113.193970 
113.194885 
113.194885 
113.195190 
113.194580 
113.194580 
113.194275 
113.193665 
113.193665 
113.193665 
113.193665 
113.193359 
113.193359 
113.193054 
113.193054 
113.192749 
113.193359 
113.193359 
113.193359 
113.192444 
113.191223 
113.190613 
113.190002 
113.190613 
113.190613 
113.190308 
113.190918 
113.190613 
113.190613 
113.190918 
113.190308 
113.190613 
113.190918 
113.190308 
113.190308 
113.189697 
113.188782 
113.189087 
113.188477 
113.189392 
113.190613 
113.190918 
113.191223 
113.191223 
113.190918 
113.191223 
113.190613 
113.190613 
113.190613 
113.190308 
113.190308 
113.190613 
113.190002 
113.190613 
113.190308 
113.191223 
113.190308 
113.190918 
113.191528 
113.190613 
113.189392 
113.188782 
113.188477 
113.188477 
113.189392 
113.188782 
113.189392 
113.189392 
113.189697 
113.189697 
113.189697 
113.190002 
113.189697 
113.189392 
113.189392 
113.188782 
113.188782 
113.188171 
113.188477 
113.189392 
113.189697 
113.190613 
113.190918 
113.190918 
113.191223 
113.190918 
113.190308 
113.190308 
113.190002 
113.190308 
113.190002 
113.190002 
113.190308 
113.190002 
113.190308 
113.190918 
113.190613 
113.190918 
113.190918 
113.190613 
113.189087 
113.188477 
113.188171 
113.188782 
113.188782 
113.188782 
113.188782 
113.189087 
113.189697 
113.188782 
113.189087 
113.189392 
113.189087 
113.188782 
113.189392 
113.188477 
113.188477 
113.188171 
113.187866 
113.188782 
113.189392 
113.190002 
113.190613 
113.190613 
113.190002 
113.190002 
113.189697 
113.189392 
113.189392 
113.189392 
113.189392 
113.189392 
113.189392 
113.190002 
113.189697 
113.189697 
113.189697 
113.190613 
113.190002 
113.189392 
113.188477 
113.187866 
113.187256 
113.187866 
113.188171 
113.188477 
113.188782 
113.188171 
113.189087 
113.189087 
113.188782 
113.189087 
113.188782 
113.188477 
113.188477 
113.188171 
113.187866 
113.187561 
113.187866 
113.188782 
113.189697 
113.190308 
113.190308 
113.190613 
113.190613 
113.190002 
113.189697 
113.190002 
113.189697 
113.189697 
113.190002 
113.189392 
113.189697 
113.190002 
113.189697 
113.189697 
113.190613 
113.191223 
113.190918 
113.190002 
113.188782 
113.188171 
113.188171 
113.188477 
113.188477 
113.189087 
113.189087 
113.189087 
113.189087 
113.189087 
113.189392 
113.189087 
113.189087 
113.189697 
113.189087 
113.188477 
113.188171 
113.188171 
113.187561 
113.189087 
113.189697 
113.190308 
113.190613 
113.190613 
113.190308 
113.190308 
113.190002 
113.189697 
113.189392 
113.189697 
113.189087 
113.189087 
113.189697 
113.189392 
113.190308 
113.189697 
113.190002 
113.190613 
113.190308 
113.189697 
113.188171 
113.187866 
113.187256 
113.188477 
113.187866 
113.188171 
113.188782 
113.188477 
113.188477 
113.188477 
113.188171 
113.189087 
113.188782 
113.188171 
113.188477 
113.187866 
113.187561 
113.186951 
113.187866 
113.187866 
113.189087 
113.189697 
113.190002 
113.190308 
113.190002 
113.189392 
113.189392 
113.189087 
113.189087 
113.189392 
113.189392 
113.189087 
113.189087 
113.189392 
113.189087 
113.189392 
113.190002 
113.190002 
113.190002 
113.189087 
113.188171 
113.187561 
113.187866 
113.188171 
113.188171 
113.188171 
113.188477 
113.188477 
113.188782 
113.188171 
113.189087 
113.188477 
113.188782 
113.188477 
113.188477 
113.187866 
113.187866 
113.186951 
113.187866 
113.188477 
113.189392 
113.190002 
113.190002 
113.190002 
113.189697 
113.190002 
113.189392 
113.189697 
113.189392 
113.189392 
113.189392 
113.189392 
113.189392 
113.189392 
113.189697 
113.190002 
113.189697 
113.190613 
113.190002 
113.189392 
113.188171 
113.187256 
113.187866 
113.188171 
113.188171 
113.188477 
113.188477 
113.188477 
113.188782 
113.188477 
113.188782 
113.188782 
113.188477 
113.188477 
113.188171 
113.187866 
113.187256 
113.187866 
113.187561 
113.187866 
113.189392 
113.189697 
113.189697 
113.190308 
113.189697 
113.189392 
113.189392 
113.188782 
113.188782 
113.189087 
113.189087 
113.189087 
113.189087 
113.188782 
113.189392 
113.189087 
113.190002 
113.190308 
113.189697 
113.189087 
113.187866 
113.187866 
113.187561 
113.187866 
113.187866 
113.187561 
113.188477 
113.188477 
113.188477 
113.188782 
113.188477 
113.188477 
113.188477 
113.188171 
113.188171 
113.187866 
113.187561 
113.187256 
113.187256 
113.188171 
113.188782 
113.189697 
113.189697 
113.190002 
113.190308 
113.189392 
113.189392 
113.189087 
113.189392 
113.189087 
113.189087 
113.189087 
113.189697 
113.189087 
113.189392 
113.189392 
113.190002 
113.190002 
113.190002 
113.189392 
113.188171 
113.187561 
113.187561 
113.187561 
113.188477 
113.188477 
113.188171 
113.188477 
113.188782 
113.188477 
113.188782 
113.188477 
113.188477 
113.188171 
113.188171 
113.188171 
113.187256 
113.187561 
113.186951 
113.188477 
113.189392 
113.190002 
113.189697 
113.190308 
113.189392 
113.189392 
113.189087 
113.189392 
113.189087 
113.189087 
113.189087 
113.189392 
113.189087 
113.189087 
113.189392 
113.189697 
113.189697 
113.190002 
113.189697 
113.189087 
113.187866 
113.187561 
113.187256 
113.187561 
113.187866 
113.187866 
113.188477 
113.188171 
113.188477 
113.188171 
113.188171 
113.188477 
113.188477 
113.187866 
113.188171 
113.187866 
113.187256 
113.186951 
113.186951 
113.188477 
113.189392 
113.189697 
113.189392 
113.189697 
113.189392 
113.189087 
113.188782 
113.188477 
113.189087 
113.188477 
113.188782 
113.189087 
113.189087 
113.188782 
113.189087 
113.190002 
113.189697 
113.189697 
113.190002 
113.188477 
113.187256 
113.187256 
113.187256 
113.188171 
113.187866 
113.187866 
113.188171 
113.188171 
113.188171 
113.187866 
113.188171 
113.188477 
113.187866 
113.188171 
113.188171 
113.187866 
113.187256 
113.187256 
113.187256 
113.188171 
113.189087 
113.190002 
113.190002 
113.189697 
113.189697 
113.189697 
113.189087 
113.189087 
113.189087 
113.189087 
113.189392 
113.188782 
113.189087 
113.189087 
113.189392 
113.189392 
113.190002 
113.190002 
113.190002 
113.188782 
113.187866 
113.187256 
113.187561 
113.187866 
113.188171 
113.188477 
113.188171 
113.187866 
113.188782 
113.188782 
113.188477 
113.188782 
113.188171 
113.188171 
113.188477 
113.187561 
113.187561 
113.187256 
113.187256 
113.188171 
113.189087 
113.189392 
113.189697 
113.189392 
113.189697 
113.189697 
113.189392 
113.188782 
113.189087 
113.189087 
113.189087 
113.188782 
113.189087 
113.189087 
113.189392 
113.189392 
113.189697 
113.190002 
113.189697 
113.188477 
113.187256 
113.187561 
113.186951 
113.187866 
113.187866 
113.187866 
113.188477 
113.188171 
113.188171 
113.188477 
113.188782 
113.188171 
113.188171 
113.188171 
113.187866 
113.187866 
113.187256 
113.186951 
113.186951 
113.188171 
113.189392 
113.189087 
113.189392 
113.189392 
113.188782 
113.188782 
113.188477 
113.188477 
113.188477 
113.188171 
113.189087 
113.188477 
113.188782 
113.189087 
113.189087 
113.189087 
113.189697 
113.189697 
113.189392 
113.188477 
113.187561 
113.187256 
113.187256 
113.187866 
113.187561 
113.187866 
113.188171 
113.188171 
113.187866 
113.188171 
113.188477 
113.188171 
113.188171 
113.188171 
113.187866 
113.187561 
113.187256 
113.187256 
113.186951 
113.188477 
113.189087 
113.189392 
113.189697 
113.189392 
113.189087 
113.189392 
113.188782 
113.189087 
113.189392 
113.188782 
113.188782 
113.188782 
113.189087 
113.189087 
113.188782 
113.189697 
113.189392 
113.189697 
113.189392 
113.188782 
113.188171 
113.186951 
113.187561 
113.187866 
113.187561 
113.187866 
113.188477 
113.188477 
113.188477 
113.188477 
113.188171 
113.188477 
113.188171 
113.188171 
113.187561 
113.187256 
113.187256 
113.186951 
113.187561 
113.188171 
113.189087 
113.189392 
113.189697 
113.189697 
113.189392 
113.189087 
113.189087 
113.188477 
113.188782 
113.188782 
113.188782 
113.188477 
113.189087 
113.188782 
113.189087 
113.189392 
113.189392 
113.189697 
113.189697 
113.188171 
113.187561 
113.186951 
113.187561 
113.187866 
113.187561 
113.187866 
113.188171 
113.188171 
113.187866 
113.188171 
113.188171 
113.188477 
113.188171 
113.188171 
113.188171 
113.187561 
113.187256 
113.186340 
113.187256 
113.188171 
113.188782 
113.190002 
113.189697 
113.189697 
113.189392 
113.189087 
113.189087 
113.188782 
113.188782 
113.188477 
113.189087 
113.188477 
113.188782 
113.189087 
113.189087 
113.189392 
113.190002 
113.190308 
113.189392 
113.188477 
113.187561 
113.186951 
113.187866 
113.187866 
113.187561 
113.188171 
113.188171 
113.188782 
113.188477 
113.188171 
113.188477 
113.188171 
113.187866 
113.188477 
113.187866 
113.187866 
113.186951 
113.186951 
113.187256 
113.188477 
113.189392 
113.189697 
113.190002 
113.189697 
113.189697 
113.189087 
113.188782 
113.188477 
113.188477 
113.188782 
113.188477 
113.189087 
113.189087 
113.188782 
113.189392 
113.189392 
113.189392 
113.190002 
113.189392 
113.188782 
113.187866 
113.187256 
113.187561 
113.187866 
113.187866 
113.188477 
113.188171 
113.187866 
113.188477 
113.188171 
113.188477 
113.188477 
113.188171 
113.188171 
113.187561 
113.187561 
113.186951 
113.186951 
113.187256 
113.188477 
113.189087 
113.189697 
113.189392 
113.189697 
113.189392 
113.188782 
113.189087 
113.188782 
113.188782 
113.189087 
113.188782 
113.188782 
113.188782 
113.188782 
113.188782 
113.189392 
113.189697 
113.189392 
113.189392 
113.188171 
113.187561 
113.187256 
113.187866 
113.187256 
113.187866 
113.188171 
113.187866 
113.188171 
113.188477 
113.188171 
113.188477 
113.188477 
113.187561 
113.187866 
113.187561 
113.187561 
113.187256 
113.186951 
113.187561 
113.188171 
113.189087 
113.189697 
113.189392 
113.189697 
113.189392 
113.189087 
113.189087 
113.188782 
113.189087 
113.189087 
113.188477 
113.189087 
113.189087 
113.189087 
113.189087 
113.189392 
113.189697 
113.190002 
113.189087 
113.188477 
113.187561 
113.187256 
113.187866 
113.187866 
113.187866 
113.188171 
113.187866 
113.188171 
113.188171 
113.188171 
113.188477 
113.188171 
113.188171 
113.187866 
113.187561 
113.187561 
113.187256 
113.187256 
113.187256 
113.188171 
113.189392 
113.189392 
113.189392 
113.190002 
113.189392 
113.188782 
113.189087 
113.189087 
113.188782 
113.189087 
113.188782 
113.188782 
113.188477 
113.189087 
113.189087 
113.189087 
113.189697 
113.189697 
113.189392 
113.188171 
113.187256 
113.186951 
113.186951 
113.187866 
113.187561 
113.187561 
113.188171 
113.188477 
113.188782 
113.188171 
113.187866 
113.188171 
113.187866 
113.187866 
113.187866 
113.187256 
113.187256 
113.186951 
113.187561 
113.188477 
113.189087 
113.189697 
113.190002 
113.189392 
113.189392 
113.189087 
113.188782 
113.189087 
113.189087 
113.188782 
113.189087 
113.188782 
113.188782 
113.188782 
113.189087 
113.189087 
113.189697 
113.189697 
113.189392 
113.187561 
113.187256 
113.186951 
113.187561 
113.187561 
113.187561 
113.187866 
113.188171 
113.188171 
113.188171 
113.188477 
113.188171 
113.188477 
113.188171 
113.188171 
113.188477 
113.187256 
113.187561 
113.187256 
113.187561 
113.188782 
113.189392 
113.189392 
113.189697 
113.189697 
113.189392 
113.189087 
113.188782 
113.188782 
113.188782 
113.188782 
113.188782 
113.189087 
113.188782 
113.188782 
113.189087 
113.189697 
113.189697 
113.190308 
113.188782 
113.188171 
113.187561 
113.186951 
113.187561 
113.187561 
113.187561 
113.187866 
113.188171 
113.188477 
113.188171 
113.188171 
113.188477 
113.187866 
113.188171 
113.188171 
113.187866 
113.186951 
113.186646 
113.186951 
113.187561 
113.188782 
113.189392 
113.189697 
113.189697 
113.189697 
113.188782 
113.189087 
113.189087 
113.188477 
113.188477 
113.188782 
113.188477 
113.188782 
113.188782 
113.189087 
113.189087 
113.189087 
113.189697 
113.189697 
113.188782 
113.188477 
113.186951 
113.187256 
113.187256 
113.187561 
113.187561 
113.187866 
113.188171 
113.188171 
113.188171 
113.188171 
113.188171 
113.187866 
113.188171 
113.187866 
113.187866 
113.187256 
113.186951 
113.186951 
113.187561 
113.188171 
113.189392 
113.189392 
113.189087 
113.189697 
113.189392 
113.189087 
113.188477 
113.188477 
113.189087 
113.188477 
113.188782 
113.188782 
113.189087 
113.188782 
113.188782 
113.189392 
113.189697 
113.189697 
113.188782 
113.188171 
113.187256 
113.186951 
113.187256 
113.187866 
113.187866 
113.187561 
113.188171 
113.188782 
113.188171 
113.188171 
113.188477 
113.188171 
113.188477 
113.187866 
113.187561 
113.187256 
113.186951 
113.186951 
113.187256 
113.189087 
113.189087 
113.189087 
113.190002 
113.189392 
113.188782 
113.188782 
113.189087 
113.189087 
113.189087 
113.188782 
113.188477 
113.188782 
113.188477 
113.189087 
113.189087 
113.189087 
113.189392 
113.189392 
113.189087 
113.187866 
113.186951 
113.186951 
113.187561 
113.188171 
113.187866 
113.187866 
113.188171 
113.188171 
113.188171 
113.188477 
113.187866 
113.188477 
113.187866 
113.187866 
113.188171 
113.186951 
113.186951 
113.186951 
113.187256 
113.188782 
113.189087 
113.189392 
113.189392 
113.189087 
113.189392 
113.188782 
113.188782 
113.188477 
113.188782 
113.188477 
113.188477 
113.188477 
113.188782 
113.188477 
113.189087 
113.189697 
113.189392 
113.189392 
113.189087 
113.187561 
113.186951 
113.186646 
113.187256 
113.187561 
113.187256 
113.187561 
113.187866 
113.188171 
113.188171 
113.187866 
113.187866 
113.188477 
113.187866 
113.187866 
113.187561 
113.186951 
113.186951 
113.186340 
113.187256 
113.188782 
113.188782 
113.189392 
113.189697 
113.189392 
113.189087 
113.188782 
113.188477 
113.188477 
113.189087 
113.188171 
113.188477 
113.188171 
113.188477 
113.189087 
113.189087 
113.189392 
113.189392 
113.189392 
113.189087 
113.187866 
113.186951 
113.186646 
113.187561 
113.187256 
113.187561 
113.188171 
113.187561 
113.188477 
113.187866 
113.188171 
113.188782 
113.188171 
113.187561 
113.187866 
113.187256 
113.186951 
113.186951 
113.186646 
113.187561 
113.188477 
113.189087 
113.189392 
113.189392 
113.189392 
113.189087 
113.188782 
113.189087 
113.188477 
113.188782 
113.188782 
113.188477 
113.189087 
113.189087 
113.188477 
113.189392 
113.189392 
113.189392 
113.189392 
113.188477 
113.187561 
113.187256 
113.186951 
113.187256 
113.187866 
113.187256 
113.187561 
113.187866 
113.187866 
113.188171 
113.188477 
113.188477 
113.187866 
113.188171 
113.188171 
113.187561 
113.187256 
113.186646 
113.186646 
113.187866 
113.188477 
113.189392 
113.189392 
113.189392 
113.189392 
113.189392 
113.188782 
113.188477 
113.188477 
113.188477 
113.189087 
113.188782 
113.188171 
113.188782 
113.189087 
113.189392 
113.189697 
113.189697 
113.189697 
113.189087 
113.187866 
113.187256 
113.187256 
113.187256 
113.187561 
113.187866 
113.187866 
113.188171 
113.188477 
113.187866 
113.188171 
113.188171 
113.187866 
113.187866 
113.188171 
113.187561 
113.187256 
113.186951 
113.186951 
113.187561 
113.188782 
113.189697 
113.189087 
113.189697 
113.189392 
113.189087 
113.188782 
113.188782 
113.188782 
113.188782 
113.188782 
113.188782 
113.188477 
113.188477 
113.188782 
113.189087 
113.189087 
113.190002 
113.189392 
113.188782 
113.187866 
113.186951 
113.186951 
113.187561 
113.187561 
113.187866 
113.188171 
113.187866 
113.188171 
113.187866 
113.188171 
113.188171 
113.187866 
113.187866 
113.187561 
113.187866 
113.187256 
113.186646 
113.187256 
113.187561 
113.189087 
113.189392 
113.189392 
113.189697 
113.189087 
113.189087 
113.188477 
113.189087 
113.188171 
113.188477 
113.189087 
113.188477 
113.189087 
113.188782 
113.189087 
113.189392 
113.189697 
113.189697 
113.189392 
113.189087 
113.187561 
113.187256 
113.186951 
113.187561 
113.187561 
113.187561 
113.187866 
113.187866 
113.188171 
113.188477 
113.188171 
113.188171 
113.188171 
113.188171 
113.187561 
113.187256 
113.187256 
113.186646 
113.186951 
113.187866 
113.188782 
113.189392 
113.189697 
113.189087 
113.189392 
113.189087 
113.188782 
113.188782 
113.188477 
113.188782 
113.188477 
113.189087 
113.188477 
113.188782 
113.189087 
113.188782 
113.189392 
113.189392 
113.189392 
113.189087 
113.187561 
113.186951 
113.187256 
113.187561 
113.187561 
113.187561 
113.187866 
113.187866 
113.188171 
113.187866 
113.188171 
113.188171 
113.188171 
113.187866 
113.187561 
113.187561 
113.187256 
113.186951 
113.186951 
113.187561 
113.189087 
113.189087 
113.189392 
113.189392 
113.189392 
113.188782 
113.188782 
113.188782 
113.188477 
113.188477 
113.188477 
113.188782 
113.188782 
113.188477 
113.188477 
113.188782 
113.189087 
113.189697 
113.189697 
113.188477 
113.188171 
113.186951 
113.186951 
113.187561 
113.187561 
113.187866 
113.187561 
113.188171 
113.188477 
113.188171 
113.187866 
113.188171 
113.188171 
113.187866 
113.188171 
113.187561 
113.186951 
113.186951 
113.186646 
113.187561 
113.188782 
113.189392 
113.189697 
113.189697 
113.189392 
113.188782 
113.188782 
113.189087 
113.188477 
113.188782 
113.188782 
113.188171 
113.188782 
113.189087 
113.189087 
113.189087 
113.189392 
113.189392 
113.189392 
113.188477 
113.187256 
113.187256 
113.186951 
113.187256 
113.187866 
113.187256 
113.187866 
113.188171 
113.188171 
113.188171 
113.187866 
113.188171 
113.188171 
113.187561 
113.187866 
113.187561 
113.186951 
113.186951 
113.186951 
113.187866 
113.188782 
113.189392 
113.189697 
113.189392 
113.189392 
113.189087 
113.188782 
113.188782 
113.188782 
113.188782 
113.188477 
113.188782 
113.188782 
113.188782 
113.188782 
113.188782 
113.189392 
113.190002 
113.189392 
113.188477 
113.187561 
113.186951 
113.186646 
113.187256 
113.187561 
113.187866 
113.188171 
113.187866 
113.188171 
113.187866 
113.187866 
113.188171 
113.188171 
113.187866 
113.188171 
113.187561 
113.186951 
113.186646 
113.186340 
113.187561 
113.188782 
113.189392 
113.189392 
113.189392 
113.189087 
113.189392 
113.188782 
113.188477 
113.188782 
113.189087 
113.188477 
113.188477 
113.189087 
113.188782 
113.189087 
113.188782 
113.189392 
113.189392 
113.189392 
113.188171 
113.187866 
113.186951 
113.187256 
113.187256 
113.187866 
113.187866 
113.188171 
113.187866 
113.187866 
113.188171 
113.187866 
113.187866 
113.188171 
113.187866 
113.187561 
113.187256 
113.186646 
113.186646 
113.186951 
113.188171 
113.188782 
113.189392 
113.189392 
113.189392 
113.189392 
113.188782 
113.188477 
113.188782 
113.188477 
113.188782 
113.188477 
113.188782 
113.188477 
113.188782 
113.189087 
113.188782 
113.189392 
113.189697 
113.189697 
113.188477 
113.187561 
113.187256 
113.187256 
113.187561 
113.187561 
113.187866 
113.187866 
113.187866 
113.187866 
113.187561 
113.188171 
113.187866 
113.187866 
113.187561 
113.187561 
113.187561 
113.186951 
113.186951 
113.186951 
113.188171 
113.189087 
113.189392 
113.189087 
113.189697 
113.188782 
113.189087 
113.189087 
113.188477 
113.188171 
113.188477 
113.188782 
113.188782 
113.188782 
113.188782 
113.189087 
113.189087 
113.189087 
113.189697 
113.189392 
113.188477 
113.187561 
113.187256 
113.187561 
113.187561 
113.187256 
113.187866 
113.188171 
113.188171 
113.187866 
113.188171 
113.188171 
113.188171 
113.188171 
113.187561 
113.187866 
113.187256 
113.186951 
113.187256 
113.187256 
113.187561 
113.189392 
113.189087 
113.189392 
113.189697 
113.189087 
113.189087 
113.188782 
113.188782 
113.188477 
113.189087 
113.188477 
113.188477 
113.188782 
113.188782 
113.188782 
113.188782 
113.189087 
113.189697 
113.188782 
113.188477 
113.187561 
113.186951 
113.186951 
113.187256 
113.187561 
113.187866 
113.188171 
113.188171 
113.188171 
113.187866 
113.187866 
113.187866 
113.187866 
113.187561 
113.187561 
113.187256 
113.186951 
113.186340 
113.186951 
113.187866 
113.188782 
113.189392 
113.189392 
113.189087 
113.189087 
113.188782 
113.188782 
113.188782 
113.188171 
113.188782 
113.188477 
113.188477 
113.188477 
113.188782 
113.188782 
113.189392 
113.189697 
113.189392 
113.189087 
113.188171 
113.187256 
113.186951 
113.187256 
113.186951 
113.187256 
113.187866 
113.187866 
113.187561 
113.187866 
113.188171 
113.187866 
113.188171 
113.187866 
113.187866 
113.187561 
113.187256 
113.186951 
113.186646 
113.186951 
113.188171 
113.189392 
113.189087 
113.189697 
113.189392 
113.189087 
113.188782 
113.188782 
113.188171 
113.188782 
113.188782 
113.188782 
113.188477 
113.188782 
113.188782 
113.188782 
113.189087 
113.189392 
113.190002 
113.189392 
113.187866 
113.187256 
113.186951 
113.187256 
113.187256 
113.187561 
113.187866 
113.188171 
113.187866 
113.188171 
113.188171 
113.188171 
113.188171 
113.187561 
113.187866 
113.187866 
113.187256 
113.186951 
113.186646 
113.187256 
113.187866 
113.189087 
113.189392 
113.189392 
113.189392 
113.189087 
113.188782 
113.188782 
113.188171 
113.188171 
113.188477 
113.188477 
113.188477 
113.188477 
113.188782 
113.188782 
113.189087 
113.189087 
113.189392 
113.189392 
113.188477 
113.186951 
113.186951 
113.187561 
113.187256 
113.187561 
113.187561 
113.187866 
113.188477 
113.188171 
113.187866 
113.188171 
113.187866 
113.187866 
113.188171 
113.187866 
113.187256 
113.186646 
113.186646 
113.187256 
113.188171 
113.188782 
113.189697 
113.189392 
113.189392 
113.189087 
113.189087 
113.188477 
113.188171 
113.188782 
113.188782 
113.188477 
113.188782 
113.188782 
113.189087 
113.188782 
113.189087 
113.189697 
113.189697 
113.189087 
113.188477 
113.186951 
113.186951 
113.187256 
113.187561 
113.187256 
113.187866 
113.187866 
113.188171 
113.188171 
113.187866 
113.187866 
113.188171 
113.188171 
113.187866 
113.187866 
113.187256 
113.187256 
113.186646 
113.186646 
113.188477 
113.189087 
113.189392 
113.190002 
113.189697 
113.189392 
113.188782 
113.188477 
113.188477 
113.189087 
113.188171 
113.188782 
113.188477 
113.188782 
113.188782 
113.188782 
113.189087 
113.189087 
113.190002 
113.189392 
113.188171 
113.187561 
113.186951 
113.187561 
113.187561 
113.187561 
113.187866 
113.187561 
113.187866 
113.188171 
113.188171 
113.187866 
113.188477 
113.187866 
113.187561 
113.187561 
113.186951 
113.186646 
113.186646 
113.186646 
113.188477 
113.189087 
113.189392 
113.189392 
113.189392 
113.189392 
113.189087 
113.188782 
113.188477 
113.188477 
113.188782 
113.188477 
113.188171 
113.189087 
113.188477 
113.189087 
113.188782 
113.189392 
113.189087 
113.189392 
113.187866 
113.187561 
113.186951 
113.187256 
113.187256 
113.187866 
113.187561 
113.188171 
113.188477 
113.188171 
113.187866 
113.188171 
113.188171 
113.187866 
113.187866 
113.187561 
113.186951 
113.186951 
113.186646 
113.186951 
113.188477 
113.188782 
113.189697 
113.189392 
113.189392 
113.189392 
113.188782 
113.188782 
113.188782 
113.188477 
113.188782 
113.188477 
113.188477 
113.188477 
113.188782 
113.188782 
113.189087 
113.189697 
113.189087 
113.189087 
113.188477 
113.187256 
113.186951 
113.187256 
113.187561 
113.186951 
113.187866 
113.187561 
113.187866 
113.187866 
113.187866 
113.188171 
113.188171 
113.187866 
113.187866 
113.187561 
113.187561 
113.186951 
113.186951 
113.187561 
113.188477 
113.188782 
113.189697 
113.189392 
113.189087 
113.189087 
113.189087 
113.188477 
113.188477 
113.188171 
113.188782 
113.188477 
113.188782 
113.189392 
113.188477 
113.188782 
113.189392 
113.189392 
113.190002 
113.188477 
113.187561 
113.187256 
113.186646 
113.187256 
113.187256 
113.187866 
113.187866 
113.187866 
113.188171 
113.188171 
113.187866 
113.188477 
113.188171 
113.187866 
113.187866 
113.187256 
113.187256 
113.186951 
113.186646 
113.186951 
113.187561 
113.188477 
113.187866 
113.187561 
113.186951 
113.185120 
113.183899 
113.182373 
113.180542 
113.179321 
113.178101 
113.176270 
113.174744 
113.173523 
113.171692 
113.169556 
113.168030 
113.166199 
113.164368 
113.161926 
113.158875 
113.155212 
113.153076 
113.150940 
113.148804 
113.146973 
113.144531 
113.143005 
113.140869 
113.138123 
113.135376 
113.133545 
113.130798 
113.128357 
113.125610 
113.122253 
113.119202 
113.116760 
113.113708 
113.111572 
113.110046 
113.108521 
113.106079 
113.103333 
113.100891 
113.097839 
113.094482 
113.091736 
113.088684 
113.085938 
113.083191 
113.080444 
113.078003 
113.075256 
113.072815 
113.070068 
113.067627 
113.065796 
113.062744 
113.059692 
113.055725 
113.051758 
113.049011 
113.046570 
113.043823 
113.041077 
113.038940 
113.036194 
113.034058 
113.031616 
113.028564 
113.026123 
113.023376 
113.020325 
113.017883 
113.015137 
113.012085 
113.008728 
113.005981 
113.004150 
113.002625 
113.000488 
112.998352 
112.995911 
112.993469 
112.990112 
112.987366 
112.984314 
112.981262 
112.979126 
112.976379 
112.973328 
112.971191 
112.969055 
112.966309 
112.963867 
112.961426 
112.959595 
112.956543 
112.953491 
112.949829 
112.946167 
112.943420 
112.940674 
112.938843 
112.936096 
112.933960 
112.931519 
112.929077 
112.926331 
112.924194 
112.921143 
112.919006 
112.915955 
112.912903 
112.910767 
112.907715 
112.904358 
112.901917 
112.899780 
112.898254 
112.896423 
112.893982 
112.891541 
112.888794 
112.885742 
112.882996 
112.880249 
112.876892 
112.874756 
112.872314 
112.869568 
112.867126 
112.864380 
112.861938 
112.859497 
112.857361 
112.855225 
112.852478 
112.849121 
112.845459 
112.841797 
112.839050 
112.836609 
112.834473 
112.832642 
112.829590 
112.827454 
112.824707 
112.821960 
112.819824 
112.817078 
112.814331 
112.811890 
112.809143 
112.805786 
112.803040 
112.800293 
112.797546 
112.796021 
112.794189 
112.792358 
112.789612 
112.787781 
112.784729 
112.782288 
112.779236 
112.776184 
112.773132 
112.770996 
112.768250 
112.765503 
112.762756 
112.760620 
112.758484 
112.755127 
112.753296 
112.751160 
112.748718 
112.745361 
112.741699 
112.738037 
112.735291 
112.733154 
112.730408 
112.727966 
112.725525 
112.723389 
112.721252 
112.718506 
112.716064 
112.713318 
112.710876 
112.708130 
112.705383 
112.702332 
112.699280 
112.696838 
112.694397 
112.691956 
112.690735 
112.688599 
112.686768 
112.684021 
112.681580 
112.679138 
112.675781 
112.672729 
112.670288 
112.667236 
112.665100 
112.662354 
112.659912 
112.657471 
112.654724 
112.652588 
112.650146 
112.648010 
112.645264 
112.642212 
112.638550 
112.634888 
112.632446 
112.630310 
112.627258 
112.625427 
112.623291 
112.620544 
112.618408 
112.615356 
112.613220 
112.610779 
112.608032 
112.604980 
112.602539 
112.599487 
112.597046 
112.593994 
112.590942 
112.589417 
112.587585 
112.586060 
112.583313 
112.581177 
112.578430 
112.575378 
112.572632 
112.569580 
112.566528 
112.564087 
112.561340 
112.558594 
112.556458 
112.553406 
112.551270 
112.548828 
112.546692 
112.544556 
112.541809 
112.538147 
112.534790 
112.531128 
112.528687 
112.526550 
112.523804 
112.521362 
112.518921 
112.516785 
112.514954 
112.512207 
112.509155 
112.507019 
112.504272 
112.501526 
112.498474 
112.496033 
112.492981 
112.489624 
112.487183 
112.485352 
112.484131 
112.482300 
112.479858 
112.477722 
112.474670 
112.472229 
112.468872 
112.465820 
112.463684 
112.460938 
112.458191 
112.456055 
112.453308 
112.450867 
112.448120 
112.446289 
112.443542 
112.441406 
112.438965 
112.434998 
112.431335 
112.428284 
112.425537 
112.423096 
112.420349 
112.418518 
112.416077 
112.413635 
112.411499 
112.408752 
112.406311 
112.403564 
112.401123 
112.398376 
112.395630 
112.392883 
112.389832 
112.387085 
112.384338 
112.382507 
112.380981 
112.379150 
112.376709 
112.374878 
112.371521 
112.369385 
112.365723 
112.363281 
112.360535 
112.357788 
112.355042 
112.352295 
112.350159 
112.347717 
112.345276 
112.342834 
112.340698 
112.338257 
112.335205 
112.332153 
112.328796 
112.325439 
112.322388 
112.320557 
112.318115 
112.315674 
112.313232 
112.310791 
112.308350 
112.306213 
112.303467 
112.301331 
112.298279 
112.295227 
112.293091 
112.289734 
112.286987 
112.283630 
112.281494 
112.279663 
112.278442 
112.276001 
112.273865 
112.271423 
112.268372 
112.265320 
112.262573 
112.259827 
112.256470 
112.254333 
112.251587 
112.249146 
112.247009 
112.244263 
112.241516 
112.239075 
112.236633 
112.235107 
112.232056 
112.228699 
112.225037 
112.221680 
112.218933 
112.217102 
112.214355 
112.212219 
112.209473 
112.207642 
112.205200 
112.202454 
112.200012 
112.197266 
112.194824 
112.191772 
112.189331 
112.186279 
112.182922 
112.180481 
112.178345 
112.176208 
112.174988 
112.172852 
112.170105 
112.168274 
112.165833 
112.163086 
112.160034 
112.156982 
112.153931 
112.151184 
112.148743 
112.145996 
112.143860 
112.141418 
112.138977 
112.136536 
112.133789 
112.131958 
112.129822 
112.126160 
112.122498 
112.119141 
112.116089 
112.113953 
112.110901 
112.109070 
112.106628 
112.104492 
112.101746 
112.100220 
112.096863 
112.093811 
112.091370 
112.088318 
112.086487 
112.083435 
112.080078 
112.077332 
112.074890 
112.073364 
112.071533 
112.070007 
112.067566 
112.065430 
112.062378 
112.059937 
112.056885 
112.053528 
112.050781 
112.048340 
112.045593 
112.042847 
112.041016 
112.037964 
112.035522 
112.033386 
112.030945 
112.028809 
112.026062 
112.022400 
112.019043 
112.015381 
112.012939 
112.010498 
112.008362 
112.005920 
112.003784 
112.001343 
111.998901 
111.996155 
111.994019 
111.990967 
111.988525 
111.985779 
111.983032 
111.979980 
111.976929 
111.974182 
111.971741 
111.970215 
111.968689 
111.966553 
111.964417 
111.961670 
111.958923 
111.955872 
111.953125 
111.950073 
111.947937 
111.945190 
111.942139 
111.940002 
111.936646 
111.934509 
111.932373 
111.929932 
111.927490 
111.925049 
111.922607 
111.918945 
111.915283 
111.911926 
111.909790 
111.907349 
111.904602 
111.902466 
111.900330 
111.897583 
111.895447 
111.892700 
111.890564 
111.887817 
111.885376 
111.882324 
111.879883 
111.877136 
111.873779 
111.871338 
111.867981 
111.867065 
111.865540 
111.863708 
111.861267 
111.859131 
111.855469 
111.853027 
111.850281 
111.847229 
111.844788 
111.842346 
111.839600 
111.836853 
111.834412 
111.832275 
111.829529 
111.827087 
111.824646 
111.822510 
111.819763 
111.816406 
111.813049 
111.809387 
111.806946 
111.804199 
111.802368 
111.799622 
111.797180 
111.794739 
111.792297 
111.789856 
111.787720 
111.784973 
111.782227 
111.779480 
111.777039 
111.773987 
111.770630 
111.767883 
111.765747 
111.763611 
111.762695 
111.759949 
111.757813 
111.755676 
111.752930 
111.749878 
111.746826 
111.744080 
111.741638 
111.739197 
111.736145 
111.733704 
111.730652 
111.728821 
111.726379 
111.723633 
111.722107 
111.719055 
111.716614 
111.712952 
111.709595 
111.706848 
111.703796 
111.701050 
111.698914 
111.696472 
111.694031 
111.691895 
111.689148 
111.687317 
111.684570 
111.681519 
111.679382 
111.676331 
111.673584 
111.670837 
111.667786 
111.665039 
111.662598 
111.660767 
111.659241 
111.657104 
111.654968 
111.652832 
111.649780 
111.647034 
111.643982 
111.640930 
111.637878 
111.635437 
111.632996 
111.630554 
111.628113 
111.625366 
111.622620 
111.620789 
111.618347 
111.615906 
111.613464 
111.609497 
111.606445 
111.603088 
111.600647 
111.597900 
111.595459 
111.593628 
111.590881 
111.588745 
111.586609 
111.583862 
111.580811 
111.578674 
111.575623 
111.573181 
111.570435 
111.567688 
111.564331 
111.561890 
111.559448 
111.558228 
111.556396 
111.554260 
111.551819 
111.549377 
111.546631 
111.543884 
111.541138 
111.538086 
111.535339 
111.532898 
111.530151 
111.527710 
111.524963 
111.522522 
111.520081 
111.517639 
111.515503 
111.513367 
111.510315 
111.507263 
111.503296 
111.500244 
111.497498 
111.495361 
111.492615 
111.490173 
111.488037 
111.485901 
111.483459 
111.480408 
111.478271 
111.475525 
111.472778 
111.470642 
111.467590 
111.464233 
111.461487 
111.458740 
111.456604 
111.454773 
111.452942 
111.451416 
111.448975 
111.445923 
111.443787 
111.440735 
111.437683 
111.434937 
111.432190 
111.429749 
111.426392 
111.424561 
111.421509 
111.419373 
111.417236 
111.414490 
111.412354 
111.409912 
111.407166 
111.403809 
111.400452 
111.397095 
111.394653 
111.392212 
111.390076 
111.387634 
111.385193 
111.383057 
111.380310 
111.377563 
111.375732 
111.372681 
111.369934 
111.367493 
111.364746 
111.362000 
111.358948 
111.355896 
111.353760 
111.352234 
111.351013 
111.348877 
111.346741 
111.343689 
111.340942 
111.338501 
111.335144 
111.332703 
111.329651 
111.326599 
111.323853 
111.321411 
111.318665 
111.316833 
111.314087 
111.311646 
111.309204 
111.307068 
111.304626 
111.300659 
111.296997 
111.294250 
111.291199 
111.289368 
111.286926 
111.284180 
111.282043 
111.279907 
111.277161 
111.275024 
111.272583 
111.269531 
111.267090 
111.264343 
111.261597 
111.258545 
111.255798 
111.252747 
111.250305 
111.249084 
111.247559 
111.245422 
111.243286 
111.240540 
111.238403 
111.235046 
111.232300 
111.229248 
111.226196 
111.224060 
111.221313 
111.218567 
111.216125 
111.213379 
111.211243 
111.209106 
111.206360 
111.204224 
111.201477 
111.197815 
111.194153 
111.191406 
111.188965 
111.186829 
111.183777 
111.181335 
111.179810 
111.177063 
111.174927 
111.171875 
111.169128 
111.166992 
111.163940 
111.161194 
111.158142 
111.155396 
111.152344 
111.149597 
111.147156 
111.146240 
111.143799 
111.142273 
111.140137 
111.137695 
111.134644 
111.131897 
111.129150 
111.126099 
111.123352 
111.120911 
111.118164 
111.115417 
111.112976 
111.110535 
111.107788 
111.105957 
111.103821 
111.101379 
111.098328 
111.094360 
111.091919 
111.088257 
111.085815 
111.083679 
111.080627 
111.078796 
111.076355 
111.074219 
111.071472 
111.069336 
111.066284 
111.064148 
111.061096 
111.058655 
111.056213 
111.053162 
111.049500 
111.047058 
111.044922 
111.042786 
111.041870 
111.039429 
111.037598 
111.034851 
111.032104 
111.029053 
111.026001 
111.023560 
111.021118 
111.017761 
111.015015 
111.012573 
111.010437 
111.007690 
111.005249 
111.002808 
111.000977 
110.998535 
110.995178 
110.991821 
110.988464 
110.985413 
110.982971 
110.980835 
110.977478 
110.975647 
110.973206 
110.971069 
110.968628 
110.965881 
110.963440 
110.961304 
110.958252 
110.955505 
110.952759 
110.949707 
110.946960 
110.943909 
110.941772 
110.940247 
110.938721 
110.936584 
110.934448 
110.931702 
110.928955 
110.926208 
110.923462 
110.920410 
110.917664 
110.915222 
110.912476 
110.909729 
110.907288 
110.904846 
110.902710 
110.899963 
110.898132 
110.895691 
110.892639 
110.889282 
110.885315 
110.881958 
110.880127 
110.877380 
110.874939 
110.872498 
110.870361 
110.868225 
110.866089 
110.863037 
110.860596 
110.858154 
110.855103 
110.852356 
110.849915 
110.846863 
110.843811 
110.841064 
110.838928 
110.837402 
110.835571 
110.833740 
110.831604 
110.828857 
110.826111 
110.823059 
110.820313 
110.817566 
110.815125 
110.811768 
110.809326 
110.806885 
110.804138 
110.802002 
110.799255 
110.796814 
110.794678 
110.792542 
110.789185 
110.785828 
110.782166 
110.779114 
110.776672 
110.774231 
110.771790 
110.769348 
110.767212 
110.765076 
110.762329 
110.759888 
110.757446 
110.754700 
110.752258 
110.749512 
110.746765 
110.743713 
110.740356 
110.737915 
110.736084 
110.734253 
110.733032 
110.730591 
110.728455 
110.726318 
110.722961 
110.719910 
110.717163 
110.714417 
110.711670 
110.709229 
110.706482 
110.703735 
110.700989 
110.698547 
110.696106 
110.693665 
110.691833 
110.689392 
110.686340 
110.682678 
110.678711 
110.676270 
110.673523 
110.671387 
110.668640 
110.666199 
110.664063 
110.661926 
110.658875 
110.656738 
110.654297 
110.651855 
110.648804 
110.646362 
110.643616 
110.640564 
110.637512 
110.635071 
110.632935 
110.631409 
110.629578 
110.627747 
110.625305 
110.622253 
110.620117 
110.617065 
110.614319 
110.611267 
110.608521 
110.606079 
110.603333 
110.600891 
110.598450 
110.595703 
110.593567 
110.591125 
110.588684 
110.586243 
110.583801 
110.579529 
110.576172 
110.573120 
110.570679 
110.568848 
110.565796 
110.563354 
110.561829 
110.559692 
110.556641 
110.553894 
110.551758 
110.549622 
110.546265 
110.543213 
110.540771 
110.537720 
110.534668 
110.531616 
110.530090 
110.528259 
110.526733 
110.524902 
110.522461 
110.519409 
110.516968 
110.513916 
110.511475 
110.508423 
110.505676 
110.503235 
110.500183 
110.497742 
110.495300 
110.492554 
110.490417 
110.488281 
110.485840 
110.483704 
110.480042 
110.476685 
110.473328 
110.469666 
110.467834 
110.465393 
110.462952 
110.460815 
110.458374 
110.456238 
110.453796 
110.451050 
110.448914 
110.445862 
110.443726 
110.440979 
110.437927 
110.434570 
110.432129 
110.429382 
110.426941 
110.425415 
110.424194 
110.421753 
110.419617 
110.416870 
110.414124 
110.411682 
110.408325 
110.405579 
110.402832 
110.400085 
110.397949 
110.394897 
110.392761 
110.389404 
110.387573 
110.384827 
110.382690 
110.380249 
110.377197 
110.373535 
110.370483 
110.367432 
110.365295 
110.362244 
110.360107 
110.357971 
110.355530 
110.353394 
110.350952 
110.348511 
110.345764 
110.343323 
110.340576 
110.337830 
110.334778 
110.332031 
110.328674 
110.326233 
110.324402 
110.322571 
110.321350 
110.318604 
110.316467 
110.313721 
110.310974 
110.308228 
110.305481 
110.302734 
110.299988 
110.297241 
110.294495 
110.292053 
110.289612 
110.287476 
110.284729 
110.282288 
110.280457 
110.277710 
110.274658 
110.270996 
110.267029 
110.265198 
110.262451 
110.259705 
110.257568 
110.255127 
110.252991 
110.250854 
110.248108 
110.245667 
110.242920 
110.240784 
110.238037 
110.234985 
110.231934 
110.229187 
110.226135 
110.223389 
110.221863 
110.220032 
110.218506 
110.215759 
110.213928 
110.211182 
110.208435 
110.205688 
110.202332 
110.199585 
110.196838 
110.194702 
110.191956 
110.189209 
110.187073 
110.184326 
110.182190 
110.179749 
110.177307 
110.175171 
110.171509 
110.168152 
110.165100 
110.162048 
110.159607 
110.157166 
110.154724 
110.152283 
110.150452 
110.148315 
110.145569 
110.142822 
110.140686 
110.137634 
110.135193 
110.132446 
110.129700 
110.126953 
110.123596 
110.121155 
110.119629 
110.118408 
110.116882 
110.115356 
110.113525 
110.112000 
110.110474 
110.108948 
110.107422 
110.106201 
110.105896 
110.104980 
110.104675 
110.104065 
110.104065 
110.103455 
110.104065 
110.103760 
110.104370 
110.104065 
110.103760 
110.102539 
110.101929 
110.101929 
110.101318 
110.101929 
110.101929 
110.101929 
110.102844 
110.102844 
110.102844 
110.102539 
110.102844 
110.102844 
110.102539 
110.102539 
110.102539 
110.102234 
110.101929 
110.101929 
110.102844 
110.104065 
110.104980 
110.104980 
110.105591 
110.105591 
110.104980 
110.105591 
110.104980 
110.104980 
110.104980 
110.104675 
110.104675 
110.105286 
110.105286 
110.105896 
110.105286 
110.105896 
110.106201 
110.106201 
110.106201 
110.104980 
110.104065 
110.104065 
110.104065 
110.104675 
110.104675 
110.104980 
110.104980 
110.105591 
110.105286 
110.105286 
110.105591 
110.104980 
110.105286 
110.104980 
110.104675 
110.103760 
110.104370 
110.104065 
110.105286 
110.106201 
110.107117 
110.106812 
110.107422 
110.107117 
110.106812 
110.106812 
110.106201 
110.106506 
110.106201 
110.106201 
110.106506 
110.106201 
110.106506 
110.106506 
110.106506 
