Blum, K. P., D’Incamps, B. L., Zytnicki, D., & Ting, L. H. (2017).
Force encoding in muscle spindles during stretch of
passive muscle. PLoS computational biology, 13(9), 
e1005767. <https://journals.plos.org/ploscompbiol/article?
id=10.1371/journal.pcbi.1005767>

cat medial gastrocnemius muscle lengths over t  (in 0.0005 s increments)
110.105591 
110.105591 
110.104980 
110.104675 
110.105591 
110.106812 
110.107727 
110.107727 
110.107727 
110.107727 
110.107422 
110.106812 
110.106812 
110.106812 
110.107117 
110.106812 
110.106812 
110.106506 
110.106812 
110.107117 
110.106812 
110.107117 
110.107422 
110.107727 
110.107117 
110.106201 
110.104980 
110.104675 
110.105591 
110.105591 
110.106201 
110.106201 
110.106201 
110.106812 
110.106201 
110.106201 
110.106506 
110.106201 
110.106506 
110.105896 
110.105896 
110.105286 
110.104980 
110.104980 
110.105896 
110.106812 
110.107117 
110.107422 
110.108032 
110.107727 
110.107117 
110.106812 
110.107117 
110.106506 
110.106812 
110.106812 
110.107117 
110.106506 
110.106812 
110.107117 
110.106812 
110.107117 
110.107727 
110.107727 
110.106812 
110.105896 
110.105286 
110.104980 
110.105591 
110.105896 
110.106201 
110.106201 
110.106201 
110.106812 
110.106812 
110.106506 
110.106201 
110.106201 
110.106201 
110.106201 
110.105896 
110.105286 
110.104675 
110.104980 
110.105896 
110.106812 
110.107422 
110.107727 
110.107727 
110.107727 
110.107117 
110.106812 
110.106812 
110.106506 
110.107117 
110.106201 
110.106506 
110.106812 
110.106506 
110.106812 
110.107117 
110.107422 
110.107727 
110.107727 
110.106812 
110.105896 
110.105286 
110.105591 
110.105896 
110.105591 
110.106506 
110.106812 
110.107117 
110.108032 
110.108948 
110.109558 
110.111084 
110.111694 
110.113220 
110.115051 
110.116577 
110.118103 
110.120239 
110.122070 
110.125732 
110.129395 
110.133362 
110.137024 
110.140381 
110.144653 
110.148010 
110.152283 
110.156250 
110.160522 
110.166016 
110.171204 
110.176392 
110.182190 
110.188599 
110.195007 
110.201721 
110.208435 
110.216064 
110.223999 
110.230408 
110.238037 
110.245667 
110.254517 
110.263977 
110.273743 
110.283813 
110.295105 
110.306091 
110.318298 
110.330505 
110.343018 
110.356140 
110.369568 
110.382385 
110.395813 
110.408630 
110.421143 
110.433655 
110.445251 
110.458374 
110.470886 
110.482788 
110.493774 
110.504456 
110.514832 
110.524902 
110.534973 
110.544434 
110.554504 
110.563965 
110.573730 
110.583496 
110.592957 
110.602722 
110.612183 
110.622559 
110.632019 
110.642090 
110.651550 
110.660400 
110.668945 
110.677795 
110.687561 
110.697021 
110.707092 
110.716858 
110.726929 
110.737000 
110.747375 
110.757141 
110.767212 
110.776672 
110.786743 
110.796814 
110.806580 
110.816040 
110.825806 
110.835266 
110.845337 
110.856323 
110.867920 
110.878906 
110.888977 
110.899658 
110.909424 
110.919800 
110.929565 
110.939331 
110.949097 
110.959473 
110.969543 
110.979919 
110.989990 
111.000671 
111.011353 
111.022339 
111.033325 
111.044006 
111.054382 
111.064148 
111.072998 
111.083374 
111.093445 
111.104736 
111.115112 
111.125793 
111.136780 
111.147461 
111.158447 
111.169128 
111.179504 
111.191101 
111.200562 
111.211548 
111.221924 
111.231689 
111.242065 
111.252136 
111.262207 
111.273499 
111.285400 
111.295776 
111.306763 
111.317444 
111.327209 
111.337891 
111.347351 
111.357422 
111.367493 
111.377563 
111.387939 
111.397705 
111.408081 
111.418762 
111.428833 
111.438904 
111.449585 
111.459656 
111.470337 
111.479187 
111.488647 
111.498413 
111.508179 
111.518555 
111.528625 
111.539001 
111.549377 
111.559753 
111.570435 
111.580200 
111.590881 
111.600952 
111.611023 
111.620789 
111.630554 
111.640320 
111.650085 
111.659851 
111.669922 
111.680908 
111.692505 
111.703186 
111.713257 
111.723938 
111.733704 
111.743469 
111.753235 
111.763000 
111.773071 
111.783142 
111.793213 
111.803284 
111.813354 
111.823730 
111.833801 
111.844482 
111.855164 
111.865540 
111.875305 
111.885071 
111.893616 
111.903076 
111.913147 
111.923218 
111.934204 
111.944580 
111.954956 
111.965637 
111.976013 
111.986389 
111.996460 
112.006226 
112.016907 
112.026367 
112.037048 
112.046814 
112.056580 
112.066345 
112.076416 
112.087097 
112.098389 
112.109680 
112.120361 
112.130737 
112.141113 
112.150574 
112.160645 
112.170410 
112.180481 
112.190247 
112.200623 
112.210388 
112.220764 
112.230835 
112.241516 
112.251892 
112.262573 
112.273254 
112.283325 
112.293091 
112.301636 
112.311401 
112.321472 
112.331543 
112.341919 
112.352295 
112.362671 
112.373047 
112.384033 
112.393799 
112.404175 
112.413940 
112.424316 
112.434692 
112.444763 
112.454224 
112.464294 
112.473755 
112.484131 
112.494812 
112.505798 
112.517090 
112.527466 
112.538147 
112.548218 
112.557678 
112.567749 
112.577820 
112.587891 
112.597656 
112.607422 
112.618103 
112.628479 
112.638550 
112.648621 
112.658691 
112.669373 
112.680054 
112.689819 
112.699280 
112.708435 
112.717896 
112.727966 
112.738037 
112.748413 
112.759094 
112.769775 
112.780151 
112.789917 
112.800293 
112.810974 
112.821045 
112.831116 
112.841187 
112.851257 
112.860718 
112.870483 
112.879944 
112.890625 
112.901611 
112.912598 
112.923889 
112.933655 
112.944336 
112.954102 
112.963562 
112.973022 
112.982483 
112.991333 
113.000793 
113.010254 
113.018799 
113.028259 
113.036804 
113.045044 
113.054504 
113.062744 
113.071289 
113.078613 
113.085327 
113.091431 
113.097534 
113.104553 
113.111267 
113.117981 
113.124084 
113.130188 
113.135986 
113.141479 
113.146973 
113.151855 
113.156738 
113.161011 
113.164673 
113.168640 
113.171692 
113.175049 
113.177795 
113.180237 
113.183594 
113.186951 
113.189697 
113.191528 
113.193359 
113.194275 
113.195190 
113.195496 
113.195801 
113.195801 
113.195801 
113.195496 
113.194885 
113.194275 
113.193970 
113.192749 
113.191223 
113.189697 
113.187866 
113.185730 
113.181763 
113.178101 
113.174744 
113.170471 
113.167114 
113.163452 
113.159180 
113.155212 
113.150635 
113.146362 
113.140869 
113.135376 
113.129883 
113.123474 
113.117065 
113.110962 
113.103638 
113.095703 
113.088074 
113.080139 
113.073730 
113.066101 
113.058472 
113.049316 
113.040771 
113.031616 
113.021545 
113.011169 
113.001404 
112.991028 
112.980957 
112.970581 
112.960510 
112.950439 
112.940063 
112.929688 
112.919312 
112.908630 
112.898560 
112.887268 
112.875061 
112.863770 
112.851868 
112.841187 
112.830200 
112.819519 
112.808838 
112.798157 
112.787476 
112.776489 
112.765503 
112.754822 
112.744446 
112.732544 
112.722168 
112.710876 
112.699280 
112.688599 
112.677002 
112.666626 
112.656555 
112.647400 
112.636719 
112.626648 
112.616272 
112.605286 
112.594604 
112.583313 
112.572327 
112.560425 
112.550354 
112.540283 
112.528992 
112.518921 
112.508545 
112.497864 
112.487793 
112.477722 
112.467041 
112.456360 
112.445374 
112.433777 
112.422180 
112.411499 
112.401428 
112.391357 
112.380981 
112.370911 
112.360535 
112.350464 
112.340698 
112.330017 
112.319641 
112.308960 
112.298279 
112.287903 
112.276917 
112.265625 
112.254333 
112.244568 
112.235107 
112.225342 
112.216492 
112.206116 
112.195435 
112.185059 
112.174072 
112.163391 
112.152710 
112.142029 
112.131653 
112.120361 
112.109985 
112.099304 
112.089539 
112.079163 
112.068787 
112.059021 
112.048645 
112.038574 
112.026978 
112.015686 
112.004395 
111.993713 
111.983948 
111.973572 
111.963806 
111.952820 
111.943054 
111.932678 
111.922607 
111.911926 
111.901855 
111.891479 
111.880493 
111.870422 
111.858826 
111.848450 
111.837463 
111.827087 
111.817932 
111.808472 
111.798706 
111.788330 
111.778564 
111.768188 
111.757202 
111.746826 
111.736145 
111.725769 
111.715088 
111.704712 
111.693726 
111.683655 
111.673584 
111.663513 
111.653442 
111.643066 
111.633301 
111.622314 
111.611328 
111.600037 
111.588745 
111.578674 
111.568909 
111.558533 
111.548462 
111.538391 
111.528015 
111.518250 
111.507874 
111.497803 
111.487122 
111.476746 
111.466064 
111.455688 
111.444397 
111.433716 
111.423340 
111.412964 
111.403503 
111.394348 
111.384277 
111.374207 
111.363831 
111.353149 
111.342773 
111.332092 
111.321106 
111.310425 
111.300049 
111.289673 
111.278687 
111.268616 
111.258240 
111.248169 
111.238098 
111.228027 
111.217957 
111.207275 
111.196594 
111.184998 
111.173096 
111.163025 
111.153259 
111.143188 
111.132813 
111.122437 
111.112671 
111.102600 
111.092834 
111.082153 
111.071777 
111.062012 
111.051331 
111.040955 
111.029968 
111.019592 
111.008606 
110.998230 
110.989075 
110.979614 
110.970154 
110.960388 
110.950317 
110.939941 
110.928955 
110.918884 
110.908203 
110.897522 
110.887451 
110.877075 
110.866699 
110.856018 
110.845947 
110.835876 
110.826416 
110.816040 
110.805969 
110.795593 
110.784302 
110.773010 
110.762024 
110.751953 
110.741577 
110.731201 
110.721130 
110.710754 
110.700378 
110.690613 
110.680237 
110.669556 
110.659485 
110.649109 
110.638428 
110.628357 
110.617371 
110.606384 
110.596008 
110.585327 
110.575867 
110.566711 
110.556946 
110.546875 
110.536499 
110.525513 
110.515137 
110.504150 
110.493774 
110.482788 
110.472717 
110.461731 
110.451660 
110.441589 
110.430908 
110.420532 
110.411072 
110.400696 
110.390930 
110.379944 
110.368652 
110.357361 
110.346985 
110.336304 
110.326843 
110.316162 
110.307312 
110.297546 
110.288086 
110.278931 
110.270081 
110.260620 
110.252075 
110.243225 
110.234375 
110.226135 
110.217896 
110.209351 
110.202332 
110.195007 
110.189209 
110.184021 
110.177917 
110.172729 
110.166626 
110.160217 
110.155640 
110.150146 
110.145569 
110.140686 
110.136414 
110.132141 
110.128784 
110.125427 
110.122375 
110.119934 
110.117798 
110.115356 
110.113220 
110.111389 
110.108643 
110.105896 
110.105286 
110.103455 
110.103455 
110.102844 
110.103149 
110.103455 
110.104065 
110.104065 
110.104980 
110.105286 
110.106812 
110.107422 
110.109558 
110.111084 
110.112610 
110.114441 
110.117493 
110.120850 
110.125122 
110.129700 
110.134583 
110.138245 
110.142822 
110.146790 
110.151672 
110.155945 
110.160522 
110.166016 
110.171509 
110.177307 
110.184021 
110.190735 
110.197754 
110.204773 
110.212708 
110.221252 
110.229492 
110.237732 
110.245667 
110.253601 
110.262756 
110.272217 
110.281677 
110.292053 
110.302429 
110.313110 
110.323792 
110.334167 
110.345459 
110.355530 
110.366516 
110.376587 
110.387573 
110.397644 
110.408020 
110.417786 
110.427856 
110.438538 
110.450134 
110.462341 
110.473022 
110.483704 
110.494080 
110.504456 
110.514526 
110.524292 
110.534363 
110.544434 
110.554810 
110.564575 
110.575256 
110.585632 
110.596008 
110.606079 
110.616455 
110.626831 
110.637817 
110.647888 
110.656738 
110.665894 
110.675659 
110.686035 
110.696411 
110.706787 
110.717163 
110.728149 
110.738831 
110.748596 
110.758972 
110.769348 
110.779114 
110.789185 
110.799255 
110.809631 
110.819397 
110.828857 
110.838928 
110.849304 
110.860596 
110.872192 
110.882568 
110.892944 
110.903320 
110.913391 
110.922852 
110.932922 
110.942383 
110.952454 
110.962524 
110.972595 
110.982666 
110.993347 
111.003113 
111.013794 
111.023560 
111.034546 
111.045227 
111.054993 
111.064148 
111.072998 
111.082764 
111.093140 
111.103516 
111.113586 
111.123962 
111.134644 
111.145630 
111.155701 
111.166382 
111.176758 
111.187439 
111.197205 
111.207886 
111.217957 
111.227417 
111.237488 
111.247253 
111.258545 
111.269531 
111.280823 
111.291809 
111.301880 
111.312561 
111.322632 
111.333008 
111.343079 
111.352844 
111.362915 
111.372986 
111.383362 
111.393738 
111.404114 
111.413879 
111.425171 
111.435242 
111.445618 
111.455994 
111.466064 
111.475525 
111.484680 
111.494446 
111.505127 
111.515503 
111.525574 
111.535950 
111.546631 
111.557007 
111.567078 
111.577454 
111.588135 
111.597900 
111.607666 
111.618042 
111.628418 
111.637573 
111.647644 
111.657715 
111.668091 
111.679077 
111.690369 
111.701050 
111.711731 
111.721497 
111.731567 
111.741333 
111.751404 
111.761169 
111.770935 
111.781006 
111.791382 
111.801147 
111.811829 
111.822205 
111.832581 
111.842957 
111.853333 
111.864014 
111.873779 
111.882629 
111.891785 
111.901550 
111.911621 
111.921692 
111.932373 
111.942749 
111.953430 
111.964417 
111.974182 
111.984558 
111.994934 
112.005005 
112.015381 
112.025452 
112.035217 
112.044983 
112.055054 
112.064514 
112.075500 
112.086182 
112.097473 
112.108459 
112.119141 
112.128906 
112.139282 
112.148743 
112.158813 
112.168884 
112.178955 
112.189026 
112.198486 
112.209167 
112.219543 
112.229614 
112.240295 
112.250671 
112.261353 
112.271423 
112.281799 
112.290344 
112.299805 
112.309570 
112.319946 
112.330017 
112.340088 
112.350769 
112.361145 
112.372131 
112.381592 
112.391968 
112.402344 
112.412720 
112.422485 
112.433167 
112.442932 
112.452698 
112.462463 
112.472229 
112.482910 
112.493896 
112.505188 
112.515564 
112.525940 
112.536316 
112.546387 
112.555847 
112.565613 
112.575378 
112.585754 
112.596130 
112.605896 
112.616272 
112.626343 
112.636414 
112.647400 
112.657776 
112.668152 
112.678223 
112.688293 
112.697144 
112.706909 
112.716064 
112.726440 
112.736816 
112.746887 
112.758179 
112.768250 
112.778931 
112.788391 
112.799072 
112.809143 
112.819519 
112.829285 
112.839355 
112.849426 
112.859192 
112.868958 
112.878723 
112.889099 
112.900696 
112.911987 
112.922668 
112.932739 
112.942810 
112.952576 
112.962036 
112.971497 
112.980957 
112.990112 
112.999573 
113.008423 
113.017883 
113.026733 
113.035278 
113.044434 
113.052979 
113.061218 
113.069458 
113.077087 
113.083496 
113.089600 
113.096313 
113.103333 
113.110046 
113.116455 
113.123169 
113.129272 
113.135071 
113.140869 
113.145447 
113.150330 
113.155518 
113.159485 
113.163452 
113.167114 
113.169861 
113.172913 
113.175659 
113.178711 
113.182678 
113.185730 
113.188171 
113.190613 
113.191528 
113.193054 
113.193665 
113.193970 
113.194580 
113.194580 
113.194275 
113.193970 
113.193359 
113.193359 
113.192444 
113.191528 
113.190002 
113.188782 
113.186951 
113.183899 
113.180237 
113.176270 
113.172913 
113.169861 
113.165894 
113.161926 
113.158264 
113.154602 
113.150024 
113.145447 
113.139954 
113.134460 
113.128967 
113.122864 
113.116455 
113.109436 
113.102417 
113.095093 
113.086853 
113.079834 
113.073120 
113.065491 
113.057861 
113.049011 
113.040161 
113.030701 
113.020935 
113.010559 
113.000793 
112.990723 
112.980652 
112.970276 
112.960205 
112.949829 
112.939453 
112.929382 
112.918701 
112.908020 
112.898254 
112.886658 
112.874756 
112.862854 
112.851563 
112.840881 
112.829590 
112.818909 
112.808838 
112.797852 
112.787476 
112.776489 
112.765503 
112.754822 
112.744141 
112.732544 
112.721558 
112.710571 
112.699585 
112.687683 
112.677002 
112.666016 
112.657166 
112.647095 
112.637024 
112.626648 
112.615967 
112.605286 
112.594299 
112.582703 
112.572021 
112.561035 
112.550354 
112.539368 
112.528992 
112.518616 
112.508240 
112.498169 
112.488098 
112.477722 
112.467041 
112.456360 
112.445068 
112.433167 
112.422485 
112.411804 
112.401733 
112.391052 
112.381287 
112.370911 
112.361145 
112.350464 
112.340393 
112.329407 
112.319641 
112.308655 
112.298584 
112.287903 
112.276611 
112.265320 
112.254639 
112.244873 
112.235413 
112.226257 
112.215881 
112.205505 
112.195740 
112.185059 
112.174377 
112.163391 
112.152405 
112.141724 
112.131348 
112.120972 
112.109985 
112.099915 
112.089539 
112.079468 
112.069397 
112.059631 
112.049255 
112.038269 
112.026672 
112.015076 
112.004700 
111.994629 
111.983948 
111.973572 
111.963501 
111.953125 
111.943359 
111.932373 
111.922302 
111.912231 
111.901550 
111.891479 
111.881104 
111.870117 
111.859741 
111.848450 
111.838074 
111.828003 
111.818542 
111.809692 
111.798706 
111.788940 
111.779175 
111.768188 
111.757813 
111.746826 
111.736450 
111.725769 
111.715088 
111.705017 
111.694336 
111.684265 
111.674194 
111.664124 
111.653442 
111.643677 
111.633606 
111.622620 
111.611328 
111.600037 
111.589355 
111.579285 
111.568604 
111.558838 
111.549072 
111.538696 
111.528625 
111.518250 
111.508484 
111.498108 
111.487732 
111.476440 
111.466370 
111.455688 
111.444702 
111.434021 
111.423645 
111.413574 
111.404419 
111.394653 
111.385193 
111.374817 
111.364441 
111.353760 
111.343079 
111.332092 
111.321411 
111.310730 
111.300354 
111.289673 
111.279907 
111.269226 
111.258850 
111.248779 
111.238403 
111.228943 
111.218872 
111.207581 
111.196289 
111.184998 
111.174011 
111.163635 
111.153870 
111.143494 
111.133728 
111.123352 
111.113892 
111.103516 
111.093140 
111.082764 
111.072693 
111.062012 
111.051636 
111.041260 
111.030579 
111.019897 
111.008606 
110.999146 
110.989990 
110.980530 
110.970764 
110.960999 
110.950623 
110.940247 
110.929565 
110.918579 
110.908203 
110.897827 
110.887756 
110.877686 
110.867004 
110.856323 
110.846252 
110.836182 
110.826111 
110.816040 
110.806274 
110.795288 
110.784302 
110.772705 
110.762329 
110.752258 
110.741882 
110.731506 
110.722046 
110.711670 
110.701294 
110.690918 
110.680847 
110.670166 
110.660095 
110.649414 
110.639038 
110.628357 
110.617676 
110.606689 
110.596008 
110.586243 
110.576782 
110.567322 
110.557556 
110.546875 
110.536194 
110.526123 
110.515442 
110.504456 
110.494080 
110.483398 
110.473328 
110.462646 
110.451965 
110.441895 
110.431519 
110.421448 
110.411377 
110.401306 
110.391541 
110.380554 
110.369263 
110.358276 
110.347595 
110.337524 
110.327759 
110.317688 
110.307617 
110.298157 
110.289001 
110.279541 
110.270691 
110.261536 
110.252686 
110.243835 
110.235291 
110.226440 
110.217896 
110.210571 
110.202637 
110.195923 
110.190430 
110.184631 
110.178833 
110.173340 
110.166931 
110.161133 
110.155640 
110.150452 
110.145569 
110.140991 
110.136719 
110.133057 
110.128784 
110.125732 
110.122681 
110.120239 
110.117798 
110.115356 
110.113525 
110.111084 
110.108032 
110.105591 
110.104065 
110.103455 
110.103149 
110.102539 
110.102844 
110.103455 
110.103760 
110.104370 
110.104980 
110.105896 
110.107422 
110.107727 
110.109558 
110.111084 
110.112610 
110.114746 
110.117798 
110.121155 
110.126038 
110.130310 
110.134583 
110.138855 
110.142822 
110.147400 
110.151672 
110.156250 
110.161133 
110.166931 
110.172424 
110.178528 
110.184937 
110.191650 
110.198364 
110.205994 
110.213928 
110.222473 
110.230103 
110.238342 
110.245972 
110.254211 
110.263062 
110.272827 
110.281982 
110.292053 
110.301819 
110.312500 
110.323486 
110.333862 
110.344238 
110.354614 
110.365295 
110.375671 
110.386047 
110.397034 
110.406799 
110.416870 
110.427246 
110.437927 
110.449524 
110.460815 
110.471802 
110.482788 
110.492554 
110.503235 
110.513000 
110.523071 
110.533142 
110.543213 
110.553894 
110.563965 
110.574036 
110.584717 
110.594788 
110.605469 
110.616150 
110.626526 
110.636902 
110.646973 
110.656128 
110.664978 
110.675049 
110.685730 
110.695801 
110.706482 
110.716858 
110.727539 
110.737915 
110.747986 
110.758667 
110.768738 
110.779114 
110.789185 
110.798950 
110.809021 
110.818176 
110.828552 
110.838623 
110.848999 
110.860291 
110.871887 
110.882568 
110.892334 
110.902405 
110.912781 
110.922241 
110.932617 
110.941772 
110.952148 
110.961914 
110.971985 
110.982666 
110.992432 
111.002502 
111.012573 
111.023865 
111.034546 
111.044312 
111.053772 
111.063232 
111.072693 
111.082458 
111.093140 
111.103210 
111.113586 
111.124573 
111.134949 
111.145325 
111.155701 
111.165771 
111.176758 
111.186829 
111.196899 
111.207275 
111.217041 
111.226807 
111.236572 
111.246948 
111.258240 
111.269226 
111.280518 
111.290894 
111.301575 
111.311951 
111.321716 
111.332092 
111.342163 
111.351929 
111.362305 
111.372681 
111.382446 
111.392517 
111.403198 
111.413269 
111.423645 
111.434326 
111.444702 
111.455383 
111.464844 
111.473999 
111.483154 
111.493530 
111.504211 
111.514587 
111.525269 
111.535645 
111.546021 
111.556702 
111.566467 
111.576843 
111.587219 
111.597290 
111.607361 
111.617432 
111.627197 
111.637268 
111.646729 
111.656799 
111.667480 
111.679077 
111.690063 
111.700745 
111.711426 
111.720886 
111.730957 
111.740723 
111.750793 
111.760254 
111.770630 
111.780396 
111.790161 
111.800842 
111.810913 
111.820984 
111.831970 
111.842346 
111.852722 
111.863403 
111.872559 
111.881714 
111.890869 
111.900635 
111.911316 
111.921692 
111.932373 
111.942444 
111.953125 
111.963806 
111.974182 
111.983948 
111.994629 
112.004700 
112.014771 
112.024536 
112.034912 
112.044067 
112.054138 
112.064209 
112.074585 
112.086487 
112.097168 
112.107849 
112.118530 
112.128601 
112.138672 
112.148132 
112.158203 
112.167969 
112.178040 
112.188110 
112.198486 
112.208557 
112.218628 
112.229004 
112.239380 
112.250061 
112.260132 
112.270813 
112.279968 
112.289734 
112.298889 
112.308960 
112.319031 
112.329712 
112.339783 
112.350159 
112.360535 
112.371216 
112.381287 
112.391663 
112.401733 
112.412109 
112.421875 
112.431946 
112.442322 
112.451477 
112.461548 
112.471924 
112.482300 
112.493591 
112.504883 
112.514954 
112.525635 
112.535706 
112.545471 
112.554932 
112.565308 
112.575073 
112.585144 
112.595520 
112.605286 
112.615662 
112.626343 
112.636414 
112.646790 
112.657166 
112.667847 
112.677917 
112.687073 
112.695923 
112.705688 
112.715149 
112.725525 
112.736206 
112.746887 
112.757263 
112.767639 
112.777710 
112.788086 
112.798462 
112.808838 
112.818604 
112.828674 
112.838745 
112.848816 
112.858276 
112.868042 
112.877808 
112.889099 
112.900391 
112.911377 
112.921448 
112.932129 
112.942200 
112.951965 
112.960510 
112.970886 
112.980042 
112.989807 
112.998657 
113.007813 
113.017273 
113.026123 
113.034973 
113.043823 
113.052368 
113.061218 
113.069458 
113.076172 
113.082886 
113.088684 
113.095398 
113.103333 
113.109436 
113.116455 
113.122864 
113.128662 
113.135071 
113.139954 
113.145142 
113.150024 
113.154602 
113.158875 
113.162842 
113.166809 
113.169556 
113.172913 
113.175354 
113.179016 
113.182983 
113.185730 
113.188477 
113.190308 
113.192139 
113.192444 
113.193359 
113.193665 
113.193665 
113.193970 
113.194275 
113.193665 
113.193665 
113.192749 
113.192444 
113.191223 
113.190002 
113.188477 
113.186340 
113.183594 
113.179626 
113.176270 
113.172607 
113.169861 
113.166199 
113.162537 
113.158569 
113.154297 
113.150024 
113.145142 
113.139954 
113.135071 
113.128662 
113.123169 
113.116760 
113.109436 
113.102417 
113.094788 
113.087463 
113.080444 
113.073425 
113.066406 
113.057861 
113.049622 
113.040161 
113.031006 
113.020935 
113.011169 
113.001099 
112.991333 
112.980957 
112.970886 
112.960815 
112.950439 
112.940063 
112.929993 
112.919617 
112.908936 
112.898254 
112.886353 
112.874451 
112.863464 
112.851563 
112.841797 
112.830200 
112.819824 
112.809143 
112.798462 
112.787781 
112.777100 
112.766113 
112.755432 
112.744141 
112.733154 
112.722168 
112.710876 
112.699585 
112.688599 
112.677917 
112.667542 
112.657776 
112.648010 
112.637634 
112.627563 
112.616272 
112.605591 
112.594604 
112.583923 
112.572327 
112.561646 
112.550964 
112.540283 
112.529907 
112.519226 
112.508545 
112.498474 
112.488403 
112.478027 
112.467651 
112.456665 
112.445068 
112.433777 
112.422791 
112.412720 
112.402344 
112.391968 
112.381897 
112.371826 
112.361755 
112.351685 
112.340698 
112.330627 
112.319946 
112.309570 
112.298889 
112.287903 
112.276917 
112.265930 
112.255554 
112.245483 
112.236633 
112.226868 
112.216492 
112.206726 
112.196045 
112.185669 
112.174683 
112.163696 
112.153320 
112.142944 
112.132263 
112.121887 
112.110901 
112.101135 
112.090149 
112.080383 
112.070007 
112.059937 
112.049866 
112.038269 
112.026672 
112.015686 
112.005005 
111.995239 
111.984863 
111.974792 
111.964417 
111.953735 
111.943970 
111.933594 
111.923218 
111.912537 
111.902161 
111.891785 
111.881104 
111.871033 
111.859741 
111.849060 
111.838989 
111.829224 
111.819458 
111.810608 
111.799927 
111.789856 
111.779175 
111.768799 
111.757813 
111.747437 
111.736450 
111.726379 
111.715698 
111.705627 
111.695251 
111.684875 
111.674500 
111.664429 
111.654663 
111.644897 
111.634216 
111.622925 
111.611633 
111.600342 
111.590271 
111.580200 
111.569519 
111.559448 
111.549072 
111.539612 
111.529236 
111.518860 
111.508484 
111.498413 
111.488037 
111.477356 
111.466980 
111.456604 
111.445007 
111.434326 
111.424255 
111.414795 
111.405334 
111.395874 
111.385498 
111.375427 
111.365051 
111.353760 
111.343689 
111.332703 
111.322021 
111.311646 
111.300964 
111.290283 
111.279907 
111.269836 
111.260071 
111.249084 
111.239624 
111.229858 
111.218872 
111.207886 
111.196899 
111.185608 
111.175232 
111.164551 
111.154175 
111.144409 
111.134033 
111.124268 
111.114197 
111.104126 
111.094055 
111.083679 
111.073303 
111.062622 
111.052246 
111.041870 
111.030884 
111.019897 
111.009521 
111.000061 
110.990906 
110.981445 
110.971069 
110.961304 
110.950928 
110.940552 
110.929871 
110.919495 
110.908508 
110.898743 
110.888062 
110.877991 
110.867615 
110.857544 
110.847168 
110.836792 
110.826721 
110.816956 
110.806885 
110.795898 
110.784302 
110.773010 
110.762939 
110.752563 
110.742798 
110.732422 
110.722351 
110.711975 
110.701904 
110.691528 
110.681152 
110.671082 
110.660706 
110.650330 
110.639343 
110.628967 
110.617676 
110.606995 
110.596313 
110.587158 
110.578003 
110.568237 
110.558167 
110.547791 
110.537109 
110.526733 
110.516052 
110.505371 
110.494385 
110.484314 
110.473328 
110.463257 
110.452576 
110.442810 
110.432434 
110.422363 
110.412598 
110.402527 
110.392151 
110.380859 
110.369873 
110.358276 
110.348511 
110.338440 
110.327759 
110.318298 
110.308228 
110.298767 
110.289612 
110.280151 
110.271301 
110.262146 
110.252991 
110.244751 
110.235901 
110.226746 
110.218506 
110.210266 
110.203247 
110.197144 
110.190735 
110.184937 
110.178833 
110.173340 
110.167542 
110.162048 
110.156555 
110.151062 
110.145569 
110.141296 
110.136719 
110.133057 
110.129089 
110.125732 
110.122681 
110.119934 
110.118103 
110.115967 
110.113220 
110.110779 
110.108032 
110.105896 
110.104980 
110.103760 
110.103455 
110.103149 
110.103149 
110.103760 
110.104065 
110.104675 
110.104675 
110.105591 
110.106201 
110.107117 
110.108643 
110.110474 
110.112305 
110.114746 
110.117493 
110.122070 
110.126038 
110.130005 
110.134277 
110.138245 
110.143127 
110.147095 
110.151367 
110.155945 
110.161438 
110.166321 
110.172424 
110.178223 
110.184937 
110.191650 
110.198669 
110.205994 
110.213928 
110.221863 
110.230103 
110.237427 
110.245056 
110.253296 
110.262451 
110.272217 
110.281677 
110.291748 
110.302124 
110.312500 
110.322876 
110.332947 
110.343628 
110.354004 
110.364685 
110.374756 
110.385132 
110.395508 
110.405579 
110.415649 
110.426331 
110.437622 
110.449524 
110.460815 
110.471191 
110.481873 
110.491943 
110.501709 
110.512085 
110.522766 
110.532532 
110.542297 
110.552979 
110.563660 
110.573730 
110.584106 
110.594482 
110.604553 
110.615845 
110.626221 
110.635986 
110.645447 
110.654907 
110.664368 
110.674438 
110.685120 
110.695190 
110.705872 
110.716248 
110.727234 
110.737305 
110.747375 
110.757751 
110.768433 
110.778503 
110.788269 
110.798645 
110.808105 
110.817566 
110.827332 
110.838013 
110.848999 
110.860291 
110.871277 
110.881653 
110.891724 
110.902100 
110.911865 
110.921326 
110.931396 
110.940857 
110.951233 
110.961304 
110.971375 
110.981445 
110.991821 
111.002197 
111.012573 
111.023560 
111.033936 
111.044006 
111.052856 
111.062012 
111.071777 
111.082153 
111.092529 
111.102600 
111.112976 
111.123962 
111.134338 
111.145020 
111.155090 
111.165466 
111.176147 
111.185913 
111.196594 
111.206360 
111.215820 
111.226196 
111.235962 
111.246338 
111.257629 
111.268921 
111.279907 
111.290283 
111.300964 
111.311035 
111.321106 
111.330872 
111.340942 
111.350708 
111.361084 
111.371460 
111.381836 
111.392212 
111.401978 
111.412964 
111.423340 
111.434326 
111.444397 
111.454468 
111.463928 
111.473083 
111.482544 
111.493225 
111.503601 
111.513367 
111.524353 
111.534729 
111.545410 
111.555786 
111.565857 
111.576233 
111.586609 
111.596985 
111.606750 
111.615906 
111.626282 
111.635742 
111.646118 
111.656189 
111.667480 
111.678772 
111.689453 
111.700134 
111.710510 
111.720276 
111.729736 
111.739807 
111.749878 
111.759644 
111.769714 
111.779785 
111.789856 
111.800232 
111.810608 
111.821289 
111.831360 
111.841736 
111.852417 
111.862183 
111.871948 
111.880493 
111.890259 
111.900635 
111.910706 
111.921082 
111.932068 
111.942139 
111.952820 
111.963196 
111.973267 
111.983948 
111.993713 
112.003784 
112.013855 
112.023926 
112.033691 
112.043152 
112.053223 
112.063599 
112.074890 
112.085876 
112.096863 
112.107239 
112.117615 
112.127686 
112.137451 
112.147522 
112.157288 
112.167053 
112.177429 
112.187500 
112.197571 
112.208252 
112.218018 
112.228394 
112.238770 
112.249756 
112.259827 
112.269897 
112.279358 
112.288513 
112.297974 
112.308655 
112.318420 
112.329102 
112.339478 
112.350159 
112.360229 
112.370605 
112.380371 
112.391052 
112.401428 
112.411194 
112.421265 
112.431030 
112.441711 
112.450867 
112.460632 
112.471008 
112.481995 
112.493286 
112.503967 
112.514954 
112.525024 
112.534790 
112.544861 
112.554626 
112.563782 
112.574463 
112.584839 
112.594604 
112.604980 
112.614746 
112.625122 
112.635803 
112.645874 
112.656250 
112.666931 
112.676697 
112.686157 
112.695007 
112.704773 
112.715149 
112.725220 
112.735596 
112.746277 
112.756958 
112.767334 
112.777710 
112.787476 
112.798157 
112.808228 
112.817688 
112.828369 
112.838135 
112.847900 
112.857666 
112.867126 
112.877502 
112.888489 
112.900085 
112.910767 
112.921753 
112.931213 
112.941589 
112.950745 
112.960510 
112.969971 
112.979126 
112.988892 
112.998352 
113.007507 
113.016968 
113.025513 
113.034668 
113.043213 
113.051758 
113.060608 
113.068237 
113.074951 
113.081665 
113.088379 
113.095398 
113.103027 
113.109436 
113.115540 
113.122253 
113.128357 
113.134155 
113.139343 
113.144836 
113.149719 
113.154297 
113.158264 
113.162537 
113.165894 
113.169556 
113.172302 
113.175354 
113.179626 
113.183289 
113.185730 
113.188477 
113.190002 
113.191223 
113.192444 
113.192749 
113.193665 
113.193665 
113.194275 
113.193970 
113.193970 
113.193665 
113.192749 
113.192444 
113.191223 
113.190308 
113.188782 
113.186340 
113.183594 
113.179016 
113.176575 
113.172913 
113.169861 
113.166504 
113.162842 
113.159485 
113.154907 
113.150024 
113.145447 
113.140259 
113.135376 
113.128967 
113.123169 
113.116150 
113.110046 
113.102722 
113.095398 
113.087769 
113.081360 
113.074646 
113.067017 
113.058472 
113.049927 
113.040771 
113.031311 
113.021240 
113.011169 
113.001709 
112.991638 
112.981873 
112.970886 
112.961121 
112.950745 
112.940369 
112.930298 
112.920532 
112.909241 
112.898865 
112.886353 
112.874756 
112.863464 
112.852783 
112.841797 
112.831116 
112.820435 
112.809753 
112.799377 
112.788696 
112.777710 
112.766724 
112.755737 
112.745056 
112.733459 
112.722778 
112.711792 
112.699890 
112.689209 
112.678528 
112.668762 
112.659302 
112.648926 
112.638550 
112.627563 
112.616882 
112.606201 
112.594604 
112.583923 
112.572632 
112.562256 
112.551575 
112.540588 
112.530823 
112.519531 
112.509766 
112.499695 
112.489319 
112.478943 
112.468262 
112.456665 
112.445068 
112.434387 
112.423706 
112.413330 
112.402954 
112.392883 
112.382507 
112.372437 
112.362061 
112.351685 
112.341614 
112.330933 
112.320251 
112.309875 
112.299500 
112.288513 
112.277222 
112.266541 
112.256470 
112.247009 
112.237549 
112.227783 
112.217407 
112.207336 
112.196350 
112.185974 
112.174988 
112.164307 
112.153931 
112.143860 
112.132568 
112.122192 
112.111511 
112.101135 
112.090759 
112.080994 
112.070618 
112.060547 
112.049866 
112.038574 
112.027283 
112.016296 
112.005920 
111.995850 
111.985168 
111.975403 
111.965027 
111.954651 
111.944885 
111.934204 
111.924133 
111.913452 
111.903076 
111.892395 
111.882019 
111.871033 
111.860352 
111.849976 
111.839294 
111.830444 
111.820984 
111.810913 
111.801147 
111.790161 
111.780090 
111.769409 
111.758423 
111.747742 
111.737366 
111.726685 
111.716614 
111.706238 
111.695862 
111.685791 
111.675110 
111.665344 
111.654968 
111.644897 
111.634216 
111.622620 
111.611938 
111.600952 
111.590881 
111.580505 
111.570129 
111.560059 
111.550293 
111.540527 
111.530151 
111.520081 
111.509399 
111.499023 
111.488647 
111.477966 
111.467285 
111.455994 
111.445618 
111.434937 
111.424866 
111.415710 
111.405945 
111.396484 
111.386414 
111.375732 
111.365356 
111.354675 
111.343689 
111.333313 
111.322327 
111.311951 
111.301270 
111.291199 
111.280823 
111.270142 
111.260071 
111.250610 
111.240234 
111.230164 
111.219788 
111.208191 
111.196899 
111.186218 
111.175842 
111.165161 
111.155090 
111.144714 
111.134949 
111.124878 
111.114502 
111.104431 
111.094360 
111.083984 
111.073914 
111.063232 
111.052856 
111.042175 
111.031189 
111.020813 
111.010132 
111.001282 
110.991821 
110.982361 
110.972290 
110.961914 
110.951538 
110.940857 
110.930481 
110.919189 
110.909424 
110.899048 
110.888672 
110.878296 
110.868225 
110.857239 
110.847473 
110.837402 
110.827637 
110.817566 
110.807190 
110.795593 
110.784607 
110.773621 
110.763550 
110.752869 
110.743103 
110.732727 
110.722961 
110.712585 
110.702515 
110.692444 
110.682373 
110.671387 
110.661621 
110.650330 
110.639954 
110.629272 
110.618286 
110.607910 
110.597534 
110.588074 
110.579224 
110.569153 
110.558777 
110.548401 
110.537415 
110.527039 
110.516968 
110.505676 
110.494995 
110.484619 
110.474243 
110.463867 
110.453491 
110.443115 
110.433350 
110.423279 
110.413513 
110.403442 
110.392456 
110.380554 
110.369873 
110.358887 
110.349121 
110.339050 
110.328674 
110.318909 
110.309448 
110.299988 
110.290527 
110.281067 
110.271912 
110.262146 
110.253601 
110.245056 
110.236511 
110.227051 
110.219116 
110.210571 
110.203857 
110.198059 
110.192261 
110.185852 
110.179749 
110.173645 
110.167542 
110.161438 
110.156250 
110.151062 
110.145874 
110.140991 
110.137024 
110.133057 
110.129395 
110.126038 
110.122986 
110.120544 
110.118103 
110.115662 
110.113220 
110.110168 
110.107422 
110.105591 
110.104980 
110.103760 
110.103149 
110.103149 
110.102844 
110.103760 
110.103760 
110.104370 
110.104370 
110.105591 
110.106201 
110.108032 
110.108643 
110.110474 
110.112610 
110.114746 
110.117798 
110.121765 
110.126038 
110.130310 
110.134888 
110.138550 
110.142517 
110.146790 
110.150757 
110.155945 
110.160828 
110.166321 
110.172119 
110.177917 
110.184631 
110.191650 
110.198364 
110.205688 
110.213623 
110.221558 
110.229187 
110.236816 
110.244751 
110.253296 
110.262451 
110.271912 
110.281677 
110.291443 
110.301514 
110.311584 
110.322266 
110.332642 
110.343323 
110.353394 
110.363770 
110.374451 
110.384827 
110.394897 
110.404663 
110.415039 
110.426331 
110.437317 
110.448608 
110.460205 
110.470276 
110.481567 
110.491333 
110.501404 
110.511475 
110.521545 
110.531616 
110.541992 
110.552673 
110.562744 
110.572815 
110.583496 
110.593567 
110.604248 
110.614929 
110.625305 
110.635376 
110.644531 
110.653687 
110.663452 
110.674133 
110.683899 
110.694275 
110.705566 
110.715942 
110.726929 
110.736694 
110.747070 
110.757446 
110.767822 
110.777283 
110.787659 
110.797729 
110.807190 
110.816345 
110.827332 
110.837708 
110.848999 
110.860291 
110.870667 
110.881348 
110.891113 
110.901489 
110.911255 
110.920715 
110.930786 
110.940247 
110.950623 
110.960999 
110.970764 
110.981140 
110.991211 
111.001892 
111.011963 
111.022949 
111.033325 
111.043091 
111.052246 
111.061707 
111.071472 
111.081543 
111.091919 
111.102295 
111.112671 
111.123657 
111.134033 
111.144409 
111.154480 
111.164856 
111.175537 
111.185608 
111.195679 
111.206055 
111.215515 
111.225281 
111.235352 
111.245728 
111.257629 
111.268921 
111.279602 
111.290283 
111.300049 
111.310425 
111.320190 
111.330261 
111.340637 
111.351013 
111.361084 
111.371155 
111.380920 
111.391296 
111.401672 
111.412048 
111.423035 
111.433411 
111.443481 
111.453552 
111.462708 
111.471863 
111.481628 
111.492615 
111.502686 
111.513062 
111.523743 
111.534424 
111.544800 
111.554871 
111.565552 
111.575317 
111.585693 
111.596069 
111.605835 
111.615906 
111.625366 
111.635132 
111.645813 
111.656189 
111.667480 
111.678772 
111.689148 
111.700134 
111.709900 
111.719360 
111.729736 
111.739197 
111.748657 
111.758728 
111.769104 
111.779480 
111.789551 
111.799927 
111.809998 
111.820374 
111.831360 
111.841736 
111.851501 
111.861877 
111.870422 
111.879578 
111.889954 
111.900024 
111.910095 
111.920776 
111.931152 
111.941528 
111.951904 
111.962585 
111.972656 
111.983032 
111.993103 
112.003174 
112.013245 
112.023315 
112.032776 
112.042847 
112.052917 
112.063293 
112.074585 
112.085876 
112.095947 
112.106934 
112.117004 
112.127075 
112.137146 
112.146606 
112.156372 
112.166748 
112.176819 
112.186584 
112.197571 
112.207336 
112.217712 
112.228088 
112.238464 
112.249146 
112.258911 
112.268982 
112.278442 
112.287292 
112.297363 
112.307739 
112.318115 
112.328491 
112.338562 
112.349243 
112.359924 
112.369995 
112.380066 
112.389832 
112.400818 
112.411194 
112.420654 
112.430725 
112.440491 
112.450256 
112.460632 
112.471008 
112.481995 
112.492981 
112.503967 
112.514038 
112.524414 
112.534180 
112.543945 
112.553711 
112.563477 
112.573853 
112.583923 
112.594299 
112.604675 
112.614746 
112.624512 
112.635193 
112.645264 
112.656250 
112.666626 
112.675781 
112.685242 
112.694092 
112.703857 
112.714844 
112.724915 
112.735291 
112.745972 
112.756348 
112.767029 
112.776794 
112.787170 
112.797241 
112.807312 
112.817688 
112.827454 
112.837219 
112.847290 
112.856445 
112.866516 
112.877808 
112.888794 
112.899780 
112.910156 
112.921143 
112.930908 
112.940674 
112.950134 
112.959595 
112.969055 
112.978821 
112.988586 
112.997742 
113.006897 
113.016052 
113.025208 
113.034058 
113.042603 
113.052063 
113.060303 
113.067627 
113.073730 
113.080750 
113.087769 
113.095703 
113.102112 
113.109131 
113.115845 
113.122253 
113.128052 
113.134155 
113.139648 
113.144531 
113.149719 
113.153687 
113.158264 
113.161926 
113.165588 
113.168640 
113.171997 
113.175659 
113.179626 
113.183289 
113.185730 
113.188171 
113.189697 
113.191528 
113.192139 
113.192749 
113.193054 
113.193970 
113.194275 
113.193665 
113.194275 
113.193970 
113.192749 
113.192139 
113.191528 
113.190613 
113.188477 
113.186340 
113.182373 
113.179016 
113.175964 
113.173523 
113.170166 
113.167114 
113.163452 
113.159485 
113.155518 
113.150635 
113.145752 
113.140869 
113.135376 
113.129578 
113.123169 
113.116760 
113.109741 
113.102722 
113.095398 
113.088684 
113.081970 
113.075256 
113.067932 
113.059387 
113.049927 
113.041382 
113.031616 
113.021851 
113.012085 
113.002014 
112.992554 
112.982483 
112.971802 
112.961121 
112.951660 
112.941284 
112.931519 
112.920837 
112.910156 
112.898865 
112.886658 
112.875061 
112.864075 
112.853394 
112.842407 
112.832031 
112.821655 
112.810974 
112.799988 
112.789307 
112.778320 
112.767334 
112.756958 
112.745361 
112.734680 
112.722778 
112.711487 
112.700500 
112.690125 
112.679749 
112.669983 
112.659912 
112.649231 
112.639465 
112.628174 
112.617493 
112.606506 
112.595520 
112.584839 
112.573242 
112.562866 
112.552185 
112.541504 
112.531738 
112.520752 
112.510071 
112.500000 
112.489929 
112.479553 
112.468262 
112.456665 
112.445984 
112.434387 
112.424011 
112.414246 
112.403870 
112.393188 
112.383423 
112.373657 
112.362976 
112.352295 
112.341919 
112.331543 
112.320862 
112.310791 
112.299805 
112.288818 
112.278137 
112.267151 
112.257385 
112.248230 
112.238464 
112.228394 
112.218323 
112.207336 
112.197266 
112.186584 
112.175598 
112.164612 
112.154236 
112.143860 
112.133179 
112.123108 
112.112427 
112.102051 
112.091675 
112.081909 
112.071838 
112.061157 
112.050781 
112.038879 
112.027283 
112.016907 
112.006531 
111.996155 
111.986084 
111.975708 
111.965942 
111.955566 
111.944885 
111.935120 
111.924438 
111.913757 
111.903687 
111.893311 
111.882324 
111.871643 
111.860962 
111.850281 
111.840515 
111.831360 
111.821594 
111.811523 
111.801758 
111.791077 
111.780090 
111.769714 
111.759033 
111.747742 
111.737671 
111.727295 
111.717224 
111.706238 
111.696167 
111.686096 
111.676025 
111.666260 
111.656189 
111.645508 
111.634521 
111.622925 
111.611938 
111.601563 
111.591187 
111.581116 
111.570740 
111.560974 
111.550598 
111.541138 
111.530762 
111.520081 
111.510010 
111.499329 
111.488953 
111.478882 
111.467285 
111.456909 
111.446228 
111.435852 
111.425781 
111.416321 
111.407166 
111.396790 
111.387024 
111.376038 
111.366272 
111.354980 
111.344299 
111.333923 
111.323242 
111.312561 
111.301880 
111.291809 
111.281738 
111.271362 
111.260986 
111.251221 
111.240845 
111.230774 
111.219177 
111.208191 
111.197205 
111.186523 
111.176453 
111.166077 
111.155701 
111.146240 
111.135559 
111.125793 
111.115417 
111.105652 
111.094971 
111.084900 
111.074219 
111.063843 
111.053162 
111.042175 
111.031494 
111.021729 
111.011353 
111.001892 
110.992737 
110.982666 
110.972595 
110.962524 
110.952148 
110.941772 
110.930786 
110.920410 
110.910034 
110.899353 
110.889282 
110.879211 
110.868835 
110.858154 
110.848389 
110.838013 
110.827942 
110.818176 
110.806885 
110.795593 
110.783997 
110.774231 
110.763855 
110.753784 
110.744019 
110.733643 
110.723572 
110.713501 
110.703125 
110.692444 
110.682373 
110.672302 
110.661011 
110.651245 
110.639954 
110.629578 
110.618896 
110.608215 
110.598450 
110.589294 
110.579529 
110.569763 
110.559387 
110.549316 
110.538025 
110.527649 
110.516663 
110.505981 
110.495605 
110.485535 
110.474854 
110.464478 
110.454102 
110.444031 
110.433960 
110.423889 
110.414124 
110.404053 
110.392456 
110.381165 
110.369873 
110.359497 
110.349426 
110.339661 
110.329285 
110.319824 
110.310059 
110.300598 
110.291138 
110.281677 
110.272522 
110.263367 
110.253906 
110.245667 
110.236511 
110.227661 
110.219116 
110.211487 
110.204773 
110.198975 
110.192871 
110.185852 
110.180054 
110.173950 
110.167847 
110.162354 
110.156555 
110.151062 
110.146179 
110.141602 
110.137634 
110.133362 
110.130005 
110.126343 
110.122986 
110.120850 
110.118408 
110.115662 
110.112610 
110.109558 
110.107422 
110.105591 
110.104980 
110.103455 
110.103455 
110.103149 
110.102539 
110.102844 
110.102234 
110.102539 
110.102234 
110.102539 
110.101929 
110.102234 
110.101624 
110.100708 
110.101318 
110.101318 
110.102539 
110.103455 
110.104065 
110.104065 
110.104675 
110.104065 
110.104065 
110.103760 
110.103455 
110.103455 
110.103760 
110.103760 
110.104065 
110.104065 
110.104370 
110.104370 
110.104980 
110.105286 
110.105896 
110.105896 
110.105286 
110.104065 
110.103760 
110.103455 
110.103760 
110.104370 
110.104370 
110.104370 
110.104980 
110.104980 
110.105591 
110.105591 
110.105591 
110.105591 
110.105591 
110.105591 
110.105591 
110.104675 
110.104065 
110.104675 
110.105591 
110.106201 
110.107117 
110.107422 
110.107727 
110.107422 
110.107422 
110.107117 
110.106506 
110.106506 
110.106506 
110.106506 
110.106506 
110.106506 
110.106812 
110.106812 
110.106506 
110.107117 
110.107117 
110.107422 
110.106506 
110.105591 
110.104980 
110.104980 
110.104980 
110.105591 
110.105591 
110.105286 
110.106506 
110.106201 
110.105896 
110.106201 
110.105896 
110.105591 
110.105896 
110.105591 
110.105286 
110.104675 
110.104370 
