Blum, K. P., D’Incamps, B. L., Zytnicki, D., & Ting, L. H. (2017).
Force encoding in muscle spindles during stretch of
passive muscle. PLoS computational biology, 13(9), 
e1005767. <https://journals.plos.org/ploscompbiol/article?
id=10.1371/journal.pcbi.1005767>

cat medial gastrocnemius muscle lengths over t  (in 0.0005 s increments)
110.110168 
110.110168 
110.111084 
110.111694 
110.111084 
110.111084 
110.110168 
110.109253 
110.109253 
110.108643 
110.108948 
110.108948 
110.109558 
110.109253 
110.109863 
110.109558 
110.109558 
110.109863 
110.109863 
110.109863 
110.109558 
110.109863 
110.108643 
110.108643 
110.108643 
110.108948 
110.109863 
110.110779 
110.111084 
110.110779 
110.110779 
110.110779 
110.110474 
110.110779 
110.110474 
110.110168 
110.110168 
110.110168 
110.109863 
110.109863 
110.110168 
110.110779 
110.110779 
110.111084 
110.111389 
110.110779 
110.110168 
110.109253 
110.108948 
110.108643 
110.109253 
110.109558 
110.109253 
110.109863 
110.109558 
110.109863 
110.109863 
110.109863 
110.109558 
110.109863 
110.109558 
110.108948 
110.109863 
110.108643 
110.108337 
110.108948 
110.109863 
110.110474 
110.111084 
110.110779 
110.110474 
110.110779 
110.110779 
110.110168 
110.110168 
110.110474 
110.109558 
110.110168 
110.109558 
110.110474 
110.110474 
110.110474 
110.111084 
110.111389 
110.111694 
110.111084 
110.109863 
110.108948 
110.108643 
110.108948 
110.109253 
110.109253 
110.109253 
110.109558 
110.109558 
110.109863 
110.109863 
110.109863 
110.109863 
110.109558 
110.109558 
110.109558 
110.108948 
110.108948 
110.108643 
110.108948 
110.109863 
110.110474 
110.111389 
110.111084 
110.111084 
110.110779 
110.110779 
110.110779 
110.110474 
110.111084 
110.111084 
110.111694 
110.112305 
110.112915 
110.113831 
110.115051 
110.116272 
110.117188 
110.119629 
110.120544 
110.121155 
110.122070 
110.123291 
110.125427 
110.127869 
110.130005 
110.132446 
110.135193 
110.138245 
110.140991 
110.143433 
110.146790 
110.149231 
110.152893 
110.156250 
110.159607 
110.162354 
110.165710 
110.169678 
110.174255 
110.179138 
110.184631 
110.189514 
110.194092 
110.198975 
110.203247 
110.208435 
110.213318 
110.218201 
110.223999 
110.229492 
110.235596 
110.241699 
110.247498 
110.253601 
110.260315 
110.267029 
110.274048 
110.281067 
110.287476 
110.293274 
110.299683 
110.306396 
110.313416 
110.321045 
110.328979 
110.337524 
110.345764 
110.354004 
110.362549 
110.371094 
110.379333 
110.387878 
110.397339 
110.406494 
110.415649 
110.424805 
110.433960 
110.443420 
110.453796 
110.465088 
110.476685 
110.487976 
110.498352 
110.509338 
110.520630 
110.531006 
110.542297 
110.553589 
110.565186 
110.576782 
110.588379 
110.600281 
110.611877 
110.623474 
110.635681 
110.648193 
110.659180 
110.671387 
110.682678 
110.692139 
110.702515 
110.713196 
110.724182 
110.734863 
110.745544 
110.756531 
110.767517 
110.777588 
110.787964 
110.798035 
110.808716 
110.818176 
110.828247 
110.837708 
110.847168 
110.856934 
110.866089 
110.875549 
110.885620 
110.896301 
110.907288 
110.917664 
110.927124 
110.936584 
110.946045 
110.955200 
110.964661 
110.973816 
110.983276 
110.992737 
111.002197 
111.011963 
111.021423 
111.031494 
111.041565 
111.051025 
111.061096 
111.071167 
111.080627 
111.089172 
111.098328 
111.107178 
111.116638 
111.127014 
111.136780 
111.147156 
111.157227 
111.166687 
111.177673 
111.187134 
111.197510 
111.207275 
111.217346 
111.227112 
111.237183 
111.246643 
111.256409 
111.266479 
111.277161 
111.288147 
111.299133 
111.310425 
111.320496 
111.330872 
111.340942 
111.351013 
111.361389 
111.371155 
111.381226 
111.392212 
111.401978 
111.412354 
111.423645 
111.433716 
111.444092 
111.455383 
111.466370 
111.477051 
111.487427 
111.496887 
111.506348 
111.516418 
111.526489 
111.537170 
111.548157 
111.558533 
111.569824 
111.580200 
111.591187 
111.601868 
111.612244 
111.622925 
111.632996 
111.643982 
111.654053 
111.663818 
111.674194 
111.684265 
111.694946 
111.706543 
111.717834 
111.728516 
111.739197 
111.748962 
111.759338 
111.769409 
111.779480 
111.789856 
111.799622 
111.810303 
111.820374 
111.830750 
111.840820 
111.851501 
111.862183 
111.872253 
111.883240 
111.893616 
111.903687 
111.912842 
111.921997 
111.931763 
111.942139 
111.952209 
111.963501 
111.973877 
111.983948 
111.994629 
112.004700 
112.015381 
112.025146 
112.035522 
112.045898 
112.056274 
112.065735 
112.075500 
112.085571 
112.095337 
112.106323 
112.117615 
112.128601 
112.139893 
112.149658 
112.160034 
112.169800 
112.179871 
112.189636 
112.200012 
112.209473 
112.220154 
112.230530 
112.240601 
112.250671 
112.260742 
112.271423 
112.282104 
112.293091 
112.303467 
112.313232 
112.322388 
112.331543 
112.341003 
112.351379 
112.361755 
112.372131 
112.382507 
112.393188 
112.403564 
112.414551 
112.424316 
112.434692 
112.445068 
112.455139 
112.465210 
112.475586 
112.485352 
112.495117 
112.505188 
112.515869 
112.527161 
112.538147 
112.549133 
112.559814 
112.569885 
112.579956 
112.590332 
112.600708 
112.610779 
112.621155 
112.631836 
112.641907 
112.652588 
112.663269 
112.672729 
112.684021 
112.695007 
112.705994 
112.716370 
112.726440 
112.735596 
112.745667 
112.755737 
112.765808 
112.776184 
112.787170 
112.797546 
112.808228 
112.818909 
112.828674 
112.838440 
112.849426 
112.858887 
112.868347 
112.878418 
112.887573 
112.897339 
112.906189 
112.915344 
112.924805 
112.934570 
112.944641 
112.954102 
112.962952 
112.971191 
112.979431 
112.987976 
112.995605 
113.003540 
113.011475 
113.019409 
113.027039 
113.034363 
113.041382 
113.049316 
113.056641 
113.063660 
113.071289 
113.078003 
113.084106 
113.089600 
113.094482 
113.099976 
113.106384 
113.111877 
113.117981 
113.123779 
113.129272 
113.134155 
113.139648 
113.143921 
113.148804 
113.153381 
113.157959 
113.161621 
113.165588 
113.168945 
113.172607 
113.175964 
113.179321 
113.183594 
113.187561 
113.191223 
113.193665 
113.196106 
113.198547 
113.200684 
113.202820 
113.204346 
113.205872 
113.207703 
113.208923 
113.210754 
113.211670 
113.213196 
113.214111 
113.215332 
113.215942 
113.216553 
113.216858 
113.215942 
113.214722 
113.214417 
113.214417 
113.214417 
113.214111 
113.214111 
113.214111 
113.213806 
113.213501 
113.212585 
113.211975 
113.211365 
113.209839 
113.208618 
113.207092 
113.206482 
113.204346 
113.203125 
113.202820 
113.202820 
113.202209 
113.202515 
113.201294 
113.200073 
113.199158 
113.197937 
113.196716 
113.196106 
113.195496 
113.194580 
113.194275 
113.193054 
113.192749 
113.192749 
113.192139 
113.192444 
113.192139 
113.192139 
113.191223 
113.190308 
113.188477 
113.187561 
113.187561 
113.187256 
113.187256 
113.187256 
113.187561 
113.187256 
113.187256 
113.187256 
113.187256 
113.187256 
113.187256 
113.186646 
113.186951 
113.185730 
113.185425 
113.185425 
113.186035 
113.187256 
113.187866 
113.188782 
113.187866 
113.188477 
113.188171 
113.187866 
113.187866 
113.187866 
113.188171 
113.188171 
113.187866 
113.188171 
113.188477 
113.188782 
113.189087 
113.190002 
113.190308 
113.190918 
113.190308 
113.190002 
113.189087 
113.189087 
113.189087 
113.189697 
113.190002 
113.191223 
113.191528 
113.192139 
113.192444 
113.192749 
113.193054 
113.193665 
113.193359 
113.194275 
113.194275 
113.193970 
113.193970 
113.194275 
113.194885 
113.195801 
113.197632 
113.198242 
113.198853 
113.198547 
113.198547 
113.198853 
113.198547 
113.198547 
113.198853 
113.198853 
113.199158 
113.199158 
113.199463 
113.199768 
113.200073 
113.200684 
113.200989 
113.201294 
113.201294 
113.200378 
113.199463 
113.198853 
113.198853 
113.199768 
113.199463 
113.200073 
113.200073 
113.200378 
113.200989 
113.200378 
113.200378 
113.200378 
113.200989 
113.200378 
113.200073 
113.199768 
113.199158 
113.199463 
113.200073 
113.200378 
113.201294 
113.201904 
113.201294 
113.201294 
113.201599 
113.201294 
113.200989 
113.200684 
113.200073 
113.200378 
113.200684 
113.200378 
113.200684 
113.200989 
113.200684 
113.200989 
113.201294 
113.200989 
113.200989 
113.200073 
113.199158 
113.197937 
113.197937 
113.198547 
113.198547 
113.198853 
113.198853 
113.198242 
113.199158 
113.198853 
113.198547 
113.198547 
113.198242 
113.198242 
113.197937 
113.197327 
113.196716 
113.197021 
113.197021 
113.197937 
113.198853 
113.199158 
113.198853 
113.198547 
113.198547 
113.198547 
113.198242 
113.197632 
113.197937 
113.197632 
113.197937 
113.197327 
113.197937 
113.198242 
113.198547 
113.198547 
113.198853 
113.199463 
113.198547 
113.197327 
113.196411 
113.195801 
113.195801 
113.196106 
113.196106 
113.196411 
113.196716 
113.196716 
113.196411 
113.196716 
113.196716 
113.196716 
113.196411 
113.196411 
113.196106 
113.195801 
113.195496 
113.194885 
113.196106 
113.195801 
113.197021 
113.197021 
113.197632 
113.197021 
113.196411 
113.196411 
113.196106 
113.195801 
113.195801 
113.196106 
113.195801 
113.195496 
113.195496 
113.195190 
113.195190 
113.195496 
113.196106 
113.195801 
113.196106 
113.194580 
113.193359 
113.192749 
113.192749 
113.192444 
113.193054 
113.193359 
113.192749 
113.193359 
113.193359 
113.193054 
113.193054 
113.193054 
113.192444 
113.192749 
113.192444 
113.191833 
113.191528 
113.191528 
113.191528 
113.192444 
113.193665 
113.193665 
113.193665 
113.193054 
113.193359 
113.193054 
113.192749 
113.192749 
113.192444 
113.192749 
113.192749 
113.192444 
113.192749 
113.193054 
113.192749 
113.193359 
113.193970 
113.193970 
113.193665 
113.192749 
113.191528 
113.191528 
113.191528 
113.191833 
113.191833 
113.192444 
113.191833 
113.192749 
113.193054 
113.193054 
113.192749 
113.193665 
113.193359 
113.193665 
113.193665 
113.192749 
113.191528 
113.192139 
113.193359 
113.194580 
113.195496 
113.195801 
113.196106 
113.195496 
113.195801 
113.195801 
113.196106 
113.196106 
113.196106 
113.196106 
113.196106 
113.196716 
113.196716 
113.197327 
113.197632 
113.198242 
113.198547 
113.199158 
113.199463 
113.197937 
113.197327 
113.197021 
113.197327 
113.197937 
113.197937 
113.198242 
113.198547 
113.198853 
113.198547 
113.199158 
113.199463 
113.199463 
113.199768 
113.199463 
113.198853 
113.198547 
113.198853 
113.198242 
113.198853 
113.199768 
113.200684 
113.201294 
113.200989 
113.200378 
113.200684 
113.200378 
113.200378 
113.200073 
113.200684 
113.200073 
113.200073 
113.199768 
113.199768 
113.200073 
113.200073 
113.200378 
113.200989 
113.201294 
113.200684 
113.199463 
113.197937 
113.197632 
113.197632 
113.197937 
113.197937 
113.197937 
113.198242 
113.198242 
113.197937 
113.197632 
113.197327 
113.197937 
113.197632 
113.197327 
113.196716 
113.195801 
113.195496 
113.194885 
113.195190 
113.196106 
113.197021 
113.197021 
113.197021 
113.196411 
113.196106 
113.195496 
113.195496 
113.194885 
113.194580 
113.194275 
113.194275 
113.193665 
113.194580 
113.194275 
113.193970 
113.194885 
113.194580 
113.194580 
113.194885 
113.193054 
113.192444 
113.191528 
113.191528 
113.191528 
113.191833 
113.191833 
113.192444 
113.192444 
113.192749 
113.192444 
113.192444 
113.192444 
113.192139 
113.192139 
113.192139 
113.191223 
113.190918 
113.191223 
113.191528 
113.192749 
113.193665 
113.193665 
113.193359 
113.193359 
113.193665 
113.193359 
113.193359 
113.192749 
113.193054 
113.193359 
113.193054 
113.192749 
113.193359 
113.193359 
113.193665 
113.193970 
113.194580 
113.194885 
113.194275 
113.193665 
113.192749 
113.192444 
113.192444 
113.192749 
113.193054 
113.193359 
113.193665 
113.193970 
113.194275 
113.194275 
113.194580 
113.194580 
113.194275 
113.194580 
113.194275 
113.193970 
113.193665 
113.193359 
113.194275 
113.195190 
113.196411 
113.196716 
113.196716 
113.196716 
113.196716 
113.196716 
113.196411 
113.196411 
113.196411 
113.196106 
113.196106 
113.196411 
113.196716 
113.196411 
113.197327 
113.197327 
113.197937 
113.197937 
113.197632 
113.196716 
113.195801 
113.195190 
113.195801 
113.195496 
113.195801 
113.196411 
113.196106 
113.196411 
113.196716 
113.196411 
113.196411 
113.196106 
113.196411 
113.196716 
113.196411 
113.195496 
113.195190 
113.195190 
113.195801 
113.196716 
113.197632 
113.197937 
113.197632 
113.197327 
113.197632 
113.197021 
113.197021 
113.196716 
113.196716 
113.197021 
113.196411 
113.197021 
113.196716 
113.196716 
113.197327 
113.197327 
113.197632 
113.197632 
113.197937 
113.196411 
113.194885 
113.194885 
113.195190 
113.195496 
113.195801 
113.195496 
113.195801 
113.196106 
113.196106 
113.195496 
113.196106 
113.195801 
113.195801 
113.196106 
113.195496 
113.195190 
113.195190 
113.194885 
113.194885 
113.195801 
113.196716 
113.197021 
113.197021 
113.196716 
113.197021 
113.196716 
113.195801 
113.196106 
113.195801 
113.195801 
113.195496 
113.196106 
113.196106 
113.196106 
113.196106 
113.196716 
113.196716 
113.196716 
113.196716 
113.195801 
113.194580 
113.193970 
113.193970 
113.194275 
113.194275 
113.194885 
113.194885 
113.195190 
113.195190 
113.194885 
113.195801 
113.195190 
113.194885 
113.194885 
113.194580 
113.194275 
113.193359 
113.193665 
113.193970 
113.194885 
113.195801 
113.196411 
113.195801 
113.195801 
113.195190 
113.194885 
113.194885 
113.194885 
113.194580 
113.194580 
113.194275 
113.194885 
113.194580 
113.194580 
113.194885 
113.195496 
113.195496 
113.195496 
113.194885 
113.194275 
113.193359 
113.192444 
113.193054 
113.192749 
113.193359 
113.193359 
113.193359 
113.193359 
113.193359 
113.193665 
113.193665 
113.193970 
113.193665 
113.193359 
113.193054 
113.193054 
113.192749 
113.192444 
113.192749 
113.193970 
113.194885 
113.195190 
113.195190 
113.194580 
113.194885 
113.194580 
113.194275 
113.194275 
113.193970 
113.194885 
113.194275 
113.194580 
113.194275 
113.194275 
113.194885 
113.195190 
113.195496 
113.195496 
113.195496 
113.194580 
113.193359 
113.193054 
113.193665 
113.193665 
113.194275 
113.193970 
113.193970 
113.194275 
113.195190 
113.194885 
113.194885 
113.194580 
113.194885 
113.195190 
113.194885 
113.193970 
113.194275 
113.193970 
113.194275 
113.195496 
113.196411 
113.197327 
113.197327 
113.196716 
113.196411 
113.196716 
113.196411 
113.196411 
113.196411 
113.196106 
113.196411 
113.196716 
113.196411 
113.196411 
113.196716 
113.197327 
113.197632 
113.197632 
113.197021 
113.196411 
113.195496 
113.194885 
113.195496 
113.195496 
113.195496 
113.195801 
113.196106 
113.196411 
113.196106 
113.196411 
113.196106 
113.196106 
113.196411 
113.195801 
113.196106 
113.195496 
113.194885 
113.194885 
113.195496 
113.196411 
113.197021 
113.197327 
113.197327 
113.197327 
113.197021 
113.196716 
113.196106 
113.196411 
113.195801 
113.196411 
113.196411 
113.195801 
113.196106 
113.196411 
113.196411 
113.197021 
113.197021 
113.197327 
113.196411 
113.195801 
113.193970 
113.193665 
113.193970 
113.193970 
113.194275 
113.194275 
113.194885 
113.194885 
113.194885 
113.194885 
113.194275 
113.194580 
113.194275 
113.194275 
113.194275 
113.193970 
113.193054 
113.192749 
113.193665 
113.193665 
113.195190 
113.195190 
113.194885 
113.194580 
113.194580 
113.194275 
113.193970 
113.194275 
113.193970 
113.194275 
113.193970 
113.193970 
113.193970 
113.194275 
113.193970 
113.194275 
113.194885 
113.195190 
113.194580 
113.193970 
113.192749 
113.192444 
113.192749 
113.192749 
113.192444 
113.193054 
113.193054 
113.193665 
113.193359 
113.193359 
113.193665 
113.193665 
113.193665 
113.193359 
113.193359 
113.193054 
113.192444 
113.192749 
113.192749 
113.194275 
113.194885 
113.195496 
113.195190 
113.195190 
113.194885 
113.194885 
113.195190 
113.194275 
113.194275 
113.194275 
113.194580 
113.194580 
113.194580 
113.194580 
113.194885 
113.195496 
113.195801 
113.195801 
113.195801 
113.194580 
113.193665 
113.193665 
113.193665 
113.193665 
113.194275 
113.194580 
113.194885 
113.195190 
113.194885 
113.195190 
113.195496 
113.194885 
113.195496 
113.194885 
113.194580 
113.194275 
113.193970 
113.193970 
113.194580 
113.195496 
113.196411 
113.196411 
113.197021 
113.196411 
113.196411 
113.196411 
113.196106 
113.195801 
113.196106 
113.195801 
113.195801 
113.195801 
113.195801 
113.195801 
113.196411 
113.196716 
113.197327 
113.197021 
113.197021 
113.195496 
113.194885 
113.194580 
113.194580 
113.194885 
113.194580 
113.195190 
113.194885 
113.195496 
113.195190 
113.195190 
113.195190 
113.195190 
113.195496 
113.194885 
113.194885 
113.194580 
113.194275 
113.193970 
113.194885 
113.195801 
113.196411 
113.196716 
113.196411 
113.196411 
113.196106 
113.195801 
113.195801 
113.195801 
113.195496 
113.195496 
113.195496 
113.195496 
113.195190 
113.195190 
113.195801 
113.195801 
113.196411 
113.197021 
113.196106 
113.195190 
113.193970 
113.193359 
113.193665 
113.193665 
113.194275 
113.194275 
113.194580 
113.194275 
113.194275 
113.194275 
113.194580 
113.194580 
113.193970 
113.193970 
113.193970 
113.193970 
113.193359 
113.193359 
113.193970 
113.194580 
113.195190 
113.195801 
113.195801 
113.195496 
113.195190 
113.195190 
113.194885 
113.194885 
113.194885 
113.194885 
113.194580 
113.194580 
113.194580 
113.194580 
113.195190 
113.194580 
113.195801 
113.195801 
113.195496 
113.194580 
113.193970 
113.193054 
113.193054 
113.193665 
113.193665 
113.193970 
113.193665 
113.194275 
113.193970 
113.194275 
113.193665 
113.193665 
113.193970 
113.193970 
113.193359 
113.193359 
113.192749 
113.192749 
113.193359 
113.194275 
113.195190 
113.195496 
113.195496 
113.194885 
113.195190 
113.195190 
113.194885 
113.194885 
113.194885 
113.194275 
113.194580 
113.194580 
113.194275 
113.194580 
113.195190 
113.194885 
113.195801 
113.195801 
113.195496 
113.194580 
113.193665 
113.193054 
113.193359 
113.193665 
113.193970 
113.193970 
113.193970 
113.193970 
113.194275 
113.194275 
113.194275 
113.194275 
113.194275 
113.194275 
113.193970 
113.193665 
113.193359 
113.193359 
113.193970 
113.194275 
113.195801 
113.196106 
113.196106 
113.196106 
113.195801 
113.195496 
113.195190 
113.195190 
113.195190 
113.195496 
113.195496 
113.195190 
113.195496 
113.195190 
113.195496 
113.195801 
113.196106 
113.196411 
113.196411 
113.195190 
113.193970 
113.193665 
113.194275 
113.194275 
113.194580 
113.194580 
113.194580 
113.195190 
113.195190 
113.195190 
113.195190 
113.194580 
113.194885 
113.195190 
113.194885 
113.194275 
113.193665 
113.193970 
113.194275 
113.194885 
113.196411 
113.196411 
113.196411 
113.196716 
113.196411 
113.196106 
113.195496 
113.195190 
113.195190 
113.195801 
113.195801 
113.195496 
113.195496 
113.195496 
113.196106 
113.196716 
113.196716 
113.196716 
113.196106 
113.194885 
113.194275 
113.193970 
113.193970 
113.194275 
113.194275 
113.194275 
113.193970 
113.195190 
113.195190 
113.195190 
113.194580 
113.194580 
113.194885 
113.194885 
113.194275 
113.193665 
113.193359 
113.193665 
113.194275 
113.194885 
113.195496 
113.195801 
113.195801 
113.195190 
113.194885 
113.195190 
113.194580 
113.194885 
113.194885 
113.194275 
113.194580 
113.194885 
113.194275 
113.194885 
113.195190 
113.195496 
113.195801 
113.195801 
113.194885 
113.193970 
113.193054 
113.193054 
113.192749 
113.193054 
113.193359 
113.193359 
113.193359 
113.193665 
113.193665 
113.193970 
113.193970 
113.193359 
113.193665 
113.193665 
113.193054 
113.193054 
113.192444 
113.192749 
113.193359 
113.193665 
113.194885 
113.195190 
113.195190 
113.194885 
113.195190 
113.194275 
113.193970 
113.193970 
113.194275 
113.193970 
113.194275 
113.194275 
113.194580 
113.194580 
113.194275 
113.195496 
113.195801 
113.195496 
113.194580 
113.194580 
113.193359 
113.192749 
113.193054 
113.193054 
113.193054 
113.193665 
113.193970 
113.193665 
113.193970 
113.194275 
113.194275 
113.193970 
113.193970 
113.194275 
113.193970 
113.193665 
113.193054 
113.193054 
113.193359 
113.194275 
113.195496 
113.195801 
113.195801 
113.195801 
113.195801 
113.195496 
113.195190 
113.194885 
113.194885 
113.195190 
113.195190 
113.194885 
113.195190 
113.195190 
113.195496 
113.195496 
113.196106 
113.196106 
113.196106 
113.194885 
113.193970 
113.193665 
113.193970 
113.193665 
113.193970 
113.194580 
113.194580 
113.194885 
113.194885 
113.195190 
113.194885 
113.194885 
113.194885 
113.195190 
113.194580 
113.193665 
113.193665 
113.193665 
113.193665 
113.194885 
113.196106 
113.196106 
113.196106 
113.196106 
113.195496 
113.195496 
113.195496 
113.195190 
113.195190 
113.195496 
113.194885 
113.195190 
113.194885 
113.195190 
113.195496 
113.196106 
113.196106 
113.196411 
113.196411 
113.195190 
113.193970 
113.193359 
113.193665 
113.193665 
113.194275 
113.194275 
113.193970 
113.194885 
113.194580 
113.194275 
113.194580 
113.194580 
113.194580 
113.194580 
113.193970 
113.193665 
113.193665 
113.193359 
113.193665 
113.194885 
113.195190 
113.196106 
113.195801 
113.194885 
113.195190 
113.195190 
113.194885 
113.194885 
113.195190 
113.194885 
113.194580 
113.195190 
113.194885 
113.194580 
113.195190 
113.195496 
113.195496 
113.196106 
113.195496 
113.194275 
113.193665 
113.193359 
113.193054 
113.193359 
113.193054 
113.193359 
113.194275 
113.193970 
113.193970 
113.194275 
113.193970 
113.193970 
113.193970 
113.193665 
113.193970 
113.193970 
113.193054 
113.193054 
113.193359 
113.194275 
113.194885 
113.195496 
113.195190 
113.195190 
113.194885 
113.194885 
113.194580 
113.193970 
113.194580 
113.194580 
113.194580 
113.194580 
113.194580 
113.194580 
113.194885 
113.195496 
113.195801 
113.195496 
113.195190 
113.194580 
113.193665 
113.193054 
113.193054 
113.193054 
113.193359 
113.193665 
113.193665 
113.194275 
113.194275 
113.194275 
113.194275 
113.194275 
113.194275 
113.193970 
113.193970 
113.193359 
113.193054 
113.193054 
113.193359 
113.194580 
113.195801 
113.195801 
113.195496 
113.195190 
113.195190 
113.195190 
113.194885 
113.195190 
113.194580 
113.194885 
113.194580 
113.194885 
113.195190 
113.195190 
113.194580 
113.195801 
113.196106 
113.196106 
113.195801 
113.194580 
113.193665 
113.193665 
113.193665 
113.193359 
113.194275 
113.194275 
113.194580 
113.194275 
113.194580 
113.194885 
113.194580 
113.194580 
113.194580 
113.194580 
113.194580 
113.193970 
113.193665 
113.193665 
113.193665 
113.194885 
113.195801 
113.195801 
113.195801 
113.196106 
113.195801 
113.195190 
113.195190 
113.194885 
113.195190 
113.194885 
113.194885 
113.195190 
113.195190 
113.195190 
113.195496 
113.195190 
113.196106 
113.196106 
113.195801 
113.194580 
113.193359 
113.193665 
113.193665 
113.193970 
113.194275 
113.194275 
113.194275 
113.194275 
113.194275 
113.194580 
113.194580 
113.194275 
113.194275 
113.194275 
113.193970 
113.193665 
113.193359 
113.193054 
113.193665 
113.194275 
113.195496 
113.195496 
113.195801 
113.195190 
113.195496 
113.195496 
113.194580 
113.194885 
113.194885 
113.194580 
113.194580 
113.194885 
113.194885 
113.195190 
113.195190 
113.195190 
113.195801 
113.195801 
113.195190 
113.194580 
113.193359 
113.193359 
113.193054 
113.193054 
113.193665 
113.193665 
113.193970 
113.193970 
113.193970 
113.194275 
113.194275 
113.193970 
113.193970 
113.194275 
113.193970 
113.193054 
113.193054 
113.193054 
113.193054 
113.194275 
113.195190 
113.195496 
113.195190 
113.195496 
113.195190 
113.194580 
113.194885 
113.194885 
113.194580 
113.194580 
113.194580 
113.194580 
113.194275 
113.194580 
113.194275 
113.195496 
113.196106 
113.195801 
113.195190 
113.194580 
113.193359 
113.192749 
113.193359 
113.193359 
113.193359 
113.193665 
113.193970 
113.193665 
113.194275 
113.194275 
113.194275 
113.194275 
113.194275 
113.193970 
113.194275 
113.193359 
113.193054 
113.193054 
113.193359 
113.194275 
113.195496 
113.195496 
113.195801 
113.195801 
113.194885 
113.194580 
113.194580 
113.194580 
113.194885 
113.194885 
113.194580 
113.194885 
113.194885 
113.194885 
113.195190 
113.195801 
113.196106 
113.196106 
113.195801 
113.194275 
113.193970 
113.193665 
113.193359 
113.193970 
113.193665 
113.194275 
113.194580 
113.194580 
113.194580 
113.194580 
113.194580 
113.194275 
113.194275 
113.194580 
113.193970 
113.193665 
113.193054 
113.193359 
113.193665 
113.195190 
113.195496 
113.195801 
113.196106 
113.195801 
113.195496 
113.195190 
113.195190 
113.195190 
113.194885 
113.194885 
113.194885 
113.195190 
113.195190 
113.194885 
113.195801 
113.195496 
113.195801 
113.196106 
113.195496 
113.194275 
113.193665 
113.193665 
113.193359 
113.193970 
113.193970 
113.193970 
113.194275 
113.194580 
113.194275 
113.194275 
113.194275 
113.194580 
113.193970 
113.194275 
113.194275 
113.193665 
113.193359 
113.192749 
113.193359 
113.194275 
113.195496 
113.195801 
113.195496 
113.195190 
113.195190 
113.195190 
113.194885 
113.194275 
113.195190 
113.194885 
113.194580 
113.194580 
113.194885 
113.194580 
113.195190 
113.195496 
113.195801 
113.195801 
113.195190 
113.194580 
113.193665 
113.193359 
113.193054 
113.193665 
113.193665 
113.193665 
113.193970 
113.194275 
113.193970 
113.193970 
113.194275 
113.194580 
113.194580 
113.193970 
113.193665 
113.193665 
113.193054 
113.193054 
113.193665 
113.194275 
113.195190 
113.195496 
113.195190 
113.194885 
113.195190 
113.194885 
113.194885 
113.194580 
113.194580 
113.194885 
113.194275 
113.194580 
113.195190 
113.194885 
113.194885 
113.195496 
113.196106 
113.195496 
113.195496 
113.194275 
113.193359 
113.193359 
113.193054 
113.193359 
113.193970 
113.193970 
113.193665 
113.193970 
113.194275 
113.193970 
113.193970 
113.194275 
113.193970 
113.194275 
113.193970 
113.193359 
113.193054 
113.193359 
113.193665 
113.194580 
113.195801 
113.195801 
113.195190 
113.195496 
113.195801 
113.195496 
113.194885 
113.194885 
113.194580 
113.195190 
113.194580 
113.194885 
113.195190 
113.195190 
113.195190 
113.195190 
113.195496 
113.196106 
113.195801 
113.194885 
113.193665 
113.193359 
113.193359 
113.193665 
113.193970 
113.193970 
113.193970 
113.194580 
113.194275 
113.194275 
113.194580 
113.194580 
113.194580 
113.193970 
113.193665 
113.193665 
113.193054 
113.193054 
113.193665 
113.194885 
113.195801 
113.196106 
113.196106 
113.195801 
113.195496 
113.195496 
113.195190 
113.195190 
113.195190 
113.194580 
113.195190 
113.194885 
113.194580 
113.194885 
113.195190 
113.195496 
113.196106 
113.196411 
113.195496 
113.194275 
113.193970 
113.193054 
113.193054 
113.193970 
113.193665 
113.193970 
113.194580 
113.194885 
113.194580 
113.194580 
113.194580 
113.194275 
113.194275 
113.194275 
113.193665 
113.193665 
113.193359 
113.193054 
113.193665 
113.194580 
113.195801 
113.195801 
113.195496 
113.195496 
113.195190 
113.195190 
113.194580 
113.194580 
113.194580 
113.194580 
113.194885 
113.194885 
113.194885 
113.194885 
113.195190 
113.195496 
113.195801 
113.196106 
113.195496 
113.194580 
113.193665 
113.193359 
113.193054 
113.193665 
113.194275 
113.193970 
113.193970 
113.193970 
113.194275 
113.194275 
113.194580 
113.194580 
113.193970 
113.193970 
113.193665 
113.193359 
113.193054 
113.193054 
113.193359 
113.194275 
113.195496 
113.195190 
113.195496 
113.194885 
113.194885 
113.194580 
113.194885 
113.194580 
113.195190 
113.194580 
113.194275 
113.194580 
113.194580 
113.194580 
113.195190 
113.195190 
113.195801 
113.196106 
113.195190 
113.194580 
113.193665 
113.193359 
113.193359 
113.193359 
113.193665 
113.193970 
113.193970 
113.193970 
113.194275 
113.194275 
113.194580 
113.194275 
113.194275 
113.193665 
113.193665 
113.193970 
113.193054 
113.193359 
113.193970 
113.194580 
113.195190 
113.195801 
113.195496 
113.195190 
113.194885 
113.195190 
113.194885 
113.194580 
113.194885 
113.194885 
113.194885 
113.194275 
113.194885 
113.194885 
113.194885 
113.195496 
113.196106 
113.195801 
113.195190 
113.194580 
113.193665 
113.193054 
113.193665 
113.193970 
113.194275 
113.193665 
113.194275 
113.194580 
113.194580 
113.194275 
113.194580 
113.194580 
113.194580 
113.193970 
113.193970 
113.193665 
113.193359 
113.193054 
113.193665 
113.195190 
113.195496 
113.195496 
113.195496 
113.195496 
113.195190 
113.195190 
113.195190 
113.194885 
113.194580 
113.194885 
113.194885 
113.194885 
113.195190 
113.194885 
113.195496 
113.195801 
113.195801 
113.196106 
113.195496 
113.194885 
113.193970 
113.193359 
113.193359 
113.193665 
113.193665 
113.193970 
113.193970 
113.194580 
113.194580 
113.193970 
113.194885 
113.194275 
113.194275 
113.194580 
113.194275 
113.193359 
113.193359 
113.193054 
113.193665 
113.194580 
113.195496 
113.195496 
113.195801 
113.195190 
113.195190 
113.195190 
113.195190 
113.194580 
113.194580 
113.195190 
113.194580 
113.194885 
113.194885 
113.194885 
113.195190 
113.195801 
113.195496 
113.196106 
113.195190 
113.194580 
113.193665 
113.193054 
113.193359 
113.193665 
113.193665 
113.193665 
113.193970 
113.194275 
113.194275 
113.194275 
113.194275 
113.193970 
113.193970 
113.194275 
113.193970 
113.193359 
113.193054 
113.192749 
113.193359 
113.194580 
113.194580 
113.195496 
113.195496 
113.195190 
113.195190 
113.195190 
113.194885 
113.194580 
113.194885 
113.194580 
113.194580 
113.194580 
113.194580 
113.194580 
113.195190 
113.195190 
113.195801 
113.195801 
113.195190 
113.194580 
113.193665 
113.193054 
113.193359 
113.193970 
113.193665 
113.194275 
113.193970 
113.194275 
113.194580 
113.193970 
113.194580 
113.194275 
113.194580 
113.193970 
113.193970 
113.193665 
113.193054 
113.193054 
113.193665 
113.194275 
113.195190 
113.195801 
113.195190 
113.195496 
113.195496 
113.194580 
113.194580 
113.194580 
113.194885 
113.194275 
113.194580 
113.194885 
113.194885 
113.194580 
113.195496 
113.195496 
113.196106 
113.196106 
113.195190 
113.194580 
113.193665 
113.193054 
113.193665 
113.193665 
113.193665 
113.193970 
113.194275 
113.194275 
113.194275 
113.194580 
113.194275 
113.194275 
113.194275 
113.194275 
113.193665 
113.193665 
113.193359 
113.193054 
113.193970 
113.194885 
113.195496 
113.195496 
113.195496 
113.194885 
113.195190 
113.195496 
113.194580 
113.194885 
113.194885 
113.194275 
113.194885 
113.194885 
113.195190 
113.195190 
113.194885 
113.195496 
113.195801 
113.196106 
113.195190 
113.194580 
113.193665 
113.193054 
113.193359 
113.193665 
113.193665 
113.193665 
113.193665 
113.193665 
113.193665 
113.193054 
113.192444 
113.191833 
113.191223 
113.189697 
113.188782 
113.187561 
113.186340 
113.184814 
113.183899 
113.183899 
113.183289 
113.181763 
113.179626 
113.177795 
113.175049 
113.172913 
113.170776 
113.168030 
113.165588 
113.163147 
113.160400 
113.157043 
113.154602 
113.150635 
113.147888 
113.144836 
113.142090 
113.138428 
113.133545 
113.128662 
113.123169 
113.118896 
113.114319 
113.110046 
113.105164 
113.100891 
113.095703 
113.090515 
113.085632 
113.080139 
113.074646 
113.068542 
113.062439 
113.056335 
113.049622 
113.042603 
113.035583 
113.028564 
113.022156 
113.016357 
113.009644 
113.002625 
112.994995 
112.987061 
112.979431 
112.970581 
112.962036 
112.953491 
112.944946 
112.936401 
112.927551 
112.918396 
112.909546 
112.900085 
112.890930 
112.881470 
112.871704 
112.861938 
112.851868 
112.840271 
112.828979 
112.818298 
112.807922 
112.798157 
112.787476 
112.776794 
112.766113 
112.756042 
112.745056 
112.734375 
112.723694 
112.712708 
112.701721 
112.691040 
112.680054 
112.668152 
112.657166 
112.645874 
112.636108 
112.626343 
112.616577 
112.605896 
112.595215 
112.584534 
112.573242 
112.562561 
112.551270 
112.540894 
112.530212 
112.519226 
112.508545 
112.498474 
112.487793 
112.477112 
112.467041 
112.456665 
112.446594 
112.436523 
112.425232 
112.413330 
112.402039 
112.391663 
112.380676 
112.370605 
112.360229 
112.350159 
112.340698 
112.330017 
112.319641 
112.309570 
112.299805 
112.289124 
112.279053 
112.268066 
112.257385 
112.246704 
112.236328 
112.225342 
112.216187 
112.207031 
112.197571 
112.187805 
112.177429 
112.167053 
112.156677 
112.145996 
112.135315 
112.124329 
112.114563 
112.103882 
112.093811 
112.083740 
112.073364 
112.062988 
112.053223 
112.043152 
112.033386 
112.023315 
112.012329 
112.001343 
111.990051 
111.979370 
111.968994 
111.958923 
111.948547 
111.938782 
111.928406 
111.918945 
111.908569 
111.898499 
111.888733 
111.878357 
111.868286 
111.857605 
111.847229 
111.836853 
111.825867 
111.815796 
111.806030 
111.795959 
111.787415 
111.777344 
111.766663 
111.756592 
111.745911 
111.735535 
111.725159 
111.714783 
111.704712 
111.694031 
111.683960 
111.673279 
111.663513 
111.652832 
111.642761 
111.632690 
111.622925 
111.612854 
111.602173 
111.590881 
111.579285 
111.568298 
111.558228 
111.548157 
111.538086 
111.528015 
111.517639 
111.507263 
111.497498 
111.486816 
111.476135 
111.465454 
111.454773 
111.444397 
111.433411 
111.422729 
111.411743 
111.401062 
111.391296 
111.381836 
111.372070 
111.362000 
111.351318 
111.341248 
111.330566 
111.319580 
111.308899 
111.298523 
111.287842 
111.277466 
111.267395 
111.257019 
111.246948 
111.236877 
111.227112 
111.217346 
111.207581 
111.197205 
111.186218 
111.175232 
111.163635 
111.152954 
111.142578 
111.132507 
111.122131 
111.112366 
111.101990 
111.091614 
111.081543 
111.071167 
111.061401 
111.051331 
111.040955 
111.030273 
111.019592 
111.008911 
110.997925 
110.987549 
110.978088 
110.968628 
110.959473 
110.949402 
110.939026 
110.928650 
110.918274 
110.907593 
110.896912 
110.886536 
110.875854 
110.865784 
110.855103 
110.845032 
110.834351 
110.824890 
110.814819 
110.805054 
110.794983 
110.784607 
110.774231 
110.762939 
110.751648 
110.740967 
110.730591 
110.720520 
110.710449 
110.700073 
110.690308 
110.679932 
110.670166 
110.659790 
110.649719 
110.639343 
110.628662 
110.618896 
110.608215 
110.597839 
110.587158 
110.577087 
110.567322 
110.558472 
110.549316 
110.539246 
110.529175 
110.519714 
110.509338 
110.499268 
110.489502 
110.479736 
110.469971 
110.460510 
110.451050 
110.441895 
110.432739 
110.423889 
110.415344 
110.407410 
110.399170 
110.390320 
110.381470 
110.372314 
110.362854 
110.354004 
110.346375 
110.338135 
110.331116 
110.323792 
110.315857 
110.308838 
110.302124 
110.294495 
110.287781 
110.280762 
110.274048 
110.267029 
110.260010 
110.253296 
110.246277 
110.240173 
110.234375 
110.229492 
110.224915 
110.219727 
110.214539 
110.209351 
110.203247 
110.198669 
110.193787 
110.188599 
110.183411 
110.179443 
110.174561 
110.170898 
110.166931 
110.162964 
110.159912 
110.156250 
110.153503 
110.150146 
110.146179 
110.142212 
110.138550 
110.134888 
110.132446 
110.129700 
110.127869 
110.126038 
110.123901 
110.122070 
110.120239 
110.118408 
110.116882 
110.115356 
110.113831 
110.112305 
110.111084 
110.109558 
110.108337 
110.107117 
110.107422 
110.107727 
110.108337 
110.108337 
110.108032 
110.107422 
110.107117 
110.106812 
110.106201 
110.106201 
110.106201 
110.106506 
110.106201 
110.106506 
110.106201 
110.106201 
110.106812 
110.107117 
110.107727 
110.107727 
110.107117 
110.106201 
110.105591 
110.105286 
110.105286 
110.105591 
110.105896 
110.106201 
110.106201 
110.106812 
110.106812 
110.106506 
110.107117 
110.107117 
110.107117 
110.107117 
110.106812 
110.106812 
110.106506 
110.106506 
110.107422 
110.108337 
110.109253 
110.109558 
110.109558 
110.109253 
110.109253 
110.109253 
110.108948 
110.108948 
110.108948 
110.109253 
110.108643 
110.108948 
110.108948 
110.109253 
110.109558 
110.109863 
110.110474 
110.110474 
110.109863 
110.108643 
110.108032 
110.107727 
110.107727 
110.108337 
110.108337 
110.108337 
110.108948 
110.108948 
110.108948 
110.108643 
110.108948 
110.108948 
110.108643 
110.108643 
110.108337 
110.108337 
110.107727 
110.107727 
110.108337 
110.109253 
110.110168 
110.110168 
110.110168 
110.110168 
110.109558 
110.109558 
110.109558 
110.108948 
110.109558 
110.109253 
110.109253 
110.109558 
110.109253 
110.109558 
