Blum, K. P., D’Incamps, B. L., Zytnicki, D., & Ting, L. H. (2017).
Force encoding in muscle spindles during stretch of
passive muscle. PLoS computational biology, 13(9), 
e1005767. <https://journals.plos.org/ploscompbiol/article?
id=10.1371/journal.pcbi.1005767>

cat medial gastrocnemius muscle lengths over t  (in 0.0005 s increments)
110.110168 
110.110168 
110.110168 
110.110168 
110.109863 
110.110474 
110.110474 
110.110474 
110.111084 
110.111389 
110.111694 
110.111694 
110.110474 
110.108948 
110.108643 
110.108337 
110.108643 
110.108643 
110.108948 
110.109253 
110.109558 
110.109558 
110.109253 
110.109253 
110.109558 
110.109863 
110.109253 
110.108948 
110.108643 
110.108337 
110.108032 
110.108337 
110.109253 
110.110779 
110.110779 
110.111084 
110.111084 
110.110474 
110.110779 
110.110474 
110.109863 
110.109863 
110.110168 
110.110168 
110.110168 
110.110168 
110.110474 
110.110474 
110.111084 
110.111389 
110.111389 
110.111694 
110.110168 
110.108643 
110.108337 
110.108643 
110.108643 
110.109253 
110.108948 
110.109558 
110.109253 
110.109558 
110.109253 
110.109558 
110.109558 
110.109558 
110.109253 
110.108948 
110.108948 
110.108337 
110.108337 
110.108643 
110.109253 
110.110474 
110.111389 
110.111084 
110.111084 
110.110779 
110.110474 
110.110474 
110.110168 
110.110168 
110.110168 
110.110474 
110.109863 
110.110168 
110.110168 
110.110474 
110.111084 
110.111694 
110.111694 
110.111694 
110.110168 
110.108643 
110.108643 
110.108032 
110.108643 
110.108643 
110.109253 
110.109253 
110.109253 
110.109558 
110.109558 
110.109863 
110.109863 
110.109558 
110.109253 
110.109253 
110.109253 
110.108337 
110.108643 
110.108948 
110.111389 
110.113525 
110.114441 
110.115967 
110.116882 
110.118408 
110.120544 
110.122070 
110.124512 
110.127258 
110.129700 
110.133667 
110.137939 
110.141602 
110.146790 
110.152588 
110.157776 
110.163879 
110.170593 
110.176392 
110.181885 
110.187988 
110.194702 
110.202332 
110.210571 
110.219116 
110.227661 
110.237122 
110.246887 
110.256348 
110.265808 
110.275269 
110.285034 
110.294495 
110.304260 
110.314026 
110.323792 
110.333862 
110.344238 
110.355225 
110.367432 
110.379944 
110.392151 
110.404053 
110.415649 
110.428162 
110.439758 
110.452576 
110.465088 
110.477600 
110.491028 
110.503845 
110.516968 
110.530090 
110.543213 
110.556335 
110.569153 
110.581360 
110.593872 
110.604553 
110.614929 
110.624695 
110.634460 
110.645447 
110.655823 
110.666199 
110.676575 
110.686951 
110.697632 
110.707703 
110.717468 
110.727844 
110.737305 
110.747070 
110.756836 
110.765991 
110.775146 
110.783997 
110.793457 
110.803223 
110.814209 
110.825195 
110.834961 
110.844727 
110.854187 
110.863953 
110.873413 
110.882874 
110.892334 
110.901794 
110.911560 
110.921326 
110.931396 
110.941162 
110.951538 
110.961609 
110.971680 
110.982666 
110.992737 
111.002502 
111.011353 
111.020203 
111.029968 
111.040039 
111.050720 
111.060791 
111.071167 
111.081848 
111.092529 
111.102600 
111.112976 
111.123657 
111.133423 
111.143494 
111.153870 
111.163940 
111.173401 
111.183777 
111.193848 
111.204529 
111.216431 
111.227722 
111.238098 
111.248779 
111.259460 
111.269531 
111.279297 
111.289368 
111.299133 
111.309204 
111.319885 
111.329956 
111.340637 
111.351013 
111.361389 
111.372070 
111.382446 
111.393127 
111.403809 
111.413879 
111.422729 
111.431580 
111.441650 
111.452026 
111.462097 
111.472473 
111.483765 
111.494751 
111.505432 
111.515808 
111.526184 
111.536560 
111.546936 
111.557312 
111.567688 
111.577759 
111.587524 
111.597595 
111.607361 
111.618347 
111.630249 
111.641235 
111.652527 
111.662292 
111.672668 
111.682739 
111.692810 
111.702576 
111.712952 
111.723022 
111.733398 
111.743164 
111.753235 
111.763611 
111.773987 
111.784363 
111.794739 
111.806030 
111.815796 
111.825562 
111.834412 
111.843567 
111.853333 
111.863098 
111.873169 
111.883545 
111.893921 
111.903687 
111.914368 
111.925049 
111.934814 
111.944885 
111.955261 
111.965332 
111.975403 
111.985168 
111.994324 
112.004089 
112.014465 
112.024841 
112.036133 
112.047119 
112.057800 
112.067566 
112.077942 
112.087708 
112.097473 
112.107544 
112.117615 
112.127686 
112.137756 
112.147522 
112.157593 
112.167969 
112.178040 
112.188721 
112.199097 
112.209473 
112.220459 
112.229309 
112.238464 
112.247620 
112.257080 
112.267151 
112.277527 
112.288208 
112.298279 
112.308655 
112.319641 
112.329102 
112.339478 
112.349854 
112.359924 
112.370300 
112.380371 
112.390137 
112.399902 
112.409363 
112.420044 
112.430420 
112.442017 
112.453308 
112.464294 
112.474365 
112.484741 
112.494812 
112.504272 
112.514343 
112.524109 
112.534485 
112.544556 
112.554932 
112.565002 
112.575684 
112.586060 
112.596741 
112.607422 
112.618103 
112.628479 
112.638550 
112.647095 
112.656250 
112.666321 
112.676086 
112.686462 
112.697144 
112.707214 
112.717896 
112.728577 
112.738647 
112.749329 
112.759399 
112.769775 
112.779846 
112.790222 
112.799988 
112.809448 
112.819519 
112.829590 
112.839966 
112.851257 
112.862854 
112.872925 
112.883301 
112.893372 
112.904053 
112.913513 
112.923279 
112.933044 
112.943115 
112.953796 
112.963257 
112.973633 
112.984009 
112.994080 
113.004150 
113.014832 
113.025208 
113.034668 
113.043823 
113.052368 
113.060608 
113.068848 
113.077698 
113.086548 
113.095398 
113.103333 
113.111267 
113.119507 
113.126526 
113.133850 
113.140259 
113.146667 
113.152466 
113.158569 
113.163147 
113.168030 
113.172302 
113.175964 
113.180542 
113.186035 
113.190002 
113.193359 
113.195496 
113.197632 
113.199463 
113.200073 
113.200989 
113.201599 
113.201599 
113.201599 
113.201294 
113.200378 
113.199768 
113.198547 
113.197327 
113.195496 
113.193359 
113.190308 
113.186340 
113.181763 
113.176270 
113.171082 
113.166199 
113.160706 
113.155212 
113.149414 
113.143311 
113.136292 
113.129272 
113.121643 
113.113708 
113.105469 
113.096619 
113.087769 
113.078003 
113.068848 
113.058777 
113.048706 
113.039246 
113.030396 
113.020935 
113.010864 
113.000488 
112.989197 
112.978210 
112.967224 
112.955322 
112.943726 
112.932434 
112.921448 
112.909546 
112.898254 
112.887268 
112.875366 
112.864075 
112.853394 
112.842102 
112.830505 
112.818298 
112.805786 
112.792969 
112.781067 
112.769470 
112.758484 
112.746887 
112.735596 
112.724609 
112.713623 
112.702332 
112.691345 
112.680359 
112.668762 
112.657471 
112.646484 
112.634888 
112.624207 
112.612610 
112.601624 
112.591248 
112.581177 
112.571411 
112.560730 
112.550659 
112.539673 
112.528992 
112.517700 
112.506409 
112.496338 
112.485352 
112.474976 
112.464294 
112.453918 
112.443542 
112.433167 
112.422791 
112.412720 
112.402649 
112.391968 
112.381592 
112.369385 
112.357788 
112.346802 
112.336731 
112.326050 
112.316284 
112.306213 
112.295837 
112.286072 
112.275391 
112.264709 
112.254333 
112.243652 
112.233582 
112.222595 
112.211609 
112.201233 
112.190247 
112.179871 
112.170105 
112.160645 
112.151184 
112.141418 
112.130737 
112.120056 
112.109375 
112.098694 
112.087402 
112.077332 
112.066345 
112.055664 
112.045593 
112.034912 
112.024231 
112.013855 
112.003479 
111.993408 
111.983337 
111.973267 
111.962280 
111.949463 
111.937866 
111.926575 
111.916504 
111.906128 
111.895447 
111.885376 
111.875000 
111.864929 
111.854553 
111.844177 
111.833801 
111.822815 
111.812744 
111.802063 
111.791077 
111.780090 
111.769104 
111.758728 
111.748962 
111.739502 
111.730347 
111.720276 
111.709900 
111.699524 
111.688538 
111.678162 
111.667480 
111.656494 
111.646118 
111.635437 
111.625061 
111.614685 
111.604309 
111.594238 
111.583862 
111.574097 
111.564026 
111.553955 
111.542969 
111.531677 
111.520081 
111.509399 
111.498718 
111.488647 
111.477966 
111.468506 
111.458130 
111.448059 
111.437988 
111.427612 
111.417847 
111.407471 
111.397095 
111.386719 
111.376343 
111.365662 
111.354675 
111.344299 
111.334534 
111.325378 
111.315918 
111.305847 
111.295471 
111.284485 
111.274414 
111.263428 
111.252747 
111.242371 
111.231384 
111.221313 
111.210938 
111.200562 
111.190491 
111.180420 
111.170044 
111.160583 
111.150208 
111.140747 
111.129761 
111.118164 
111.107178 
111.096802 
111.086731 
111.076355 
111.066284 
111.056519 
111.046448 
111.036682 
111.026611 
111.015930 
111.006165 
110.995483 
110.985107 
110.974731 
110.963745 
110.953064 
110.942078 
110.931396 
110.921631 
110.912476 
110.903015 
110.892944 
110.882568 
110.871887 
110.860596 
110.850525 
110.839233 
110.828247 
110.817871 
110.807190 
110.797119 
110.786438 
110.776367 
110.765686 
110.755615 
110.746155 
110.736084 
110.726013 
110.714722 
110.702209 
110.691528 
110.680542 
110.670166 
110.660095 
110.649719 
110.639648 
110.629272 
110.619202 
110.609131 
110.598450 
110.588379 
110.578308 
110.567627 
110.557556 
110.546570 
110.535278 
110.524597 
110.514221 
110.504761 
110.495605 
110.486755 
110.476685 
110.466003 
110.455627 
110.445557 
110.434875 
110.424500 
110.413818 
110.403442 
110.393372 
110.382996 
110.372620 
110.361938 
110.351868 
110.342712 
110.332642 
110.322876 
110.312500 
110.301514 
110.289612 
110.278625 
110.268250 
110.258179 
110.248718 
110.238953 
110.229187 
110.220337 
110.211182 
110.202942 
110.194092 
110.187073 
110.179138 
110.171509 
110.164185 
110.157471 
110.150452 
110.144348 
110.138855 
110.134583 
110.131226 
110.127869 
110.124817 
110.120850 
110.117493 
110.114746 
110.112610 
110.109863 
110.108032 
110.106812 
110.105896 
110.105896 
110.105591 
110.105591 
110.106506 
110.107727 
110.108948 
110.110474 
110.112915 
110.113525 
110.114441 
110.117188 
110.119934 
110.124207 
110.128479 
110.133667 
110.138550 
110.144043 
110.150146 
110.156250 
110.162964 
110.169678 
110.177307 
110.184631 
110.192566 
110.200195 
110.208740 
110.217590 
110.226440 
110.236816 
110.248108 
110.259399 
110.269775 
110.280457 
110.290833 
110.300903 
110.311584 
110.322266 
110.332947 
110.344238 
110.354919 
110.366211 
110.377502 
110.388184 
110.400085 
110.411682 
110.422974 
110.434265 
110.445862 
110.455627 
110.465088 
110.475159 
110.485229 
110.495911 
110.506592 
110.516968 
110.527954 
110.538635 
110.549316 
110.559998 
110.570374 
110.580750 
110.591125 
110.600586 
110.611267 
110.621033 
110.630493 
110.640564 
110.650940 
110.661621 
110.673218 
110.684814 
110.694885 
110.705261 
110.715027 
110.725403 
110.735474 
110.744629 
110.754700 
110.764160 
110.775146 
110.785522 
110.795288 
110.805664 
110.816040 
110.826416 
110.837097 
110.847778 
110.857849 
110.867310 
110.876160 
110.885010 
110.895081 
110.905151 
110.915833 
110.926208 
110.936279 
110.946960 
110.957031 
110.967712 
110.977478 
110.988159 
110.998230 
111.007690 
111.018372 
111.028137 
111.037598 
111.047974 
111.057434 
111.068420 
111.080017 
111.091309 
111.101379 
111.111450 
111.121521 
111.131287 
111.141052 
111.150818 
111.160583 
111.170654 
111.181335 
111.191101 
111.200867 
111.211243 
111.221619 
111.231995 
111.242065 
111.253052 
111.263428 
111.272278 
111.281128 
111.290588 
111.300354 
111.310730 
111.320801 
111.331482 
111.341858 
111.352844 
111.362915 
111.373596 
111.383667 
111.393738 
111.404114 
111.413879 
111.424255 
111.433716 
111.443787 
111.453857 
111.464233 
111.475220 
111.486816 
111.498108 
111.508789 
111.519165 
111.529236 
111.539612 
111.549683 
111.559753 
111.569519 
111.579590 
111.589966 
111.600342 
111.610718 
111.620789 
111.631470 
111.642151 
111.653137 
111.663818 
111.674194 
111.683350 
111.692200 
111.701965 
111.711731 
111.721802 
111.732483 
111.742554 
111.752930 
111.763306 
111.774597 
111.784668 
111.794739 
111.805115 
111.815491 
111.825562 
111.835632 
111.845093 
111.854858 
111.864929 
111.875610 
111.886292 
111.897888 
111.908569 
111.919556 
111.929626 
111.939392 
111.949158 
111.959839 
111.969604 
111.979675 
111.989441 
112.000122 
112.009888 
112.019958 
112.030334 
112.040405 
112.051392 
112.061768 
112.072144 
112.082520 
112.091675 
112.100220 
112.109680 
112.120056 
112.130127 
112.140503 
112.150879 
112.161255 
112.171631 
112.182312 
112.192383 
112.202454 
112.212219 
112.222595 
112.232666 
112.242432 
112.252502 
112.262573 
112.272644 
112.282104 
112.293701 
112.304688 
112.315979 
112.326355 
112.336121 
112.346497 
112.356262 
112.366333 
112.376099 
112.385864 
112.396240 
112.406006 
112.416077 
112.426758 
112.436829 
112.447815 
112.458191 
112.468567 
112.479248 
112.489624 
112.498474 
112.507324 
112.516479 
112.526855 
112.536926 
112.547302 
112.557678 
112.568359 
112.578735 
112.589417 
112.599792 
112.609863 
112.620239 
112.630310 
112.640381 
112.650146 
112.660522 
112.670288 
112.680054 
112.690430 
112.701416 
112.712708 
112.723999 
112.734680 
112.744751 
112.754822 
112.764893 
112.774658 
112.784424 
112.794189 
112.804260 
112.814636 
112.824402 
112.834778 
112.844849 
112.855530 
112.865906 
112.875977 
112.886963 
112.897034 
112.905884 
112.915039 
112.924500 
112.934265 
112.944031 
112.955017 
112.965393 
112.975464 
112.985840 
112.996216 
113.006592 
113.016357 
113.025818 
113.035583 
113.045349 
113.054504 
113.063354 
113.071899 
113.080444 
113.088989 
113.097839 
113.106689 
113.115845 
113.123474 
113.130493 
113.137207 
113.143311 
113.149109 
113.155212 
113.160095 
113.165588 
113.170166 
113.174744 
113.178711 
113.182373 
113.186340 
113.189697 
113.192749 
113.195190 
113.197327 
113.197937 
113.197632 
113.197937 
113.197937 
113.198547 
113.198242 
113.198242 
113.197327 
113.196411 
113.195496 
113.193054 
113.190918 
113.188477 
113.185120 
113.181152 
113.177185 
113.172607 
113.167114 
113.161926 
113.156433 
113.151245 
113.146362 
113.140564 
113.133240 
113.125610 
113.117676 
113.109741 
113.100281 
113.091736 
113.082886 
113.073425 
113.063965 
113.054199 
113.044128 
113.034058 
113.024292 
113.013916 
113.003540 
112.993469 
112.982178 
112.970276 
112.957458 
112.946167 
112.934570 
112.922668 
112.911377 
112.900391 
112.888794 
112.877808 
112.866211 
112.854919 
112.843018 
112.832031 
112.820129 
112.808533 
112.796936 
112.784729 
112.772827 
112.761230 
112.749939 
112.739258 
112.729492 
112.718811 
112.707214 
112.696533 
112.684937 
112.673645 
112.662048 
112.651062 
112.639771 
112.628479 
112.618103 
112.607117 
112.596130 
112.585449 
112.574768 
112.564087 
112.553711 
112.543640 
112.532654 
112.521057 
112.509155 
112.497864 
112.487183 
112.476501 
112.466431 
112.456055 
112.445984 
112.436218 
112.425537 
112.415466 
112.405090 
112.394409 
112.383728 
112.373352 
112.362976 
112.351685 
112.341003 
112.330322 
112.320557 
112.311096 
112.301941 
112.292480 
112.282410 
112.271729 
112.260742 
112.250366 
112.239380 
112.229004 
112.218323 
112.207642 
112.196960 
112.186890 
112.176208 
112.165833 
112.155457 
112.145691 
112.135620 
112.125549 
112.114868 
112.102661 
112.090454 
112.079468 
112.069092 
112.058411 
112.048340 
112.037964 
112.027283 
112.017212 
112.006531 
111.996155 
111.985779 
111.975098 
111.964722 
111.953735 
111.943054 
111.932068 
111.921387 
111.910706 
111.900024 
111.890564 
111.881104 
111.871338 
111.861267 
111.850586 
111.839905 
111.829224 
111.818542 
111.807861 
111.796875 
111.785583 
111.775513 
111.765137 
111.754456 
111.743774 
111.733704 
111.723633 
111.713562 
111.703491 
111.693115 
111.681824 
111.669617 
111.658325 
111.647949 
111.637573 
111.626587 
111.616516 
111.607056 
111.596375 
111.586304 
111.575928 
111.565857 
111.555786 
111.545105 
111.534424 
111.524048 
111.513062 
111.502686 
111.492004 
111.481323 
111.472168 
111.463623 
111.453552 
111.443481 
111.433105 
111.422729 
111.412048 
111.401367 
111.390381 
111.379700 
111.369629 
111.359253 
111.348877 
111.338196 
111.328125 
111.318054 
111.307983 
111.298218 
111.287842 
111.277466 
111.266174 
111.254578 
111.243591 
111.233215 
111.222839 
111.212769 
111.203003 
111.193237 
111.183472 
111.173096 
111.163025 
111.152954 
111.143188 
111.132813 
111.122437 
111.112366 
111.101685 
111.090698 
111.080322 
111.070557 
111.061707 
111.052551 
111.042786 
111.033020 
111.022339 
111.011658 
111.000977 
110.990601 
110.979919 
110.968933 
110.958557 
110.948486 
110.938110 
110.927429 
110.917358 
110.906982 
110.896912 
110.886536 
110.876770 
110.866089 
110.854492 
110.842896 
110.831299 
110.820313 
110.810242 
110.799561 
110.789490 
110.779419 
110.769348 
110.758667 
110.748596 
110.738220 
110.727844 
110.717163 
110.707092 
110.695801 
110.685730 
110.674133 
110.663147 
110.653076 
110.644226 
110.635071 
110.625305 
110.615234 
110.604553 
110.593872 
110.583191 
110.573120 
110.562134 
110.551758 
110.541077 
110.530701 
110.520020 
110.510559 
110.500183 
110.490112 
110.480042 
110.469971 
110.460205 
110.449524 
110.438538 
110.426941 
110.415955 
110.405273 
110.395508 
110.384827 
110.374451 
110.364685 
110.354919 
110.344238 
110.334778 
110.324402 
110.314636 
110.303955 
110.293579 
110.283203 
110.272827 
110.262756 
110.252380 
110.242615 
110.233765 
110.225830 
110.217590 
110.208740 
110.199890 
110.191956 
110.183716 
110.175781 
110.168152 
110.160828 
110.154724 
110.148926 
110.142822 
110.138245 
110.133057 
110.128784 
110.125122 
110.122070 
110.119324 
110.115967 
110.112305 
110.109253 
110.106812 
110.105286 
110.104370 
110.104065 
110.104370 
110.104675 
110.105286 
110.106201 
110.106812 
110.108643 
110.109863 
110.112305 
110.114441 
110.116882 
110.119629 
110.123291 
110.127258 
110.131531 
110.138245 
110.144653 
110.151062 
110.157776 
110.163879 
110.170288 
110.177612 
110.184631 
110.191956 
110.200806 
110.208740 
110.217896 
110.227051 
110.237122 
110.247192 
110.257568 
110.267944 
110.278625 
110.289917 
110.299683 
110.309753 
110.318909 
110.328979 
110.339661 
110.350647 
110.361938 
110.372925 
110.384216 
110.395508 
110.406189 
110.417175 
110.428162 
110.439148 
110.449524 
110.460205 
110.470276 
110.480652 
110.490723 
110.501099 
110.511475 
110.523071 
110.534668 
110.545959 
110.556641 
110.567017 
110.577087 
110.586853 
110.597229 
110.607300 
110.617371 
110.627136 
110.637817 
110.647583 
110.658264 
110.668640 
110.679016 
110.689697 
110.700073 
110.711060 
110.721130 
110.729980 
110.738831 
110.748291 
110.758362 
110.768738 
110.779419 
110.789490 
110.799866 
110.810547 
110.820923 
110.831299 
110.841370 
110.851746 
110.861816 
110.872192 
110.881958 
110.891724 
110.901489 
110.911865 
110.921936 
110.933228 
110.944824 
110.955505 
110.965576 
110.975647 
110.985718 
110.995789 
111.005554 
111.015320 
111.025391 
111.035767 
111.045837 
111.055908 
111.066284 
111.076355 
111.086731 
111.097107 
111.107483 
111.117859 
111.127930 
111.136780 
111.145935 
111.154785 
111.165161 
111.175537 
111.185608 
111.195984 
111.206360 
111.217041 
111.227112 
111.237183 
111.247559 
111.257629 
111.267700 
111.277771 
111.287842 
111.297302 
111.307068 
111.317139 
111.327515 
111.339111 
111.350708 
111.361694 
111.371460 
111.381836 
111.391602 
111.401672 
111.411438 
111.421509 
111.431885 
111.441650 
111.452332 
111.462097 
111.472473 
111.483154 
111.494141 
111.504822 
111.515198 
111.526184 
111.535950 
111.544800 
111.553955 
111.563721 
111.573792 
111.584167 
111.594849 
111.604614 
111.615295 
111.625977 
111.636353 
111.646729 
111.657104 
111.667480 
111.677246 
111.687622 
111.697693 
111.707153 
111.716919 
111.726685 
111.737671 
111.748962 
111.760254 
111.771240 
111.781616 
111.791382 
111.801758 
111.812134 
111.821594 
111.831970 
111.841736 
111.851807 
111.861877 
111.872253 
111.882629 
111.892700 
111.903076 
111.913757 
111.924133 
111.934814 
111.944885 
111.953430 
111.962891 
111.972351 
111.982422 
111.992798 
112.003479 
112.013855 
112.024231 
112.034912 
112.044983 
112.055359 
112.065735 
112.076416 
112.086182 
112.095947 
112.106323 
112.116089 
112.125549 
112.135925 
112.146301 
112.157288 
112.168884 
112.179565 
112.189636 
112.199707 
112.210388 
112.219543 
112.229614 
112.239685 
112.250061 
112.259216 
112.269897 
112.280579 
112.290649 
112.301025 
112.311707 
112.322083 
112.332764 
112.342834 
112.352905 
112.361450 
112.370605 
112.380371 
112.390747 
112.400513 
112.410889 
112.421265 
112.431946 
112.442627 
112.453003 
112.462769 
112.472839 
112.483521 
112.493286 
112.503052 
112.513123 
112.523499 
112.532959 
112.542725 
112.553406 
112.565002 
112.576294 
112.587280 
112.597351 
112.607117 
112.617188 
112.626953 
112.636719 
112.646790 
112.656860 
112.666931 
112.677307 
112.687378 
112.697449 
112.707825 
112.718201 
112.728577 
112.739258 
112.750244 
112.760315 
112.768860 
112.778015 
112.787781 
112.797546 
112.807922 
112.818298 
112.828979 
112.839050 
112.849731 
112.860107 
112.870178 
112.880249 
112.890015 
112.900391 
112.910767 
112.920532 
112.930603 
112.939758 
112.949524 
112.960205 
112.971497 
112.982788 
112.993469 
113.003540 
113.013306 
113.022766 
113.032227 
113.041687 
113.050842 
113.060608 
113.069458 
113.078003 
113.087158 
113.095398 
113.103638 
113.111877 
113.120117 
113.127441 
113.134155 
113.140869 
113.146057 
113.150635 
113.155823 
113.161011 
113.165894 
113.170776 
113.175964 
113.179626 
113.183594 
113.186646 
113.189697 
113.192139 
113.194275 
113.195801 
113.197327 
113.197937 
113.198547 
113.197937 
113.197632 
113.198242 
113.198853 
113.198547 
113.197632 
113.196106 
113.193970 
113.191223 
113.187866 
113.184204 
113.180237 
113.175964 
113.171387 
113.166504 
113.160706 
113.155212 
113.149414 
113.143005 
113.136292 
113.129272 
113.121643 
113.113403 
113.103943 
113.093872 
113.084717 
113.075867 
113.066101 
113.056641 
113.046570 
113.037109 
113.027039 
113.016663 
113.006287 
112.995300 
112.984619 
112.973328 
112.961731 
112.950134 
112.938843 
112.927551 
112.915344 
112.904663 
112.893982 
112.883301 
112.872620 
112.861023 
112.848816 
112.837219 
112.825623 
112.813721 
112.801819 
112.790222 
112.778625 
112.767029 
112.755737 
112.744751 
112.733154 
112.722168 
112.710876 
112.700500 
112.689209 
112.677917 
112.665405 
112.652893 
112.641602 
112.630920 
112.620239 
112.608948 
112.598877 
112.588501 
112.577209 
112.566833 
112.556458 
112.545471 
112.534790 
112.524109 
112.513733 
112.502747 
112.492371 
112.481079 
112.470093 
112.460327 
112.451172 
112.441406 
112.431641 
112.421265 
112.410583 
112.399902 
112.389221 
112.378845 
112.367859 
112.357483 
112.347107 
112.337036 
112.326355 
112.316284 
112.305908 
112.295837 
112.285767 
112.276001 
112.265320 
112.254028 
112.242737 
112.231140 
112.220154 
112.209473 
112.199402 
112.189331 
112.178955 
112.168884 
112.158508 
112.148132 
112.138367 
112.127686 
112.117004 
112.106628 
112.095642 
112.084961 
112.073975 
112.062988 
112.052307 
112.041931 
112.033081 
112.023621 
112.013550 
112.003174 
111.992798 
111.981506 
111.970825 
111.959839 
111.948547 
111.938171 
111.927185 
111.916199 
111.906433 
111.896057 
111.885376 
111.875305 
111.865234 
111.854858 
111.844482 
111.833191 
111.822205 
111.809998 
111.799011 
111.788330 
111.777649 
111.767273 
111.756897 
111.747131 
111.736755 
111.726685 
111.716003 
111.705627 
111.695251 
111.684875 
111.674194 
111.663513 
111.652832 
111.641541 
111.631165 
111.621094 
111.611633 
111.602783 
111.592712 
111.582336 
111.571960 
111.561584 
111.550293 
111.540222 
111.529541 
111.518555 
111.508484 
111.498108 
111.487427 
111.477051 
111.466675 
111.456604 
111.446533 
111.436462 
111.426392 
111.415405 
111.403503 
111.392212 
111.381836 
111.370850 
111.360474 
111.350403 
111.340637 
111.330261 
111.320190 
111.310425 
111.300049 
111.289978 
111.280518 
111.269836 
111.259460 
111.249084 
111.238403 
111.227417 
111.217651 
111.208191 
111.198730 
111.190186 
111.180115 
111.170044 
111.159668 
111.149597 
111.138916 
111.128235 
111.118469 
111.107788 
111.097412 
111.086731 
111.076660 
111.066589 
111.056519 
111.046753 
111.036682 
111.026917 
111.015930 
111.005249 
110.993347 
110.982056 
110.971375 
110.960693 
110.950623 
110.940247 
110.930176 
110.920105 
110.910034 
110.899353 
110.889282 
110.878906 
110.868530 
110.857544 
110.846863 
110.836182 
110.825195 
110.814209 
110.804138 
110.793762 
110.784912 
110.775452 
110.765381 
110.754700 
110.744629 
110.734253 
110.723267 
110.712280 
110.701599 
110.691223 
110.680542 
110.670471 
110.659790 
110.649109 
110.639038 
110.629272 
110.618896 
110.609131 
110.599060 
110.587769 
110.576172 
110.565186 
110.554504 
110.543518 
110.533142 
110.523071 
110.513306 
110.503235 
110.493164 
110.482788 
110.472717 
110.462646 
110.451965 
110.442200 
110.432129 
110.421143 
110.410461 
110.400391 
110.389404 
110.379639 
110.370483 
110.361328 
110.351563 
110.341187 
110.330505 
110.320129 
110.309753 
110.299377 
110.288696 
110.278625 
110.268250 
110.258179 
110.248413 
110.238342 
110.229187 
110.220337 
110.211487 
110.203552 
110.195313 
110.186768 
110.177612 
110.169678 
110.162048 
110.155945 
110.149231 
110.144043 
110.138550 
110.133972 
110.129700 
110.125122 
110.121765 
110.118713 
110.115662 
110.112915 
110.110474 
110.108643 
110.106201 
110.105286 
110.104675 
110.104675 
110.105896 
110.107117 
110.108337 
110.108643 
110.109863 
110.111389 
110.112610 
110.115356 
110.117188 
110.120239 
110.123596 
110.127869 
110.131836 
110.137024 
110.142517 
110.148621 
110.154419 
110.161133 
110.168457 
110.174866 
110.180664 
110.187683 
110.195313 
110.204163 
110.213013 
110.222168 
110.231934 
110.242310 
110.252686 
110.262756 
110.273438 
110.283813 
110.294189 
110.305176 
110.315552 
110.326233 
110.336304 
110.346375 
110.357361 
110.368958 
110.380859 
110.393066 
110.404053 
110.415039 
110.425415 
110.435791 
110.446777 
110.456848 
110.466919 
110.476990 
110.487976 
110.498352 
110.508728 
110.519409 
110.529785 
110.540466 
110.552063 
110.562744 
110.573120 
110.582581 
110.591736 
110.601196 
110.610657 
110.621033 
110.631409 
110.642090 
110.652161 
110.663147 
110.673523 
110.683899 
110.694275 
110.704956 
110.715027 
110.724792 
110.735779 
110.745239 
110.755005 
110.765076 
110.774536 
110.785522 
110.797424 
110.808411 
110.819092 
110.829468 
110.839233 
110.849304 
110.859375 
110.869751 
110.878906 
110.888977 
110.899353 
110.909424 
110.919495 
110.929871 
110.940247 
110.950623 
110.961304 
110.971680 
110.982361 
110.991211 
111.000366 
111.009216 
111.019287 
111.029663 
111.039734 
111.050110 
111.060791 
111.071167 
111.081238 
111.091614 
111.101990 
111.112061 
111.122131 
111.132202 
111.142273 
111.151733 
111.161804 
111.171570 
111.181641 
111.192627 
111.203613 
111.214905 
111.225281 
111.235657 
111.245422 
111.255188 
111.264954 
111.275024 
111.285095 
111.295166 
111.305237 
111.315308 
111.325073 
111.336365 
111.346130 
111.356506 
111.367798 
111.377869 
111.388245 
111.397095 
111.406250 
111.415405 
111.425476 
111.435547 
111.445923 
111.456909 
111.466980 
111.477661 
111.488342 
111.499329 
111.509705 
111.520081 
111.530151 
111.539917 
111.550293 
111.560364 
111.570129 
111.579285 
111.589661 
111.600647 
111.612244 
111.623535 
111.633911 
111.644897 
111.654968 
111.664429 
111.674500 
111.683960 
111.694336 
111.704407 
111.714478 
111.724854 
111.734619 
111.745300 
111.755676 
111.766357 
111.777039 
111.787415 
111.797791 
111.807251 
111.816101 
111.825562 
111.835632 
111.845398 
111.855774 
111.866150 
111.876831 
111.887207 
111.897583 
111.908264 
111.918030 
111.928711 
111.938782 
111.949158 
111.958923 
111.968689 
111.979065 
111.988220 
111.998901 
112.010193 
112.021179 
112.032471 
112.043152 
112.053223 
112.062988 
112.073059 
112.083130 
112.093201 
112.102966 
112.113342 
112.123413 
112.133179 
112.143860 
112.153931 
112.164307 
112.174988 
112.185364 
112.196350 
112.206421 
112.215576 
112.224121 
112.233582 
112.243042 
112.253418 
112.263794 
112.274780 
112.285156 
112.295837 
112.306213 
112.315979 
112.326660 
112.337036 
112.346802 
112.356873 
112.366943 
112.377014 
112.386780 
112.396240 
112.406311 
112.417297 
112.428894 
112.440186 
112.450562 
112.460022 
112.470398 
112.480469 
112.490540 
112.500305 
112.510071 
112.520142 
112.530212 
112.540588 
112.550964 
112.561340 
112.571716 
112.582092 
112.593079 
112.603455 
112.613831 
112.622681 
112.631531 
112.641296 
112.651062 
112.661133 
112.671204 
112.681580 
112.692261 
112.702637 
112.713013 
112.723694 
112.733459 
112.744141 
112.754517 
112.763977 
112.774353 
112.783813 
112.793884 
112.803345 
112.813721 
112.824707 
112.835999 
112.846985 
112.857056 
112.867126 
112.877502 
112.887573 
112.897339 
112.907104 
112.916565 
112.927246 
112.937622 
112.947083 
112.957764 
112.967529 
112.978210 
112.988892 
112.998962 
113.009338 
113.019409 
113.028259 
113.036499 
113.045044 
113.054810 
113.063660 
113.072510 
113.081970 
113.090515 
113.098755 
113.106995 
113.114624 
113.121948 
113.129272 
113.136292 
113.142395 
113.148499 
113.154297 
113.159180 
113.163147 
113.168640 
113.173828 
113.179626 
113.183899 
113.187561 
113.190308 
113.193054 
113.195190 
113.196106 
113.197632 
113.198853 
113.199158 
113.199768 
113.200073 
113.199768 
113.199463 
113.198853 
113.197327 
113.196411 
113.194885 
113.192749 
113.188782 
113.184204 
113.179321 
113.175354 
113.170776 
113.166199 
113.160706 
113.156128 
113.150330 
113.143921 
113.136902 
113.129578 
113.122559 
113.114319 
113.106384 
113.097534 
113.088684 
113.078918 
113.069763 
113.059998 
113.051147 
113.042297 
113.032837 
113.022766 
113.012390 
113.001404 
112.990417 
112.978821 
112.967529 
112.955933 
112.944946 
112.933655 
112.922363 
112.910767 
112.899475 
112.887878 
112.876892 
112.865295 
112.854309 
112.842407 
112.829895 
112.817078 
112.804871 
112.793274 
112.781677 
112.770386 
112.759094 
112.747803 
112.736816 
112.725830 
112.714233 
112.702942 
112.691650 
112.681274 
112.669678 
112.658386 
112.646790 
112.635498 
112.624512 
112.613220 
112.603760 
112.594299 
112.584229 
112.572937 
112.562256 
112.551880 
112.540588 
112.529907 
112.518921 
112.508545 
112.497559 
112.486877 
112.476807 
112.466125 
112.456055 
112.445984 
112.435303 
112.425842 
112.415161 
112.404785 
112.393494 
112.381897 
112.370911 
112.359924 
112.349243 
112.339478 
112.329407 
112.319031 
112.308960 
112.299194 
112.288513 
112.278137 
112.267456 
112.257080 
112.246399 
112.236023 
112.225647 
112.214355 
112.203674 
112.193298 
112.183838 
112.174377 
112.165222 
112.154236 
112.143860 
112.133484 
112.123108 
112.111511 
112.100525 
112.090454 
112.079773 
112.069092 
112.058716 
112.048035 
112.037659 
112.027283 
112.017212 
112.006836 
111.996765 
111.986694 
111.974487 
111.962891 
111.951294 
111.940308 
111.929932 
111.919250 
111.908875 
111.898804 
111.888428 
111.878662 
111.867371 
111.857300 
111.846924 
111.835938 
111.825562 
111.815186 
111.803894 
111.792297 
111.781921 
111.771545 
111.761780 
111.752930 
111.743469 
111.732483 
111.721802 
111.711426 
111.700439 
111.689758 
111.679382 
111.668701 
111.658020 
111.647644 
111.636658 
111.626587 
111.616211 
111.606140 
111.596069 
111.585999 
111.576233 
111.565247 
111.554260 
111.542358 
111.531372 
111.520691 
111.510315 
111.499939 
111.489868 
111.479797 
111.469421 
111.459351 
111.448975 
111.438599 
111.428528 
111.417847 
111.407471 
111.397095 
111.386108 
111.375122 
111.364746 
111.354675 
111.345520 
111.336365 
111.326599 
111.316833 
111.306763 
111.296692 
111.286011 
111.275330 
111.265564 
111.254578 
111.244202 
111.234131 
111.224060 
111.213379 
111.203308 
111.193542 
111.183777 
111.174011 
111.163940 
111.153870 
111.142273 
111.130981 
111.119995 
111.109314 
111.099243 
111.089172 
111.079102 
111.068726 
111.059265 
111.049500 
111.038818 
111.029053 
111.018372 
111.007690 
110.997620 
110.986633 
110.976563 
110.965576 
110.954895 
110.944214 
110.935059 
110.926208 
110.916138 
110.906067 
110.895386 
110.884705 
110.873718 
110.863342 
110.852661 
110.841064 
110.830688 
110.820618 
110.809937 
110.799255 
110.788879 
110.779114 
110.768738 
110.758972 
110.748901 
110.738220 
110.726929 
110.715332 
110.703430 
110.692749 
110.682983 
110.671997 
110.662231 
110.652161 
110.642395 
110.632019 
110.621643 
110.611572 
110.600891 
110.590820 
110.580444 
110.570374 
110.559692 
110.548401 
110.537415 
110.527649 
110.518188 
110.509338 
110.499878 
110.489807 
110.479126 
110.468750 
110.458069 
110.447998 
110.437622 
110.426941 
110.416260 
110.406189 
110.395813 
110.385132 
110.374756 
110.365601 
110.355225 
110.345459 
110.335693 
110.325012 
110.313721 
110.302124 
110.290833 
110.280457 
110.270996 
110.260925 
110.251160 
110.241699 
110.232239 
110.223389 
110.214233 
110.205383 
110.197144 
110.188904 
110.181274 
110.173340 
110.166016 
110.158386 
110.151367 
110.145874 
110.141296 
110.137329 
110.133362 
110.129395 
110.125427 
110.121765 
110.117798 
110.115356 
110.112305 
110.110168 
110.108337 
110.107422 
110.106506 
110.105591 
110.105896 
110.106201 
110.106506 
110.108032 
110.109558 
110.110779 
110.111389 
110.112305 
110.113831 
110.116577 
110.120239 
110.123901 
110.128479 
110.133362 
110.138855 
110.144653 
110.150757 
110.157166 
110.163574 
110.169983 
110.177612 
110.185547 
110.192566 
110.200806 
110.209351 
110.218201 
110.229187 
110.240479 
110.250549 
110.261230 
110.271606 
110.281372 
110.292053 
110.301819 
110.311890 
110.323181 
110.333557 
110.344238 
110.354919 
110.365906 
110.376587 
110.387573 
110.399170 
110.409851 
110.421753 
110.431824 
110.441284 
110.450745 
110.460510 
110.470886 
110.481262 
110.492249 
110.502625 
110.513916 
110.524292 
110.535278 
110.545654 
110.556335 
110.567017 
110.577087 
110.587158 
110.597534 
110.607300 
110.617371 
110.627136 
110.637512 
110.648804 
110.660706 
110.671387 
110.681152 
110.691833 
110.701904 
110.712280 
110.722046 
110.732422 
110.742188 
110.752563 
110.762024 
110.772705 
110.783081 
110.792847 
110.803528 
110.813904 
110.824890 
110.835266 
110.845337 
110.854492 
110.863647 
110.873108 
110.882874 
110.893250 
110.903625 
110.913696 
110.924072 
110.934753 
110.945129 
110.955811 
110.965576 
110.976257 
110.986023 
110.996094 
111.006165 
111.015930 
111.026001 
111.035767 
111.046143 
111.057434 
111.069031 
111.079712 
111.089783 
111.099854 
111.110229 
111.119690 
111.129456 
111.139221 
111.149292 
111.159058 
111.169434 
111.179504 
111.189575 
111.199951 
111.210327 
111.220398 
111.231384 
111.241760 
111.251526 
111.260681 
111.269531 
111.278992 
111.288757 
111.299438 
111.309509 
111.319580 
111.330261 
111.341553 
111.351318 
111.361389 
111.372070 
111.382141 
111.391907 
111.402283 
111.412354 
111.421814 
111.431885 
111.441956 
111.452026 
111.463318 
111.475220 
111.486511 
111.497192 
111.507263 
111.517029 
111.527100 
111.536865 
111.546936 
111.557007 
111.567078 
111.576843 
111.587524 
111.597595 
111.607971 
111.618652 
111.629028 
111.639709 
111.650391 
111.660156 
111.669312 
111.678162 
111.687622 
111.697693 
111.708374 
111.718750 
111.729126 
111.739502 
111.750183 
111.760559 
111.770935 
111.781311 
111.791382 
111.801758 
111.811829 
111.822205 
111.831360 
111.841125 
111.851196 
111.861877 
111.872864 
111.884766 
111.895447 
111.905518 
111.916199 
111.925964 
111.935730 
111.945801 
111.955566 
111.965942 
111.976624 
111.986389 
111.996765 
112.006836 
112.017212 
112.027893 
112.037964 
112.048645 
112.059021 
112.069092 
112.078247 
112.087402 
112.096558 
112.106628 
112.117004 
112.127686 
112.137756 
112.148438 
112.158813 
112.169495 
112.179565 
112.189636 
112.200012 
112.209778 
112.219849 
112.229919 
112.239380 
112.249146 
112.259521 
112.269592 
112.281494 
112.293091 
112.303772 
112.314148 
112.324219 
112.334290 
112.343750 
112.354126 
112.363892 
112.373657 
112.384033 
112.393799 
112.404175 
112.414246 
112.424927 
112.435303 
112.445679 
112.456665 
112.467041 
112.476807 
112.485657 
112.494812 
112.504272 
112.514038 
112.524719 
112.534790 
112.545166 
112.555847 
112.566223 
112.576904 
112.586975 
112.596741 
112.607117 
112.617493 
112.627563 
112.636719 
112.646790 
112.656555 
112.666931 
112.677002 
112.688904 
112.700195 
112.711182 
112.721558 
112.731323 
112.741699 
112.751160 
112.761230 
112.770691 
112.781067 
112.791138 
112.801208 
112.811584 
112.821655 
112.831726 
112.842407 
112.852783 
112.862854 
112.873535 
112.883301 
112.892151 
112.901306 
112.910461 
112.921143 
112.931213 
112.941589 
112.952271 
112.962646 
112.972717 
112.983093 
112.993469 
113.003845 
113.013306 
113.023071 
113.032837 
113.041687 
113.051147 
113.059998 
113.068542 
113.077698 
113.088074 
113.096924 
113.105774 
113.113403 
113.121033 
113.128357 
113.134460 
113.141174 
113.146973 
113.153076 
113.159180 
113.163757 
113.168945 
113.173218 
113.177490 
113.181763 
113.185730 
113.189087 
113.192139 
113.194275 
113.195496 
113.196106 
113.196106 
113.197632 
113.197937 
113.198547 
113.198547 
113.197937 
113.197632 
113.196411 
113.195190 
113.193970 
113.191223 
113.188477 
113.185730 
113.182068 
113.177490 
113.172913 
113.167419 
113.162537 
113.158875 
113.154297 
113.148804 
113.141785 
113.134766 
113.127136 
113.119202 
113.110657 
113.102417 
113.093262 
113.084412 
113.075562 
113.065491 
113.056335 
113.046570 
113.036194 
113.026733 
113.016663 
113.005981 
112.995300 
112.983093 
112.970581 
112.959290 
112.947998 
112.936401 
112.925110 
112.914124 
112.902527 
112.891235 
112.879944 
112.868652 
112.856750 
112.844849 
112.833252 
112.822266 
112.810364 
112.797852 
112.786255 
112.774658 
112.763672 
112.753601 
112.742920 
112.731934 
112.720337 
112.709351 
112.698059 
112.686462 
112.675171 
112.663574 
112.652588 
112.641296 
112.630615 
112.619629 
112.608948 
112.598572 
112.587585 
112.576904 
112.566833 
112.556152 
112.545471 
112.533569 
112.521362 
112.510681 
112.500000 
112.489014 
112.478943 
112.468872 
112.458801 
112.448730 
112.438660 
112.427979 
112.417297 
112.406921 
112.396851 
112.385864 
112.375183 
112.364807 
112.353516 
112.342834 
112.333374 
112.324524 
112.314758 
112.305298 
112.294617 
112.284241 
112.273254 
112.262268 
112.251892 
112.241211 
112.230530 
112.219849 
112.209473 
112.199402 
112.189026 
112.178345 
112.168579 
112.158508 
112.148438 
112.138062 
112.127075 
112.115784 
112.103271 
112.092896 
112.081909 
112.071533 
112.061157 
112.051086 
112.040710 
112.030640 
112.020569 
112.009583 
111.999207 
111.988831 
111.977844 
111.967163 
111.956482 
111.945496 
111.934204 
111.923218 
111.913147 
111.903992 
111.894836 
111.884460 
111.874084 
111.863708 
111.852722 
111.842041 
111.831055 
111.820374 
111.809692 
111.799011 
111.788330 
111.777649 
111.767578 
111.756897 
111.746826 
111.736755 
111.726074 
111.716003 
111.705627 
111.693420 
111.681824 
111.670837 
111.660461 
111.649780 
111.639404 
111.629639 
111.619263 
111.608887 
111.598816 
111.588440 
111.577759 
111.567688 
111.557007 
111.546631 
111.535950 
111.525269 
111.514587 
111.503906 
111.494141 
111.484680 
111.475525 
111.465454 
111.454773 
111.445007 
111.434021 
111.423340 
111.412964 
111.402283 
111.391907 
111.381531 
111.371155 
111.361084 
111.350708 
111.340942 
111.331177 
111.321106 
111.311340 
111.301575 
111.291199 
111.279297 
111.268005 
111.257324 
111.246643 
111.236877 
111.227112 
111.216736 
111.206970 
111.197205 
111.186829 
111.177063 
111.166687 
111.156616 
111.145935 
111.135559 
111.126099 
111.114502 
111.103821 
111.093140 
111.083679 
111.074524 
111.065979 
111.055603 
111.045532 
111.035156 
111.024780 
111.013489 
111.003113 
110.992737 
110.981750 
110.971375 
110.960388 
110.950317 
110.940552 
110.929871 
110.919495 
110.909424 
110.899353 
110.889587 
110.878601 
110.866699 
110.854797 
110.843811 
110.833435 
110.823059 
110.812683 
110.802612 
110.792236 
110.781860 
110.772095 
110.761414 
110.751648 
110.740662 
110.730286 
110.719910 
110.709229 
110.698242 
110.687561 
110.676880 
110.666809 
110.657349 
110.648193 
110.638428 
110.628052 
110.617676 
110.607300 
110.596619 
110.586243 
110.575256 
110.564880 
110.554504 
110.544128 
110.533752 
110.523376 
110.513306 
110.503235 
110.493164 
110.483704 
110.473633 
110.462952 
110.451355 
110.440063 
110.429382 
110.418701 
110.408325 
110.398254 
110.387878 
110.378723 
110.368652 
110.358276 
110.348511 
110.338135 
110.327759 
110.317688 
110.307007 
110.296631 
110.286255 
110.275574 
110.265198 
110.256348 
110.247498 
110.238953 
110.229797 
110.220642 
110.211487 
110.202637 
110.193787 
110.185852 
110.177917 
110.170288 
110.163269 
110.156555 
110.150452 
110.144653 
110.139771 
110.134888 
110.130920 
110.126648 
110.123291 
110.119324 
110.115051 
110.111389 
110.108643 
110.106812 
110.105591 
110.104675 
110.103760 
110.103149 
110.103149 
110.102844 
110.102844 
110.102844 
110.102844 
110.102844 
110.102844 
110.102844 
110.101929 
110.101929 
110.101929 
110.102234 
110.103760 
110.105591 
110.106201 
110.106201 
110.106201 
110.106506 
110.106201 
110.105896 
110.106201 
110.106506 
110.106506 
110.106506 
110.107117 
110.107422 
110.107422 
110.108032 
110.108643 
110.109253 
110.109863 
110.109253 
110.107727 
110.106506 
110.106812 
110.106812 
110.106812 
110.107422 
110.106812 
110.107727 
110.108337 
110.108337 
110.108032 
110.108643 
110.108643 
110.108337 
110.108032 
110.108032 
110.107117 
110.106812 
110.107117 
110.107727 
110.108948 
110.110168 
110.110474 
110.110474 
110.110474 
110.110474 
110.109558 
110.109558 
110.109253 
110.109253 
110.109253 
110.109253 
110.109253 
110.109253 
110.109558 
110.109558 
110.110168 
110.110779 
110.110779 
110.109863 
110.108948 
110.108032 
110.107117 
110.107727 
110.108032 
110.107727 
110.108032 
110.108643 
110.108337 
110.108337 
110.108337 
110.108948 
110.108643 
110.108032 
110.108337 
110.107727 
110.107727 
110.107422 
