Blum, K. P., D’Incamps, B. L., Zytnicki, D., & Ting, L. H. (2017).
Force encoding in muscle spindles during stretch of
passive muscle. PLoS computational biology, 13(9), 
e1005767. <https://journals.plos.org/ploscompbiol/article?
id=10.1371/journal.pcbi.1005767>

cat medial gastrocnemius muscle lengths over t  (in 0.0005 s increments)
110.110474 
110.111389 
110.111694 
110.111084 
110.110474 
110.110474 
110.109863 
110.110168 
110.109863 
110.110168 
110.109863 
110.109558 
110.109558 
110.109558 
110.110168 
110.110779 
110.110474 
110.111084 
110.111084 
110.110474 
110.109253 
110.108643 
110.108032 
110.108948 
110.109558 
110.108948 
110.109863 
110.109863 
110.110168 
110.109863 
110.110474 
110.110168 
110.110474 
110.110474 
110.110168 
110.109863 
110.109253 
110.109253 
110.108948 
110.109253 
110.110474 
110.111694 
110.111694 
110.111389 
110.111084 
110.110779 
110.110779 
110.110168 
110.109863 
110.109863 
110.109863 
110.109863 
110.109558 
110.109863 
110.110168 
110.110474 
110.110779 
110.111389 
110.110779 
110.110779 
110.109558 
110.108643 
110.108643 
110.108948 
110.108948 
110.109558 
110.109558 
110.109863 
110.110168 
110.110168 
110.110168 
110.110168 
110.110168 
110.109863 
110.109863 
110.109558 
110.109253 
110.109253 
110.108948 
110.109253 
110.110474 
110.111694 
110.111694 
110.111084 
110.111084 
110.111084 
110.110168 
110.110474 
110.110168 
110.109863 
110.109863 
110.109863 
110.109863 
110.109863 
110.109863 
110.110779 
110.110779 
110.111084 
110.111084 
110.110474 
110.109863 
110.108643 
110.108337 
110.108948 
110.109253 
110.108948 
110.109558 
110.109863 
110.110474 
110.110474 
110.110168 
110.110779 
110.110168 
110.110168 
110.110474 
110.110474 
110.109863 
110.109863 
110.110168 
110.111084 
110.112305 
110.113525 
110.114441 
110.114746 
110.115662 
110.115051 
110.115967 
110.115662 
110.116272 
110.117188 
110.117798 
110.119324 
110.120544 
110.121460 
110.122986 
110.124817 
110.126648 
110.128784 
110.129700 
110.130920 
110.132141 
110.132446 
110.134277 
110.136414 
110.138245 
110.140991 
110.143433 
110.145874 
110.148621 
110.151062 
110.153503 
110.155945 
110.158386 
110.160522 
110.162964 
110.165405 
110.167847 
110.170288 
110.173035 
110.176697 
110.180664 
110.184631 
110.188293 
110.191040 
110.193787 
110.196838 
110.199890 
110.202637 
110.205994 
110.209351 
110.213013 
110.216675 
110.220337 
110.224304 
110.228577 
110.232239 
110.237427 
110.242004 
110.245972 
110.249939 
110.252686 
110.256348 
110.260010 
110.264893 
110.270081 
110.274353 
110.279846 
110.285034 
110.290222 
110.295410 
110.300903 
110.305786 
110.310669 
110.315857 
110.321045 
110.325928 
110.330505 
110.335999 
110.340881 
110.347290 
110.353394 
110.360107 
110.365906 
110.371704 
110.376587 
110.382080 
110.387573 
110.393677 
110.399475 
110.405273 
110.411072 
110.417175 
110.423279 
110.429688 
110.435486 
110.442505 
110.448914 
110.455322 
110.461426 
110.467224 
110.472107 
110.477295 
110.482788 
110.489197 
110.495300 
110.501099 
110.506897 
110.512695 
110.518799 
110.523682 
110.529175 
110.534973 
110.539551 
110.544739 
110.549927 
110.554810 
110.559082 
110.563660 
110.568237 
110.573425 
110.579224 
110.585327 
110.590210 
110.594482 
110.599060 
110.603027 
110.608215 
110.611572 
110.616455 
110.621033 
110.625610 
110.630493 
110.635071 
110.639648 
110.645142 
110.649719 
110.655212 
110.660706 
110.665588 
110.669861 
110.673828 
110.678101 
110.682678 
110.687866 
110.693359 
110.698242 
110.703735 
110.709229 
110.714722 
110.719910 
110.725403 
110.730591 
110.735779 
110.740662 
110.745850 
110.750122 
110.755005 
110.759583 
110.764771 
110.770569 
110.776978 
110.782471 
110.788574 
110.793457 
110.798645 
110.802917 
110.807800 
110.812988 
110.817871 
110.822754 
110.827942 
110.832825 
110.837708 
110.843201 
110.848694 
110.853882 
110.859375 
110.865479 
110.870972 
110.874939 
110.879211 
110.883179 
110.888672 
110.893555 
110.898743 
110.904236 
110.909729 
110.915222 
110.920715 
110.925598 
110.931396 
110.935974 
110.940857 
110.945740 
110.950623 
110.955811 
110.960693 
110.964966 
110.969849 
110.975952 
110.982361 
110.987854 
110.993042 
110.998535 
111.003113 
111.007690 
111.012878 
111.017151 
111.022339 
111.027527 
111.032715 
111.037598 
111.042786 
111.047668 
111.052856 
111.058350 
111.063843 
111.069336 
111.075134 
111.079407 
111.083374 
111.087341 
111.092224 
111.097412 
111.102905 
111.108093 
111.113586 
111.118774 
111.124268 
111.129456 
111.134644 
111.140442 
111.145325 
111.149902 
111.155090 
111.160278 
111.164551 
111.169739 
111.174927 
111.180725 
111.186829 
111.192932 
111.198730 
111.203613 
111.208191 
111.213074 
111.217957 
111.222839 
111.227722 
111.232605 
111.237793 
111.242676 
111.248169 
111.253662 
111.258850 
111.264343 
111.269836 
111.275024 
111.280518 
111.284790 
111.289063 
111.293335 
111.298523 
111.303711 
111.309204 
111.314697 
111.319885 
111.325378 
111.331177 
111.336670 
111.342163 
111.347656 
111.352539 
111.357727 
111.362305 
111.367493 
111.372681 
111.376953 
111.381836 
111.387939 
111.394348 
111.400452 
111.405640 
111.411133 
111.415710 
111.420593 
111.425781 
111.430054 
111.434631 
111.440430 
111.445007 
111.449890 
111.455078 
111.460571 
111.465454 
111.470947 
111.476746 
111.481934 
111.487732 
111.492310 
111.496277 
111.500244 
111.505432 
111.510620 
111.515808 
111.520996 
111.526794 
111.531982 
111.537476 
111.542664 
111.547852 
111.552429 
111.557922 
111.562500 
111.567383 
111.572266 
111.576843 
111.581726 
111.586609 
111.592712 
111.598511 
111.604309 
111.609802 
111.614685 
111.619873 
111.624756 
111.629333 
111.633911 
111.638794 
111.643982 
111.649170 
111.653748 
111.658936 
111.664429 
111.669922 
111.675110 
111.680603 
111.686096 
111.691589 
111.695557 
111.699829 
111.704102 
111.708984 
111.713562 
111.719055 
111.724854 
111.730347 
111.735840 
111.741333 
111.746216 
111.751404 
111.756897 
111.761780 
111.766968 
111.771851 
111.776428 
111.781006 
111.785889 
111.791077 
111.796875 
111.803284 
111.809082 
111.814575 
111.819153 
111.824646 
111.829529 
111.834106 
111.838684 
111.843872 
111.848450 
111.853943 
111.859131 
111.863708 
111.869202 
111.874390 
111.879883 
111.885071 
111.891479 
111.896057 
111.900330 
111.904907 
111.908875 
111.913757 
111.918945 
111.924744 
111.929932 
111.935120 
111.941223 
111.946106 
111.951294 
111.956787 
111.961975 
111.967163 
111.972046 
111.976929 
111.981812 
111.986389 
111.991577 
111.996460 
112.001648 
112.008362 
112.014160 
112.019348 
112.024841 
112.029724 
112.033691 
112.038879 
112.043457 
112.048645 
112.053528 
112.058716 
112.063599 
112.068787 
112.073669 
112.079163 
112.084045 
112.089539 
112.095337 
112.100525 
112.105103 
112.108765 
112.113647 
112.118530 
112.123413 
112.128906 
112.134399 
112.139893 
112.144775 
112.150574 
112.155457 
112.160950 
112.165833 
112.171326 
112.175903 
112.181091 
112.185974 
112.190552 
112.195129 
112.200012 
112.205811 
112.212219 
112.218323 
112.223206 
112.228394 
112.232971 
112.237854 
112.242737 
112.247314 
112.251892 
112.257385 
112.262268 
112.267151 
112.272644 
112.277832 
112.283020 
112.288513 
112.294006 
112.299194 
112.304993 
112.308960 
112.313232 
112.317505 
112.322388 
112.327576 
112.332764 
112.338867 
112.343445 
112.349548 
112.354736 
112.359619 
112.365112 
112.370605 
112.375488 
112.380066 
112.385254 
112.390442 
112.394714 
112.399597 
112.404480 
112.410278 
112.416382 
112.422791 
112.428589 
112.433167 
112.438660 
112.443237 
112.448120 
112.453003 
112.457581 
112.462463 
112.467957 
112.472839 
112.478333 
112.483215 
112.488708 
112.494507 
112.499695 
112.505188 
112.510376 
112.514954 
112.518921 
112.522888 
112.527466 
112.533875 
112.538757 
112.544250 
112.549133 
112.554932 
112.560425 
112.565308 
112.570801 
112.576294 
112.580872 
112.586365 
112.590942 
112.595520 
112.601013 
112.605286 
112.610168 
112.616272 
112.622070 
112.628174 
112.633362 
112.638550 
112.643433 
112.648315 
112.652893 
112.658081 
112.662354 
112.667847 
112.673035 
112.677612 
112.682800 
112.688293 
112.693481 
112.698975 
112.704468 
112.709961 
112.715149 
112.719116 
112.723694 
112.727966 
112.732849 
112.738342 
112.743530 
112.749023 
112.754822 
112.760010 
112.765198 
112.770691 
112.775574 
112.781067 
112.785645 
112.790527 
112.795410 
112.800598 
112.804871 
112.809753 
112.814636 
112.820435 
112.826843 
112.832947 
112.837524 
112.843323 
112.847900 
112.852173 
112.857056 
112.862244 
112.867126 
112.872314 
112.876892 
112.882080 
112.887573 
112.892456 
112.897949 
112.903748 
112.908630 
112.914429 
112.919922 
112.924194 
112.927551 
112.932129 
112.937317 
112.942810 
112.947998 
112.953491 
112.958984 
112.964478 
112.969360 
112.974854 
112.979736 
112.984619 
112.990112 
112.994690 
112.998657 
113.003845 
113.008118 
113.013000 
113.016968 
113.022461 
113.028259 
113.033752 
113.038025 
113.042603 
113.046570 
113.050842 
113.054810 
113.058777 
113.063049 
113.067017 
113.070984 
113.074951 
113.078918 
113.082886 
113.086853 
113.090820 
113.094482 
113.098450 
113.102417 
113.105164 
113.106995 
113.110352 
113.112793 
113.116760 
113.120117 
113.123169 
113.126831 
113.130188 
113.132935 
113.135376 
113.138733 
113.140869 
113.143616 
113.146667 
113.148499 
113.150024 
113.152466 
113.154297 
113.156433 
113.159180 
113.162537 
113.164978 
113.167419 
113.169250 
113.170776 
113.172302 
113.173523 
113.174744 
113.176270 
113.177185 
113.179321 
113.179932 
113.181458 
113.182983 
113.184204 
113.185425 
113.186951 
113.188171 
113.189392 
113.189392 
113.189087 
113.189087 
113.190002 
113.190613 
113.191528 
113.191833 
113.193054 
113.193665 
113.193970 
113.193970 
113.195190 
113.194885 
113.195190 
113.195496 
113.195496 
113.194885 
113.194580 
113.194275 
113.194275 
113.194885 
113.196716 
113.196411 
113.196716 
113.196411 
113.196411 
113.196106 
113.196106 
113.195801 
113.195190 
113.195190 
113.194885 
113.194580 
113.194885 
113.194580 
113.194580 
113.194580 
113.195496 
113.195496 
113.195496 
113.195190 
113.193665 
113.192444 
113.192444 
113.192749 
113.192444 
113.192749 
113.193359 
113.193054 
113.193665 
113.193359 
113.193665 
113.193359 
113.193665 
113.192749 
113.192749 
113.192444 
113.191833 
113.191528 
113.191223 
113.191528 
113.193054 
113.193665 
113.193970 
113.193359 
113.193054 
113.193054 
113.192444 
113.191833 
113.192139 
113.192139 
113.192139 
113.191833 
113.191528 
113.191833 
113.192139 
113.192444 
113.192749 
113.193054 
113.193054 
113.192139 
113.190613 
113.190308 
113.190308 
113.190002 
113.190308 
113.190613 
113.190918 
113.191223 
113.191528 
113.191223 
113.191223 
113.191528 
113.191528 
113.190918 
113.190918 
113.190308 
113.190002 
113.189697 
113.189697 
113.189697 
113.190918 
113.192139 
113.192139 
113.192139 
113.191528 
113.191223 
113.190918 
113.190613 
113.190613 
113.190002 
113.190308 
113.190308 
113.190002 
113.190613 
113.190308 
113.190613 
113.191223 
113.191223 
113.191833 
113.190918 
113.189697 
113.189087 
113.188782 
113.188782 
113.189087 
113.189392 
113.189697 
113.190308 
113.190002 
113.190002 
113.190002 
113.190002 
113.190002 
113.190002 
113.189697 
113.189392 
113.189392 
113.188782 
113.188782 
113.189697 
113.190918 
113.191223 
113.191528 
113.191223 
113.190918 
113.190613 
113.190613 
113.190002 
113.189697 
113.189697 
113.190002 
113.190002 
113.190002 
113.190002 
113.190002 
113.190613 
113.190613 
113.191528 
113.191528 
113.190918 
113.189697 
113.189087 
113.188782 
113.189392 
113.189392 
113.189697 
113.190002 
113.190308 
113.190918 
113.190613 
113.190613 
113.190613 
113.190613 
113.190002 
113.190308 
113.189392 
113.189697 
113.189087 
113.189697 
113.190308 
113.191528 
113.191833 
113.191833 
113.191528 
113.191528 
113.191528 
113.190918 
113.190613 
113.190308 
113.190613 
113.190613 
113.190308 
113.190308 
113.190613 
113.190918 
113.191223 
113.191223 
113.192139 
113.192139 
113.190918 
113.189697 
113.189392 
113.189087 
113.189392 
113.189697 
113.189697 
113.190308 
113.190308 
113.190918 
113.190918 
113.190613 
113.190613 
113.190613 
113.190002 
113.190002 
113.189392 
113.189392 
113.189087 
113.189392 
113.189392 
113.191223 
113.191528 
113.191223 
113.191223 
113.190918 
113.190308 
113.190308 
113.190308 
113.189697 
113.189697 
113.189392 
113.189697 
113.189697 
113.190002 
113.189697 
113.190002 
113.190613 
113.190918 
113.190918 
113.190308 
113.189087 
113.188477 
113.188477 
113.188782 
113.189087 
113.189087 
113.189087 
113.189697 
113.190002 
113.190002 
113.190308 
113.190002 
113.189697 
113.189697 
113.189392 
113.189697 
113.189087 
113.188782 
113.188477 
113.189697 
113.190308 
113.191223 
113.191223 
113.190613 
113.190613 
113.190613 
113.190002 
113.190002 
113.190002 
113.189697 
113.190002 
113.189697 
113.189392 
113.189697 
113.190002 
113.190002 
113.190918 
113.190918 
113.190918 
113.190308 
113.189087 
113.188782 
113.188477 
113.188782 
113.189087 
113.189392 
113.189392 
113.190002 
113.190308 
113.190002 
113.190308 
113.190308 
113.190002 
113.190308 
113.190002 
113.189697 
113.189392 
113.188782 
113.188782 
113.189697 
113.190918 
113.191223 
113.191223 
113.191223 
113.190918 
113.190613 
113.190308 
113.189697 
113.189697 
113.189697 
113.189697 
113.189697 
113.189697 
113.189392 
113.190002 
113.190308 
113.190613 
113.190918 
113.190918 
113.190308 
113.189087 
113.188171 
113.188477 
113.188782 
113.188782 
113.188782 
113.189392 
113.189392 
113.189392 
113.189697 
113.190002 
113.189697 
113.189697 
113.189392 
113.189697 
113.189087 
113.188477 
113.188477 
113.188171 
113.189392 
113.190613 
113.190918 
113.191528 
113.190918 
113.190613 
113.190308 
113.190002 
113.189697 
113.189697 
113.189697 
113.189697 
113.189392 
113.189392 
113.189392 
113.189697 
113.190002 
113.190613 
113.190613 
113.190613 
113.189697 
113.189087 
113.188477 
113.188171 
113.188782 
113.188782 
113.189087 
113.189087 
113.189087 
113.189697 
113.189697 
113.190002 
113.190002 
113.189392 
113.189697 
113.190002 
113.188782 
113.189087 
113.188782 
113.188782 
113.189392 
113.190613 
113.191223 
113.191223 
113.191223 
113.190613 
113.190613 
113.190308 
113.190002 
113.189697 
113.189697 
113.189697 
113.189697 
113.189697 
113.190002 
113.189697 
113.190308 
113.190918 
113.191223 
113.191223 
113.190002 
113.188782 
113.188171 
113.188477 
113.188477 
113.188782 
113.188782 
113.189392 
113.189392 
113.189697 
113.189697 
113.189697 
113.190002 
113.190002 
113.189697 
113.189697 
113.189392 
113.189087 
113.188782 
113.188477 
113.189392 
113.190308 
113.191528 
113.191223 
113.190613 
113.190918 
113.190613 
113.189697 
113.189697 
113.190002 
113.189392 
113.189697 
113.189697 
113.189697 
113.189697 
113.189697 
113.190308 
113.190308 
113.190308 
113.191223 
113.190002 
113.188782 
113.188171 
113.187866 
113.188477 
113.188782 
113.188782 
113.189087 
113.189087 
113.189087 
113.189697 
113.189392 
113.189697 
113.189392 
113.189087 
113.189392 
113.189087 
113.188782 
113.188477 
113.188477 
113.189087 
113.190308 
113.190918 
113.191223 
113.190918 
113.190613 
113.190308 
113.190002 
113.190002 
113.189392 
113.189392 
113.189697 
113.189087 
113.189392 
113.189697 
113.189697 
113.190002 
113.190613 
113.190613 
113.191223 
113.190002 
113.188171 
113.188477 
113.188477 
113.188477 
113.188782 
113.189392 
113.189087 
113.189392 
113.190002 
113.189697 
113.189697 
113.189697 
113.189697 
113.189697 
113.189697 
113.189697 
113.188782 
113.188477 
113.188477 
113.189392 
113.190308 
113.191223 
113.191223 
113.190918 
113.190918 
113.190613 
113.190002 
113.190002 
113.189697 
113.189697 
113.189697 
113.189392 
113.189697 
113.190002 
113.189697 
113.189697 
113.190308 
113.190918 
113.191223 
113.190002 
113.188782 
113.188171 
113.188171 
113.188477 
113.188782 
113.188782 
113.189087 
113.189392 
113.189697 
113.189392 
113.190002 
113.189697 
113.189697 
113.189392 
113.189087 
113.188782 
113.188477 
113.188477 
113.188477 
113.189392 
113.190308 
113.190613 
113.190918 
113.190613 
113.190308 
113.190308 
113.189392 
113.189697 
113.189392 
113.189392 
113.189392 
113.189392 
113.189392 
113.189392 
113.190002 
113.190002 
113.190002 
113.190308 
113.190613 
113.190002 
113.188477 
113.188171 
113.187561 
113.188477 
113.188477 
113.188782 
113.188477 
113.189087 
113.189392 
113.189392 
113.189697 
113.189697 
113.190002 
113.189087 
113.189392 
113.188782 
113.188477 
113.188171 
113.188782 
113.188782 
113.189697 
113.190613 
113.190613 
113.190308 
113.190308 
113.190002 
113.189697 
113.189697 
113.189697 
113.189392 
113.189392 
113.189392 
113.189392 
113.189697 
113.190002 
113.189697 
113.190308 
113.190918 
113.190613 
113.189697 
113.188782 
113.188171 
113.187866 
113.188782 
113.188477 
113.189087 
113.189392 
113.189697 
113.189392 
113.189697 
113.190002 
113.189392 
113.189697 
113.189392 
113.189087 
113.189392 
113.188782 
113.188171 
113.188477 
113.189392 
113.190308 
113.191223 
113.190918 
113.190613 
113.190308 
113.190002 
113.190002 
113.189087 
113.189392 
113.189697 
113.189392 
113.189392 
113.189087 
113.189392 
113.189392 
113.190308 
113.190308 
113.190918 
113.190613 
113.189697 
113.188782 
113.188171 
113.188477 
113.188171 
113.188782 
113.188782 
113.189087 
113.189392 
113.189697 
113.189697 
113.189392 
113.189392 
113.189697 
113.189392 
113.189392 
113.189087 
113.188477 
113.188477 
113.188171 
113.189087 
113.190002 
113.191223 
113.190308 
113.190002 
113.190308 
113.190002 
113.189697 
113.189697 
113.189087 
113.189087 
113.189087 
113.189087 
113.189087 
113.189087 
113.189697 
113.190002 
113.190308 
113.190613 
113.190613 
113.189392 
113.188477 
113.187866 
113.188171 
113.188477 
113.188477 
113.188782 
113.189087 
113.189392 
113.190002 
113.189697 
113.189392 
113.189392 
113.189697 
113.189392 
113.189087 
113.189087 
113.188782 
113.188171 
113.188171 
113.189087 
113.189697 
113.190918 
113.190918 
113.190613 
113.190613 
113.190002 
113.190308 
113.189697 
113.189392 
113.189087 
113.189697 
113.189087 
113.189392 
113.189392 
113.189697 
113.190002 
113.190308 
113.190613 
113.190613 
113.189697 
113.188477 
113.188171 
113.187866 
113.188782 
113.188782 
113.189087 
113.189087 
113.189392 
113.190002 
113.189697 
113.189697 
113.189392 
113.189392 
113.189392 
113.189392 
113.188782 
113.188171 
113.188171 
113.188782 
113.189087 
113.190002 
113.190918 
113.191223 
113.190308 
113.190613 
113.190002 
113.189392 
113.190002 
113.189392 
113.189392 
113.189392 
113.189392 
113.189087 
113.189392 
113.189392 
113.189697 
113.190308 
113.190308 
113.190613 
113.189392 
113.188477 
113.188171 
113.187866 
113.188171 
113.188477 
113.188477 
113.189087 
113.189087 
113.188782 
113.189392 
113.189697 
113.189392 
113.189697 
113.189087 
113.188782 
113.188782 
113.188477 
113.188171 
113.188171 
113.188782 
113.190002 
113.190613 
113.190918 
113.190002 
113.190613 
113.190002 
113.189697 
113.189392 
113.189392 
113.189392 
113.189087 
113.189087 
113.189087 
113.189087 
113.189697 
113.189697 
113.190308 
113.190308 
113.190918 
113.189697 
113.188782 
113.188171 
113.188477 
113.188477 
113.188782 
113.188782 
113.188782 
113.189392 
113.189392 
113.189697 
113.189697 
113.189392 
113.189392 
113.189087 
113.189087 
113.189087 
113.188782 
113.188477 
113.188477 
113.188782 
113.190308 
113.191223 
113.190613 
113.190308 
113.190002 
113.190002 
113.189392 
113.189392 
113.189697 
113.189087 
113.189697 
113.189697 
113.189087 
113.189392 
113.189392 
113.190002 
113.190002 
113.190308 
113.190308 
113.189697 
113.189087 
113.188171 
113.188171 
113.188171 
113.188782 
113.188477 
113.188782 
113.189087 
113.189697 
113.189392 
113.189392 
113.189087 
113.189087 
113.189697 
113.189087 
113.189087 
113.188171 
113.188477 
113.188477 
113.189087 
113.190308 
113.190308 
113.190613 
113.190613 
113.190002 
113.190002 
113.189697 
113.189392 
113.189392 
113.189087 
113.189087 
113.189087 
113.189392 
113.189392 
113.189392 
113.190002 
113.190613 
113.190918 
113.190613 
113.189697 
113.188477 
113.187866 
113.187866 
113.188477 
113.188477 
113.189087 
113.189087 
113.189392 
113.189392 
113.189392 
113.189392 
113.189087 
113.189392 
113.189087 
113.189087 
113.188782 
113.188477 
113.187866 
113.188171 
113.189392 
113.190002 
113.190918 
113.190613 
113.190613 
113.190308 
113.190002 
113.189697 
113.189392 
113.189697 
113.189087 
113.189087 
113.189087 
113.188782 
113.189087 
113.189697 
113.190002 
113.190308 
113.190918 
113.190613 
113.190002 
113.188782 
113.188477 
113.187866 
113.188171 
113.188477 
113.188782 
113.188782 
113.189392 
113.189697 
113.189392 
113.189392 
113.189697 
113.189392 
113.189392 
113.189392 
113.189087 
113.188477 
113.188477 
113.188171 
113.189087 
113.190308 
113.190613 
113.190613 
113.190613 
113.190002 
113.189697 
113.190002 
113.189697 
113.189392 
113.189392 
113.189392 
113.189087 
113.189087 
113.189697 
113.189392 
113.190002 
113.190308 
113.190613 
113.190308 
113.189697 
113.188171 
113.187866 
113.187866 
113.188477 
113.188477 
113.188782 
113.189087 
113.189392 
113.189697 
113.189392 
113.189392 
113.189087 
113.189392 
113.189392 
113.189087 
113.188782 
113.188477 
113.188171 
113.188782 
113.188782 
113.190308 
113.190613 
113.190613 
113.190308 
113.190308 
113.190002 
113.189697 
113.189087 
113.189087 
113.189087 
113.189392 
113.189392 
113.189087 
113.189087 
113.189392 
113.189697 
113.190308 
113.190002 
113.190308 
113.189392 
113.188477 
113.187866 
113.187866 
113.188171 
113.188477 
113.188782 
113.189392 
113.189087 
113.189697 
113.189392 
113.189697 
113.189392 
113.189087 
113.189087 
113.189087 
113.188782 
113.188782 
113.188171 
113.188171 
113.189087 
113.190002 
113.190613 
113.190613 
113.190308 
113.190308 
113.190002 
113.189697 
113.189392 
113.189392 
113.189392 
113.189087 
113.188782 
113.189392 
113.189392 
113.189392 
113.189697 
113.190002 
113.190308 
113.190308 
113.189392 
113.188171 
113.187866 
113.187866 
113.188477 
113.188171 
113.188782 
113.189087 
113.189392 
113.189392 
113.189697 
113.189697 
113.189392 
113.189392 
113.189392 
113.189087 
113.188782 
113.188477 
113.188171 
113.188477 
113.189392 
113.190308 
113.190918 
113.190918 
113.190613 
113.190308 
113.190002 
113.189697 
113.189697 
113.189392 
113.189392 
113.189087 
113.189087 
113.189087 
113.189087 
113.189697 
113.190002 
113.190002 
113.190613 
113.190613 
113.189392 
113.188171 
113.188171 
113.188171 
113.188782 
113.188782 
113.188477 
113.189087 
113.189087 
113.189087 
113.189392 
113.189087 
113.189392 
113.189087 
113.189392 
113.189087 
113.188782 
113.188171 
113.188477 
113.187866 
113.189392 
113.190308 
113.190613 
113.190613 
113.190613 
113.190308 
113.190308 
113.189697 
113.189392 
113.189392 
113.189697 
113.189392 
113.189392 
113.189087 
113.189087 
113.189697 
113.190002 
113.190002 
113.190613 
113.190002 
113.189392 
113.188171 
113.187866 
113.188477 
113.188477 
113.188171 
113.188782 
113.188782 
113.189087 
113.189087 
113.189392 
113.189392 
113.189392 
113.189697 
113.189087 
113.189087 
113.188782 
113.188477 
113.188171 
113.188477 
113.189392 
113.190308 
113.191223 
113.190613 
113.190613 
113.190613 
113.189697 
113.189087 
113.190002 
113.189392 
113.189087 
113.189087 
113.189087 
113.189087 
113.189697 
113.189697 
113.190308 
113.190308 
113.190613 
113.190308 
113.189697 
113.188782 
113.188171 
113.188171 
113.188171 
113.188171 
113.188477 
113.188782 
113.189392 
113.189087 
113.189697 
113.189392 
113.189697 
113.189087 
113.189087 
113.189087 
113.188477 
113.188477 
113.188477 
113.187866 
113.189087 
113.190613 
113.190918 
113.190613 
113.190918 
113.190613 
113.190002 
113.190002 
113.189697 
113.189392 
113.189392 
113.189087 
113.189087 
113.188782 
113.189697 
113.189392 
113.190002 
113.190002 
113.190918 
113.190308 
113.189697 
113.188782 
113.187561 
113.187866 
113.188477 
113.188477 
113.188477 
113.189087 
113.189392 
113.189392 
113.189697 
113.189392 
113.189697 
113.189392 
113.189697 
113.189087 
113.188782 
113.188782 
113.188477 
113.188171 
113.189392 
113.190308 
113.190918 
113.191223 
113.190613 
113.190002 
113.190308 
113.190002 
113.189392 
113.189392 
113.189087 
113.189392 
113.189392 
113.189087 
113.189392 
113.189697 
113.190002 
113.190002 
113.190002 
113.190613 
113.189392 
113.188477 
113.188171 
113.188171 
113.188171 
113.188477 
113.188782 
113.188782 
113.189392 
113.189697 
113.189392 
113.189697 
113.189392 
113.189392 
113.189087 
113.189087 
113.188782 
113.188171 
113.188171 
113.188171 
113.188782 
113.190002 
113.190918 
113.190308 
113.190308 
113.190002 
113.189697 
113.189392 
113.189392 
113.189392 
113.188782 
113.189697 
113.188782 
113.189392 
113.189697 
113.189697 
113.190002 
113.190002 
113.190308 
113.190308 
113.189392 
113.188477 
113.187866 
113.187866 
113.188477 
113.188171 
113.188782 
113.189087 
113.189392 
113.189392 
113.189392 
113.189392 
113.189392 
113.189697 
113.188782 
113.189087 
113.188782 
113.188477 
113.187866 
113.188171 
113.189392 
113.190308 
113.190613 
113.190918 
113.190308 
113.190308 
113.189697 
113.190002 
113.189697 
113.189392 
113.189392 
113.189087 
113.189087 
113.189392 
113.189087 
113.189392 
113.190002 
113.190308 
113.190308 
113.190002 
113.189697 
113.188782 
113.188171 
113.188171 
113.188171 
113.188477 
113.188782 
113.189087 
113.189392 
113.189392 
113.189392 
113.189697 
113.189087 
113.189392 
113.189087 
113.189087 
113.189087 
113.188477 
113.188171 
113.188477 
113.189392 
113.190308 
113.190918 
113.190613 
113.190308 
113.190613 
113.189697 
113.189392 
113.189087 
113.189087 
113.189087 
113.189392 
113.189392 
113.189087 
113.189087 
113.189392 
113.190002 
113.190002 
113.190308 
113.190308 
113.189392 
113.188171 
113.187866 
113.187866 
113.188171 
113.188782 
113.188782 
113.188782 
113.189392 
113.189392 
113.189392 
113.189392 
113.189392 
113.189087 
113.189087 
113.189087 
113.188782 
113.188171 
113.188171 
113.188477 
113.189087 
113.190308 
113.190308 
113.190918 
113.190613 
113.190002 
113.190002 
113.189697 
113.189697 
113.189087 
113.189087 
113.189087 
113.189087 
113.189087 
113.189392 
113.189392 
113.189697 
113.190002 
113.190308 
113.190613 
113.189697 
113.188477 
113.187866 
113.187561 
113.188171 
113.188477 
113.188782 
113.188782 
113.189087 
113.189697 
113.189392 
113.189087 
113.189392 
113.189087 
113.189392 
113.188782 
113.188782 
113.188477 
113.187866 
113.188171 
113.189087 
113.190002 
113.190918 
113.190613 
113.190918 
113.190308 
113.190308 
113.189697 
113.189392 
113.189697 
113.189087 
113.189087 
113.189392 
113.189392 
113.189087 
113.189697 
113.189697 
113.190002 
113.190613 
113.190308 
113.189392 
113.188477 
113.188171 
113.187866 
113.188477 
113.188477 
113.188477 
113.188477 
113.189697 
113.189697 
113.189087 
113.189392 
113.189392 
113.189392 
113.189087 
113.188782 
113.188477 
113.188477 
113.188171 
113.188477 
113.188782 
113.190613 
113.190918 
113.190613 
113.190308 
113.190613 
113.189697 
113.189392 
113.189697 
113.189087 
113.189392 
113.189087 
113.189392 
113.189697 
113.189392 
113.189392 
113.190002 
113.190308 
113.190308 
113.190308 
113.189392 
113.188477 
113.187561 
113.187866 
113.188477 
113.188477 
113.188782 
113.188782 
113.188782 
113.189392 
113.189697 
113.189087 
113.189392 
113.189392 
113.189392 
113.188782 
113.188477 
113.188477 
113.187866 
113.188477 
113.189392 
113.189697 
113.190918 
113.190918 
113.190002 
113.190002 
113.190308 
113.189697 
113.189392 
113.189087 
113.189087 
113.189087 
113.189087 
113.189392 
113.189392 
113.189392 
113.190002 
113.190308 
113.190308 
113.190308 
113.188782 
113.188477 
113.187866 
113.188171 
113.188171 
113.189087 
113.188477 
113.189087 
113.189392 
113.189697 
113.189392 
113.189392 
113.189392 
113.189087 
113.189087 
113.189087 
113.188782 
113.188171 
113.188477 
113.187866 
113.189392 
113.190308 
113.190918 
113.190308 
113.190918 
113.190308 
113.189392 
113.189392 
113.189392 
113.189087 
113.189087 
113.189392 
113.188782 
113.189392 
113.189697 
113.189697 
113.190002 
113.190308 
113.190613 
113.190613 
113.189392 
113.188477 
113.187866 
113.188171 
113.188171 
113.188782 
113.188782 
113.189087 
113.189392 
113.189392 
113.189697 
113.189392 
113.189392 
113.189392 
113.189087 
113.189087 
113.188782 
113.188477 
113.188171 
113.188477 
113.189392 
113.190308 
113.190918 
113.190613 
113.190308 
113.190308 
113.189697 
113.189697 
113.189392 
113.188782 
113.189087 
113.188782 
113.189392 
113.189392 
113.190002 
113.189697 
113.189697 
113.190308 
113.190613 
113.190613 
113.189392 
113.188477 
113.187866 
113.188171 
113.188171 
113.188477 
113.188782 
113.189087 
113.189392 
113.189087 
113.189392 
113.189392 
113.189392 
113.189392 
113.189392 
113.189087 
113.188477 
113.188477 
113.188477 
113.188171 
113.188782 
113.190002 
113.190308 
113.190613 
113.190613 
113.190002 
113.190002 
113.189697 
113.189392 
113.189087 
113.189392 
113.189087 
113.189392 
113.189697 
113.189087 
113.189697 
113.190002 
113.190308 
113.190613 
113.190308 
113.189697 
113.188782 
113.188171 
113.187866 
113.188171 
113.188477 
113.188782 
113.188782 
113.189392 
113.189392 
113.189392 
113.189697 
113.189697 
113.189392 
113.188782 
113.189087 
113.188782 
113.188477 
113.187866 
113.188477 
113.189392 
113.190002 
113.190613 
113.190613 
113.190613 
113.190002 
113.190002 
113.190002 
113.189392 
113.189087 
113.189087 
113.189087 
113.188782 
113.189087 
113.189697 
113.189392 
113.190308 
113.190308 
113.190002 
113.190002 
113.189697 
113.188477 
113.188171 
113.188171 
113.188477 
113.188477 
113.189087 
113.189392 
113.189087 
113.189697 
113.189392 
113.189392 
113.189392 
113.189392 
113.189087 
113.189392 
113.188782 
113.188477 
113.188171 
113.188171 
113.189697 
113.190613 
113.190613 
113.190613 
113.190613 
113.190002 
113.189697 
113.190002 
113.189087 
113.189392 
113.189087 
113.189087 
113.189087 
113.189392 
113.189392 
113.190002 
113.190002 
113.190308 
113.190308 
113.190308 
113.189392 
113.188171 
113.188171 
113.188171 
113.188477 
113.188477 
113.188477 
113.188782 
113.189087 
113.189697 
113.189392 
113.189697 
113.189697 
113.189392 
113.189087 
113.189392 
113.188782 
113.188171 
113.188171 
113.188477 
113.189087 
113.190308 
113.191223 
113.190613 
113.190613 
113.190308 
113.189697 
113.189697 
113.188782 
113.189087 
113.188782 
113.189392 
113.189087 
113.189087 
113.189087 
113.189697 
113.190002 
113.190308 
113.190308 
113.190308 
113.189087 
113.188477 
113.187561 
113.188171 
113.188477 
113.188477 
113.188477 
113.189087 
113.189392 
113.189392 
113.189392 
113.189697 
113.189392 
113.189392 
113.189087 
113.189392 
113.188477 
113.188782 
113.188171 
113.188171 
113.189087 
113.190308 
113.190613 
113.190613 
113.190308 
113.190308 
113.189697 
113.189697 
113.189392 
113.189392 
113.189087 
113.189392 
113.189087 
113.189087 
113.189392 
113.189392 
113.189697 
113.190308 
113.190918 
113.190002 
113.189087 
113.188477 
113.187866 
113.188171 
113.188477 
113.188477 
113.188782 
113.189392 
113.189392 
113.189392 
113.189392 
113.189392 
113.189697 
113.189392 
113.189392 
113.188782 
113.188477 
113.188477 
113.187866 
113.188171 
113.189392 
113.190308 
113.190613 
113.190613 
113.190002 
113.190613 
113.190002 
113.189697 
113.189087 
113.189087 
113.189087 
113.188782 
113.189087 
113.189087 
113.189697 
113.189392 
113.189697 
113.190002 
113.190308 
113.190308 
113.189087 
113.188171 
113.187866 
113.188171 
113.188171 
113.188477 
113.189087 
113.188782 
113.189392 
113.189392 
113.189392 
113.189392 
113.189087 
113.189392 
113.189087 
113.189087 
113.188477 
113.188782 
113.187866 
113.188171 
113.189087 
113.190308 
113.190308 
113.190613 
113.190308 
113.190002 
113.189697 
113.189697 
113.189392 
113.189087 
113.189087 
113.189087 
113.189697 
113.189392 
113.189392 
113.189697 
113.190002 
113.190002 
113.190308 
113.190308 
113.189392 
113.188171 
113.187866 
113.187866 
113.188782 
113.188171 
113.189087 
113.189087 
113.189392 
113.189697 
113.189392 
113.189392 
113.189392 
113.189392 
113.189392 
113.189087 
113.188782 
113.187866 
113.187866 
113.188477 
113.189392 
113.190613 
113.190613 
113.190613 
113.190613 
113.190308 
113.189697 
113.189392 
113.189392 
113.189392 
113.189087 
113.189087 
113.189392 
113.189087 
113.189697 
113.189392 
113.189697 
113.190308 
113.190308 
113.190308 
113.189392 
113.188171 
113.188171 
113.187866 
113.188171 
113.188477 
113.188477 
113.189087 
113.189392 
113.190002 
113.189392 
113.189697 
113.189697 
113.189087 
113.189392 
113.189087 
113.189087 
113.187866 
113.188171 
113.188782 
113.189087 
113.190308 
113.190613 
113.190613 
113.190613 
113.190002 
113.190002 
113.189087 
113.189392 
113.189392 
113.188782 
113.189087 
113.189392 
113.189087 
113.189087 
113.189392 
113.189697 
113.190308 
113.190613 
113.190308 
113.189087 
113.188171 
113.187561 
113.187866 
113.187866 
113.188477 
113.189087 
113.188782 
113.189392 
113.189087 
113.189392 
113.189087 
113.189392 
113.189087 
113.189392 
113.188477 
113.188477 
113.187866 
113.187561 
113.187866 
113.189087 
113.190613 
113.190918 
113.190918 
113.190308 
113.190002 
113.189697 
113.189697 
113.189392 
113.188782 
113.189087 
113.189087 
113.189087 
113.189392 
113.189087 
113.189087 
113.189697 
113.190308 
113.190613 
113.190002 
113.189392 
113.188477 
113.187866 
113.188477 
113.187866 
113.188477 
113.188782 
113.188782 
113.189392 
113.189392 
113.189697 
113.189392 
113.189087 
113.189087 
113.188782 
113.188782 
113.188171 
113.188171 
113.186951 
113.186951 
113.187866 
113.188477 
113.188782 
113.188171 
113.187561 
113.186340 
113.185730 
113.184204 
113.183899 
113.182983 
113.181763 
113.181152 
113.180237 
113.179321 
113.178101 
113.177185 
113.176880 
113.175964 
113.174133 
113.172913 
113.170166 
113.167725 
113.166199 
113.164063 
113.162537 
113.161316 
113.160095 
113.158264 
113.156738 
113.154907 
113.152771 
113.150635 
113.148193 
113.145447 
113.143005 
113.140259 
113.137207 
113.134460 
113.131104 
113.128662 
113.126831 
113.124695 
113.122559 
113.119202 
113.116150 
113.112183 
113.108521 
113.104858 
113.101196 
113.097534 
113.093872 
113.089905 
113.086243 
113.082581 
113.078308 
113.074951 
113.070984 
113.067017 
113.063354 
113.059387 
113.053589 
113.047791 
113.042297 
113.038025 
113.033447 
113.029175 
113.024902 
113.020325 
113.015442 
113.011169 
113.006287 
113.000793 
112.995605 
112.990112 
112.984924 
112.979736 
112.973938 
112.968445 
112.962646 
112.957458 
112.952881 
112.948608 
112.944336 
112.938538 
112.932739 
112.927246 
112.921753 
112.915649 
112.909851 
112.904358 
112.898560 
112.893066 
112.887573 
112.882385 
112.876892 
112.872009 
112.866821 
112.861633 
112.856445 
112.850952 
112.844849 
112.838440 
112.832642 
112.827454 
112.822266 
112.817993 
112.812500 
112.807617 
112.803040 
112.797852 
112.792053 
112.787170 
112.781677 
112.776489 
112.771606 
112.765808 
112.760010 
112.754822 
112.749023 
112.743835 
112.739563 
112.735596 
112.730713 
112.725525 
112.720032 
112.715149 
112.709045 
112.703552 
112.698364 
112.692566 
112.687378 
112.681885 
112.676697 
112.671814 
112.666626 
112.662048 
112.656860 
112.652283 
112.647095 
112.641602 
112.635498 
112.629395 
112.623901 
112.618408 
112.613220 
112.608643 
112.603455 
112.598572 
112.593384 
112.588501 
112.583313 
112.577515 
112.573242 
112.567444 
112.561951 
112.556763 
112.551575 
112.545471 
112.539978 
112.534790 
112.530823 
112.526550 
112.521667 
112.516785 
112.511292 
112.505493 
112.500305 
112.494507 
112.489014 
112.483826 
112.478333 
112.473145 
112.468262 
112.462769 
112.457581 
112.452393 
112.447815 
112.442627 
112.438049 
112.432861 
112.425842 
112.420044 
112.414551 
112.409668 
112.404175 
112.398987 
112.394409 
112.389832 
112.385254 
112.380066 
112.374573 
112.369995 
112.364807 
112.359619 
112.354126 
112.348938 
112.343445 
112.338257 
112.332764 
112.327881 
112.323608 
112.319641 
112.314758 
112.309570 
112.304688 
112.299194 
112.294006 
112.288208 
112.283020 
112.277527 
112.272339 
112.266846 
112.261963 
112.256165 
112.251587 
112.247009 
112.242126 
112.237549 
112.232361 
112.226868 
112.221069 
112.214661 
112.209167 
112.203674 
112.198792 
112.193909 
112.189331 
112.184143 
112.179565 
112.174683 
112.169495 
112.164307 
112.159119 
112.153931 
112.149048 
112.143555 
112.137756 
112.132263 
112.126770 
112.121887 
112.118225 
112.113953 
112.109375 
112.103882 
112.098694 
112.093201 
112.087708 
112.082214 
112.077026 
112.071533 
112.066040 
112.061157 
112.055969 
112.050781 
112.045898 
112.041016 
112.035828 
112.031250 
112.026672 
112.021484 
112.015076 
112.008972 
112.003479 
111.997986 
111.993103 
111.988525 
111.983643 
111.979065 
111.973877 
111.968689 
111.963806 
111.958923 
111.953430 
111.947937 
111.942749 
111.937256 
111.932068 
111.926575 
111.920776 
111.915894 
111.911926 
111.907349 
111.902771 
111.897583 
111.892700 
111.886597 
111.881104 
111.875916 
111.870422 
111.865234 
111.859436 
111.854553 
111.849060 
111.844177 
111.839600 
111.834106 
111.829224 
111.824951 
111.819458 
111.814270 
111.808472 
111.802063 
111.796570 
111.791077 
111.785889 
111.781006 
111.776428 
111.771240 
111.766663 
111.761475 
111.756592 
111.751404 
111.746521 
111.740723 
111.735840 
111.730347 
111.724548 
111.719055 
111.713867 
111.708984 
111.704712 
111.701050 
111.696167 
111.690674 
111.685486 
111.680298 
111.674805 
111.669617 
111.663818 
111.658630 
111.653137 
111.647949 
111.642456 
111.637573 
111.632690 
111.627502 
111.622620 
111.618042 
111.613159 
111.607666 
111.601563 
111.595764 
111.589966 
111.584473 
111.579590 
111.575012 
111.569824 
111.565552 
111.560059 
111.555176 
111.550293 
111.545105 
111.539612 
111.535339 
111.529846 
111.524048 
111.518555 
111.513062 
111.507568 
111.502991 
111.498718 
111.494446 
111.490173 
111.484375 
111.478882 
111.473999 
111.468506 
111.462708 
111.457214 
111.452332 
111.446838 
111.441650 
111.436768 
111.431580 
111.426392 
111.421509 
111.416626 
111.412048 
111.407166 
111.401672 
111.396179 
111.389465 
111.383972 
111.379089 
111.373901 
111.369019 
111.364136 
111.359253 
111.354675 
111.349487 
111.344910 
111.339417 
111.334839 
111.328735 
111.323547 
111.318359 
111.312866 
111.307068 
111.301880 
111.296997 
111.293030 
111.289063 
111.284180 
111.278992 
111.273804 
111.268005 
111.262817 
111.257935 
111.252136 
111.246948 
111.241455 
111.236572 
111.231079 
111.226196 
111.221619 
111.216125 
111.211548 
111.206970 
111.202087 
111.196899 
111.190796 
111.184082 
111.178894 
111.173706 
111.168823 
111.163330 
111.158752 
111.154175 
111.149597 
111.144714 
111.139832 
111.134338 
111.129761 
111.124878 
111.119385 
111.113586 
111.108093 
111.102600 
111.097107 
111.092224 
111.087952 
111.084290 
111.079102 
111.074219 
111.068726 
111.063843 
111.058044 
111.052551 
111.047363 
111.041870 
111.036682 
111.031494 
111.026306 
111.021118 
111.015930 
111.011047 
111.006165 
111.001282 
110.996704 
110.991211 
110.984802 
110.978699 
110.973206 
110.968018 
110.963135 
110.958252 
110.953369 
110.948486 
110.943909 
110.938721 
110.933533 
110.928955 
110.923767 
110.918274 
110.913086 
110.907593 
110.902100 
110.896301 
110.891113 
110.885925 
110.882263 
110.877991 
110.873108 
110.868225 
110.862732 
110.856934 
110.852051 
110.846252 
110.840759 
110.835571 
110.830078 
110.824890 
110.820007 
110.814514 
110.809631 
110.804749 
110.799866 
110.795288 
110.790405 
110.785522 
110.779114 
110.772705 
110.767212 
110.762024 
110.756836 
110.752258 
110.747375 
110.742188 
110.737610 
110.732727 
110.727539 
110.722351 
110.717163 
110.712280 
110.706787 
110.700989 
110.695190 
110.690002 
110.684509 
110.679626 
110.675964 
110.671387 
110.666809 
110.661621 
110.656433 
110.650635 
110.645447 
110.640259 
110.634460 
110.629272 
110.623779 
110.618591 
110.613708 
110.608215 
110.603638 
110.598450 
110.594177 
110.589294 
110.584106 
110.578918 
110.573120 
110.566406 
110.561218 
110.555725 
110.550842 
110.545654 
110.541077 
110.536194 
110.531311 
110.526733 
110.521240 
110.516357 
110.511475 
110.505981 
110.500793 
110.495605 
110.489807 
110.484314 
110.478821 
110.473938 
110.469971 
110.465698 
110.461121 
110.455933 
110.450439 
110.445251 
110.439453 
110.434265 
110.429077 
110.423889 
110.418396 
110.413208 
110.407715 
110.402832 
110.398254 
110.393066 
110.387573 
110.383301 
110.378723 
110.373230 
110.367126 
110.361023 
110.355225 
110.349731 
110.345154 
110.340271 
110.335693 
110.330811 
110.325928 
110.321350 
110.316162 
110.311279 
110.306396 
110.301208 
110.296021 
110.290833 
110.285645 
110.280762 
110.275269 
110.271301 
110.267639 
110.263672 
110.260315 
110.256042 
110.251160 
110.246887 
110.242004 
110.237732 
110.233154 
110.229187 
110.224915 
110.220947 
110.216980 
110.213623 
110.210266 
110.206604 
110.203857 
110.200806 
110.197449 
110.193787 
110.189819 
110.185242 
110.182190 
110.178833 
110.176086 
110.173340 
110.171204 
110.168457 
110.166321 
110.163269 
110.161133 
110.158997 
110.155945 
110.153503 
110.151062 
110.148621 
110.145874 
110.143433 
110.140991 
110.139465 
110.137939 
110.137024 
110.135803 
110.134277 
110.132141 
110.130615 
110.128479 
110.126648 
110.125122 
110.122986 
110.121765 
110.121155 
110.119324 
110.118103 
110.117188 
110.116272 
110.116272 
110.115356 
110.114746 
110.113831 
110.111694 
110.110779 
110.109253 
110.108948 
110.108643 
110.108337 
110.108032 
110.108643 
110.108643 
110.108337 
110.108643 
110.108032 
110.108337 
110.107727 
110.107727 
110.107727 
110.107117 
110.106812 
110.106506 
110.106812 
110.107727 
110.108948 
110.109253 
110.108948 
110.109253 
110.108643 
110.108643 
110.108337 
110.107727 
110.107727 
110.108032 
110.108032 
110.107727 
110.108032 
110.108337 
110.108643 
110.108643 
110.109558 
110.109253 
110.109253 
110.108643 
110.107117 
110.106812 
110.107422 
110.107727 
110.107727 
110.108337 
110.108337 
110.108948 
110.108948 
110.109253 
110.109253 
110.109253 
110.108948 
110.109253 
110.108643 
110.108337 
110.108643 
110.107727 
110.108337 
110.109558 
110.110474 
110.110779 
110.111084 
110.110474 
110.110168 
110.110168 
110.109558 
110.109253 
110.109558 
110.109253 
110.109253 
110.109253 
110.109558 
110.109253 
110.110474 
110.110168 
110.110474 
110.111084 
110.110779 
110.109558 
110.108643 
110.108032 
110.108643 
110.108337 
110.108948 
110.109558 
110.109253 
110.109558 
110.110474 
110.110168 
110.109863 
110.109558 
110.109558 
110.110168 
110.109558 
110.109253 
110.108337 
110.108337 
110.108643 
110.109558 
110.110779 
