Blum, K. P., D’Incamps, B. L., Zytnicki, D., & Ting, L. H. (2017).
Force encoding in muscle spindles during stretch of
passive muscle. PLoS computational biology, 13(9), 
e1005767. <https://journals.plos.org/ploscompbiol/article?
id=10.1371/journal.pcbi.1005767>

cat medial gastrocnemius muscle lengths over t  (in 0.0005 s increments)
110.109253 
110.109863 
110.110474 
110.110474 
110.110168 
110.110168 
110.110474 
110.109863 
110.110168 
110.110168 
110.109863 
110.109558 
110.108643 
110.108948 
110.108948 
110.110779 
110.112000 
110.112000 
110.112000 
110.112000 
110.112000 
110.111389 
110.111084 
110.111389 
110.111084 
110.110779 
110.110779 
110.110779 
110.110779 
110.111389 
110.111084 
110.112000 
110.112305 
110.112915 
110.112000 
110.110779 
110.109558 
110.109253 
110.109253 
110.109863 
110.110168 
110.109558 
110.109863 
110.110168 
110.110474 
110.110474 
110.110474 
110.110168 
110.109863 
110.109558 
110.109863 
110.109558 
110.108948 
110.108643 
110.109863 
110.110474 
110.111694 
110.112305 
110.112000 
110.111694 
110.111694 
110.111389 
110.111084 
110.110779 
110.110779 
110.110779 
110.110779 
110.110474 
110.111084 
110.111389 
110.111389 
110.112000 
110.112305 
110.112915 
110.112000 
110.110779 
110.109558 
110.109253 
110.108948 
110.109558 
110.109558 
110.109863 
110.109863 
110.110168 
110.110474 
110.110474 
110.110474 
110.110474 
110.110168 
110.109863 
110.109558 
110.109253 
110.108948 
110.108643 
110.109253 
110.110779 
110.111694 
110.111694 
110.112000 
110.112305 
110.111389 
110.111084 
110.111389 
110.111389 
110.110779 
110.110779 
110.110779 
110.110779 
110.111084 
110.111694 
110.112000 
110.112915 
110.113831 
110.115051 
110.115662 
110.115967 
110.116272 
110.117798 
110.119934 
110.122986 
110.125732 
110.129395 
110.133972 
110.138855 
110.143433 
110.148621 
110.154419 
110.160217 
110.166626 
110.173035 
110.179443 
110.186462 
110.193787 
110.201416 
110.209656 
110.220032 
110.230713 
110.240784 
110.250854 
110.260620 
110.270996 
110.281982 
110.292969 
110.303955 
110.316467 
110.328979 
110.341797 
110.355225 
110.368958 
110.382996 
110.398254 
110.413513 
110.429077 
110.444336 
110.459290 
110.473633 
110.488586 
110.504761 
110.522156 
110.539551 
110.557861 
110.577087 
110.596008 
110.616455 
110.636292 
110.657043 
110.677795 
110.699158 
110.719910 
110.740662 
110.760498 
110.779114 
110.797729 
110.815125 
110.832520 
110.849915 
110.867004 
110.882568 
110.896912 
110.910339 
110.924072 
110.936890 
110.949402 
110.962524 
110.975342 
110.988159 
111.001892 
111.014709 
111.028137 
111.041870 
111.055908 
111.070251 
111.083984 
111.098022 
111.110840 
111.123352 
111.135559 
111.148376 
111.161804 
111.175537 
111.189270 
111.202698 
111.216736 
111.230774 
111.245117 
111.259155 
111.272888 
111.287231 
111.300659 
111.315308 
111.329346 
111.343689 
111.357727 
111.372070 
111.387329 
111.403503 
111.419373 
111.434631 
111.450500 
111.465149 
111.480103 
111.495361 
111.510010 
111.524963 
111.540222 
111.555176 
111.570740 
111.585999 
111.601563 
111.616821 
111.632996 
111.648865 
111.664734 
111.680603 
111.695251 
111.709595 
111.723633 
111.737976 
111.753540 
111.769409 
111.784973 
111.800842 
111.816711 
111.832275 
111.847839 
111.864014 
111.879272 
111.894531 
111.910095 
111.925049 
111.940308 
111.955872 
111.970825 
111.985474 
112.001953 
112.018433 
112.034912 
112.050781 
112.066345 
112.081909 
112.096863 
112.111816 
112.127686 
112.142639 
112.157593 
112.172852 
112.187805 
112.203064 
112.218933 
112.234497 
112.250061 
112.265625 
112.281799 
112.297974 
112.312012 
112.326355 
112.340393 
112.355347 
112.370605 
112.385559 
112.401733 
112.416992 
112.432861 
112.448730 
112.463989 
112.479553 
112.495117 
112.510071 
112.525635 
112.540894 
112.556152 
112.570801 
112.586060 
112.601318 
112.616882 
112.633667 
112.650146 
112.666016 
112.681274 
112.696533 
112.712402 
112.727051 
112.742615 
112.757568 
112.772827 
112.788391 
112.803345 
112.818909 
112.834473 
112.849426 
112.864990 
112.880249 
112.895508 
112.910767 
112.924194 
112.937012 
112.949219 
112.962646 
112.976074 
112.988892 
113.001709 
113.014221 
113.026123 
113.038940 
113.050537 
113.061523 
113.071899 
113.082581 
113.092041 
113.101501 
113.110352 
113.118896 
113.126526 
113.134460 
113.142395 
113.150635 
113.158875 
113.166199 
113.171692 
113.177490 
113.182678 
113.187256 
113.190918 
113.194885 
113.198242 
113.200989 
113.204041 
113.206482 
113.208313 
113.210144 
113.211975 
113.213196 
113.214111 
113.214111 
113.212891 
113.211365 
113.208313 
113.206482 
113.204651 
113.202820 
113.200684 
113.197937 
113.194580 
113.190918 
113.186340 
113.181763 
113.176270 
113.170471 
113.164368 
113.157349 
113.150330 
113.142700 
113.134460 
113.125916 
113.117981 
113.110352 
113.102112 
113.092957 
113.082581 
113.071899 
113.060608 
113.049011 
113.036194 
113.023682 
113.011169 
112.998352 
112.984619 
112.971191 
112.957153 
112.942505 
112.928162 
112.913208 
112.898560 
112.883301 
112.867432 
112.850037 
112.832642 
112.816467 
112.799988 
112.784119 
112.768250 
112.752380 
112.735901 
112.719727 
112.703552 
112.687073 
112.670898 
112.654419 
112.637939 
112.621155 
112.604370 
112.587280 
112.570496 
112.553406 
112.537842 
112.523193 
112.508240 
112.491760 
112.475891 
112.459412 
112.442932 
112.426147 
112.409973 
112.393188 
112.377014 
112.360229 
112.344055 
112.328186 
112.312317 
112.296448 
112.280273 
112.264404 
112.249451 
112.233276 
112.217102 
112.199707 
112.182312 
112.165833 
112.149963 
112.134705 
112.118835 
112.102661 
112.087708 
112.071838 
112.056580 
112.040710 
112.025452 
112.009888 
111.993713 
111.977844 
111.961670 
111.945496 
111.929321 
111.913452 
111.898193 
111.883240 
111.868896 
111.854248 
111.838379 
111.823120 
111.807556 
111.790771 
111.774902 
111.759033 
111.742859 
111.727295 
111.711731 
111.695862 
111.680603 
111.665039 
111.649780 
111.634216 
111.618958 
111.603699 
111.587524 
111.570740 
111.553955 
111.538086 
111.522217 
111.506653 
111.491394 
111.475525 
111.460266 
111.445007 
111.429749 
111.414490 
111.399231 
111.383972 
111.367798 
111.352539 
111.336975 
111.320190 
111.304626 
111.288452 
111.273499 
111.259155 
111.244812 
111.230164 
111.214294 
111.199341 
111.183472 
111.167603 
111.151428 
111.136169 
111.120605 
111.104736 
111.089783 
111.074219 
111.058655 
111.043701 
111.028748 
111.012878 
110.997925 
110.983276 
110.966797 
110.950317 
110.933228 
110.917664 
110.901794 
110.886536 
110.870972 
110.855103 
110.840759 
110.825195 
110.809326 
110.794373 
110.779114 
110.763550 
110.747681 
110.732117 
110.716553 
110.700073 
110.683899 
110.668030 
110.652771 
110.638733 
110.624390 
110.610046 
110.594177 
110.578613 
110.563354 
110.546875 
110.531616 
110.515747 
110.500183 
110.484619 
110.468750 
110.453796 
110.438232 
110.423584 
110.409241 
110.394592 
110.379944 
110.366821 
110.352173 
110.337219 
110.323181 
110.309753 
110.297241 
110.285339 
110.273743 
110.262451 
110.252075 
110.242310 
110.231934 
110.222778 
110.213318 
110.204773 
110.195923 
110.187988 
110.180359 
110.172729 
110.165100 
110.158081 
110.152588 
110.148010 
110.143738 
110.139465 
110.134888 
110.130615 
110.126648 
110.123291 
110.119934 
110.116882 
110.114136 
110.112305 
110.110779 
110.109253 
110.108643 
110.108032 
110.108032 
110.108948 
110.109863 
110.111084 
110.111694 
110.111389 
110.112000 
110.113220 
110.115662 
110.119019 
110.123291 
110.127258 
110.131531 
110.137329 
110.142517 
110.148621 
110.155029 
110.161438 
110.168152 
110.175476 
110.183411 
110.190430 
110.198669 
110.207214 
110.216675 
110.227661 
110.239258 
110.250549 
110.261230 
110.272827 
110.284119 
110.295715 
110.308228 
110.321045 
110.334473 
110.347900 
110.362854 
110.377197 
110.392761 
110.407715 
110.423889 
110.440063 
110.456238 
110.472412 
110.488281 
110.502930 
110.517883 
110.533447 
110.549316 
110.565186 
110.581360 
110.597839 
110.613708 
110.629578 
110.645752 
110.661621 
110.677185 
110.693359 
110.708923 
110.724792 
110.740051 
110.755310 
110.769958 
110.785217 
110.800781 
110.817871 
110.834656 
110.850525 
110.866394 
110.881348 
110.896606 
110.911560 
110.926514 
110.941162 
110.956726 
110.971680 
110.986633 
111.001892 
111.016846 
111.032715 
111.047668 
111.063538 
111.079102 
111.094971 
111.109619 
111.123657 
111.138000 
111.152039 
111.167603 
111.183167 
111.198730 
111.213989 
111.229858 
111.245728 
111.260986 
111.276855 
111.292419 
111.307678 
111.323242 
111.338806 
111.354065 
111.369324 
111.384583 
111.399536 
111.414795 
111.431580 
111.448364 
111.464233 
111.479797 
111.495667 
111.510620 
111.525879 
111.540833 
111.556091 
111.571045 
111.586609 
111.601868 
111.617126 
111.632385 
111.647949 
111.663513 
111.679382 
111.694946 
111.710510 
111.725464 
111.739807 
111.753235 
111.767883 
111.783142 
111.798401 
111.814270 
111.829224 
111.844788 
111.860352 
111.875916 
111.891479 
111.906738 
111.922302 
111.936646 
111.952515 
111.967163 
111.981812 
111.996155 
112.011108 
112.026062 
112.042542 
112.059021 
112.074585 
112.089539 
112.104492 
112.119751 
112.134399 
112.149353 
112.163696 
112.178650 
112.193298 
112.208252 
112.223206 
112.237854 
112.252808 
112.267761 
112.283630 
112.299194 
112.314758 
112.329407 
112.342834 
112.356567 
112.371216 
112.386475 
112.401123 
112.416687 
112.432556 
112.448120 
112.463379 
112.478638 
112.494202 
112.509460 
112.525024 
112.539673 
112.554932 
112.570190 
112.585144 
112.599792 
112.615051 
112.630615 
112.647095 
112.663574 
112.679749 
112.694702 
112.709656 
112.724915 
112.740479 
112.755127 
112.770386 
112.785645 
112.799988 
112.815247 
112.830200 
112.845459 
112.860718 
112.875977 
112.890930 
112.906189 
112.920532 
112.933960 
112.947083 
112.958374 
112.970886 
112.984009 
112.996216 
113.008118 
113.020325 
113.031921 
113.043518 
113.054199 
113.065186 
113.074646 
113.084412 
113.093262 
113.102417 
113.110046 
113.118286 
113.125305 
113.131714 
113.139038 
113.146667 
113.153992 
113.160706 
113.165588 
113.170776 
113.175049 
113.179016 
113.182373 
113.185120 
113.187866 
113.190918 
113.193054 
113.194275 
113.196106 
113.197021 
113.197937 
113.198547 
113.199158 
113.199158 
113.198242 
113.195801 
113.193054 
113.190613 
113.188477 
113.186646 
113.183289 
113.179932 
113.176270 
113.172607 
113.167725 
113.162537 
113.157349 
113.150635 
113.144531 
113.137512 
113.129883 
113.121948 
113.113403 
113.104248 
113.095398 
113.087769 
113.079224 
113.069458 
113.059387 
113.047791 
113.036194 
113.023682 
113.011475 
112.998352 
112.985229 
112.971497 
112.957153 
112.943115 
112.928772 
112.914124 
112.899780 
112.884216 
112.869568 
112.854614 
112.838745 
112.821655 
112.804565 
112.788086 
112.771912 
112.756042 
112.740479 
112.724304 
112.708740 
112.692871 
112.677002 
112.661133 
112.645264 
112.629089 
112.613220 
112.597046 
112.580872 
112.563782 
112.547607 
112.531433 
112.515869 
112.501221 
112.486877 
112.471313 
112.455444 
112.439575 
112.423401 
112.407532 
112.391357 
112.375183 
112.359314 
112.343140 
112.327881 
112.311401 
112.295837 
112.280579 
112.264709 
112.249756 
112.234497 
112.219849 
112.203369 
112.186584 
112.170105 
112.153320 
112.138062 
112.122498 
112.106628 
112.091370 
112.076416 
112.061157 
112.045898 
112.030334 
112.015381 
112.000427 
111.984253 
111.968994 
111.952515 
111.936951 
111.920776 
111.905212 
111.889954 
111.875305 
111.861267 
111.846619 
111.831665 
111.815796 
111.799622 
111.784058 
111.768188 
111.752625 
111.737061 
111.720581 
111.705322 
111.689758 
111.674500 
111.658936 
111.644287 
111.628418 
111.613770 
111.598206 
111.582336 
111.565552 
111.548767 
111.532593 
111.517334 
111.501770 
111.486206 
111.471252 
111.455688 
111.441040 
111.426086 
111.410217 
111.394958 
111.379700 
111.364136 
111.348572 
111.333313 
111.317139 
111.300964 
111.285095 
111.270447 
111.255798 
111.241760 
111.227417 
111.212158 
111.196289 
111.181335 
111.165161 
111.149292 
111.133728 
111.118164 
111.102600 
111.087341 
111.071472 
111.055908 
111.040649 
111.026001 
111.010437 
110.995483 
110.981140 
110.965576 
110.949097 
110.932007 
110.916138 
110.900574 
110.885315 
110.870056 
110.854492 
110.838928 
110.824280 
110.809021 
110.793762 
110.778198 
110.762329 
110.747070 
110.731812 
110.715942 
110.699768 
110.683289 
110.667725 
110.652161 
110.638428 
110.624084 
110.609131 
110.593872 
110.578613 
110.563049 
110.547180 
110.531311 
110.515747 
110.500183 
110.484619 
110.468750 
110.453491 
110.438538 
110.423279 
110.408630 
110.394287 
110.380249 
110.366211 
110.352173 
110.337219 
110.323181 
110.309448 
110.296936 
110.285034 
110.273438 
110.262756 
110.252075 
110.242004 
110.231934 
110.222473 
110.213318 
110.204773 
110.196228 
110.188293 
110.180359 
110.172729 
110.165710 
110.158691 
110.152588 
110.148315 
110.144043 
110.140076 
110.135498 
110.131531 
110.127258 
110.123596 
110.120544 
110.117188 
110.115051 
110.112915 
110.111084 
110.110168 
110.109253 
110.108337 
110.108643 
110.109558 
110.110474 
110.111389 
110.112610 
110.112305 
110.112915 
110.114136 
110.116577 
110.119629 
110.123291 
110.127869 
110.132446 
110.137634 
110.144043 
110.149536 
110.155945 
110.162659 
110.169678 
110.176697 
110.184326 
110.192261 
110.200195 
110.208435 
110.218201 
110.229797 
110.240784 
110.252380 
110.263367 
110.274658 
110.286255 
110.298157 
110.310669 
110.323792 
110.337219 
110.350647 
110.364990 
110.379333 
110.394897 
110.409851 
110.426025 
110.441589 
110.457764 
110.473938 
110.489502 
110.504150 
110.518494 
110.533142 
110.549316 
110.565186 
110.580750 
110.596619 
110.612488 
110.627747 
110.643616 
110.659485 
110.674744 
110.690002 
110.705566 
110.721130 
110.736084 
110.751343 
110.766296 
110.781555 
110.796814 
110.813293 
110.829773 
110.846252 
110.862122 
110.877380 
110.892029 
110.907288 
110.922241 
110.937500 
110.952454 
110.968018 
110.983276 
110.998230 
111.013489 
111.029053 
111.044617 
111.060486 
111.076050 
111.091309 
111.106873 
111.120605 
111.134644 
111.149597 
111.164246 
111.180115 
111.195679 
111.210632 
111.226807 
111.242065 
111.258240 
111.273499 
111.288757 
111.304321 
111.319885 
111.335449 
111.350708 
111.365967 
111.381226 
111.395569 
111.411133 
111.428223 
111.445313 
111.461182 
111.476746 
111.492615 
111.507874 
111.522827 
111.538086 
111.552734 
111.568298 
111.583862 
111.598816 
111.613770 
111.629944 
111.644897 
111.660767 
111.676331 
111.692200 
111.707764 
111.723022 
111.736755 
111.750793 
111.765747 
111.781006 
111.795959 
111.811829 
111.827087 
111.842957 
111.858521 
111.873779 
111.889343 
111.904297 
111.920166 
111.935120 
111.950684 
111.966248 
111.980591 
111.996155 
112.010803 
112.025757 
112.042542 
112.059021 
112.075195 
112.090454 
112.105713 
112.120972 
112.136230 
112.150879 
112.166138 
112.180786 
112.196350 
112.210999 
112.226257 
112.241211 
112.256775 
112.272034 
112.287903 
112.303162 
112.318726 
112.333679 
112.347717 
112.361145 
112.376099 
112.391052 
112.406006 
112.421265 
112.436829 
112.452087 
112.467346 
112.483215 
112.498169 
112.513123 
112.528381 
112.543335 
112.558594 
112.573242 
112.588501 
112.602844 
112.617188 
112.633362 
112.649231 
112.666321 
112.682190 
112.697754 
112.712708 
112.727661 
112.743225 
112.757874 
112.773132 
112.787781 
112.803040 
112.818298 
112.833557 
112.848206 
112.863770 
112.878418 
112.893372 
112.908936 
112.923584 
112.936707 
112.949524 
112.961426 
112.973938 
112.986145 
112.998657 
113.010559 
113.022766 
113.034363 
113.045349 
113.056335 
113.067017 
113.077087 
113.086243 
113.095093 
113.103943 
113.111877 
113.119202 
113.126221 
113.132629 
113.139343 
113.146973 
113.153992 
113.160400 
113.166199 
113.170471 
113.175049 
113.178711 
113.182373 
113.184814 
113.187256 
113.190002 
113.191833 
113.193359 
113.194580 
113.195801 
113.196411 
113.197021 
113.197632 
113.197327 
113.195801 
113.193970 
113.191223 
113.188171 
113.186035 
113.183899 
113.180847 
113.177185 
113.173523 
113.169556 
113.164978 
113.159790 
113.153992 
113.147583 
113.141174 
113.134460 
113.126526 
113.118286 
113.109436 
113.100586 
113.091431 
113.083496 
113.075256 
113.065796 
113.055115 
113.043823 
113.031921 
113.019409 
113.007202 
112.994385 
112.980652 
112.966919 
112.953491 
112.939148 
112.924500 
112.910156 
112.894897 
112.880249 
112.865601 
112.850342 
112.834778 
112.817688 
112.800598 
112.783813 
112.768250 
112.752380 
112.736816 
112.720032 
112.704773 
112.689209 
112.673340 
112.657166 
112.641907 
112.626038 
112.609558 
112.593994 
112.577515 
112.561340 
112.544861 
112.528992 
112.512817 
112.498169 
112.484131 
112.469177 
112.453613 
112.437744 
112.421570 
112.405396 
112.389832 
112.373657 
112.357788 
112.342224 
112.326965 
112.310486 
112.295227 
112.279663 
112.263794 
112.249146 
112.233887 
112.218933 
112.203369 
112.186279 
112.170105 
112.153625 
112.137756 
112.122803 
112.106934 
112.091675 
112.076416 
112.061157 
112.046204 
112.030945 
112.015686 
112.000122 
111.984863 
111.969299 
111.953430 
111.937866 
111.921387 
111.905518 
111.890564 
111.876221 
111.862183 
111.847534 
111.831970 
111.816711 
111.801147 
111.784668 
111.769409 
111.753540 
111.737671 
111.722412 
111.706848 
111.691284 
111.675720 
111.660461 
111.644897 
111.629333 
111.614380 
111.599426 
111.583862 
111.567078 
111.550598 
111.534424 
111.518860 
111.503296 
111.488037 
111.472473 
111.457214 
111.442261 
111.427307 
111.411743 
111.396484 
111.381531 
111.365662 
111.350098 
111.334534 
111.318359 
111.302795 
111.286621 
111.271667 
111.257324 
111.243286 
111.228638 
111.213684 
111.198120 
111.182556 
111.166992 
111.150818 
111.135254 
111.119995 
111.104126 
111.088257 
111.073303 
111.057739 
111.042480 
111.027222 
111.012268 
110.997620 
110.982361 
110.967102 
110.950317 
110.933838 
110.917969 
110.902100 
110.886536 
110.871277 
110.855713 
110.840454 
110.825500 
110.810547 
110.794983 
110.779724 
110.764465 
110.748901 
110.733337 
110.717773 
110.701294 
110.685730 
110.669556 
110.654297 
110.639954 
110.625610 
110.611572 
110.596313 
110.580444 
110.564880 
110.549316 
110.533447 
110.517578 
110.501404 
110.486145 
110.470581 
110.455627 
110.440063 
110.425110 
110.410461 
110.395813 
110.381775 
110.368347 
110.354004 
110.339355 
110.324402 
110.310974 
110.298157 
110.285950 
110.274658 
110.263977 
110.252991 
110.242920 
110.233459 
110.223694 
110.214539 
110.205994 
110.197449 
110.188904 
110.181580 
110.173645 
110.166626 
110.159912 
110.153503 
110.148621 
110.145264 
110.140686 
110.136108 
110.132446 
110.128174 
110.124512 
110.121155 
110.117798 
110.115356 
110.112915 
110.111389 
110.110168 
110.109253 
110.109253 
110.108948 
110.109863 
110.110779 
110.112000 
110.112915 
110.113220 
110.113525 
110.114441 
110.116577 
110.119934 
110.123291 
110.127563 
110.133057 
110.137329 
110.143433 
110.149536 
110.155640 
110.162354 
110.169983 
110.176697 
110.184021 
110.191956 
110.199890 
110.208435 
110.217590 
110.228882 
110.240784 
110.251770 
110.263062 
110.274353 
110.285645 
110.297852 
110.310669 
110.322876 
110.335999 
110.349426 
110.363464 
110.378418 
110.393372 
110.408630 
110.424194 
110.440063 
110.455933 
110.472107 
110.487976 
110.502319 
110.516968 
110.531616 
110.546875 
110.562744 
110.578613 
110.594482 
110.610352 
110.625610 
110.641785 
110.657043 
110.672607 
110.687561 
110.703430 
110.718689 
110.733948 
110.748901 
110.764160 
110.779114 
110.794678 
110.810547 
110.827637 
110.843811 
110.859680 
110.875244 
110.889893 
110.905151 
110.920410 
110.935364 
110.950012 
110.965881 
110.980835 
110.995789 
111.011047 
111.026917 
111.042480 
111.058044 
111.073608 
111.089478 
111.104736 
111.119080 
111.132813 
111.147156 
111.161804 
111.177673 
111.193237 
111.208801 
111.224670 
111.240234 
111.255798 
111.271667 
111.286926 
111.302490 
111.317749 
111.333618 
111.348877 
111.363525 
111.378784 
111.394043 
111.409302 
111.425781 
111.442566 
111.458740 
111.474304 
111.490173 
111.505432 
111.520996 
111.535645 
111.550903 
111.565857 
111.581421 
111.596375 
111.611633 
111.627197 
111.642761 
111.658325 
111.673889 
111.690063 
111.705933 
111.720886 
111.734924 
111.749573 
111.763916 
111.778870 
111.794434 
111.809998 
111.825562 
111.841125 
111.856995 
111.872253 
111.887817 
111.903076 
111.918335 
111.933594 
111.948853 
111.964417 
111.979065 
111.994019 
112.008972 
112.023621 
112.040710 
112.057495 
112.073364 
112.088623 
112.104187 
112.119446 
112.134399 
112.149658 
112.164307 
112.179260 
112.194519 
112.209778 
112.224731 
112.239990 
112.255554 
112.271423 
112.286987 
112.302856 
112.318726 
112.333374 
112.348022 
112.361450 
112.376099 
112.391052 
112.406311 
112.421265 
112.437134 
112.452698 
112.468262 
112.483521 
112.498474 
112.514038 
112.528992 
112.543640 
112.559509 
112.574158 
112.589111 
112.604065 
112.618713 
112.633667 
112.650146 
112.666931 
112.682800 
112.698059 
112.713013 
112.728577 
112.744141 
112.758484 
112.773438 
112.788696 
112.803040 
112.818604 
112.833557 
112.848511 
112.863159 
112.878723 
112.893677 
112.908630 
112.923279 
112.937012 
112.949829 
112.961731 
112.973938 
112.986145 
112.998352 
113.010864 
113.022461 
113.033447 
113.045349 
113.056335 
113.066406 
113.076477 
113.086243 
113.094788 
113.103333 
113.111267 
113.118591 
113.125610 
113.132324 
113.138733 
113.146362 
113.153687 
113.160095 
113.165283 
113.170166 
113.174438 
113.177490 
113.181152 
113.184204 
113.186951 
113.189087 
113.190918 
113.192749 
113.194275 
113.194885 
113.195801 
113.196106 
113.197021 
113.196411 
113.195801 
113.193970 
113.190918 
113.188477 
113.185730 
113.182983 
113.180237 
113.176880 
113.173218 
113.169250 
113.164978 
113.159180 
113.153687 
113.147888 
113.140869 
113.133850 
113.126526 
113.118286 
113.109436 
113.100281 
113.091431 
113.082886 
113.074646 
113.065491 
113.055115 
113.043518 
113.031921 
113.019714 
113.007507 
112.994385 
112.980652 
112.967224 
112.953186 
112.939148 
112.924500 
112.909851 
112.894897 
112.880249 
112.865295 
112.850342 
112.834778 
112.817993 
112.800598 
112.784119 
112.768250 
112.752075 
112.735901 
112.720337 
112.704773 
112.689209 
112.673950 
112.657776 
112.641907 
112.626343 
112.610168 
112.594299 
112.578125 
112.561951 
112.545776 
112.528687 
112.513733 
112.499084 
112.484436 
112.469788 
112.454224 
112.438354 
112.422791 
112.406311 
112.391052 
112.374878 
112.359009 
112.343140 
112.327271 
112.311707 
112.296448 
112.281189 
112.265015 
112.250061 
112.235107 
112.219849 
112.204590 
112.188110 
112.171631 
112.154846 
112.139282 
112.124329 
112.108459 
112.092590 
112.077942 
112.062988 
112.047729 
112.032776 
112.017517 
112.001953 
111.986694 
111.971130 
111.954956 
111.939392 
111.923218 
111.907654 
111.892090 
111.877747 
111.863403 
111.848755 
111.834106 
111.818542 
111.802979 
111.787109 
111.770935 
111.755676 
111.739807 
111.724243 
111.708374 
111.692810 
111.677856 
111.661987 
111.646729 
111.631165 
111.616211 
111.601257 
111.585999 
111.569214 
111.552429 
111.535950 
111.520081 
111.505127 
111.489868 
111.474304 
111.459045 
111.444092 
111.428528 
111.413574 
111.398315 
111.383057 
111.367798 
111.352234 
111.336365 
111.320496 
111.304626 
111.288757 
111.272888 
111.258850 
111.245117 
111.230164 
111.215210 
111.199951 
111.183777 
111.168518 
111.152954 
111.137085 
111.121216 
111.105957 
111.090698 
111.074829 
111.059875 
111.044922 
111.029358 
111.013489 
110.999146 
110.983887 
110.968628 
110.952148 
110.935669 
110.919495 
110.904236 
110.888367 
110.873413 
110.857544 
110.842896 
110.827637 
110.812378 
110.796509 
110.781555 
110.766296 
110.751343 
110.735168 
110.719910 
110.703430 
110.687866 
110.671692 
110.656128 
110.641785 
110.627747 
110.613098 
110.598145 
110.582275 
110.567017 
110.550842 
110.534973 
110.519409 
110.503540 
110.487976 
110.472717 
110.457458 
110.441589 
110.426941 
110.412292 
110.397644 
110.383301 
110.369263 
110.355530 
110.340881 
110.326538 
110.312805 
110.299683 
110.288086 
110.275879 
110.264893 
110.254211 
110.244141 
110.234680 
110.224304 
110.215759 
110.206909 
110.198364 
110.190125 
110.182190 
110.174866 
110.167542 
110.160217 
110.153809 
110.149231 
110.145264 
110.141296 
110.136719 
110.132751 
110.128784 
110.124817 
110.121460 
110.119019 
110.115967 
110.113831 
110.111694 
110.111084 
110.109558 
110.109253 
110.109558 
110.109863 
110.110474 
110.112000 
110.112915 
110.113220 
110.113525 
110.114441 
110.116577 
110.119629 
110.123596 
110.127563 
110.132446 
110.137939 
110.143433 
110.148621 
110.155640 
110.162354 
110.168762 
110.176086 
110.184021 
110.191040 
110.199280 
110.207825 
110.216675 
110.227356 
110.239258 
110.250549 
110.261536 
110.272827 
110.284424 
110.296631 
110.308533 
110.321045 
110.335083 
110.347900 
110.361633 
110.376587 
110.391235 
110.406799 
110.422058 
110.438232 
110.453491 
110.469971 
110.485840 
110.500183 
110.514526 
110.529480 
110.545044 
110.560608 
110.576477 
110.592346 
110.608215 
110.623474 
110.639343 
110.654907 
110.670471 
110.685730 
110.700989 
110.716553 
110.731812 
110.746765 
110.761414 
110.776367 
110.791626 
110.808411 
110.825195 
110.841370 
110.856628 
110.872498 
110.887756 
110.903015 
110.917969 
110.932922 
110.948181 
110.963440 
110.978394 
110.993347 
111.008911 
111.024780 
111.040039 
111.055603 
111.071472 
111.087341 
111.102600 
111.116638 
111.130371 
111.145020 
111.160278 
111.175842 
111.191101 
111.206665 
111.222229 
111.238098 
111.253662 
111.269226 
111.284790 
111.300964 
111.315613 
111.330872 
111.346436 
111.361694 
111.376343 
111.391907 
111.406860 
111.423340 
111.439819 
111.456299 
111.472473 
111.487732 
111.503296 
111.518555 
111.533203 
111.548767 
111.563721 
111.578979 
111.594238 
111.609802 
111.624756 
111.640320 
111.655884 
111.671753 
111.687622 
111.703491 
111.718750 
111.733398 
111.747437 
111.761475 
111.776428 
111.791992 
111.807556 
111.823425 
111.838684 
111.854248 
111.870422 
111.885376 
111.900635 
111.916199 
111.931763 
111.947021 
111.962280 
111.976929 
111.992188 
112.006531 
112.022095 
112.038574 
112.055054 
112.071533 
112.087097 
112.102051 
112.117615 
112.132874 
112.147827 
112.162781 
112.177734 
112.192688 
112.207947 
112.222900 
112.238464 
112.253723 
112.269592 
112.285156 
112.301331 
112.316895 
112.332153 
112.346802 
112.360535 
112.374878 
112.389832 
112.405396 
112.420654 
112.435913 
112.452087 
112.467651 
112.482605 
112.498474 
112.513733 
112.528992 
112.544250 
112.559204 
112.573853 
112.589111 
112.603455 
112.618103 
112.633057 
112.649231 
112.665710 
112.681580 
112.697144 
112.712402 
112.727051 
112.742310 
112.757263 
112.771912 
112.786560 
112.802124 
112.816772 
112.831726 
112.846680 
112.861633 
112.876892 
112.891846 
112.907104 
112.921448 
112.935486 
112.948608 
112.959900 
112.972412 
112.984619 
112.997131 
113.009033 
113.021240 
113.032837 
113.043823 
113.055115 
113.065186 
113.074951 
113.084412 
113.093872 
113.101807 
113.110046 
113.117371 
113.124695 
113.131104 
113.137512 
113.145142 
113.152466 
113.158875 
113.164063 
113.169250 
113.173828 
113.177490 
113.180237 
113.183594 
113.186035 
113.188477 
113.190308 
113.191833 
113.193665 
113.194275 
113.195190 
113.196106 
113.196106 
113.196411 
113.195496 
113.193970 
113.190613 
113.187561 
113.185730 
113.182983 
113.179932 
113.176880 
113.172913 
113.168945 
113.164368 
113.159485 
113.153076 
113.147583 
113.140564 
113.134155 
113.126221 
113.118286 
113.109741 
113.100891 
113.091431 
113.083496 
113.075256 
113.065796 
113.055115 
113.044128 
113.032532 
113.020935 
113.008118 
112.994995 
112.981567 
112.967834 
112.954102 
112.940063 
112.925720 
112.911072 
112.895813 
112.880859 
112.866211 
112.851257 
112.835999 
112.819519 
112.802429 
112.785034 
112.769470 
112.753601 
112.737427 
112.721863 
112.706299 
112.690125 
112.674561 
112.659302 
112.643738 
112.627563 
112.612000 
112.595825 
112.579346 
112.563477 
112.547607 
112.530823 
112.515259 
112.500610 
112.486267 
112.471313 
112.456055 
112.440186 
112.424011 
112.408752 
112.392883 
112.376404 
112.360840 
112.345276 
112.329102 
112.313538 
112.298584 
112.282715 
112.267456 
112.252197 
112.236938 
112.221985 
112.206726 
112.190552 
112.172852 
112.156982 
112.141418 
112.125854 
112.110596 
112.095032 
112.080078 
112.065430 
112.049866 
112.034302 
112.019348 
112.004089 
111.988525 
111.973267 
111.958008 
111.941223 
111.925354 
111.909485 
111.894226 
111.879883 
111.865234 
111.850891 
111.836243 
111.820679 
111.804810 
111.789246 
111.773071 
111.757813 
111.741943 
111.726074 
111.710815 
111.694641 
111.679688 
111.663818 
111.648865 
111.633606 
111.618652 
111.603394 
111.588135 
111.571655 
111.554565 
111.538696 
111.522827 
111.507263 
111.492004 
111.476440 
111.460876 
111.445923 
111.431580 
111.415405 
111.400146 
111.385193 
111.369629 
111.354370 
111.338501 
111.322632 
111.306763 
111.290894 
111.275940 
111.260986 
111.246948 
111.232605 
111.217346 
111.202087 
111.186523 
111.170654 
111.154785 
111.139526 
111.123962 
111.107788 
111.092529 
111.076965 
111.061707 
111.046448 
111.031189 
111.015930 
111.000977 
110.986023 
110.971069 
110.954895 
110.938110 
110.921936 
110.905457 
110.890503 
110.875244 
110.859680 
110.844727 
110.829468 
110.814514 
110.799255 
110.783997 
110.768738 
110.753174 
110.737305 
110.721741 
110.706177 
110.690002 
110.673828 
110.658264 
110.643921 
110.629883 
110.615540 
110.600281 
110.584412 
110.569153 
110.553589 
110.537109 
110.521851 
110.506287 
110.490417 
110.474548 
110.459595 
110.444031 
110.429077 
110.414429 
110.399780 
110.385742 
110.371399 
110.357666 
110.343018 
110.328064 
110.314636 
110.301819 
110.289307 
110.277710 
110.266418 
110.256348 
110.245667 
110.235596 
110.226135 
110.217285 
110.208130 
110.199280 
110.191345 
110.183411 
110.176086 
110.168457 
110.161133 
110.155029 
110.150146 
110.146179 
110.141907 
110.137634 
110.133057 
110.128784 
110.125732 
110.121460 
110.118713 
110.115967 
110.113831 
110.112305 
110.110779 
110.110168 
110.108948 
110.108337 
110.108948 
110.108643 
110.109253 
110.109253 
110.108032 
110.106812 
110.105896 
110.105896 
110.105591 
110.106812 
110.106812 
110.106812 
110.107117 
110.107422 
110.107727 
110.107727 
110.107422 
110.107117 
110.108032 
110.107727 
110.107422 
110.106812 
110.107117 
110.107117 
110.108643 
110.109558 
110.111389 
110.111084 
110.111084 
110.111084 
110.110779 
110.110474 
110.110779 
110.110168 
110.110168 
110.110474 
110.110474 
110.110474 
110.110779 
110.111084 
110.111389 
110.112000 
110.112305 
110.112305 
110.111694 
110.109863 
110.109253 
110.108948 
110.108948 
110.109253 
110.109558 
110.109558 
110.109558 
110.110168 
110.110168 
110.109863 
110.110168 
110.109863 
110.109863 
110.109863 
110.109558 
110.108948 
110.108948 
110.108948 
110.109863 
110.111084 
110.112305 
110.112305 
110.112610 
110.112305 
110.112000 
110.111389 
110.111389 
110.111389 
110.111084 
110.111389 
110.111389 
110.111389 
110.111084 
110.111389 
110.112000 
110.112305 
110.112610 
110.112610 
110.111694 
110.109863 
110.109253 
110.109253 
110.109253 
110.109558 
