Blum, K. P., D’Incamps, B. L., Zytnicki, D., & Ting, L. H. (2017).
Force encoding in muscle spindles during stretch of
passive muscle. PLoS computational biology, 13(9), 
e1005767. <https://journals.plos.org/ploscompbiol/article?
id=10.1371/journal.pcbi.1005767>

cat medial gastrocnemius muscle lengths over t  (in 0.0005 s increments)
110.110474 
110.110779 
110.111084 
110.111389 
110.111694 
110.111694 
110.110168 
110.109253 
110.109253 
110.108643 
110.108643 
110.108948 
110.109253 
110.109558 
110.109863 
110.109558 
110.109863 
110.109863 
110.109863 
110.109558 
110.109863 
110.109253 
110.108643 
110.108337 
110.108337 
110.108337 
110.109863 
110.110779 
110.111389 
110.111694 
110.111084 
110.110779 
110.110779 
110.110474 
110.110474 
110.110474 
110.110474 
110.110474 
110.110474 
110.110474 
110.110474 
110.110779 
110.111084 
110.111694 
110.112305 
110.111694 
110.110168 
110.108948 
110.108643 
110.108948 
110.108948 
110.109253 
110.109253 
110.109253 
110.109863 
110.109863 
110.109863 
110.109558 
110.109863 
110.108948 
110.109253 
110.109253 
110.108643 
110.108337 
110.108032 
110.108337 
110.109558 
110.111084 
110.111084 
110.111389 
110.111694 
110.110779 
110.110168 
110.110168 
110.110168 
110.110168 
110.110168 
110.110168 
110.110474 
110.110474 
110.110779 
110.111389 
110.111389 
110.111694 
110.111694 
110.111389 
110.110168 
110.109253 
110.108948 
110.108643 
110.108948 
110.109253 
110.109558 
110.109558 
110.109558 
110.109558 
110.109863 
110.109558 
110.109558 
110.108948 
110.109558 
110.109558 
110.108948 
110.108032 
110.108643 
110.108643 
110.109558 
110.111389 
110.111694 
110.111694 
110.111694 
110.112305 
110.112915 
110.113525 
110.114136 
110.115967 
110.117188 
110.119629 
110.122375 
110.125427 
110.128784 
110.133057 
110.137939 
110.143127 
110.148926 
110.154419 
110.159302 
110.164795 
110.171204 
110.178223 
110.186768 
110.195618 
110.205078 
110.214233 
110.224915 
110.235901 
110.247192 
110.258484 
110.270691 
110.282593 
110.295105 
110.308228 
110.321960 
110.335083 
110.349731 
110.365601 
110.382996 
110.401306 
110.419617 
110.437622 
110.456238 
110.474854 
110.493774 
110.512695 
110.531311 
110.550232 
110.569153 
110.586853 
110.604553 
110.622253 
110.639343 
110.656433 
110.672607 
110.689087 
110.705566 
110.720825 
110.735168 
110.748596 
110.763245 
110.777893 
110.792847 
110.807800 
110.822144 
110.837402 
110.851746 
110.866394 
110.880432 
110.894470 
110.908508 
110.921936 
110.935669 
110.949402 
110.962524 
110.975647 
110.989075 
111.002808 
111.018372 
111.033630 
111.047668 
111.062317 
111.076050 
111.090393 
111.104431 
111.118164 
111.132507 
111.146851 
111.161194 
111.176147 
111.190796 
111.205750 
111.220703 
111.235657 
111.250610 
111.266174 
111.281433 
111.296082 
111.309814 
111.323853 
111.338806 
111.353455 
111.368713 
111.384583 
111.399536 
111.415100 
111.430969 
111.445923 
111.461487 
111.477051 
111.492615 
111.508179 
111.522827 
111.538086 
111.553040 
111.567993 
111.583252 
111.598511 
111.614990 
111.631775 
111.648560 
111.663818 
111.679382 
111.694641 
111.709290 
111.724243 
111.739502 
111.755371 
111.770020 
111.785583 
111.801453 
111.816711 
111.832275 
111.847839 
111.864319 
111.879883 
111.895142 
111.910400 
111.924744 
111.939087 
111.953735 
111.969299 
111.984863 
112.000427 
112.016602 
112.032166 
112.047424 
112.063293 
112.078552 
112.093506 
112.109070 
112.124939 
112.140198 
112.154846 
112.169800 
112.185059 
112.199707 
112.215576 
112.231750 
112.248535 
112.264709 
112.280273 
112.295532 
112.310486 
112.325745 
112.340393 
112.355652 
112.370911 
112.386169 
112.401123 
112.416687 
112.432251 
112.447205 
112.463379 
112.478943 
112.494812 
112.510376 
112.525024 
112.539063 
112.553406 
112.567749 
112.582703 
112.598572 
112.613831 
112.629395 
112.645264 
112.660828 
112.675781 
112.691040 
112.706909 
112.721863 
112.737122 
112.752380 
112.767639 
112.782288 
112.797241 
112.812500 
112.827759 
112.844543 
112.860718 
112.876282 
112.891541 
112.906799 
112.921448 
112.935791 
112.949524 
112.963867 
112.977295 
112.991028 
113.004456 
113.016968 
113.029785 
113.042603 
113.054810 
113.066711 
113.078613 
113.089294 
113.099670 
113.107910 
113.116455 
113.124695 
113.132935 
113.141479 
113.149414 
113.156738 
113.163452 
113.170166 
113.175964 
113.181458 
113.186035 
113.190613 
113.193970 
113.197632 
113.200073 
113.202209 
113.203125 
113.204041 
113.204956 
113.206787 
113.208008 
113.207703 
113.206787 
113.205261 
113.203430 
113.200684 
113.196716 
113.193359 
113.188477 
113.183594 
113.178406 
113.172302 
113.166199 
113.158875 
113.151550 
113.143311 
113.135681 
113.126831 
113.116760 
113.104553 
113.092957 
113.081055 
113.069153 
113.056946 
113.044434 
113.031311 
113.018188 
113.004456 
112.990417 
112.975769 
112.961121 
112.945862 
112.930298 
112.914429 
112.898560 
112.881470 
112.864685 
112.848511 
112.832031 
112.816772 
112.801208 
112.785339 
112.768555 
112.751465 
112.734070 
112.716370 
112.698975 
112.681885 
112.664795 
112.647095 
112.629700 
112.613220 
112.595825 
112.578430 
112.561951 
112.544861 
112.528687 
112.512207 
112.494812 
112.476501 
112.458801 
112.441101 
112.424011 
112.406921 
112.390747 
112.374268 
112.358398 
112.341614 
112.325745 
112.309570 
112.293091 
112.276306 
112.259521 
112.243347 
112.226868 
112.210083 
112.193604 
112.177124 
112.160950 
112.145691 
112.131042 
112.115784 
112.099915 
112.083130 
112.067261 
112.051086 
112.034607 
112.018738 
112.002258 
111.986389 
111.970215 
111.954041 
111.938477 
111.922302 
111.906738 
111.891785 
111.875916 
111.860352 
111.844482 
111.827087 
111.810303 
111.793213 
111.777039 
111.760864 
111.745605 
111.730042 
111.714478 
111.698914 
111.683655 
111.667480 
111.651611 
111.635742 
111.619568 
111.603394 
111.587524 
111.571350 
111.555176 
111.538086 
111.522522 
111.508484 
111.493835 
111.477966 
111.462708 
111.446533 
111.430359 
111.414185 
111.398315 
111.381531 
111.365967 
111.350098 
111.334229 
111.318054 
111.302490 
111.286316 
111.270752 
111.255493 
111.239929 
111.224976 
111.208801 
111.192322 
111.175232 
111.158142 
111.142578 
111.126709 
111.110840 
111.095886 
111.080627 
111.065063 
111.050110 
111.033936 
111.018372 
111.002197 
110.986938 
110.971069 
110.955200 
110.939026 
110.923157 
110.907288 
110.891418 
110.876770 
110.862732 
110.847473 
110.831909 
110.816650 
110.800476 
110.784607 
110.769043 
110.753174 
110.737000 
110.721436 
110.705872 
110.689392 
110.674133 
110.658875 
110.643616 
110.628357 
110.613708 
110.598145 
110.582275 
110.565796 
110.549011 
110.531921 
110.516357 
110.500488 
110.485840 
110.470581 
110.455322 
110.440063 
110.424805 
110.409241 
110.393982 
110.378418 
110.363464 
110.348511 
110.333862 
110.318604 
110.304260 
110.289917 
110.277100 
110.265198 
110.253906 
110.242615 
110.231018 
110.220032 
110.208740 
110.198669 
110.188293 
110.179138 
110.170593 
110.162048 
110.154419 
110.148315 
110.141296 
110.135498 
110.130310 
110.126038 
110.121765 
110.119019 
110.115051 
110.111084 
110.107117 
110.104675 
110.103760 
110.102539 
110.102234 
110.102539 
110.103149 
110.104675 
110.106201 
110.108032 
110.110168 
110.112915 
110.116272 
110.119934 
110.124207 
110.129089 
110.134277 
110.139771 
110.146790 
110.155029 
110.164185 
110.173340 
110.182800 
110.191345 
110.201111 
110.212097 
110.222168 
110.233154 
110.245361 
110.257874 
110.270386 
110.284119 
110.298157 
110.312500 
110.327454 
110.343018 
110.358582 
110.374146 
110.390015 
110.404968 
110.419312 
110.433960 
110.450134 
110.466003 
110.481873 
110.498352 
110.514832 
110.530701 
110.546875 
110.563354 
110.579529 
110.595398 
110.610962 
110.627136 
110.642395 
110.658264 
110.673523 
110.689087 
110.704651 
110.722046 
110.738831 
110.755310 
110.771790 
110.787354 
110.802307 
110.817261 
110.833130 
110.848694 
110.863953 
110.879211 
110.894470 
110.910034 
110.924988 
110.940857 
110.956421 
110.971985 
110.988159 
111.003418 
111.018982 
111.032715 
111.046753 
111.061096 
111.076660 
111.091614 
111.106567 
111.122131 
111.137390 
111.153259 
111.168518 
111.184082 
111.199341 
111.214294 
111.228943 
111.244202 
111.259460 
111.274109 
111.288452 
111.303711 
111.318665 
111.335144 
111.351929 
111.367493 
111.382751 
111.398010 
111.412659 
111.427917 
111.442261 
111.457825 
111.473083 
111.488342 
111.503296 
111.518860 
111.533813 
111.549377 
111.564941 
111.580811 
111.596375 
111.612244 
111.627197 
111.641235 
111.655884 
111.670227 
111.685486 
111.700745 
111.716003 
111.731567 
111.747437 
111.763000 
111.778564 
111.793823 
111.809387 
111.824646 
111.840210 
111.855164 
111.869812 
111.885376 
111.899414 
111.914673 
111.929626 
111.945801 
111.962585 
111.978149 
111.994019 
112.008972 
112.023315 
112.038269 
112.052917 
112.067566 
112.082214 
112.097168 
112.112122 
112.127380 
112.142334 
112.157288 
112.172546 
112.187805 
112.203064 
112.218323 
112.232971 
112.247009 
112.260437 
112.274170 
112.289124 
112.304077 
112.319336 
112.334290 
112.349854 
112.365417 
112.380066 
112.395325 
112.409973 
112.424622 
112.439880 
112.455139 
112.469177 
112.484131 
112.498474 
112.513428 
112.528076 
112.544250 
112.560730 
112.576599 
112.592163 
112.607117 
112.622375 
112.636719 
112.651978 
112.666321 
112.680969 
112.696533 
112.711487 
112.726440 
112.742004 
112.757568 
112.772827 
112.788086 
112.803650 
112.819519 
112.834778 
112.848816 
112.862549 
112.876282 
112.890930 
112.906494 
112.921448 
112.935791 
112.950134 
112.965393 
112.978821 
112.992249 
113.005676 
113.017883 
113.030396 
113.041992 
113.054199 
113.064575 
113.075256 
113.085632 
113.096008 
113.106384 
113.117065 
113.126221 
113.135071 
113.142700 
113.150330 
113.156128 
113.162842 
113.168945 
113.173828 
113.178711 
113.183594 
113.187561 
113.191223 
113.194275 
113.196716 
113.199463 
113.201294 
113.202515 
113.202820 
113.201904 
113.200073 
113.198242 
113.196716 
113.194885 
113.193359 
113.190613 
113.187561 
113.183289 
113.178711 
113.173828 
113.167725 
113.161621 
113.155212 
113.147278 
113.139343 
113.130188 
113.121033 
113.110657 
113.100586 
113.091125 
113.080750 
113.069458 
113.058167 
113.044739 
113.031006 
113.017578 
113.002930 
112.988281 
112.973328 
112.958679 
112.943420 
112.927246 
112.911987 
112.896118 
112.879639 
112.863464 
112.847595 
112.831726 
112.814941 
112.796631 
112.778320 
112.760620 
112.743530 
112.726440 
112.709351 
112.692566 
112.676086 
112.658997 
112.642517 
112.625427 
112.608643 
112.591858 
112.574158 
112.557373 
112.540283 
112.522583 
112.505493 
112.488403 
112.471619 
112.456055 
112.440796 
112.424927 
112.408142 
112.392273 
112.375488 
112.359009 
112.342529 
112.325745 
112.309265 
112.292786 
112.277222 
112.260742 
112.244568 
112.228394 
112.212830 
112.197571 
112.181702 
112.166443 
112.150269 
112.133179 
112.116394 
112.099304 
112.083130 
112.067261 
112.052002 
112.036438 
112.020874 
112.005310 
111.990051 
111.974792 
111.958923 
111.942749 
111.927185 
111.911011 
111.895447 
111.879272 
111.863403 
111.846619 
111.831360 
111.816406 
111.802063 
111.787109 
111.771851 
111.755676 
111.739197 
111.723633 
111.707153 
111.691284 
111.675415 
111.659546 
111.643677 
111.627808 
111.611633 
111.596069 
111.580505 
111.565247 
111.549683 
111.534424 
111.518860 
111.501770 
111.484070 
111.467285 
111.451416 
111.435852 
111.419983 
111.404724 
111.388855 
111.373291 
111.358337 
111.342773 
111.326599 
111.311340 
111.295776 
111.279907 
111.263733 
111.247559 
111.231689 
111.215210 
111.200256 
111.185608 
111.170654 
111.156006 
111.141052 
111.125793 
111.109619 
111.094360 
111.078186 
111.062317 
111.046448 
111.030579 
111.015015 
110.999146 
110.984192 
110.968628 
110.953064 
110.937805 
110.922852 
110.907898 
110.892029 
110.875244 
110.858154 
110.841675 
110.826111 
110.810852 
110.794983 
110.779724 
110.764771 
110.748901 
110.733948 
110.718384 
110.702515 
110.687256 
110.671692 
110.655823 
110.639648 
110.624084 
110.608215 
110.592041 
110.576782 
110.562134 
110.547791 
110.533447 
110.517883 
110.502319 
110.486755 
110.471191 
110.455627 
110.439453 
110.423889 
110.408325 
110.393372 
110.377502 
110.362549 
110.347595 
110.332947 
110.318909 
110.305481 
110.292053 
110.278625 
110.264893 
110.250854 
110.237732 
110.225830 
110.214844 
110.204468 
110.194397 
110.185242 
110.177002 
110.168457 
110.160828 
110.153503 
110.146790 
110.140686 
110.134277 
110.129089 
110.123596 
110.119324 
110.115051 
110.111694 
110.109863 
110.108948 
110.108643 
110.108032 
110.107117 
110.106506 
110.106201 
110.107117 
110.107422 
110.108337 
110.110168 
110.112610 
110.115356 
110.118408 
110.122375 
110.127258 
110.132751 
110.139160 
110.145569 
110.152283 
110.158386 
110.165100 
110.172424 
110.180664 
110.190430 
110.200195 
110.211182 
110.222168 
110.234070 
110.246277 
110.259094 
110.272522 
110.285950 
110.299988 
110.314026 
110.328979 
110.343323 
110.357971 
110.372925 
110.388794 
110.405884 
110.422363 
110.439758 
110.455933 
110.471497 
110.487366 
110.502625 
110.518188 
110.533752 
110.549622 
110.564880 
110.580444 
110.596313 
110.611877 
110.627441 
110.643311 
110.659790 
110.675964 
110.691833 
110.707703 
110.722046 
110.736084 
110.750732 
110.766602 
110.781555 
110.797424 
110.813293 
110.829163 
110.844421 
110.860596 
110.875854 
110.891724 
110.906982 
110.921936 
110.937195 
110.952148 
110.967712 
110.982056 
110.997314 
111.012573 
111.029053 
111.045837 
111.062012 
111.077271 
111.092529 
111.107788 
111.122437 
111.137695 
111.152649 
111.167297 
111.182556 
111.198120 
111.213074 
111.228027 
111.243591 
111.258545 
111.274109 
111.289673 
111.305542 
111.320496 
111.335449 
111.349182 
111.363525 
111.378174 
111.394043 
111.408997 
111.424255 
111.439514 
111.455078 
111.470947 
111.485901 
111.501770 
111.517029 
111.532288 
111.547546 
111.562805 
111.577759 
111.592407 
111.607361 
111.622314 
111.639099 
111.656189 
111.672058 
111.687622 
111.702576 
111.717834 
111.732788 
111.747742 
111.763000 
111.777649 
111.792603 
111.808167 
111.823120 
111.838684 
111.853943 
111.869202 
111.885376 
111.900024 
111.915588 
111.930847 
111.944580 
111.958923 
111.972961 
111.987610 
112.002563 
112.017822 
112.033081 
112.048035 
112.063293 
112.078857 
112.093506 
112.108459 
112.123413 
112.138672 
112.153625 
112.168274 
112.183228 
112.197266 
112.211914 
112.227173 
112.243042 
112.259216 
112.275391 
112.290649 
112.305908 
112.320557 
112.335510 
112.349854 
112.364502 
112.379456 
112.394104 
112.409058 
112.424316 
112.439880 
112.454834 
112.470093 
112.485657 
112.501221 
112.517395 
112.531738 
112.546082 
112.560120 
112.574463 
112.589417 
112.604675 
112.619934 
112.635498 
112.651062 
112.666321 
112.681885 
112.697449 
112.712402 
112.727966 
112.742920 
112.758179 
112.772827 
112.787781 
112.802734 
112.817383 
112.832642 
112.848816 
112.865601 
112.881165 
112.897034 
112.911682 
112.925720 
112.940369 
112.954407 
112.968140 
112.981262 
112.994385 
113.007507 
113.020020 
113.032837 
113.044739 
113.056946 
113.068542 
113.080139 
113.091431 
113.100891 
113.109436 
113.117065 
113.125305 
113.132935 
113.140564 
113.148193 
113.155212 
113.161621 
113.167725 
113.173828 
113.178406 
113.182983 
113.187256 
113.190002 
113.193054 
113.194885 
113.197021 
113.197632 
113.198242 
113.199158 
113.199463 
113.200378 
113.200378 
113.199158 
113.197021 
113.194580 
113.191223 
113.187561 
113.182678 
113.178101 
113.172607 
113.167419 
113.161011 
113.153992 
113.146667 
113.139038 
113.130493 
113.122253 
113.112793 
113.102722 
113.091125 
113.078308 
113.065491 
113.052979 
113.040161 
113.026733 
113.013306 
112.999573 
112.985535 
112.971191 
112.956238 
112.940979 
112.925415 
112.909546 
112.892761 
112.876587 
112.859802 
112.843323 
112.825928 
112.809143 
112.793884 
112.778320 
112.762146 
112.745667 
112.727966 
112.710876 
112.693481 
112.676392 
112.659302 
112.641907 
112.624817 
112.607727 
112.590942 
112.573853 
112.557068 
112.540283 
112.523804 
112.507629 
112.491455 
112.474670 
112.456970 
112.438965 
112.421570 
112.404175 
112.388306 
112.372131 
112.355652 
112.340088 
112.323608 
112.307434 
112.291870 
112.275391 
112.259216 
112.243347 
112.227173 
112.210999 
112.194519 
112.178955 
112.162170 
112.146301 
112.131042 
112.117004 
112.101746 
112.086182 
112.070618 
112.054749 
112.038879 
112.022095 
112.006531 
111.990356 
111.974792 
111.958923 
111.943054 
111.927185 
111.911621 
111.896057 
111.880493 
111.865540 
111.850281 
111.834412 
111.817627 
111.800537 
111.783752 
111.767578 
111.752014 
111.736145 
111.720581 
111.705017 
111.689758 
111.674500 
111.658936 
111.642761 
111.626892 
111.610718 
111.594849 
111.578979 
111.562805 
111.546326 
111.530762 
111.514893 
111.499329 
111.484985 
111.470337 
111.454773 
111.438904 
111.423340 
111.406860 
111.391296 
111.374817 
111.359253 
111.343384 
111.326904 
111.311035 
111.295776 
111.280518 
111.264954 
111.249695 
111.234436 
111.219177 
111.203308 
111.187134 
111.170044 
111.153259 
111.137390 
111.122131 
111.106567 
111.091309 
111.076050 
111.060791 
111.045837 
111.030579 
111.014709 
110.999451 
110.983887 
110.968018 
110.952454 
110.936890 
110.920410 
110.904541 
110.889282 
110.874329 
110.859680 
110.845642 
110.830078 
110.814209 
110.798645 
110.783081 
110.767212 
110.751343 
110.735779 
110.719604 
110.704041 
110.688171 
110.672607 
110.657043 
110.641785 
110.626526 
110.611572 
110.596313 
110.580750 
110.564270 
110.547180 
110.530701 
110.514832 
110.499268 
110.484009 
110.468445 
110.453796 
110.438538 
110.422974 
110.408325 
110.393066 
110.377197 
110.362244 
110.347290 
110.332642 
110.318298 
110.303040 
110.289001 
110.275269 
110.263367 
110.252380 
110.241089 
110.229797 
110.218811 
110.208130 
110.197754 
110.187683 
110.178528 
110.169983 
110.162048 
110.154114 
110.146790 
110.140991 
110.135498 
110.130310 
110.125732 
110.122375 
110.119019 
110.115967 
110.112000 
110.108948 
110.106201 
110.104675 
110.104065 
110.103760 
110.104065 
110.104675 
110.106201 
110.107727 
110.109558 
110.112610 
110.115356 
110.118408 
110.122681 
110.126953 
110.131226 
110.136719 
110.142517 
110.148621 
110.156860 
110.166626 
110.176086 
110.184631 
110.193787 
110.203552 
110.213928 
110.223999 
110.235901 
110.247498 
110.259705 
110.273132 
110.286560 
110.300293 
110.314941 
110.329895 
110.345764 
110.360718 
110.376587 
110.392761 
110.406799 
110.421448 
110.436401 
110.452271 
110.467529 
110.483704 
110.499573 
110.515747 
110.531616 
110.548096 
110.563660 
110.579529 
110.595398 
110.611267 
110.626526 
110.642090 
110.657349 
110.672607 
110.687561 
110.703125 
110.719604 
110.736694 
110.752869 
110.769043 
110.784607 
110.799866 
110.815125 
110.830383 
110.845337 
110.860291 
110.876160 
110.891113 
110.906677 
110.921631 
110.937500 
110.952759 
110.968018 
110.984497 
111.000061 
111.015320 
111.029968 
111.044312 
111.058655 
111.072998 
111.088562 
111.103516 
111.119385 
111.134644 
111.150208 
111.165771 
111.181641 
111.196594 
111.211853 
111.226807 
111.242065 
111.257019 
111.271667 
111.286316 
111.300964 
111.316223 
111.332703 
111.349182 
111.365662 
111.381226 
111.395874 
111.411133 
111.426086 
111.440735 
111.455994 
111.470947 
111.485596 
111.500854 
111.516418 
111.531372 
111.546631 
111.562195 
111.577759 
111.593323 
111.608887 
111.624451 
111.638489 
111.652527 
111.666565 
111.681824 
111.696777 
111.712341 
111.727295 
111.743164 
111.758423 
111.773987 
111.788940 
111.804199 
111.819153 
111.834412 
111.849060 
111.864014 
111.878967 
111.893921 
111.908569 
111.923218 
111.939392 
111.955261 
111.971436 
111.987305 
112.002258 
112.016602 
112.031860 
112.046814 
112.060547 
112.076416 
112.091370 
112.106323 
112.121277 
112.136536 
112.151489 
112.166748 
112.182617 
112.197876 
112.213440 
112.228699 
112.242737 
112.256470 
112.270813 
112.285767 
112.301025 
112.315979 
112.331238 
112.346802 
112.362366 
112.377625 
112.393188 
112.408447 
112.423706 
112.438660 
112.453918 
112.468872 
112.483826 
112.498474 
112.513123 
112.527771 
112.543945 
112.560730 
112.576904 
112.593079 
112.608337 
112.622986 
112.637634 
112.652893 
112.667847 
112.682190 
112.698059 
112.713013 
112.728271 
112.743835 
112.759094 
112.774353 
112.789917 
112.805786 
112.821045 
112.836304 
112.850647 
112.864685 
112.878418 
112.893372 
112.908325 
112.922974 
112.937622 
112.951965 
112.966309 
112.980652 
112.993774 
113.006897 
113.019714 
113.031921 
113.043518 
113.055725 
113.066406 
113.076782 
113.086853 
113.096619 
113.106995 
113.117371 
113.127136 
113.135681 
113.143616 
113.150940 
113.157349 
113.163452 
113.168945 
113.174133 
113.178711 
113.183594 
113.186951 
113.190308 
113.193665 
113.196716 
113.198547 
113.200073 
113.201904 
113.202209 
113.200989 
113.199463 
113.197632 
113.196411 
113.193970 
113.191833 
113.189087 
113.186035 
113.182373 
113.177795 
113.172607 
113.166504 
113.160400 
113.153687 
113.146057 
113.138123 
113.129883 
113.120117 
113.109436 
113.099365 
113.089600 
113.079529 
113.069153 
113.057251 
113.044128 
113.030701 
113.017273 
113.002319 
112.987671 
112.973022 
112.957458 
112.942505 
112.926941 
112.911377 
112.894897 
112.879028 
112.863159 
112.846985 
112.830811 
112.814331 
112.796631 
112.778931 
112.760315 
112.743530 
112.726440 
112.709045 
112.692566 
112.675781 
112.659302 
112.642517 
112.625427 
112.608337 
112.591858 
112.574463 
112.557678 
112.540283 
112.522888 
112.505798 
112.488708 
112.471313 
112.455444 
112.440796 
112.424927 
112.408447 
112.392578 
112.375793 
112.359314 
112.342834 
112.326050 
112.309265 
112.293091 
112.277222 
112.260437 
112.244873 
112.229004 
112.213135 
112.197571 
112.181702 
112.166748 
112.151184 
112.134094 
112.116699 
112.099609 
112.083435 
112.067871 
112.052002 
112.036743 
112.021179 
112.005920 
111.990662 
111.975098 
111.959229 
111.943359 
111.927490 
111.912231 
111.896057 
111.879578 
111.863708 
111.847229 
111.831665 
111.817017 
111.802368 
111.787415 
111.772156 
111.756592 
111.740112 
111.723938 
111.708069 
111.691895 
111.675720 
111.660156 
111.644287 
111.628113 
111.612244 
111.596985 
111.580505 
111.565247 
111.550293 
111.535034 
111.518860 
111.502075 
111.485291 
111.468506 
111.452026 
111.436462 
111.420593 
111.405334 
111.390076 
111.374207 
111.359253 
111.343384 
111.327209 
111.312561 
111.296082 
111.280518 
111.264954 
111.248779 
111.232605 
111.216431 
111.200867 
111.185913 
111.171570 
111.156921 
111.141663 
111.126404 
111.110535 
111.094971 
111.079102 
111.063232 
111.047668 
111.032410 
111.015930 
111.000671 
110.984802 
110.969543 
110.954285 
110.938721 
110.924072 
110.908508 
110.893555 
110.877075 
110.859985 
110.843506 
110.827637 
110.812073 
110.796509 
110.781250 
110.765686 
110.750427 
110.735474 
110.719604 
110.703735 
110.688477 
110.672913 
110.657043 
110.641174 
110.625916 
110.609741 
110.593567 
110.577698 
110.562744 
110.549011 
110.534668 
110.518799 
110.503540 
110.487976 
110.472412 
110.456543 
110.440674 
110.425110 
110.409851 
110.394287 
110.378418 
110.363159 
110.348816 
110.333862 
110.320435 
110.305786 
110.292664 
110.279541 
110.265808 
110.252380 
110.238647 
110.226746 
110.215454 
110.205383 
110.195313 
110.186157 
110.177612 
110.169067 
110.161438 
110.154724 
110.147705 
110.140991 
110.135193 
110.130310 
110.124207 
110.119934 
110.115967 
110.112915 
110.110474 
110.109558 
110.108948 
110.108337 
110.107422 
110.107117 
110.106812 
110.107422 
110.108032 
110.108948 
110.110779 
110.112915 
110.115662 
110.119019 
110.123291 
110.127563 
110.133057 
110.139160 
110.145569 
110.152893 
110.159302 
110.165405 
110.172729 
110.181580 
110.190430 
110.200500 
110.210876 
110.222168 
110.233765 
110.246887 
110.259399 
110.272522 
110.286255 
110.299988 
110.314026 
110.328674 
110.343628 
110.357971 
110.372925 
110.388489 
110.405273 
110.421753 
110.438843 
110.454712 
110.470581 
110.486145 
110.501404 
110.516968 
110.532532 
110.547791 
110.563965 
110.579224 
110.595093 
110.610657 
110.626526 
110.642395 
110.657654 
110.674133 
110.690308 
110.706177 
110.721130 
110.735474 
110.749512 
110.764771 
110.780029 
110.795288 
110.811157 
110.827026 
110.842896 
110.858459 
110.874329 
110.889893 
110.905151 
110.920715 
110.935974 
110.950928 
110.965881 
110.981140 
110.995789 
111.010742 
111.026917 
111.043396 
111.060181 
111.075745 
111.090698 
111.105652 
111.121216 
111.136169 
111.151123 
111.165771 
111.181030 
111.196289 
111.210938 
111.226501 
111.241455 
111.257019 
111.272583 
111.288147 
111.303711 
111.319275 
111.333923 
111.347656 
111.362000 
111.376648 
111.391602 
111.407166 
111.422119 
111.437683 
111.452942 
111.469116 
111.484070 
111.499939 
111.514893 
111.529846 
111.545105 
111.560059 
111.575012 
111.589966 
111.604614 
111.620178 
111.636047 
111.652527 
111.668396 
111.684570 
111.700134 
111.714478 
111.729431 
111.744385 
111.759338 
111.773987 
111.788940 
111.804199 
111.819458 
111.834717 
111.849670 
111.864624 
111.880188 
111.895752 
111.911316 
111.926270 
111.940308 
111.954651 
111.969299 
111.983643 
111.998596 
112.013855 
112.028809 
112.044373 
112.059937 
112.075195 
112.090149 
112.105408 
112.120972 
112.135620 
112.150879 
112.165527 
112.180786 
112.195129 
112.209778 
112.224731 
112.240295 
112.257690 
112.273560 
112.289124 
112.304077 
112.319031 
112.333984 
112.348938 
112.363586 
112.378540 
112.393188 
112.408447 
112.423401 
112.438965 
112.454224 
112.469482 
112.485046 
112.500916 
112.516174 
112.531738 
112.545776 
112.559814 
112.573547 
112.589111 
112.603760 
112.619629 
112.635193 
112.650146 
112.666016 
112.681274 
112.696533 
112.711792 
112.727051 
112.742920 
112.757568 
112.773132 
112.787781 
112.802429 
112.817688 
112.832336 
112.847900 
112.864380 
112.880554 
112.896423 
112.910767 
112.925720 
112.940063 
112.953796 
112.967224 
112.980957 
112.993774 
113.006592 
113.019714 
113.032227 
113.044434 
113.056335 
113.068237 
113.079224 
113.089905 
113.100281 
113.109436 
113.117065 
113.124390 
113.132324 
113.140259 
113.147278 
113.154297 
113.161316 
113.167419 
113.173523 
113.178101 
113.182373 
113.186340 
113.190002 
113.193054 
113.195190 
113.196106 
113.197632 
113.197937 
113.198242 
113.199158 
113.199463 
113.199768 
113.199158 
113.197021 
113.194275 
113.191223 
113.187561 
113.183289 
113.178406 
113.173218 
113.167114 
113.160706 
113.154297 
113.146973 
113.139343 
113.130493 
113.122559 
113.113098 
113.103333 
113.091736 
113.078918 
113.067017 
113.053589 
113.040466 
113.027344 
113.014221 
113.000488 
112.986450 
112.971802 
112.957153 
112.942505 
112.926331 
112.910461 
112.893677 
112.877808 
112.861328 
112.844238 
112.827454 
112.810364 
112.794495 
112.778931 
112.763062 
112.746582 
112.728882 
112.712097 
112.694702 
112.677612 
112.660217 
112.643127 
112.626343 
112.608948 
112.592163 
112.574768 
112.557983 
112.541199 
112.524414 
112.508850 
112.492065 
112.475586 
112.458496 
112.440491 
112.422180 
112.405396 
112.388916 
112.372437 
112.356567 
112.340393 
112.324829 
112.308655 
112.292786 
112.276917 
112.260742 
112.243958 
112.228394 
112.212830 
112.195740 
112.179871 
112.163391 
112.146912 
112.132263 
112.117615 
112.102356 
112.087402 
112.071838 
112.055664 
112.040100 
112.023926 
112.007751 
111.992188 
111.976013 
111.960449 
111.944275 
111.928711 
111.913147 
111.897278 
111.882324 
111.866150 
111.851196 
111.835938 
111.819763 
111.802673 
111.785278 
111.768799 
111.753540 
111.737671 
111.722107 
111.706543 
111.690979 
111.675415 
111.659851 
111.644287 
111.628113 
111.612549 
111.596680 
111.580505 
111.564026 
111.547852 
111.531982 
111.516418 
111.500549 
111.485596 
111.471558 
111.456299 
111.440430 
111.424561 
111.408691 
111.392517 
111.376648 
111.360474 
111.345215 
111.329041 
111.313477 
111.297302 
111.281738 
111.266479 
111.250916 
111.235657 
111.220703 
111.205750 
111.189270 
111.172180 
111.155396 
111.139221 
111.123352 
111.107788 
111.092834 
111.077576 
111.062012 
111.047363 
111.032104 
111.016235 
111.000671 
110.985107 
110.969849 
110.954285 
110.938416 
110.922546 
110.906372 
110.890503 
110.875549 
110.861511 
110.846558 
110.831604 
110.816345 
110.800171 
110.785217 
110.769043 
110.753174 
110.737305 
110.721741 
110.705566 
110.689392 
110.673828 
110.658264 
110.642700 
110.627747 
110.612793 
110.597229 
110.582275 
110.566101 
110.549316 
110.532532 
110.516052 
110.501099 
110.485229 
110.470581 
110.455017 
110.439758 
110.424500 
110.409851 
110.394287 
110.379028 
110.364075 
110.348816 
110.334167 
110.319519 
110.304565 
110.290833 
110.276794 
110.263977 
110.253601 
110.242004 
110.230713 
110.220032 
110.208740 
110.198975 
110.188904 
110.179749 
110.170898 
110.162659 
110.155334 
110.147705 
110.141907 
110.135803 
110.130920 
110.126648 
110.122681 
110.119019 
110.116272 
110.112915 
110.109558 
110.106201 
110.104675 
110.103455 
110.101929 
110.101624 
110.101318 
110.101318 
110.102234 
110.101624 
110.101929 
110.101929 
110.101929 
110.101929 
110.101929 
110.101929 
110.100708 
110.101624 
110.101013 
110.101624 
110.103149 
110.104980 
110.105286 
110.105591 
110.106201 
110.105896 
110.105896 
110.105896 
110.105896 
110.106201 
110.106506 
110.106812 
110.106506 
110.106812 
110.107117 
110.108032 
110.107727 
110.108948 
110.109253 
110.108643 
110.107727 
110.106506 
110.106201 
110.106201 
110.106812 
110.107117 
110.106812 
110.107422 
110.107727 
110.108032 
110.108032 
110.107727 
110.108643 
110.108032 
110.108032 
110.107727 
110.107422 
110.107117 
110.107422 
110.107422 
110.108643 
110.110474 
110.110779 
110.110474 
110.110779 
110.110474 
110.110474 
110.109863 
110.110168 
110.110168 
110.109863 
110.109863 
110.109863 
110.110168 
110.110168 
110.110474 
110.111084 
110.111694 
110.111694 
110.111389 
110.109863 
110.108643 
110.108337 
110.108032 
110.108643 
110.108948 
110.109253 
110.109253 
110.109558 
110.109558 
110.109253 
110.109558 
110.109558 
110.109863 
110.109863 
