Blum, K. P., D’Incamps, B. L., Zytnicki, D., & Ting, L. H. (2017).
Force encoding in muscle spindles during stretch of
passive muscle. PLoS computational biology, 13(9), 
e1005767. <https://journals.plos.org/ploscompbiol/article?
id=10.1371/journal.pcbi.1005767>

cat medial gastrocnemius muscle lengths over t  (in 0.0005 s increments)
110.109253 
110.109253 
110.109253 
110.109253 
110.110168 
110.110168 
110.110474 
110.110168 
110.110168 
110.109863 
110.110168 
110.110168 
110.110168 
110.109253 
110.109253 
110.109253 
110.108643 
110.108948 
110.110474 
110.111389 
110.111694 
110.111694 
110.112000 
110.111694 
110.111084 
110.111084 
110.110779 
110.111084 
110.111084 
110.110474 
110.110779 
110.111084 
110.111084 
110.111389 
110.112000 
110.112305 
110.112305 
110.112305 
110.110474 
110.109253 
110.108948 
110.109253 
110.108948 
110.109863 
110.109863 
110.110168 
110.110168 
110.110474 
110.110168 
110.110168 
110.110168 
110.109863 
110.109863 
110.109558 
110.108948 
110.108948 
110.108337 
110.109253 
110.110474 
110.111389 
110.111694 
110.112000 
110.111389 
110.111694 
110.111084 
110.110779 
110.110779 
110.110779 
110.110779 
110.110474 
110.110779 
110.111084 
110.110779 
110.111389 
110.112000 
110.112305 
110.112305 
110.111694 
110.110474 
110.109253 
110.108948 
110.108948 
110.109253 
110.109558 
110.109863 
110.110168 
110.110168 
110.110474 
110.110474 
110.110474 
110.110168 
110.109863 
110.109863 
110.109558 
110.109253 
110.108948 
110.108032 
110.109253 
110.110474 
110.112000 
110.112305 
110.112305 
110.112000 
110.111694 
110.111084 
110.111084 
110.111084 
110.110779 
110.110474 
110.110779 
110.111389 
110.112305 
110.113525 
110.115662 
110.116577 
110.119324 
110.122681 
110.124512 
110.126038 
110.128784 
110.132141 
110.136719 
110.142212 
110.148621 
110.155640 
110.162659 
110.170288 
110.177917 
110.186157 
110.194702 
110.203247 
110.211792 
110.220337 
110.229492 
110.238342 
110.247192 
110.256653 
110.265808 
110.278015 
110.289307 
110.299377 
110.309448 
110.319519 
110.329895 
110.339966 
110.349731 
110.359802 
110.370178 
110.380249 
110.390625 
110.401917 
110.412598 
110.423584 
110.434570 
110.445557 
110.456848 
110.469055 
110.479736 
110.490112 
110.500488 
110.512085 
110.523682 
110.536194 
110.549011 
110.561523 
110.574951 
110.588379 
110.600891 
110.614014 
110.627441 
110.640564 
110.653687 
110.666809 
110.679321 
110.691528 
110.703430 
110.715637 
110.727539 
110.739746 
110.751953 
110.763245 
110.773621 
110.783081 
110.792542 
110.801697 
110.810242 
110.818787 
110.828247 
110.836182 
110.845337 
110.854187 
110.863037 
110.871887 
110.881042 
110.890503 
110.899658 
110.909119 
110.917664 
110.925293 
110.933228 
110.941467 
110.950317 
110.959167 
110.968323 
110.977783 
110.986938 
110.996704 
111.005859 
111.015015 
111.024475 
111.033936 
111.043396 
111.052551 
111.062012 
111.071167 
111.080627 
111.089783 
111.099854 
111.111450 
111.122742 
111.133423 
111.143799 
111.153870 
111.163635 
111.173706 
111.184082 
111.193848 
111.204224 
111.213989 
111.224365 
111.234741 
111.245422 
111.256104 
111.266479 
111.277466 
111.288147 
111.299133 
111.309204 
111.318054 
111.327209 
111.336975 
111.347656 
111.358032 
111.368408 
111.378784 
111.389771 
111.400146 
111.410828 
111.421509 
111.431580 
111.441956 
111.452026 
111.462097 
111.472168 
111.482544 
111.491699 
111.502075 
111.512451 
111.524048 
111.535645 
111.546326 
111.557007 
111.567383 
111.577454 
111.587219 
111.596985 
111.607361 
111.617126 
111.627197 
111.637268 
111.647949 
111.658020 
111.668396 
111.679077 
111.689758 
111.700439 
111.710815 
111.720581 
111.729736 
111.738892 
111.748352 
111.758423 
111.769104 
111.778870 
111.788940 
111.800537 
111.810913 
111.820984 
111.831360 
111.842041 
111.851807 
111.862488 
111.871948 
111.882019 
111.891785 
111.901550 
111.911621 
111.922607 
111.933594 
111.945496 
111.956177 
111.966553 
111.976929 
111.987000 
111.997375 
112.007141 
112.016602 
112.026672 
112.037048 
112.047424 
112.057190 
112.067871 
112.078552 
112.088928 
112.099609 
112.110596 
112.121582 
112.131348 
112.140503 
112.149963 
112.159119 
112.169495 
112.179871 
112.190552 
112.200928 
112.211914 
112.222290 
112.232666 
112.243347 
112.254028 
112.263794 
112.274780 
112.285156 
112.295227 
112.304993 
112.314758 
112.324829 
112.335205 
112.347717 
112.359314 
112.370300 
112.380371 
112.391357 
112.401428 
112.411194 
112.421570 
112.431641 
112.442017 
112.453003 
112.463074 
112.473145 
112.483521 
112.494202 
112.504883 
112.516174 
112.527161 
112.537842 
112.546997 
112.556763 
112.565613 
112.575378 
112.586060 
112.596741 
112.607117 
112.618103 
112.628479 
112.639771 
112.650452 
112.660522 
112.671204 
112.681274 
112.691650 
112.702026 
112.712097 
112.721863 
112.731628 
112.741699 
112.752686 
112.764893 
112.776489 
112.787476 
112.797546 
112.808228 
112.818298 
112.828369 
112.838440 
112.848511 
112.858582 
112.868652 
112.879333 
112.889404 
112.900085 
112.910767 
112.921448 
112.932129 
112.943115 
112.953491 
112.963867 
112.972717 
112.981567 
112.991333 
113.002014 
113.012390 
113.022766 
113.033142 
113.043823 
113.055115 
113.064880 
113.075256 
113.085327 
113.094788 
113.104248 
113.113098 
113.121948 
113.129883 
113.138123 
113.145447 
113.153687 
113.161926 
113.169556 
113.177185 
113.182373 
113.187256 
113.192139 
113.195801 
113.199463 
113.202515 
113.205261 
113.207092 
113.208923 
113.210144 
113.211365 
113.211060 
113.211060 
113.210754 
113.209534 
113.208618 
113.205872 
113.201599 
113.197021 
113.192444 
113.187561 
113.182373 
113.177185 
113.170471 
113.164063 
113.157043 
113.149109 
113.140869 
113.132324 
113.123169 
113.113708 
113.103638 
113.093262 
113.082581 
113.071899 
113.060913 
113.050842 
113.041992 
113.031921 
113.021240 
113.010864 
112.999573 
112.987976 
112.976074 
112.965088 
112.953491 
112.942200 
112.930603 
112.919312 
112.907715 
112.896729 
112.885132 
112.874146 
112.863464 
112.853088 
112.841797 
112.830811 
112.817993 
112.806091 
112.794800 
112.783203 
112.772217 
112.760925 
112.750854 
112.740479 
112.730103 
112.719116 
112.708435 
112.698059 
112.687683 
112.676697 
112.665710 
112.655029 
112.644043 
112.632751 
112.621765 
112.611084 
112.602234 
112.593079 
112.582703 
112.572632 
112.561646 
112.550964 
112.540283 
112.529297 
112.518311 
112.508240 
112.497559 
112.486572 
112.475891 
112.465820 
112.455750 
112.445068 
112.434998 
112.425232 
112.415161 
112.404175 
112.392883 
112.380981 
112.369995 
112.359619 
112.348938 
112.338562 
112.329102 
112.318726 
112.308350 
112.298279 
112.287903 
112.277527 
112.267151 
112.256470 
112.245789 
112.235107 
112.224121 
112.213440 
112.203064 
112.192688 
112.184143 
112.174683 
112.165222 
112.154236 
112.144470 
112.133484 
112.123108 
112.112427 
112.101440 
112.090454 
112.080383 
112.069702 
112.059326 
112.049255 
112.038879 
112.028503 
112.018738 
112.008972 
111.998901 
111.987915 
111.976013 
111.965027 
111.953430 
111.943054 
111.932983 
111.922302 
111.912842 
111.902771 
111.892700 
111.882629 
111.872559 
111.861877 
111.851807 
111.841125 
111.830750 
111.820068 
111.809692 
111.798401 
111.787415 
111.777649 
111.768799 
111.759644 
111.749878 
111.739502 
111.729126 
111.719055 
111.708374 
111.697388 
111.687012 
111.676636 
111.665955 
111.655579 
111.645508 
111.634827 
111.624451 
111.614380 
111.604309 
111.594849 
111.585083 
111.573792 
111.562500 
111.551208 
111.540222 
111.529846 
111.519775 
111.509399 
111.499329 
111.489563 
111.479797 
111.469116 
111.459045 
111.448669 
111.438599 
111.428223 
111.418152 
111.407471 
111.396484 
111.385803 
111.374817 
111.365051 
111.356201 
111.347046 
111.337280 
111.327209 
111.316528 
111.306458 
111.296082 
111.285400 
111.274719 
111.264648 
111.253967 
111.243286 
111.232910 
111.222839 
111.212769 
111.202393 
111.193237 
111.183167 
111.173096 
111.162720 
111.150513 
111.139221 
111.128235 
111.117859 
111.108093 
111.097717 
111.087952 
111.078186 
111.068115 
111.058044 
111.047974 
111.037903 
111.027832 
111.017761 
111.007080 
110.996094 
110.985718 
110.975037 
110.964355 
110.953979 
110.945740 
110.936584 
110.926514 
110.916748 
110.906067 
110.895386 
110.885010 
110.874023 
110.863342 
110.852356 
110.841980 
110.830994 
110.820313 
110.810547 
110.799866 
110.789795 
110.780029 
110.770264 
110.760193 
110.749207 
110.737915 
110.726318 
110.715332 
110.704956 
110.693970 
110.684204 
110.674438 
110.664368 
110.653992 
110.644226 
110.634155 
110.623779 
110.613708 
110.603333 
110.592957 
110.582581 
110.571594 
110.560608 
110.550537 
110.539856 
110.531006 
110.522156 
110.512695 
110.502930 
110.491638 
110.481262 
110.471191 
110.460815 
110.449829 
110.439148 
110.429077 
110.418701 
110.408630 
110.398254 
110.387573 
110.377502 
110.367737 
110.357971 
110.348206 
110.337219 
110.326233 
110.314331 
110.303650 
110.293274 
110.283508 
110.272827 
110.263367 
110.253296 
110.242920 
110.233154 
110.223389 
110.213623 
110.203857 
110.195007 
110.185547 
110.177002 
110.168457 
110.160217 
110.152893 
110.146179 
110.141907 
110.137329 
110.132751 
110.128479 
110.124207 
110.120850 
110.117798 
110.114746 
110.112915 
110.111389 
110.110168 
110.109558 
110.109863 
110.109863 
110.111084 
110.112000 
110.114136 
110.116272 
110.119019 
110.121460 
110.123901 
110.126648 
110.130920 
110.136108 
110.142517 
110.149231 
110.156250 
110.164795 
110.173035 
110.181580 
110.190735 
110.199890 
110.209656 
110.219421 
110.229492 
110.239258 
110.249023 
110.259399 
110.269775 
110.280762 
110.293274 
110.305786 
110.317383 
110.328369 
110.339966 
110.350952 
110.362549 
110.373840 
110.384216 
110.395813 
110.406799 
110.417480 
110.428772 
110.439453 
110.450439 
110.461121 
110.472107 
110.482788 
110.493774 
110.503540 
110.512390 
110.521240 
110.530701 
110.541077 
110.551758 
110.562439 
110.572205 
110.582886 
110.593567 
110.603333 
110.614014 
110.624390 
110.634766 
110.644836 
110.654297 
110.664368 
110.674133 
110.683899 
110.694275 
110.704346 
110.716553 
110.727539 
110.738525 
110.748901 
110.758972 
110.768738 
110.778809 
110.788879 
110.798340 
110.808716 
110.818481 
110.828552 
110.839233 
110.848999 
110.859375 
110.869751 
110.880432 
110.891113 
110.901489 
110.911255 
110.920105 
110.929260 
110.939026 
110.948792 
110.959167 
110.969238 
110.980225 
110.991211 
111.001282 
111.011658 
111.022339 
111.032715 
111.042786 
111.053162 
111.063232 
111.072998 
111.082764 
111.092529 
111.102600 
111.112976 
111.124573 
111.136169 
111.146851 
111.156921 
111.167297 
111.177673 
111.187439 
111.197510 
111.207581 
111.217346 
111.228333 
111.238098 
111.248474 
111.258850 
111.269836 
111.279907 
111.290588 
111.301575 
111.312256 
111.321716 
111.331482 
111.340942 
111.350098 
111.360474 
111.370850 
111.381226 
111.391907 
111.402588 
111.412964 
111.423340 
111.433716 
111.443787 
111.454468 
111.464844 
111.474304 
111.484680 
111.494446 
111.504517 
111.514587 
111.525269 
111.536560 
111.548157 
111.558838 
111.569519 
111.579590 
111.589050 
111.599426 
111.609192 
111.618958 
111.629333 
111.639404 
111.649475 
111.659546 
111.669922 
111.680298 
111.690979 
111.701050 
111.712036 
111.722412 
111.732483 
111.741333 
111.750183 
111.759949 
111.770020 
111.780701 
111.790466 
111.801453 
111.812134 
111.822205 
111.832581 
111.843262 
111.853638 
111.863708 
111.874084 
111.884155 
111.893921 
111.903687 
111.913147 
111.923523 
111.933899 
111.946106 
111.957092 
111.968079 
111.978760 
111.988831 
111.998596 
112.008667 
112.019043 
112.028198 
112.038879 
112.048645 
112.058716 
112.068787 
112.079163 
112.089233 
112.099609 
112.110901 
112.121277 
112.131958 
112.141724 
112.150574 
112.159424 
112.168884 
112.179260 
112.189636 
112.200012 
112.210693 
112.220764 
112.231445 
112.242126 
112.252197 
112.262573 
112.273254 
112.283325 
112.293396 
112.303162 
112.313232 
112.322693 
112.332764 
112.343140 
112.355042 
112.366333 
112.377014 
112.387390 
112.397461 
112.407532 
112.417297 
112.427673 
112.437744 
112.447815 
112.457886 
112.467651 
112.477722 
112.488403 
112.498779 
112.509155 
112.519836 
112.530212 
112.540588 
112.550659 
112.559509 
112.568665 
112.577820 
112.588501 
112.598877 
112.608643 
112.619629 
112.629700 
112.640381 
112.651062 
112.660828 
112.671204 
112.681580 
112.691650 
112.701416 
112.711487 
112.721558 
112.731018 
112.741394 
112.751770 
112.763672 
112.774963 
112.785950 
112.796326 
112.806091 
112.816467 
112.826233 
112.836304 
112.845764 
112.855835 
112.865906 
112.875671 
112.886047 
112.897034 
112.907104 
112.917480 
112.928162 
112.938843 
112.949829 
112.959290 
112.967834 
112.977295 
112.986755 
112.996826 
113.007202 
113.017578 
113.028259 
113.038635 
113.049011 
113.059387 
113.069458 
113.079529 
113.089294 
113.098450 
113.107605 
113.115540 
113.123474 
113.131104 
113.138123 
113.146057 
113.153687 
113.160706 
113.167419 
113.172913 
113.177185 
113.181458 
113.185120 
113.187866 
113.190308 
113.192444 
113.193359 
113.194885 
113.195801 
113.195801 
113.195496 
113.195801 
113.194275 
113.193054 
113.191833 
113.188477 
113.184204 
113.179321 
113.174438 
113.169250 
113.164063 
113.158264 
113.151550 
113.144836 
113.136902 
113.128967 
113.120728 
113.111267 
113.102112 
113.092346 
113.081970 
113.071289 
113.061218 
113.049316 
113.038025 
113.027954 
113.018188 
113.008423 
112.998047 
112.986755 
112.975464 
112.964783 
112.953186 
112.941895 
112.930603 
112.919312 
112.908630 
112.897339 
112.886047 
112.875366 
112.864685 
112.854919 
112.844543 
112.834167 
112.823792 
112.813110 
112.800903 
112.789001 
112.778320 
112.767334 
112.757263 
112.746887 
112.736511 
112.726135 
112.715759 
112.705994 
112.695313 
112.685242 
112.674866 
112.664490 
112.654114 
112.642822 
112.632446 
112.621460 
112.611084 
112.600708 
112.591858 
112.582397 
112.572632 
112.562561 
112.552185 
112.541809 
112.531433 
112.520752 
112.509460 
112.499390 
112.488708 
112.478333 
112.468262 
112.457886 
112.447815 
112.437744 
112.428284 
112.417908 
112.407837 
112.397156 
112.385559 
112.373962 
112.362976 
112.352600 
112.342834 
112.332458 
112.322693 
112.312622 
112.302551 
112.292480 
112.281799 
112.272034 
112.261658 
112.251282 
112.240295 
112.230225 
112.219543 
112.208557 
112.197876 
112.188110 
112.178955 
112.170105 
112.160339 
112.150269 
112.139587 
112.129517 
112.118530 
112.107849 
112.097473 
112.086792 
112.076416 
112.066345 
112.055664 
112.045593 
112.035522 
112.025146 
112.015686 
112.005920 
111.995544 
111.984863 
111.973572 
111.961670 
111.950684 
111.940308 
111.930237 
111.919861 
111.910095 
111.900330 
111.889954 
111.880188 
111.869812 
111.859741 
111.849670 
111.839294 
111.828918 
111.818237 
111.807556 
111.796570 
111.785583 
111.776428 
111.767273 
111.758118 
111.748657 
111.738586 
111.726685 
111.716919 
111.706543 
111.695862 
111.685486 
111.675110 
111.664734 
111.653748 
111.643982 
111.633606 
111.622925 
111.613159 
111.603088 
111.593628 
111.583557 
111.572876 
111.561584 
111.550293 
111.539307 
111.528320 
111.518250 
111.508484 
111.498413 
111.488647 
111.478271 
111.467896 
111.458435 
111.448059 
111.437378 
111.427612 
111.416931 
111.406250 
111.395874 
111.385193 
111.374512 
111.365051 
111.355896 
111.346741 
111.337280 
111.326599 
111.316223 
111.305542 
111.295471 
111.284790 
111.274109 
111.264038 
111.253357 
111.242981 
111.232605 
111.222534 
111.212158 
111.202087 
111.192322 
111.182861 
111.172180 
111.161499 
111.150208 
111.138916 
111.127930 
111.117554 
111.107178 
111.097412 
111.087646 
111.077881 
111.067505 
111.057739 
111.047668 
111.037598 
111.027527 
111.016846 
111.006165 
110.995483 
110.985107 
110.974426 
110.963745 
110.953674 
110.945129 
110.935669 
110.925903 
110.915833 
110.905457 
110.895081 
110.884399 
110.873413 
110.862732 
110.852356 
110.841675 
110.831299 
110.820618 
110.810852 
110.800171 
110.790100 
110.780640 
110.770874 
110.760193 
110.750122 
110.738831 
110.726929 
110.715942 
110.706177 
110.695190 
110.684814 
110.675049 
110.665283 
110.655212 
110.645447 
110.635071 
110.625000 
110.614624 
110.604553 
110.593567 
110.583496 
110.572815 
110.561523 
110.551453 
110.541077 
110.532227 
110.522766 
110.513306 
110.503235 
110.492859 
110.482178 
110.471802 
110.461121 
110.450439 
110.440063 
110.429993 
110.419617 
110.409241 
110.399170 
110.388489 
110.378723 
110.368652 
110.359192 
110.348816 
110.338135 
110.327148 
110.315247 
110.304260 
110.294495 
110.283813 
110.274048 
110.263977 
110.254211 
110.243835 
110.234375 
110.224304 
110.214539 
110.204773 
110.195618 
110.187073 
110.177612 
110.169373 
110.161133 
110.153503 
110.147095 
110.142517 
110.137634 
110.133057 
110.129089 
110.124512 
110.121155 
110.117798 
110.114746 
110.112915 
110.111694 
110.109863 
110.109253 
110.109558 
110.109863 
110.110779 
110.112305 
110.113831 
110.116882 
110.119324 
110.122070 
110.123596 
110.126953 
110.131226 
110.136414 
110.142517 
110.149536 
110.156860 
110.165100 
110.173645 
110.182495 
110.191956 
110.201416 
110.211182 
110.221252 
110.231628 
110.241089 
110.251465 
110.261841 
110.272217 
110.283813 
110.296021 
110.308228 
110.319519 
110.330811 
110.341797 
110.352478 
110.363464 
110.373840 
110.384216 
110.395203 
110.405579 
110.416870 
110.426331 
110.437622 
110.447693 
110.458374 
110.469360 
110.479736 
110.490417 
110.499878 
110.509033 
110.518188 
110.527649 
110.537720 
110.548401 
110.558472 
110.569153 
110.579834 
110.589905 
110.600891 
110.611572 
110.621643 
110.631714 
110.641785 
110.652161 
110.661926 
110.671997 
110.681763 
110.691833 
110.702209 
110.713806 
110.725708 
110.736389 
110.746765 
110.756836 
110.766907 
110.776672 
110.787048 
110.796509 
110.806580 
110.816956 
110.826721 
110.836487 
110.847168 
110.857239 
110.868225 
110.879211 
110.889893 
110.899963 
110.910339 
110.918884 
110.927734 
110.937805 
110.947876 
110.957642 
110.968628 
110.979309 
110.989380 
111.000061 
111.010437 
111.020813 
111.031494 
111.041870 
111.052246 
111.062012 
111.071777 
111.081543 
111.091614 
111.101685 
111.112061 
111.123352 
111.134949 
111.145935 
111.156311 
111.166077 
111.177063 
111.186829 
111.196594 
111.206665 
111.216736 
111.226501 
111.236572 
111.247253 
111.257629 
111.268005 
111.278381 
111.289063 
111.299744 
111.310425 
111.320190 
111.329651 
111.338806 
111.348572 
111.358948 
111.369324 
111.379700 
111.390381 
111.400146 
111.411133 
111.421814 
111.431885 
111.442566 
111.452942 
111.463013 
111.473083 
111.483154 
111.493530 
111.502991 
111.512451 
111.523438 
111.535339 
111.546631 
111.557312 
111.567688 
111.577759 
111.587524 
111.597900 
111.607361 
111.617432 
111.627808 
111.637878 
111.647949 
111.658630 
111.668701 
111.678772 
111.689453 
111.700134 
111.710815 
111.721191 
111.730957 
111.739807 
111.748962 
111.758728 
111.768799 
111.778870 
111.789246 
111.799927 
111.810608 
111.821594 
111.831665 
111.842041 
111.852722 
111.862793 
111.873169 
111.883240 
111.893005 
111.903076 
111.912537 
111.922302 
111.933289 
111.945190 
111.956787 
111.967468 
111.977844 
111.987915 
111.997986 
112.008057 
112.017822 
112.027893 
112.037964 
112.048035 
112.058105 
112.068176 
112.078552 
112.088623 
112.099304 
112.110291 
112.120972 
112.131653 
112.141418 
112.149963 
112.159119 
112.168884 
112.179260 
112.189026 
112.199707 
112.210083 
112.220764 
112.231445 
112.241821 
112.252502 
112.262573 
112.273254 
112.283325 
112.293396 
112.303467 
112.313538 
112.322998 
112.333069 
112.344055 
112.355347 
112.366943 
112.377319 
112.388000 
112.397766 
112.408142 
112.418213 
112.428284 
112.438354 
112.448425 
112.458191 
112.468567 
112.478638 
112.489014 
112.499084 
112.509460 
112.520142 
112.531128 
112.541504 
112.551270 
112.559814 
112.569275 
112.579041 
112.589111 
112.599487 
112.609863 
112.620544 
112.630615 
112.641602 
112.651978 
112.662048 
112.672119 
112.682800 
112.692566 
112.702942 
112.713013 
112.723083 
112.732239 
112.742310 
112.752991 
112.764587 
112.775574 
112.786560 
112.796631 
112.806396 
112.817078 
112.826538 
112.836304 
112.846375 
112.856140 
112.866516 
112.876587 
112.886353 
112.896729 
112.906799 
112.917480 
112.927856 
112.938538 
112.949219 
112.958679 
112.967529 
112.976379 
112.985840 
112.995911 
113.006592 
113.016357 
113.027039 
113.037415 
113.048096 
113.058472 
113.068542 
113.078003 
113.087769 
113.097229 
113.106079 
113.114929 
113.122864 
113.130188 
113.137512 
113.145142 
113.153076 
113.160706 
113.166809 
113.172302 
113.176575 
113.180847 
113.184204 
113.186951 
113.189392 
113.191528 
113.192749 
113.193970 
113.194275 
113.194885 
113.194275 
113.193970 
113.192749 
113.191833 
113.190002 
113.186951 
113.182373 
113.177185 
113.172302 
113.167419 
113.161621 
113.156128 
113.149109 
113.142395 
113.134460 
113.126526 
113.117676 
113.108826 
113.099365 
113.089600 
113.079529 
113.068237 
113.056946 
113.046265 
113.034973 
113.024292 
113.014832 
113.005066 
112.994995 
112.984009 
112.972717 
112.961426 
112.950439 
112.939148 
112.927856 
112.916870 
112.906799 
112.895203 
112.884521 
112.873840 
112.863464 
112.852783 
112.842712 
112.832642 
112.822571 
112.811584 
112.799683 
112.788086 
112.777100 
112.766724 
112.756348 
112.746277 
112.735596 
112.725525 
112.715149 
112.705078 
112.695313 
112.684937 
112.674561 
112.664185 
112.653503 
112.642822 
112.632141 
112.621765 
112.610779 
112.601013 
112.592468 
112.583313 
112.572632 
112.562561 
112.552795 
112.542114 
112.531128 
112.521057 
112.510376 
112.500000 
112.489624 
112.479248 
112.468872 
112.458496 
112.448425 
112.438354 
112.428589 
112.418518 
112.408447 
112.397461 
112.385864 
112.374573 
112.363586 
112.353821 
112.343140 
112.333069 
112.322693 
112.313232 
112.303162 
112.293091 
112.282715 
112.272949 
112.262573 
112.251892 
112.241516 
112.230835 
112.220459 
112.209778 
112.198792 
112.189026 
112.180481 
112.171021 
112.161560 
112.151184 
112.140808 
112.130737 
112.120056 
112.109070 
112.098694 
112.088318 
112.077637 
112.067261 
112.056580 
112.046509 
112.036438 
112.026367 
112.016907 
112.006531 
111.997070 
111.985779 
111.974487 
111.963501 
111.951904 
111.941223 
111.931458 
111.921082 
111.911316 
111.901550 
111.891479 
111.881409 
111.871033 
111.861267 
111.850586 
111.840515 
111.830139 
111.819458 
111.808777 
111.797791 
111.786804 
111.777344 
111.768799 
111.759338 
111.749268 
111.739502 
111.729126 
111.718445 
111.708069 
111.697998 
111.687012 
111.676636 
111.666260 
111.656189 
111.645508 
111.635437 
111.624756 
111.614685 
111.604614 
111.595154 
111.585388 
111.574402 
111.562805 
111.551514 
111.540222 
111.530151 
111.519775 
111.509399 
111.499939 
111.489563 
111.479797 
111.469421 
111.459351 
111.449280 
111.438904 
111.428833 
111.418457 
111.407471 
111.397400 
111.386414 
111.376038 
111.366272 
111.358032 
111.348572 
111.338196 
111.327820 
111.317749 
111.307373 
111.296997 
111.286621 
111.275635 
111.265259 
111.254578 
111.244202 
111.234131 
111.224060 
111.213684 
111.203613 
111.193542 
111.184082 
111.174011 
111.163025 
111.151733 
111.140137 
111.129456 
111.119080 
111.109009 
111.098938 
111.088867 
111.078796 
111.069031 
111.058960 
111.048584 
111.038818 
111.028748 
111.018066 
111.007385 
110.997009 
110.986023 
110.975647 
110.964966 
110.955200 
110.946350 
110.937195 
110.927429 
110.917358 
110.906677 
110.895996 
110.885925 
110.874939 
110.864563 
110.853882 
110.843201 
110.833130 
110.822449 
110.812073 
110.802307 
110.791931 
110.782166 
110.772705 
110.762024 
110.751343 
110.740356 
110.728455 
110.717773 
110.707703 
110.697327 
110.686951 
110.676880 
110.666809 
110.656738 
110.646667 
110.636597 
110.626221 
110.616150 
110.606079 
110.595093 
110.584717 
110.574341 
110.563354 
110.553284 
110.542908 
110.534058 
110.524902 
110.515137 
110.504761 
110.494385 
110.484009 
110.473328 
110.463257 
110.452576 
110.441895 
110.431213 
110.421143 
110.410461 
110.401001 
110.390320 
110.379944 
110.370178 
110.360718 
110.350647 
110.339661 
110.328369 
110.317078 
110.306091 
110.296021 
110.285645 
110.275574 
110.265503 
110.255737 
110.245972 
110.235596 
110.225525 
110.216064 
110.206909 
110.197144 
110.187683 
110.178833 
110.170288 
110.162048 
110.154114 
110.148010 
110.143433 
110.138550 
110.133667 
110.129395 
110.125427 
110.121460 
110.118103 
110.115051 
110.112915 
110.111389 
110.109558 
110.109253 
110.109558 
110.109558 
110.110474 
110.112610 
110.114136 
110.115967 
110.119019 
110.121460 
110.123596 
110.126343 
110.130920 
110.135803 
110.141907 
110.149231 
110.156555 
110.164490 
110.173035 
110.181885 
110.191040 
110.200806 
110.210571 
110.220337 
110.230713 
110.241394 
110.251465 
110.261230 
110.272217 
110.283508 
110.295715 
110.307617 
110.318909 
110.330200 
110.340576 
110.351563 
110.362244 
110.372314 
110.383301 
110.393677 
110.404663 
110.415039 
110.425110 
110.435791 
110.446167 
110.457153 
110.467224 
110.477905 
110.488892 
110.498352 
110.507507 
110.516052 
110.526123 
110.536499 
110.546265 
110.557251 
110.567932 
110.578308 
110.588684 
110.599670 
110.609741 
110.620117 
110.630493 
110.640259 
110.650635 
110.660400 
110.670471 
110.680237 
110.690308 
110.701294 
110.712891 
110.724182 
110.735168 
110.745239 
110.755310 
110.765686 
110.775452 
110.785217 
110.794983 
110.805359 
110.815430 
110.825500 
110.835571 
110.845947 
110.856323 
110.867004 
110.877991 
110.888672 
110.899048 
110.908508 
110.917664 
110.926514 
110.936584 
110.946655 
110.957031 
110.967407 
110.978088 
110.988770 
110.998840 
111.009216 
111.019592 
111.030273 
111.040649 
111.050415 
111.060791 
111.070557 
111.080627 
111.089783 
111.099854 
111.111145 
111.122131 
111.134033 
111.144714 
111.154785 
111.164856 
111.175232 
111.185608 
111.195068 
111.205139 
111.215210 
111.225586 
111.235657 
111.245728 
111.256409 
111.266479 
111.277161 
111.287537 
111.298523 
111.309509 
111.318970 
111.327820 
111.337280 
111.346741 
111.357117 
111.367493 
111.377869 
111.388550 
111.399536 
111.409607 
111.420593 
111.430664 
111.441040 
111.451111 
111.461487 
111.471558 
111.481323 
111.491699 
111.501465 
111.511230 
111.521912 
111.534119 
111.545105 
111.555786 
111.566162 
111.575623 
111.586914 
111.596375 
111.606445 
111.616211 
111.626282 
111.636353 
111.646729 
111.657104 
111.667480 
111.677551 
111.687927 
111.698914 
111.709290 
111.719971 
111.729431 
111.738586 
111.747437 
111.757202 
111.767273 
111.777649 
111.788330 
111.799011 
111.809692 
111.820068 
111.830139 
111.841125 
111.851196 
111.861572 
111.871643 
111.882019 
111.891785 
111.901245 
111.911316 
111.921082 
111.931763 
111.943359 
111.954956 
111.966248 
111.976318 
111.986389 
111.996460 
112.006531 
112.016602 
112.026367 
112.036133 
112.046509 
112.056885 
112.066650 
112.077026 
112.087097 
112.097473 
112.108765 
112.120056 
112.130127 
112.139893 
112.149048 
112.157898 
112.167358 
112.177429 
112.188110 
112.198181 
112.208862 
112.219238 
112.230225 
112.240601 
112.250671 
112.261658 
112.271729 
112.281494 
112.292175 
112.301941 
112.311707 
112.320862 
112.331238 
112.341919 
112.353516 
112.365417 
112.376099 
112.386169 
112.396545 
112.406616 
112.416382 
112.426147 
112.436829 
112.446289 
112.456665 
112.467041 
112.477112 
112.486877 
112.497253 
112.508240 
112.518311 
112.529297 
112.539673 
112.549133 
112.558594 
112.567139 
112.577209 
112.587280 
112.598267 
112.608337 
112.618713 
112.629700 
112.639771 
112.650452 
112.660522 
112.670898 
112.681274 
112.691040 
112.701111 
112.711182 
112.720947 
112.730408 
112.741089 
112.752075 
112.763062 
112.774658 
112.785645 
112.795715 
112.806091 
112.815857 
112.825928 
112.835388 
112.845459 
112.855530 
112.865601 
112.875671 
112.886047 
112.896118 
112.906799 
112.917175 
112.927551 
112.938538 
112.948914 
112.958374 
112.966919 
112.976379 
112.986145 
112.995911 
113.006287 
113.016663 
113.026733 
113.037109 
113.047485 
113.057556 
113.068237 
113.077698 
113.087158 
113.096008 
113.105164 
113.113708 
113.121643 
113.129272 
113.136292 
113.143921 
113.151855 
113.159485 
113.165588 
113.170776 
113.175659 
113.179321 
113.182983 
113.185730 
113.187561 
113.190308 
113.191833 
113.192749 
113.193665 
113.193665 
113.193359 
113.193359 
113.192139 
113.190918 
113.189392 
113.186340 
113.182068 
113.177185 
113.172302 
113.167725 
113.161926 
113.156433 
113.150024 
113.143005 
113.135376 
113.127441 
113.118896 
113.109741 
113.100586 
113.090515 
113.080750 
113.070374 
113.059082 
113.047485 
113.036499 
113.026123 
113.016663 
113.006897 
112.996826 
112.985535 
112.974243 
112.963257 
112.951965 
112.940979 
112.929993 
112.918396 
112.907715 
112.896729 
112.885742 
112.875061 
112.864685 
112.854614 
112.844543 
112.834473 
112.824097 
112.813110 
112.800903 
112.789612 
112.778625 
112.768250 
112.757568 
112.747803 
112.737122 
112.727356 
112.716980 
112.706604 
112.696533 
112.686157 
112.675781 
112.665710 
112.655029 
112.644653 
112.634277 
112.622375 
112.612305 
112.602539 
112.593994 
112.584534 
112.574768 
112.563782 
112.554016 
112.543335 
112.533264 
112.522278 
112.511902 
112.501526 
112.490845 
112.480774 
112.470398 
112.460022 
112.449951 
112.439575 
112.429504 
112.420044 
112.409973 
112.398987 
112.387695 
112.375793 
112.365112 
112.355042 
112.344666 
112.334595 
112.324829 
112.315063 
112.304688 
112.294617 
112.284546 
112.274475 
112.263794 
112.254028 
112.242737 
112.232361 
112.221985 
112.211304 
112.200317 
112.190552 
112.181702 
112.172852 
112.163086 
112.153015 
112.142639 
112.131958 
112.121582 
112.110901 
112.100220 
112.089539 
112.079163 
112.068787 
112.058105 
112.048035 
112.037659 
112.027893 
112.018127 
112.008362 
111.998291 
111.987610 
111.976013 
111.964417 
111.953430 
111.943054 
111.932983 
111.922607 
111.912842 
111.902771 
111.892700 
111.882324 
111.872253 
111.862488 
111.852112 
111.842041 
111.831665 
111.820679 
111.809998 
111.799011 
111.788635 
111.778870 
111.770325 
111.760559 
111.750488 
111.741638 
111.730652 
111.720276 
111.709595 
111.699219 
111.688232 
111.678162 
111.667786 
111.657104 
111.646729 
111.636353 
111.626282 
111.615601 
111.606445 
111.596069 
111.586609 
111.575623 
111.564026 
111.552429 
111.541748 
111.531372 
111.521301 
111.511536 
111.501160 
111.491089 
111.481018 
111.470947 
111.460876 
111.450806 
111.440735 
111.429749 
111.419678 
111.409302 
111.398315 
111.387634 
111.376648 
111.367493 
111.358643 
111.350098 
111.340027 
111.329346 
111.319275 
111.308289 
111.297913 
111.287842 
111.277161 
111.266479 
111.256104 
111.245422 
111.235352 
111.224976 
111.215210 
111.205139 
111.195068 
111.185608 
111.175232 
111.164246 
111.152954 
111.141357 
111.130371 
111.120300 
111.110229 
111.099854 
111.090393 
111.080017 
111.069946 
111.060181 
111.050110 
111.040344 
111.029968 
111.019287 
111.008606 
110.998230 
110.987549 
110.976868 
110.966492 
110.956726 
110.947571 
110.938721 
110.928955 
110.918579 
110.908203 
110.897522 
110.887451 
110.876770 
110.865784 
110.855103 
110.844727 
110.834656 
110.824280 
110.813599 
110.803528 
110.793762 
110.783691 
110.773926 
110.763550 
110.753174 
110.741577 
110.729675 
110.719299 
110.708618 
110.698547 
110.688477 
110.678101 
110.668335 
110.658569 
110.648193 
110.638123 
110.627747 
110.617676 
110.606995 
110.596924 
110.586243 
110.575256 
110.564575 
110.554504 
110.544128 
110.534973 
110.526123 
110.516663 
110.506287 
110.495605 
110.485229 
110.474854 
110.464172 
110.453491 
110.443420 
110.432739 
110.422363 
110.412598 
110.401917 
110.391846 
110.381775 
110.372009 
110.361633 
110.351868 
110.340881 
110.329285 
110.317993 
110.307312 
110.296936 
110.286865 
110.276794 
110.266724 
110.256958 
110.247192 
110.237122 
110.227051 
110.217285 
110.207825 
110.198364 
110.189209 
110.180054 
110.171509 
110.162964 
110.155334 
110.149231 
110.144043 
110.139771 
110.134583 
110.130005 
110.125732 
110.121765 
110.118408 
110.115356 
110.113220 
110.111084 
110.110168 
110.109253 
110.109253 
110.109558 
110.110168 
110.111694 
110.113831 
110.116272 
110.119019 
110.120544 
110.122681 
110.126343 
110.130615 
110.135803 
110.141602 
110.148621 
110.155640 
110.163879 
110.172424 
110.180969 
110.190125 
110.199890 
110.209656 
110.219116 
110.229492 
110.240173 
110.250244 
110.260315 
110.270691 
110.282288 
110.294495 
110.307312 
110.317993 
110.328979 
110.340271 
110.350342 
110.360718 
110.371704 
110.381775 
110.392151 
110.403137 
110.413208 
110.423279 
110.433960 
110.444641 
110.455017 
110.465698 
110.476685 
110.487061 
110.497131 
110.505981 
110.515137 
110.524292 
110.534668 
110.545349 
110.556030 
110.566406 
110.576782 
110.587463 
110.597534 
110.607910 
110.618896 
110.628967 
110.639038 
110.649414 
110.659180 
110.668640 
110.678406 
110.688782 
110.699463 
110.711365 
110.722656 
110.733643 
110.743408 
110.753784 
110.764160 
110.773926 
110.783691 
110.794067 
110.803833 
110.813904 
110.824280 
110.834045 
110.844421 
110.855103 
110.866089 
110.876160 
110.886536 
110.897217 
110.907288 
110.915833 
110.925293 
110.934753 
110.945129 
110.955505 
110.965881 
110.976257 
110.986633 
110.997314 
111.007385 
111.018372 
111.028442 
111.038818 
111.048889 
111.059570 
111.069031 
111.078796 
111.088562 
111.098328 
111.109619 
111.120911 
111.132202 
111.143188 
111.153564 
111.163635 
111.173706 
111.184082 
111.193542 
111.204224 
111.213989 
111.224060 
111.234131 
111.244202 
111.254883 
111.264954 
111.275940 
111.286316 
111.297302 
111.307983 
111.317444 
111.326599 
111.335754 
111.345825 
111.355591 
111.365967 
111.376648 
111.387024 
111.397400 
111.408081 
111.418152 
111.428833 
111.439819 
111.449585 
111.459961 
111.470642 
111.479797 
111.489868 
111.499939 
111.510010 
111.520996 
111.532288 
111.543884 
111.554565 
111.564636 
111.575317 
111.585083 
111.595154 
111.604614 
111.614990 
111.625061 
111.634827 
111.645508 
111.655579 
111.665955 
111.676331 
111.686401 
111.697388 
111.707764 
111.718750 
111.728210 
111.737366 
111.745911 
111.755981 
111.766052 
111.776123 
111.786499 
111.797485 
111.808167 
111.818848 
111.828918 
111.839600 
111.849670 
111.859741 
111.870422 
111.880493 
111.890259 
111.900024 
111.909485 
111.919556 
111.930847 
111.941833 
111.953430 
111.964722 
111.974792 
111.984863 
111.994934 
112.005615 
112.014771 
112.024536 
112.035217 
112.045288 
112.055359 
112.065430 
112.075806 
112.086182 
112.096863 
112.107239 
112.118530 
112.128601 
112.138672 
112.147217 
112.156372 
112.166138 
112.176514 
112.186584 
112.197571 
112.207642 
112.218323 
112.228699 
112.239075 
112.249756 
112.259521 
112.270508 
112.280579 
112.290955 
112.301025 
112.310486 
112.319946 
112.330322 
112.341309 
112.352600 
112.363586 
112.374878 
112.384949 
112.395020 
112.405396 
112.415161 
112.424927 
112.435303 
112.445679 
112.455444 
112.465210 
112.475891 
112.485962 
112.496643 
112.507019 
112.517395 
112.528076 
112.538757 
112.548523 
112.557373 
112.566528 
112.575684 
112.586670 
112.596741 
112.607117 
112.618103 
112.628479 
112.638550 
112.649231 
112.659607 
112.669983 
112.680054 
112.690430 
112.700195 
112.710266 
112.720032 
112.729492 
112.739868 
112.750854 
112.762451 
112.773438 
112.783813 
112.794495 
112.804260 
112.814026 
112.824097 
112.834167 
112.843628 
112.854309 
112.864075 
112.874146 
112.884521 
112.894592 
112.905579 
112.915649 
112.926636 
112.937012 
112.947388 
112.957153 
112.966003 
112.975159 
112.985229 
112.995605 
113.005371 
113.015442 
113.026123 
113.036499 
113.046570 
113.057556 
113.067322 
113.077087 
113.086853 
113.095703 
113.104553 
113.113403 
113.121033 
113.128967 
113.136292 
113.143616 
113.152161 
113.159485 
113.165588 
113.171082 
113.175964 
113.179932 
113.182983 
113.186340 
113.188477 
113.190613 
113.192139 
113.193359 
113.193359 
113.194275 
113.193970 
113.193359 
113.192749 
113.191833 
113.189697 
113.186646 
113.182373 
113.177490 
113.172913 
113.168030 
113.162842 
113.156738 
113.150024 
113.143311 
113.135986 
113.128052 
113.119507 
113.110352 
113.100891 
113.091125 
113.081360 
113.070374 
113.059387 
113.048401 
113.037109 
113.026733 
113.017273 
113.007202 
112.996826 
112.985840 
112.974854 
112.963562 
112.952271 
112.941284 
112.930298 
112.918701 
112.908020 
112.897644 
112.886353 
112.875671 
112.864990 
112.855225 
112.844849 
112.835083 
112.824707 
112.813721 
112.801819 
112.790222 
112.779541 
112.769165 
112.758789 
112.748718 
112.738342 
112.728271 
112.717590 
112.707520 
112.697754 
112.687378 
112.677002 
112.666626 
112.655945 
112.645569 
112.634888 
112.624207 
112.613525 
112.603760 
112.594910 
112.586060 
112.575989 
112.565613 
112.555237 
112.544861 
112.534180 
112.523193 
112.512817 
112.502441 
112.492065 
112.481689 
112.471313 
112.460938 
112.450256 
112.441101 
112.431030 
112.421265 
112.411194 
112.399902 
112.388611 
112.377014 
112.366638 
112.355957 
112.346191 
112.336121 
112.326050 
112.315979 
112.305908 
112.296143 
112.285767 
112.275696 
112.265320 
112.254639 
112.244263 
112.233887 
112.222595 
112.212219 
112.201538 
112.192078 
112.183228 
112.173767 
112.164307 
112.153931 
112.143555 
112.132874 
112.122803 
112.111206 
112.100830 
112.091064 
112.080383 
112.069702 
112.059631 
112.049866 
112.039185 
112.029419 
112.019348 
112.009583 
111.999512 
111.989136 
111.977234 
111.965637 
111.954651 
111.944275 
111.934509 
111.924438 
111.914063 
111.903687 
111.894226 
111.884155 
111.873779 
111.864014 
111.853638 
111.843567 
111.833191 
111.822205 
111.811523 
111.800537 
111.790161 
111.780090 
111.771851 
111.762390 
111.752625 
111.742554 
111.731873 
111.721497 
111.710815 
111.700134 
111.689453 
111.679382 
111.669312 
111.658325 
111.647644 
111.637878 
111.627197 
111.617432 
111.607361 
111.597900 
111.587524 
111.576843 
111.565552 
111.553650 
111.543274 
111.532593 
111.522827 
111.512451 
111.502686 
111.492310 
111.482544 
111.472778 
111.462708 
111.452332 
111.441956 
111.431274 
111.421204 
111.410828 
111.400146 
111.389160 
111.378784 
111.368713 
111.360168 
111.350708 
111.341553 
111.331177 
111.320496 
111.310120 
111.299438 
111.288757 
111.278076 
111.268311 
111.257629 
111.246948 
111.236877 
111.226501 
111.216431 
111.206055 
111.196594 
111.186523 
111.176758 
111.165466 
111.153870 
111.142578 
111.131897 
111.121826 
111.111450 
111.101685 
111.091309 
111.081543 
111.071777 
111.061707 
111.051636 
111.040955 
111.031189 
111.020813 
111.009827 
110.999756 
110.989075 
110.978088 
110.967407 
110.957947 
110.948792 
110.939941 
110.930176 
110.920105 
110.909729 
110.899353 
110.888672 
110.877991 
110.867310 
110.856628 
110.845947 
110.835876 
110.825500 
110.815125 
110.805054 
110.794983 
110.785217 
110.774841 
110.764771 
110.754089 
110.742493 
110.731201 
110.720215 
110.710144 
110.700073 
110.689087 
110.679626 
110.669861 
110.659485 
110.649414 
110.639038 
110.628967 
110.619202 
110.608826 
110.598450 
110.588074 
110.576782 
110.565796 
110.555725 
110.545654 
110.536499 
110.527954 
110.518188 
110.508118 
110.496826 
110.486755 
110.476074 
110.465393 
110.455322 
110.445251 
110.434570 
110.423889 
110.413513 
110.403748 
110.393372 
110.382996 
110.373230 
110.363159 
110.353394 
110.342407 
110.330811 
110.319519 
110.308838 
110.298767 
110.288391 
110.278625 
110.268555 
110.258179 
110.248413 
110.238953 
110.228577 
110.218506 
110.209045 
110.199890 
110.190125 
110.181274 
110.173035 
110.164185 
110.156555 
110.149841 
110.144653 
110.140381 
110.135498 
110.130615 
110.126343 
110.122070 
110.118713 
110.115662 
110.113220 
110.111084 
110.109863 
110.108643 
110.107422 
110.107727 
110.107422 
110.107727 
110.108032 
110.108337 
110.109253 
110.108643 
110.106812 
110.106201 
110.105896 
110.106201 
110.105896 
110.106506 
110.106812 
110.106812 
110.107422 
110.107422 
110.107727 
110.107727 
110.107727 
110.108337 
110.108032 
110.108032 
110.107422 
110.107117 
110.107117 
110.107422 
110.109253 
110.110779 
110.111084 
110.111084 
110.111389 
110.111389 
110.110779 
110.110474 
110.110168 
110.110474 
110.110474 
110.110779 
110.110779 
110.110168 
110.111389 
110.111084 
110.111389 
110.112000 
110.111694 
110.111694 
110.109863 
110.109558 
110.108337 
110.108948 
110.108643 
110.109253 
110.109558 
110.109863 
110.110168 
110.110168 
110.109863 
110.110168 
110.110168 
110.110474 
110.109558 
110.109558 
110.108948 
110.108948 
110.108032 
110.109253 
110.110474 
110.111694 
110.112305 
110.112000 
110.111694 
110.111694 
110.111389 
110.111389 
110.111084 
110.111389 
110.110779 
110.111389 
110.111084 
110.111084 
110.111084 
110.111389 
110.112000 
110.112305 
110.112610 
110.111694 
110.110168 
110.109558 
110.109253 
