Blum, K. P., D’Incamps, B. L., Zytnicki, D., & Ting, L. H. (2017).
Force encoding in muscle spindles during stretch of
passive muscle. PLoS computational biology, 13(9), 
e1005767. <https://journals.plos.org/ploscompbiol/article?
id=10.1371/journal.pcbi.1005767>

cat medial gastrocnemius muscle lengths over t  (in 0.0005 s increments)
110.110474 
110.110474 
110.110474 
110.110779 
110.111694 
110.111694 
110.112000 
110.112000 
110.111389 
110.109558 
110.108643 
110.108643 
110.108948 
110.109253 
110.109253 
110.109863 
110.109558 
110.110168 
110.109863 
110.110168 
110.109863 
110.109558 
110.109558 
110.109558 
110.108643 
110.108337 
110.108643 
110.108032 
110.108948 
110.110474 
110.111084 
110.111694 
110.111084 
110.110779 
110.111084 
110.110168 
110.110779 
110.109863 
110.110779 
110.110474 
110.110779 
110.110474 
110.110168 
110.110474 
110.110779 
110.111694 
110.112000 
110.112000 
110.111084 
110.109253 
110.108643 
110.108948 
110.108948 
110.109253 
110.109253 
110.109863 
110.109863 
110.109863 
110.110168 
110.109863 
110.109558 
110.109558 
110.109863 
110.108948 
110.108948 
110.108643 
110.108337 
110.108032 
110.108948 
110.110474 
110.111389 
110.111389 
110.111389 
110.111084 
110.111084 
110.110779 
110.110474 
110.110168 
110.110168 
110.110474 
110.110168 
110.110474 
110.110474 
110.110779 
110.110779 
110.111389 
110.112305 
110.112000 
110.110474 
110.109558 
110.108643 
110.108643 
110.108643 
110.109253 
110.109558 
110.109558 
110.109558 
110.110474 
110.109863 
110.109558 
110.109863 
110.109558 
110.109558 
110.109558 
110.108948 
110.108337 
110.108643 
110.108643 
110.109253 
110.110779 
110.111694 
110.112305 
110.112000 
110.111694 
110.112000 
110.112305 
110.112305 
110.112305 
110.113220 
110.113831 
110.115051 
110.116272 
110.116882 
110.118103 
110.119934 
110.121765 
110.123291 
110.125427 
110.126038 
110.126343 
110.128174 
110.129700 
110.132141 
110.134888 
110.137939 
110.140991 
110.144043 
110.147400 
110.150757 
110.154114 
110.157166 
110.160828 
110.164185 
110.167847 
110.171204 
110.174866 
110.178528 
110.182495 
110.187378 
110.193481 
110.198975 
110.204163 
110.209045 
110.213928 
110.219116 
110.223694 
110.229187 
110.234375 
110.239868 
110.245972 
110.251770 
110.258179 
110.264282 
110.271301 
110.278320 
110.285950 
110.292969 
110.300293 
110.307007 
110.313110 
110.320129 
110.327759 
110.336304 
110.344543 
110.353699 
110.363159 
110.372620 
110.382385 
110.392151 
110.402222 
110.412598 
110.423279 
110.433655 
110.444031 
110.454712 
110.465393 
110.476074 
110.487366 
110.499878 
110.512390 
110.524597 
110.536194 
110.547485 
110.559082 
110.569763 
110.581055 
110.591431 
110.602112 
110.613098 
110.624390 
110.635071 
110.646057 
110.657043 
110.668030 
110.679321 
110.690308 
110.701904 
110.713501 
110.723572 
110.733032 
110.743408 
110.754089 
110.765686 
110.777283 
110.789185 
110.800781 
110.813293 
110.825500 
110.837708 
110.849915 
110.863037 
110.875549 
110.888062 
110.900879 
110.914307 
110.927429 
110.940552 
110.954285 
110.969238 
110.984497 
111.000061 
111.014709 
111.029358 
111.043701 
111.058960 
111.072998 
111.087952 
111.102295 
111.117554 
111.132507 
111.147461 
111.162720 
111.178589 
111.193542 
111.209717 
111.224670 
111.240540 
111.255798 
111.269836 
111.283875 
111.297607 
111.311951 
111.326904 
111.342468 
111.356812 
111.371765 
111.387024 
111.401367 
111.415405 
111.429443 
111.443787 
111.457520 
111.470947 
111.484985 
111.497803 
111.511230 
111.524048 
111.537170 
111.550598 
111.564636 
111.578674 
111.591187 
111.603699 
111.615906 
111.627502 
111.639404 
111.650696 
111.662292 
111.673889 
111.685181 
111.696777 
111.707458 
111.718750 
111.729736 
111.741028 
111.752014 
111.762695 
111.773376 
111.782532 
111.790771 
111.799622 
111.809082 
111.819153 
111.828918 
111.838379 
111.847839 
111.856995 
111.866150 
111.875305 
111.884155 
111.892395 
111.900635 
111.908875 
111.916504 
111.924438 
111.931763 
111.939392 
111.946716 
111.954956 
111.964417 
111.972046 
111.979370 
111.986694 
111.993408 
111.999817 
112.005920 
112.012329 
112.018433 
112.024536 
112.030640 
112.036743 
112.042847 
112.048340 
112.054443 
112.060242 
112.065735 
112.071838 
112.076721 
112.080994 
112.084045 
112.088318 
112.092590 
112.096863 
112.101440 
112.106323 
112.110596 
112.115479 
112.119751 
112.123718 
112.127075 
112.130737 
112.134094 
112.137146 
112.140198 
112.142944 
112.145691 
112.147827 
112.150574 
112.153931 
112.157898 
112.161255 
112.163696 
112.165833 
112.167053 
112.168884 
112.170105 
112.171326 
112.172852 
112.174072 
112.174988 
112.176514 
112.177429 
112.178040 
112.179565 
112.180481 
112.181396 
112.182617 
112.182922 
112.182312 
112.181091 
112.180481 
112.180176 
112.180786 
112.181091 
112.181396 
112.181702 
112.182312 
112.182312 
112.182312 
112.182312 
112.182312 
112.182007 
112.181702 
112.181091 
112.180786 
112.180481 
112.180176 
112.179565 
112.180786 
112.181702 
112.182312 
112.182617 
112.182312 
112.181396 
112.181091 
112.180481 
112.179871 
112.179260 
112.179260 
112.178650 
112.178650 
112.178345 
112.177734 
112.177734 
112.178345 
112.178345 
112.178345 
112.178040 
112.176819 
112.174988 
112.174377 
112.173462 
112.173157 
112.173462 
112.172852 
112.172852 
112.173462 
112.173157 
112.173462 
112.172852 
112.173157 
112.172546 
112.171936 
112.171936 
112.171021 
112.170715 
112.170410 
112.170105 
112.170715 
112.171936 
112.173157 
112.172852 
112.172852 
112.172546 
112.172546 
112.171936 
112.171631 
112.171631 
112.171631 
112.171631 
112.171326 
112.171631 
112.171631 
112.171326 
112.172241 
112.172852 
112.172852 
112.173462 
112.171936 
112.171021 
112.169800 
112.170105 
112.170105 
112.170105 
112.170410 
112.171326 
112.170715 
112.171326 
112.171631 
112.171021 
112.171326 
112.171631 
112.171326 
112.171631 
112.170715 
112.170715 
112.170105 
112.170410 
112.171326 
112.172546 
112.173462 
112.173767 
112.174072 
112.173767 
112.173462 
112.173462 
112.173157 
112.172852 
112.173157 
112.173157 
112.173157 
112.173462 
112.173157 
112.173767 
112.173767 
112.174683 
112.174683 
112.174988 
112.174377 
112.172546 
112.172241 
112.172241 
112.171936 
112.171936 
112.172241 
112.172852 
112.172852 
112.172852 
112.173462 
112.173157 
112.173462 
112.173157 
112.173462 
112.173157 
112.172546 
112.171936 
112.171631 
112.171936 
112.172852 
112.174072 
112.174988 
112.175598 
112.174683 
112.174988 
112.174988 
112.174377 
112.174072 
112.174072 
112.174377 
112.174072 
112.174072 
112.174377 
112.174377 
112.174377 
112.174683 
112.174988 
112.175598 
112.175293 
112.174377 
112.173462 
112.172241 
112.172241 
112.172241 
112.172546 
112.172852 
112.173157 
112.173462 
112.173767 
112.173157 
112.173462 
112.173157 
112.173157 
112.173157 
112.173157 
112.172546 
112.171936 
112.171326 
112.171936 
112.172546 
112.174072 
112.174683 
112.174988 
112.174988 
112.174988 
112.174683 
112.174377 
112.174072 
112.174377 
112.174072 
112.174377 
112.174683 
112.174377 
112.174377 
112.174683 
112.175293 
112.175598 
112.175598 
112.175903 
112.174683 
112.173157 
112.172546 
112.172241 
112.172546 
112.173157 
112.173462 
112.173767 
112.173767 
112.174072 
112.174072 
112.174072 
112.174072 
112.173767 
112.174377 
112.173462 
112.173157 
112.172852 
112.172852 
112.172546 
112.174072 
112.174988 
112.175598 
112.175903 
112.176514 
112.175598 
112.175598 
112.175293 
112.174988 
112.175293 
112.174988 
112.175293 
112.174988 
112.174988 
112.175293 
112.175293 
112.175598 
112.176514 
112.177124 
112.177124 
112.175598 
112.174377 
112.173767 
112.173462 
112.173462 
112.173767 
112.173767 
112.174072 
112.174377 
112.174683 
112.174377 
112.174377 
112.174377 
112.174377 
112.174377 
112.174377 
112.174072 
112.172852 
112.173157 
112.172852 
112.173767 
112.174988 
112.176208 
112.176208 
112.176208 
112.175598 
112.175293 
112.174988 
112.174988 
112.174683 
112.174377 
112.174988 
112.174683 
112.174683 
112.174683 
112.174683 
112.175293 
112.175903 
112.175903 
112.176208 
112.175598 
112.173462 
112.172852 
112.172546 
112.172852 
112.172852 
112.173157 
112.173462 
112.173462 
112.173767 
112.173767 
112.174072 
112.173157 
112.173767 
112.173462 
112.172852 
112.172852 
112.172546 
112.172241 
112.171936 
112.173157 
112.174377 
112.174988 
112.175598 
112.175293 
112.174988 
112.174683 
112.174377 
112.174683 
112.174683 
112.173767 
112.174683 
112.174683 
112.174377 
112.174683 
112.174988 
112.174988 
112.175598 
112.176208 
112.175903 
112.174988 
112.173767 
112.172546 
112.172852 
112.172852 
112.173462 
112.173157 
112.174072 
112.174072 
112.174072 
112.174377 
112.174072 
112.174377 
112.174072 
112.174072 
112.174377 
112.173767 
112.173462 
112.172852 
112.172852 
112.173767 
112.174988 
112.176208 
112.176514 
112.176208 
112.175903 
112.175598 
112.175598 
112.175293 
112.175293 
112.175293 
112.175293 
112.175293 
112.175598 
112.175598 
112.175598 
112.175903 
112.176208 
112.177124 
112.176819 
112.175598 
112.174683 
112.173767 
112.173157 
112.173767 
112.174072 
112.174377 
112.174683 
112.174377 
112.174683 
112.174072 
112.174377 
112.174377 
112.174377 
112.174072 
112.174072 
112.173767 
112.173157 
112.172852 
112.172852 
112.174072 
112.174683 
112.175903 
112.176208 
112.175903 
112.175598 
112.175293 
112.174988 
112.174683 
112.174683 
112.174683 
112.174683 
112.174377 
112.174683 
112.174988 
112.174988 
112.175293 
112.175903 
112.175903 
112.176208 
112.174988 
112.173767 
112.172546 
112.171936 
112.172546 
112.172546 
112.172546 
112.173157 
112.173462 
112.173767 
112.174072 
112.173767 
112.174072 
112.173767 
112.173462 
112.173462 
112.172852 
112.172546 
112.171936 
112.171936 
112.173157 
112.174377 
112.175598 
112.175903 
112.175598 
112.175598 
112.175293 
112.174683 
112.174683 
112.174683 
112.174377 
112.174377 
112.174683 
112.174988 
112.174988 
112.175293 
112.175598 
112.176208 
112.176208 
112.176514 
112.175598 
112.174072 
112.173157 
112.173157 
112.173462 
112.173157 
112.173462 
112.174377 
112.174377 
112.174377 
112.174683 
112.174683 
112.174377 
112.174377 
112.174377 
112.173767 
112.173767 
112.173462 
112.172546 
112.172546 
112.173462 
112.175293 
112.175598 
112.175903 
112.175903 
112.175598 
112.175598 
112.175293 
112.174683 
112.174988 
112.174683 
112.174377 
112.174683 
112.174988 
112.174988 
112.174988 
112.175598 
112.175598 
112.176208 
112.176208 
112.175293 
112.173767 
112.172852 
112.172546 
112.172852 
112.172852 
112.173157 
112.172852 
112.173462 
112.173767 
112.173462 
112.173767 
112.173767 
112.173462 
112.173157 
112.172546 
112.172546 
112.172241 
112.171631 
112.171936 
112.172852 
112.174072 
112.174988 
112.174988 
112.174377 
112.174683 
112.174683 
112.174377 
112.174072 
112.173767 
112.174072 
112.173767 
112.173767 
112.173767 
112.173767 
112.174072 
112.174683 
112.174988 
112.175293 
112.175293 
112.174072 
112.173157 
112.171936 
112.171631 
112.171936 
112.172241 
112.172546 
112.172546 
112.173157 
112.172852 
112.173157 
112.172852 
112.173157 
112.172852 
112.172852 
112.172852 
112.172241 
112.171936 
112.171936 
112.171631 
112.172546 
112.173767 
112.175293 
112.174988 
112.174988 
112.174988 
112.174377 
112.174377 
112.174072 
112.174377 
112.174072 
112.174072 
112.173767 
112.174377 
112.174072 
112.174683 
112.174988 
112.174988 
112.175903 
112.175903 
112.174988 
112.173157 
112.172546 
112.172241 
112.171936 
112.172241 
112.172546 
112.173157 
112.173157 
112.173462 
112.173767 
112.173157 
112.173462 
112.173157 
112.173462 
112.172852 
112.172546 
112.171936 
112.171326 
112.171326 
112.172546 
112.173462 
112.174988 
112.174988 
112.174988 
112.174377 
112.174377 
112.173767 
112.173767 
112.173767 
112.173462 
112.173462 
112.173157 
112.173157 
112.173462 
112.173767 
112.174072 
112.174377 
112.174988 
112.174683 
112.173767 
112.172546 
112.171326 
112.171326 
112.171326 
112.171326 
112.171326 
112.172241 
112.172241 
112.172546 
112.172241 
112.172852 
112.172546 
112.172241 
112.172241 
112.171631 
112.171936 
112.171326 
112.171021 
112.171021 
112.171936 
112.173157 
112.174377 
112.174377 
112.174072 
112.173767 
112.174072 
112.173462 
112.173157 
112.172852 
112.173462 
112.172852 
112.173157 
112.173157 
112.173157 
112.174072 
112.173767 
112.174377 
112.174683 
112.174988 
112.174072 
112.172241 
112.171936 
112.171326 
112.171631 
112.172241 
112.171936 
112.172852 
112.172241 
112.172852 
112.172852 
112.172546 
112.172852 
112.172546 
112.172546 
112.172546 
112.172241 
112.171631 
112.171631 
112.171326 
112.172241 
112.173767 
112.174072 
112.174683 
112.174683 
112.174377 
112.174072 
112.173462 
112.173462 
112.173462 
112.173157 
112.173462 
112.173157 
112.173157 
112.173767 
112.173767 
112.174072 
112.174683 
112.174683 
112.174683 
112.174072 
112.172546 
112.171631 
112.171326 
112.171631 
112.171631 
112.171936 
112.171631 
112.172241 
112.172546 
112.172546 
112.172546 
112.172546 
112.172241 
112.172241 
112.172241 
112.171936 
112.170715 
112.170715 
112.171021 
112.171936 
112.172852 
112.174072 
112.174072 
112.173767 
112.173767 
112.173462 
112.173462 
112.173157 
112.172852 
112.173157 
112.172241 
112.172852 
112.172852 
112.172852 
112.173462 
112.173767 
112.174072 
112.174377 
112.174377 
112.173462 
112.171936 
112.171631 
112.171631 
112.171326 
112.171021 
112.171631 
112.171631 
112.171631 
112.172241 
112.172241 
112.172241 
112.171936 
112.172241 
112.171936 
112.171631 
112.171326 
112.171021 
112.170410 
112.171021 
112.171936 
112.173157 
112.174072 
112.174072 
112.173767 
112.173767 
112.173157 
112.173462 
112.172852 
112.172852 
112.173157 
112.172852 
112.172852 
112.173157 
112.173462 
112.173767 
112.173767 
112.174072 
112.174683 
112.174377 
112.173157 
112.172241 
112.171631 
112.171021 
112.171326 
112.171631 
112.171631 
112.171936 
112.172546 
112.172241 
112.172241 
112.172546 
112.172546 
112.172241 
112.172241 
112.171936 
112.171326 
112.171326 
112.171021 
112.170715 
112.171326 
112.173157 
112.173767 
112.174072 
112.174072 
112.173462 
112.173157 
112.172852 
112.172852 
112.172852 
112.172546 
112.172546 
112.172852 
112.173157 
112.172852 
112.173157 
112.173462 
112.173767 
112.174377 
112.174377 
112.173462 
112.171631 
112.171021 
112.171021 
112.170715 
112.171021 
112.171631 
112.171326 
112.171631 
112.171631 
112.172241 
112.171936 
112.171936 
112.171936 
112.171936 
112.171631 
112.171326 
112.170715 
112.170410 
112.170105 
112.171631 
112.172852 
112.173462 
112.173767 
112.173767 
112.173462 
112.172852 
112.172852 
112.172852 
112.172241 
112.172546 
112.172241 
112.172546 
112.172241 
112.172852 
112.173157 
112.173157 
112.173767 
112.173767 
112.173767 
112.172546 
112.171631 
112.170410 
112.170410 
112.171021 
112.171021 
112.171326 
112.171631 
112.171936 
112.172241 
112.171631 
112.171631 
112.171631 
112.171326 
112.171631 
112.171326 
112.171631 
112.170410 
112.170410 
112.170105 
112.171631 
112.172546 
112.174072 
112.173767 
112.173462 
112.173157 
112.172852 
112.172546 
112.172546 
112.172546 
112.172546 
112.172546 
112.172852 
112.172546 
112.172546 
112.172852 
112.173462 
112.173767 
112.174072 
112.174072 
112.172852 
112.171936 
112.170410 
112.170410 
112.170715 
112.170410 
112.171021 
112.171631 
112.171936 
112.171631 
112.172241 
112.171631 
112.171631 
112.171936 
112.171631 
112.171021 
112.171326 
112.170715 
112.170410 
112.170105 
112.171021 
112.172241 
112.173767 
112.173767 
112.173157 
112.173157 
112.172852 
112.172546 
112.172546 
112.172546 
112.172241 
112.172852 
112.172546 
112.172241 
112.172241 
112.172852 
112.172852 
112.173157 
112.173767 
112.173767 
112.172241 
112.171326 
112.170410 
112.170105 
112.170715 
112.170410 
112.170715 
112.171021 
112.171021 
112.171631 
112.171631 
112.171631 
112.171326 
112.171326 
112.171326 
112.170715 
112.170410 
112.169800 
112.170105 
112.169495 
112.171021 
112.171936 
112.172852 
112.173462 
112.173157 
112.172852 
112.172852 
112.172546 
112.172241 
112.171936 
112.172241 
112.172241 
112.172241 
112.172546 
112.172241 
112.172241 
112.173157 
112.173157 
112.173767 
112.173462 
112.172241 
112.171326 
112.170715 
112.170105 
112.170410 
112.170410 
112.170715 
112.171631 
112.171326 
112.171021 
112.171631 
112.171326 
112.171326 
112.171326 
112.171326 
112.170715 
112.170410 
112.170410 
112.170105 
112.169800 
112.170715 
112.172546 
112.173157 
112.173462 
112.173157 
112.172852 
112.172546 
112.172241 
112.172241 
112.171936 
112.171936 
112.172241 
112.171936 
112.172241 
112.172241 
112.172241 
112.172546 
112.173157 
112.173462 
112.173462 
112.172546 
112.171021 
112.170105 
112.169800 
112.170105 
112.169800 
112.170410 
112.170715 
112.171326 
112.171326 
112.171021 
112.171326 
112.171326 
112.171326 
112.170715 
112.170715 
112.170715 
112.169495 
112.169495 
112.169495 
112.170715 
112.171936 
112.173157 
112.173157 
112.172852 
112.172852 
112.172241 
112.171936 
112.171936 
112.171936 
112.171936 
112.171631 
112.171631 
112.171631 
112.171631 
112.171631 
112.172546 
112.172852 
112.172852 
112.173462 
112.172241 
112.170715 
112.169800 
112.169800 
112.169495 
112.170105 
112.170410 
112.170410 
112.170410 
112.170715 
112.171021 
112.170715 
112.170715 
112.171021 
112.171021 
112.170105 
112.170105 
112.169800 
112.169189 
112.169495 
112.170715 
112.171936 
112.172852 
112.172852 
112.173157 
112.171936 
112.171936 
112.171631 
112.171631 
112.171631 
112.171631 
112.171631 
112.171631 
112.171936 
112.171631 
112.172241 
112.172546 
112.172852 
112.173157 
112.173462 
112.172241 
112.170410 
112.170105 
112.169800 
112.169495 
112.170105 
112.170410 
112.170410 
112.171021 
112.171631 
112.171326 
112.171326 
112.171021 
112.170715 
112.170715 
112.170715 
112.170410 
112.169495 
112.169495 
112.169495 
112.170715 
112.171936 
112.172852 
112.172852 
112.172546 
112.172546 
112.172241 
112.171936 
112.171631 
112.171631 
112.171631 
112.171631 
112.171326 
112.171936 
112.171936 
112.171631 
112.172546 
112.172241 
112.172546 
112.173462 
112.172241 
112.170715 
112.169495 
112.169495 
112.169495 
112.169800 
112.170105 
112.170105 
112.170715 
112.170410 
112.171021 
112.171021 
112.170715 
112.171021 
112.170410 
112.170105 
112.170105 
112.169800 
112.169800 
112.169189 
112.170410 
112.171326 
112.172241 
112.172241 
112.172241 
112.171936 
112.171936 
112.171631 
112.171936 
112.171326 
112.171326 
112.171631 
112.171631 
112.171326 
112.171631 
112.171631 
112.171936 
112.173157 
112.172852 
112.173157 
112.171326 
112.170105 
112.170105 
112.169189 
112.169800 
112.170105 
112.169800 
112.170105 
112.170105 
112.170715 
112.170715 
112.170715 
112.170715 
112.170410 
112.170410 
112.170105 
112.170105 
112.169495 
112.169189 
112.169189 
112.170105 
112.171326 
112.172546 
112.172546 
112.172241 
112.172241 
112.171936 
112.171936 
112.171631 
112.171326 
112.171326 
112.171631 
112.171631 
112.171326 
112.171631 
112.171936 
112.172241 
112.172546 
112.172546 
112.172546 
112.172241 
112.170715 
112.169800 
112.169189 
112.169800 
112.169495 
112.170105 
112.170715 
112.171021 
112.170715 
112.170410 
112.170715 
112.170715 
112.170715 
112.170410 
112.170105 
112.170105 
112.169800 
112.168884 
112.168884 
112.170105 
112.171326 
112.171936 
112.172241 
112.172546 
112.171936 
112.171936 
112.171631 
112.171936 
112.171021 
112.171631 
112.171326 
112.171326 
112.171326 
112.171631 
112.171326 
112.172241 
112.172241 
112.172852 
112.172852 
112.171631 
112.170715 
112.169495 
112.169189 
112.169800 
112.169800 
112.169800 
112.170105 
112.170410 
112.170410 
112.170410 
112.170715 
112.170105 
112.170105 
112.170410 
112.170105 
112.169495 
112.169189 
112.168884 
112.168579 
112.169800 
112.171021 
112.172241 
112.172241 
112.172241 
112.171631 
112.171631 
112.171326 
112.171021 
112.171021 
112.171326 
112.171326 
112.171021 
112.171326 
112.171021 
112.172241 
112.171936 
112.172546 
112.172546 
112.172852 
112.171631 
112.170105 
112.169495 
112.169495 
112.169800 
112.169495 
112.169800 
112.170410 
112.170105 
112.170410 
112.171021 
112.170410 
112.170715 
112.170410 
112.170715 
112.169800 
112.170410 
112.169189 
112.168884 
112.168884 
112.170105 
112.171021 
112.172241 
112.172241 
112.171936 
112.171936 
112.171936 
112.171631 
112.171326 
112.171326 
112.171021 
112.171021 
112.171326 
112.171326 
112.171326 
112.171326 
112.171631 
112.172546 
112.172852 
112.172546 
112.171631 
112.170410 
112.169495 
112.169495 
112.169189 
112.169495 
112.170105 
112.170410 
112.170410 
112.170715 
112.170410 
112.170410 
112.170105 
112.170105 
112.169800 
112.170105 
112.169800 
112.169495 
112.168579 
112.168884 
112.170105 
112.171021 
112.171936 
112.171936 
112.171936 
112.171631 
112.171631 
112.171631 
112.171326 
112.171021 
112.171326 
112.171021 
112.171021 
112.171021 
112.171326 
112.171326 
112.171631 
112.172241 
112.172546 
112.172852 
112.171631 
112.170410 
112.169495 
112.169495 
112.169189 
112.169189 
112.169495 
112.170105 
112.170105 
112.170410 
112.170715 
112.170410 
112.170105 
112.170105 
112.170105 
112.169800 
112.169800 
112.169189 
112.168884 
112.168884 
112.170105 
112.171326 
112.172241 
112.172241 
112.172546 
112.172241 
112.171631 
112.171326 
112.171326 
112.171326 
112.170715 
112.171021 
112.171021 
112.171021 
112.171631 
112.171326 
112.171936 
112.172546 
112.173157 
112.173157 
112.171936 
112.170105 
112.169495 
112.169189 
112.169495 
112.169495 
112.169800 
112.170105 
112.170105 
112.170715 
112.170410 
112.170105 
112.170410 
112.170410 
112.170105 
112.170105 
112.169800 
112.169495 
112.169189 
112.168884 
112.169800 
112.171326 
112.171936 
112.172241 
112.171631 
112.171326 
112.171631 
112.171326 
112.171326 
112.171021 
112.171021 
112.171021 
112.170715 
112.171326 
112.171326 
112.171021 
112.171936 
112.172241 
112.172546 
112.172546 
112.171631 
112.170715 
112.169495 
112.169495 
112.169495 
112.169800 
112.170105 
112.170105 
112.170105 
112.170715 
112.170715 
112.170715 
112.170105 
112.170410 
112.170410 
112.169800 
112.169495 
112.168884 
112.168884 
112.168579 
112.169495 
112.171631 
112.171936 
112.171936 
112.171631 
112.171326 
112.171021 
112.170715 
112.171021 
112.171021 
112.170715 
112.171326 
112.171021 
112.171021 
112.171326 
112.171631 
112.171631 
112.172241 
112.172546 
112.172852 
112.171631 
112.170105 
112.169189 
112.169189 
112.169189 
112.169800 
112.169800 
112.170410 
112.170105 
112.170105 
112.170715 
112.170410 
112.170410 
112.170715 
112.170105 
112.170105 
112.169495 
112.168884 
112.168274 
112.168884 
112.169800 
112.171021 
112.171936 
112.171936 
112.171631 
112.171936 
112.171631 
112.171326 
112.170715 
112.170715 
112.171021 
112.171021 
112.170715 
112.171021 
112.171021 
112.171326 
112.171631 
112.172241 
112.172241 
112.172546 
112.171326 
112.170410 
112.169189 
112.169189 
112.169495 
112.169495 
112.169800 
112.170410 
112.170410 
112.170410 
112.170410 
112.170105 
112.170410 
112.170105 
112.170105 
112.169800 
112.169495 
112.169189 
112.168884 
112.168884 
112.170105 
112.171326 
112.171631 
112.171936 
112.171936 
112.171631 
112.171326 
112.171326 
112.170715 
112.170715 
112.170715 
112.171326 
112.170715 
112.171021 
112.171021 
112.171021 
112.171936 
112.171631 
112.172546 
112.172546 
112.171936 
112.170105 
112.168884 
112.169189 
112.169189 
112.169800 
112.169495 
112.169495 
112.170410 
112.170715 
112.170410 
112.170410 
112.170410 
112.170105 
112.169800 
112.170105 
112.169495 
112.168884 
112.168579 
112.168884 
112.169800 
112.171021 
112.172241 
112.172241 
112.171936 
112.171936 
112.171631 
112.171021 
112.171021 
112.171326 
112.170715 
112.170715 
112.170715 
112.171021 
112.171021 
112.171021 
112.171631 
112.172241 
112.172546 
112.172241 
112.171936 
112.170105 
112.169495 
112.169495 
112.168884 
112.169495 
112.169800 
112.169800 
112.170105 
112.170105 
112.170410 
112.170105 
112.170410 
112.170410 
112.170105 
112.170105 
112.169800 
112.168884 
112.168579 
112.168579 
112.169495 
112.171021 
112.171631 
112.171936 
112.171631 
112.171326 
112.171326 
112.171326 
112.171326 
112.170715 
112.170715 
112.171021 
112.170715 
112.171326 
112.171326 
112.171631 
112.171631 
112.172241 
112.172546 
112.172241 
112.171631 
112.169800 
112.169189 
112.169189 
112.169189 
112.169800 
112.169189 
112.170410 
112.170715 
112.170105 
112.170410 
112.170715 
112.170410 
112.169800 
112.170105 
112.170105 
112.169495 
112.168884 
112.168579 
112.168579 
112.169495 
112.171021 
112.171936 
112.171936 
112.171631 
112.171326 
112.171631 
112.170715 
112.170715 
112.171021 
112.170410 
112.170410 
112.170410 
112.170715 
112.171021 
112.171326 
112.171631 
112.171936 
112.172241 
112.172546 
112.171631 
112.170410 
112.169189 
112.169189 
112.169189 
112.169495 
112.169495 
112.169800 
112.170105 
112.170410 
112.170410 
112.170410 
112.170105 
112.170105 
112.170105 
112.169800 
112.169495 
112.169189 
112.168884 
112.168884 
112.169800 
112.170715 
112.171631 
112.171936 
112.172241 
112.171936 
112.171326 
112.171326 
112.171021 
112.170715 
112.170715 
112.171021 
112.170715 
112.170715 
112.170715 
112.171326 
112.171326 
112.171936 
112.172546 
112.172546 
112.171631 
112.170105 
112.169189 
112.169189 
112.168884 
112.169189 
112.169800 
112.170105 
112.170410 
112.170715 
112.170105 
112.170410 
112.170410 
112.169800 
112.169800 
112.169800 
112.169800 
112.168884 
112.168579 
112.169189 
112.169800 
112.171021 
112.171936 
112.171936 
112.171326 
112.171631 
112.171326 
112.171021 
112.170410 
112.171021 
112.170715 
112.170410 
112.170410 
112.171021 
112.171326 
112.171326 
112.171631 
112.171936 
112.171936 
112.171936 
112.171021 
112.169800 
112.168579 
112.168579 
112.169189 
112.169189 
112.169495 
112.170105 
112.170105 
112.170105 
112.170410 
112.170105 
112.170105 
112.170105 
112.170105 
112.169800 
112.169495 
112.169189 
112.168274 
112.168274 
112.170105 
112.170715 
112.171936 
112.171936 
112.171936 
112.171631 
112.171326 
112.171021 
112.171021 
112.170410 
112.171021 
112.170715 
112.170410 
112.171021 
112.171021 
112.171326 
112.171326 
112.171936 
112.172546 
112.172852 
112.171326 
112.169800 
112.169495 
112.168884 
112.169495 
112.169189 
112.169189 
112.170105 
112.170410 
112.170410 
112.170410 
112.170105 
112.170105 
112.170105 
112.170410 
112.169800 
112.169495 
112.169189 
112.168884 
112.168884 
112.169495 
112.171021 
112.171631 
112.171936 
112.171936 
112.171326 
112.171631 
112.171021 
112.171021 
112.170715 
112.171326 
112.170410 
112.170715 
112.171021 
112.171326 
112.171021 
112.171631 
112.171936 
112.172241 
112.172241 
112.171021 
112.169800 
112.169495 
112.169189 
112.168884 
112.169189 
112.169800 
112.169800 
112.170105 
112.170410 
112.170410 
112.170410 
112.170105 
112.170105 
112.169800 
112.169495 
112.169495 
112.168884 
112.168579 
112.168884 
112.169800 
112.171021 
112.171631 
112.171936 
112.171631 
112.171021 
112.171021 
112.171326 
112.171021 
112.170410 
112.170715 
112.170715 
112.170715 
112.171021 
112.171021 
112.170715 
112.171631 
112.171936 
112.172241 
112.171631 
112.171021 
112.170105 
112.169189 
112.169189 
112.169189 
112.169189 
112.169800 
112.170105 
112.170410 
112.170410 
112.169800 
112.170410 
112.170105 
112.169495 
112.170105 
112.169800 
112.169189 
112.169189 
112.168884 
112.168579 
112.169495 
112.171021 
112.171631 
112.171631 
112.171631 
112.171326 
112.171326 
112.171021 
112.171021 
112.170715 
112.170715 
112.171021 
112.170715 
112.171021 
112.170715 
112.171021 
112.171631 
112.171936 
112.172241 
112.172546 
112.171631 
112.169800 
112.168884 
112.168884 
112.169189 
112.169189 
112.169495 
112.170105 
112.170105 
112.170410 
112.170715 
112.170105 
112.170105 
112.170105 
112.170105 
112.169800 
112.169495 
112.169189 
112.168579 
112.168579 
112.170105 
112.171326 
112.171631 
112.172241 
112.171936 
112.171326 
112.171631 
112.171326 
112.171021 
112.170105 
112.171021 
112.170715 
112.170410 
112.171021 
112.171021 
112.171021 
112.171021 
112.171936 
112.172546 
112.172546 
112.171631 
112.170105 
112.168884 
112.169189 
112.169189 
112.169495 
112.169189 
112.169495 
112.169800 
112.170105 
112.170105 
112.170105 
112.170105 
112.170105 
112.169800 
112.169800 
112.169495 
112.168884 
112.168274 
112.168579 
112.169495 
112.170715 
112.171326 
112.171631 
112.171631 
112.171326 
112.171631 
112.171021 
112.170715 
112.171021 
112.171021 
112.170715 
112.170715 
112.170715 
112.170715 
112.170715 
112.171326 
112.171631 
112.171631 
112.171326 
112.169800 
112.167969 
112.166443 
112.166138 
112.165222 
112.164917 
112.164307 
112.163696 
112.163391 
112.162170 
112.160645 
112.159119 
112.158203 
112.155762 
112.154236 
112.151794 
112.149353 
112.147217 
112.144775 
112.141724 
112.140198 
112.138977 
112.136536 
112.133789 
112.130737 
112.127380 
112.123718 
112.120056 
112.115784 
112.111206 
112.107544 
112.103577 
112.098999 
112.095032 
112.090149 
112.085876 
112.080994 
112.077026 
112.072144 
112.066345 
112.059937 
112.052917 
112.045898 
112.040100 
112.034302 
112.027893 
112.021484 
112.015381 
112.008667 
112.002258 
111.995239 
111.987915 
111.980591 
111.973267 
111.965027 
111.957092 
111.948853 
111.940308 
111.931458 
111.922913 
111.915283 
111.908264 
111.900635 
111.891479 
111.882629 
111.873779 
111.863708 
111.853943 
111.844482 
111.834412 
111.824646 
111.814880 
111.804199 
111.794128 
111.783447 
111.773682 
111.763611 
111.752930 
111.742859 
111.731873 
111.720276 
111.707153 
111.694946 
111.683350 
111.671753 
111.660461 
111.648865 
111.636963 
111.625366 
111.613464 
111.601257 
111.588745 
111.576233 
111.563721 
111.550903 
111.537170 
111.524048 
111.510925 
111.496582 
111.482849 
111.470337 
111.458130 
111.445007 
111.431274 
111.417236 
111.402588 
111.388245 
111.373596 
111.358643 
111.343994 
111.328430 
111.313782 
111.298523 
111.283569 
111.268311 
111.253357 
111.238403 
111.223450 
111.208801 
111.193237 
111.176453 
111.159363 
111.142883 
111.127014 
111.111450 
111.096497 
111.081238 
111.066284 
111.051025 
111.035767 
111.020813 
111.005554 
110.990601 
110.975037 
110.960083 
110.945435 
110.929565 
110.914307 
110.899658 
110.885010 
110.871582 
110.858154 
110.845337 
110.830994 
110.817261 
110.802917 
110.789490 
110.775452 
110.762024 
110.747986 
110.735168 
110.721436 
110.708313 
110.695801 
110.682983 
110.670471 
110.659180 
110.647583 
110.635986 
110.624390 
110.611572 
110.598450 
110.586548 
110.574646 
110.563660 
110.552979 
110.542297 
110.531921 
110.521545 
110.511475 
110.501404 
110.491638 
110.481873 
110.472412 
110.462341 
110.452576 
110.443115 
110.433350 
110.423279 
110.415039 
110.406799 
110.399780 
110.391541 
110.383606 
110.375061 
110.366516 
110.358276 
110.350037 
110.342102 
110.333862 
110.326843 
110.318909 
110.311584 
110.304565 
110.297241 
110.290833 
110.284424 
110.278320 
110.271606 
110.265808 
110.258179 
110.251160 
110.243530 
110.237732 
110.231628 
110.226135 
110.220642 
110.215454 
110.210876 
110.206299 
110.201416 
110.196838 
110.192261 
110.187378 
110.182800 
110.178528 
110.173645 
110.168762 
110.164490 
110.161133 
110.158081 
110.156250 
110.153809 
110.150757 
110.147400 
110.144348 
110.141296 
110.137939 
110.135498 
110.132446 
110.129700 
110.127258 
110.125732 
110.123291 
110.121155 
110.120239 
110.118713 
110.117188 
110.116272 
110.115356 
110.112915 
110.110474 
110.108643 
110.107422 
110.106812 
110.106812 
110.106201 
110.106201 
110.106812 
110.106201 
110.106201 
110.106201 
110.106201 
110.105896 
110.105896 
110.105286 
110.105591 
110.104675 
110.104370 
110.104370 
110.105591 
110.106812 
110.107727 
110.108337 
110.108337 
110.107727 
110.107727 
110.107422 
110.107727 
110.107117 
110.107117 
110.107422 
110.107422 
110.107727 
110.108032 
110.108337 
110.108643 
110.108948 
110.109863 
110.109558 
110.108948 
110.107422 
110.106812 
110.107117 
110.106506 
110.107117 
110.107422 
110.107727 
110.108032 
110.108643 
110.108643 
110.108643 
110.108643 
110.108948 
110.108643 
110.108337 
110.108032 
110.107727 
110.107117 
110.106812 
110.108337 
110.109863 
110.110474 
110.110779 
110.111389 
110.110779 
110.110779 
110.110474 
110.110168 
110.110168 
110.110474 
110.110168 
110.109863 
110.110168 
110.110474 
110.110474 
110.111084 
110.111389 
110.111694 
110.111694 
110.110779 
110.109253 
110.108337 
110.108643 
110.108032 
110.108643 
110.108337 
110.108948 
110.109253 
110.109558 
110.108948 
110.109253 
110.109863 
110.108948 
110.109253 
110.109253 
110.108643 
110.108032 
110.107727 
