Blum, K. P., D’Incamps, B. L., Zytnicki, D., & Ting, L. H. (2017).
Force encoding in muscle spindles during stretch of
passive muscle. PLoS computational biology, 13(9), 
e1005767. <https://journals.plos.org/ploscompbiol/article?
id=10.1371/journal.pcbi.1005767>

cat medial gastrocnemius muscle lengths over t  (in 0.0005 s increments)
110.108948 
110.108643 
110.109253 
110.109558 
110.109558 
110.109558 
110.109253 
110.110168 
110.109558 
110.109253 
110.108948 
110.108948 
110.108337 
110.108337 
110.108032 
110.108032 
110.109863 
110.111389 
110.111694 
110.110779 
110.111084 
110.110779 
110.110474 
110.110168 
110.110474 
110.109863 
110.110474 
110.110474 
110.110474 
110.110168 
110.110779 
110.111084 
110.110779 
110.111694 
110.112305 
110.111389 
110.109863 
110.109253 
110.108337 
110.108337 
110.108948 
110.108643 
110.108948 
110.109558 
110.109558 
110.109253 
110.109558 
110.109558 
110.109558 
110.109253 
110.109558 
110.108948 
110.108032 
110.108032 
110.107727 
110.108948 
110.109863 
110.111084 
110.111694 
110.111389 
110.111084 
110.111084 
110.111084 
110.110168 
110.110474 
110.110168 
110.110474 
110.110168 
110.110168 
110.110779 
110.110779 
110.111084 
110.111694 
110.112305 
110.111694 
110.111084 
110.109558 
110.108948 
110.108643 
110.108643 
110.108948 
110.109253 
110.109253 
110.109863 
110.109558 
110.109558 
110.109558 
110.109558 
110.109253 
110.109558 
110.109558 
110.108337 
110.108643 
110.108337 
110.107727 
110.108643 
110.110168 
110.111084 
110.111389 
110.111389 
110.111084 
110.110779 
110.110474 
110.110779 
110.110168 
110.110168 
110.110168 
110.110474 
110.110168 
110.110474 
110.111084 
110.111694 
110.112915 
110.114136 
110.115051 
110.116272 
110.115662 
110.116272 
110.118103 
110.120544 
110.123291 
110.126953 
110.130615 
110.134277 
110.139160 
110.143738 
110.148315 
110.154114 
110.159607 
110.164795 
110.171814 
110.177612 
110.184021 
110.190735 
110.198059 
110.206604 
110.216064 
110.225830 
110.235596 
110.243835 
110.252686 
110.261230 
110.270386 
110.279846 
110.289001 
110.299072 
110.309448 
110.319824 
110.330505 
110.341797 
110.353699 
110.365295 
110.378113 
110.390015 
110.402832 
110.414734 
110.426025 
110.437622 
110.449829 
110.463562 
110.476685 
110.489502 
110.502625 
110.515137 
110.527649 
110.540161 
110.552063 
110.563660 
110.575562 
110.585938 
110.596619 
110.606689 
110.616150 
110.626221 
110.635986 
110.647278 
110.658264 
110.669250 
110.679626 
110.689392 
110.699158 
110.708618 
110.717773 
110.727234 
110.735779 
110.745239 
110.754700 
110.764465 
110.773315 
110.783386 
110.793152 
110.802612 
110.812378 
110.822449 
110.831909 
110.840759 
110.849304 
110.858154 
110.867310 
110.876770 
110.887146 
110.897217 
110.907288 
110.917664 
110.927734 
110.937805 
110.947876 
110.957947 
110.967407 
110.977478 
110.987854 
110.997314 
111.006775 
111.016846 
111.026611 
111.037598 
111.049500 
111.061096 
111.071472 
111.081848 
111.091919 
111.101990 
111.112061 
111.121826 
111.131897 
111.141968 
111.152344 
111.162720 
111.173096 
111.183472 
111.194458 
111.204834 
111.215515 
111.226807 
111.237183 
111.246643 
111.255188 
111.264954 
111.274414 
111.285095 
111.295471 
111.306152 
111.316528 
111.327209 
111.338501 
111.349182 
111.358948 
111.369629 
111.380005 
111.390076 
111.400452 
111.410522 
111.419678 
111.429749 
111.440125 
111.451111 
111.463013 
111.473999 
111.484680 
111.495361 
111.505737 
111.515808 
111.525574 
111.535034 
111.545105 
111.555786 
111.565857 
111.576233 
111.586609 
111.596680 
111.607361 
111.617737 
111.628723 
111.638794 
111.649780 
111.659241 
111.668091 
111.677551 
111.687012 
111.697388 
111.708069 
111.718445 
111.728516 
111.739197 
111.749573 
111.760254 
111.770325 
111.780396 
111.790771 
111.801147 
111.811218 
111.820679 
111.830750 
111.839905 
111.850281 
111.861267 
111.872559 
111.884155 
111.894531 
111.904602 
111.914673 
111.924438 
111.934509 
111.944580 
111.954346 
111.964417 
111.974792 
111.984863 
111.995239 
112.005310 
112.016296 
112.026367 
112.036438 
112.047729 
112.057800 
112.067566 
112.076416 
112.085266 
112.095337 
112.105408 
112.116089 
112.126465 
112.137146 
112.147217 
112.158203 
112.168274 
112.178650 
112.189026 
112.198792 
112.208862 
112.219238 
112.229004 
112.238464 
112.248840 
112.258606 
112.269897 
112.281799 
112.293091 
112.303467 
112.313538 
112.323914 
112.333984 
112.343445 
112.353516 
112.363281 
112.373047 
112.383423 
112.394104 
112.403870 
112.413940 
112.424927 
112.435913 
112.445984 
112.456665 
112.467346 
112.476807 
112.485657 
112.494812 
112.504578 
112.514954 
112.525330 
112.535706 
112.546387 
112.556458 
112.567139 
112.577515 
112.588196 
112.598572 
112.608643 
112.618713 
112.628784 
112.638550 
112.648010 
112.657776 
112.667847 
112.678833 
112.690125 
112.701416 
112.712097 
112.722473 
112.732544 
112.742615 
112.752380 
112.761841 
112.772217 
112.782288 
112.792053 
112.802429 
112.812805 
112.822571 
112.832947 
112.843628 
112.854004 
112.864380 
112.875061 
112.884216 
112.892761 
112.902222 
112.911987 
112.922058 
112.932129 
112.942505 
112.953186 
112.963562 
112.974243 
112.984314 
112.994080 
113.004456 
113.014221 
113.023987 
113.033447 
113.042603 
113.051453 
113.060913 
113.069458 
113.078613 
113.089294 
113.098450 
113.106689 
113.114929 
113.122253 
113.129272 
113.135986 
113.142395 
113.148499 
113.154297 
113.160095 
113.165283 
113.170471 
113.175659 
113.179932 
113.183594 
113.187866 
113.191528 
113.194580 
113.196411 
113.197632 
113.198853 
113.200378 
113.202209 
113.203430 
113.205566 
113.207092 
113.208008 
113.209534 
113.209534 
113.210449 
113.211365 
113.211670 
113.211365 
113.211670 
113.211365 
113.211060 
113.210144 
113.210449 
113.211060 
113.211975 
113.213196 
113.213196 
113.212891 
113.212585 
113.211975 
113.211060 
113.210144 
113.210144 
113.208923 
113.208618 
113.207703 
113.207703 
113.207397 
113.207092 
113.207092 
113.206787 
113.206787 
113.206787 
113.205566 
113.203430 
113.201904 
113.200989 
113.200989 
113.200684 
113.200073 
113.200073 
113.200073 
113.199158 
113.199463 
113.199158 
113.198853 
113.198547 
113.198547 
113.197632 
113.197021 
113.196716 
113.195801 
113.195190 
113.196106 
113.197632 
113.198242 
113.198547 
113.198242 
113.197632 
113.197632 
113.197632 
113.197327 
113.197021 
113.196716 
113.196411 
113.196716 
113.196716 
113.196716 
113.196716 
113.196716 
113.197327 
113.197937 
113.198242 
113.197327 
113.195801 
113.194885 
113.194275 
113.194580 
113.195190 
113.194885 
113.195190 
113.195496 
113.195801 
113.195801 
113.196106 
113.195801 
113.195801 
113.195496 
113.195190 
113.194885 
113.194580 
113.194275 
113.194275 
113.194885 
113.196106 
113.197021 
113.197632 
113.197021 
113.196716 
113.196716 
113.196411 
113.196411 
113.195496 
113.195801 
113.195496 
113.195496 
113.195801 
113.195801 
113.195190 
113.195801 
113.195801 
113.196411 
113.196411 
113.195801 
113.193970 
113.193054 
113.192749 
113.192139 
113.192139 
113.192444 
113.192749 
113.192749 
113.193054 
113.192444 
113.192749 
113.192749 
113.192444 
113.192139 
113.192139 
113.191528 
113.191528 
113.190308 
113.190308 
113.190918 
113.192749 
113.193665 
113.193665 
113.193970 
113.193970 
113.193359 
113.193054 
113.193054 
113.192749 
113.192139 
113.192749 
113.192444 
113.192139 
113.192749 
113.192749 
113.192749 
113.193054 
113.194275 
113.193970 
113.193054 
113.192139 
113.191223 
113.190918 
113.190918 
113.191833 
113.191528 
113.191833 
113.192139 
113.192444 
113.192444 
113.192444 
113.192749 
113.193054 
113.192749 
113.192749 
113.192444 
113.191833 
113.191833 
113.191528 
113.192749 
113.193970 
113.195496 
113.195801 
113.195190 
113.195496 
113.195496 
113.194885 
113.194885 
113.194580 
113.194885 
113.194885 
113.194885 
113.194580 
113.194885 
113.195190 
113.195496 
113.196106 
113.196411 
113.196411 
113.195801 
113.194580 
113.193054 
113.192749 
113.193054 
113.193054 
113.193359 
113.193970 
113.193970 
113.194275 
113.193970 
113.194275 
113.194275 
113.193970 
113.194275 
113.193359 
113.193359 
113.192749 
113.192139 
113.192444 
113.193054 
113.194580 
113.195190 
113.195801 
113.195190 
113.195190 
113.194885 
113.194885 
113.194580 
113.193970 
113.194275 
113.193970 
113.193665 
113.193970 
113.193665 
113.193970 
113.193970 
113.194580 
113.194885 
113.195190 
113.194580 
113.192749 
113.191528 
113.191223 
113.191528 
113.191528 
113.191833 
113.191833 
113.192444 
113.192444 
113.192444 
113.192139 
113.192139 
113.192444 
113.192139 
113.191833 
113.191528 
113.191223 
113.190918 
113.190918 
113.191223 
113.192444 
113.193970 
113.193970 
113.193970 
113.194275 
113.193359 
113.193359 
113.193054 
113.192749 
113.192749 
113.193054 
113.192749 
113.193054 
113.193054 
113.193359 
113.193665 
113.193970 
113.194580 
113.194580 
113.193970 
113.192444 
113.191833 
113.191528 
113.191223 
113.191528 
113.192139 
113.192139 
113.192444 
113.193054 
113.192749 
113.192749 
113.193054 
113.192749 
113.192444 
113.192444 
113.192139 
113.192139 
113.191223 
113.191528 
113.192139 
113.193054 
113.194275 
113.194885 
113.194580 
113.194275 
113.193970 
113.193359 
113.193665 
113.193665 
113.193665 
113.193359 
113.193359 
113.193359 
113.193665 
113.193665 
113.193665 
113.194275 
113.194885 
113.194885 
113.194275 
113.192749 
113.191833 
113.191223 
113.191528 
113.191833 
113.191833 
113.191833 
113.192139 
113.192139 
113.192444 
113.192444 
113.192444 
113.192139 
113.192139 
113.191833 
113.191223 
113.191223 
113.190613 
113.190613 
113.191528 
113.192749 
113.193665 
113.193665 
113.193665 
113.193054 
113.193359 
113.193054 
113.192444 
113.192444 
113.192444 
113.192444 
113.192139 
113.192444 
113.192749 
113.193054 
113.193054 
113.193359 
113.193970 
113.194275 
113.193359 
113.192139 
113.191223 
113.190613 
113.190613 
113.191223 
113.191223 
113.191223 
113.191833 
113.191833 
113.191833 
113.191833 
113.191833 
113.191528 
113.191528 
113.191833 
113.191223 
113.190613 
113.190613 
113.190308 
113.190918 
113.192749 
113.193665 
113.193665 
113.193665 
113.193665 
113.193359 
113.193359 
113.192749 
113.192444 
113.192749 
113.192444 
113.192749 
113.192749 
113.193359 
113.193054 
113.193359 
113.193665 
113.194275 
113.194275 
113.193665 
113.192139 
113.191223 
113.190918 
113.190918 
113.191528 
113.192139 
113.191833 
113.192139 
113.192139 
113.192139 
113.191833 
113.192444 
113.192139 
113.192139 
113.191833 
113.191833 
113.191223 
113.190613 
113.190613 
113.191223 
113.192749 
113.193665 
113.193970 
113.194275 
113.193665 
113.193665 
113.193359 
113.192749 
113.192749 
113.193054 
113.193054 
113.192749 
113.192444 
113.193359 
113.192749 
113.193359 
113.193970 
113.194275 
113.194580 
113.193665 
113.192444 
113.190918 
113.190918 
113.191223 
113.191223 
113.191528 
113.191528 
113.192139 
113.192139 
113.192444 
113.192444 
113.192139 
113.192139 
113.191833 
113.191833 
113.190918 
113.190918 
113.190918 
113.190613 
113.190918 
113.192444 
113.193665 
113.194275 
113.193665 
113.193665 
113.193359 
113.193054 
113.193359 
113.192749 
113.192444 
113.192444 
113.193054 
113.192139 
113.192444 
113.192749 
113.193054 
113.193665 
113.194275 
113.193970 
113.193359 
113.192139 
113.190918 
113.190613 
113.190613 
113.191223 
113.191223 
113.191528 
113.191528 
113.191528 
113.191833 
113.191833 
113.192139 
113.191833 
113.191528 
113.191833 
113.191223 
113.190918 
113.190308 
113.190308 
113.191223 
113.192444 
113.193665 
113.193970 
113.193970 
113.193665 
113.193665 
113.192749 
113.192749 
113.192444 
113.192139 
113.192749 
113.192749 
113.192749 
113.193054 
113.192749 
113.193665 
113.193359 
113.194275 
113.194580 
113.193359 
113.192139 
113.191223 
113.190918 
113.190918 
113.191833 
113.191833 
113.191833 
113.192444 
113.192444 
113.192139 
113.192139 
113.192444 
113.192444 
113.192139 
113.191833 
113.191833 
113.191223 
113.190918 
113.190308 
113.191223 
113.192139 
113.193665 
113.194275 
113.193970 
113.193970 
113.193665 
113.192749 
113.192749 
113.192444 
113.192444 
113.192749 
113.192749 
113.192749 
113.193054 
113.193054 
113.193665 
113.193359 
113.193970 
113.194580 
113.193665 
113.191833 
113.190918 
113.191223 
113.190918 
113.190918 
113.191223 
113.191528 
113.191528 
113.191833 
113.191833 
113.191528 
113.191833 
113.192139 
113.191528 
113.191528 
113.190918 
113.190613 
113.190308 
113.190002 
113.190613 
113.192139 
113.193054 
113.193665 
113.193359 
113.193054 
113.192749 
113.193054 
113.192139 
113.192139 
113.192139 
113.192139 
113.192139 
113.192139 
113.192139 
113.192444 
113.193054 
113.193359 
113.193359 
113.193970 
113.193359 
113.191833 
113.190613 
113.190308 
113.190613 
113.190918 
113.191223 
113.191223 
113.191528 
113.191833 
113.191833 
113.191528 
113.191528 
113.191833 
113.191528 
113.191223 
113.190918 
113.191223 
113.190002 
113.190002 
113.190918 
113.192444 
113.193665 
113.193665 
113.193359 
113.193359 
113.193359 
113.193054 
113.192444 
113.192139 
113.192749 
113.192444 
113.192444 
113.192749 
113.192749 
113.192444 
113.193359 
113.193665 
113.193970 
113.193970 
113.193359 
113.192139 
113.191223 
113.190613 
113.190613 
113.191223 
113.191223 
113.191528 
113.191833 
113.191833 
113.191833 
113.192139 
113.192139 
113.191528 
113.191833 
113.191223 
113.191223 
113.190308 
113.190308 
113.190002 
113.190918 
113.192444 
113.193054 
113.193359 
113.193359 
113.193359 
113.193359 
113.192444 
113.192444 
113.191833 
113.192139 
113.191833 
113.192139 
113.192444 
113.192444 
113.192444 
113.192749 
113.193054 
113.193359 
113.193970 
113.192749 
113.191528 
113.190918 
113.190308 
113.190308 
113.190613 
113.190613 
113.190918 
113.191223 
113.191833 
113.191528 
113.191528 
113.191833 
113.191528 
113.190918 
113.190918 
113.190918 
113.190002 
113.190002 
113.189697 
113.190308 
113.191833 
113.193054 
113.193359 
113.193054 
113.193054 
113.192749 
113.192444 
113.191833 
113.192139 
113.192139 
113.192139 
113.192139 
113.192749 
113.192444 
113.192444 
113.192749 
113.193359 
113.193665 
113.193665 
113.193359 
113.191833 
113.190308 
113.190308 
113.190918 
113.190918 
113.191528 
113.191528 
113.191223 
113.191833 
113.192139 
113.191833 
113.191833 
113.191833 
113.192139 
113.191223 
113.190918 
113.190918 
113.190613 
113.190308 
113.191223 
113.192444 
113.193665 
113.193970 
113.193970 
113.193665 
113.193054 
113.193359 
113.192444 
113.192444 
113.192139 
113.192749 
113.192444 
113.192139 
113.193054 
113.193054 
113.193054 
113.193665 
113.194580 
113.194275 
113.193359 
113.191833 
113.190613 
113.190308 
113.190613 
113.190613 
113.190918 
113.191528 
113.191833 
113.191528 
113.191833 
113.191528 
113.191833 
113.191833 
113.191528 
113.191528 
113.190613 
113.190613 
113.190002 
113.190002 
113.190918 
113.191833 
113.193054 
113.193359 
113.193054 
113.192749 
113.192749 
113.192139 
113.192444 
113.191833 
113.192139 
113.192139 
113.192444 
113.192139 
113.192139 
113.192139 
113.192444 
113.193359 
113.193665 
113.193665 
113.192749 
113.191528 
113.190918 
113.190308 
113.190613 
113.190918 
113.190918 
113.191528 
113.191528 
113.191528 
113.191528 
113.191833 
113.191528 
113.191528 
113.191528 
113.191223 
113.190613 
113.190918 
113.190002 
113.190002 
113.191223 
113.192139 
113.193054 
113.193665 
113.193665 
113.193359 
113.193359 
113.192749 
113.192139 
113.191833 
113.192444 
113.192444 
113.191833 
113.192444 
113.192749 
113.192444 
113.193054 
113.193359 
113.194275 
113.193970 
113.193359 
113.192139 
113.190613 
113.190308 
113.190613 
113.191223 
113.191528 
113.191223 
113.191833 
113.191528 
113.191528 
113.191528 
113.191833 
113.191833 
113.191833 
113.191833 
113.190918 
113.190613 
113.190613 
113.190308 
113.190918 
113.192444 
113.193054 
113.193359 
113.193359 
113.193665 
113.192749 
113.192444 
113.192749 
113.191833 
113.192139 
113.192444 
113.192444 
113.192444 
113.192139 
113.192444 
113.192444 
113.193359 
113.193359 
113.193665 
113.192749 
113.191528 
113.190308 
113.190613 
113.190308 
113.190002 
113.190918 
113.190918 
113.190918 
113.191528 
113.191528 
113.191223 
113.191833 
113.191223 
113.190918 
113.191223 
113.190613 
113.190308 
113.189697 
113.189697 
113.190613 
113.191528 
113.193054 
113.193359 
113.193054 
113.193054 
113.192749 
113.192444 
113.192139 
113.192444 
113.192139 
113.192139 
113.192139 
113.192444 
113.192139 
113.192139 
113.192444 
113.193054 
113.193665 
113.193054 
113.192444 
113.191833 
113.190308 
113.190308 
113.190918 
113.190308 
113.190918 
113.191223 
113.191528 
113.191528 
113.191528 
113.191528 
113.191833 
113.191528 
113.191223 
113.191223 
113.190918 
113.190918 
113.190308 
113.190308 
113.190918 
113.192444 
113.193054 
113.193359 
113.193359 
113.193054 
113.193359 
113.193054 
113.192749 
113.192444 
113.192139 
113.192139 
113.192444 
113.192444 
113.192444 
113.192444 
113.193054 
113.193054 
113.193665 
113.193665 
113.193054 
113.191528 
113.190918 
113.190308 
113.190613 
113.190613 
113.190918 
113.191223 
113.191528 
113.191833 
113.191528 
113.191223 
113.191223 
113.191528 
113.191223 
113.191223 
113.191223 
113.190613 
113.190308 
113.190002 
113.191223 
113.192139 
113.193054 
113.193970 
113.193359 
113.193054 
113.193054 
113.193054 
113.192139 
113.192139 
113.192139 
113.192139 
113.192139 
113.192139 
113.192139 
113.192444 
113.192749 
113.193359 
113.193665 
113.193359 
113.192444 
113.191528 
113.190613 
113.190002 
113.190613 
113.190308 
113.190918 
113.190613 
113.191223 
113.191833 
113.191528 
113.191528 
113.191528 
113.191833 
113.191223 
113.191528 
113.190918 
113.190613 
113.190002 
113.189697 
113.190918 
113.192139 
113.193359 
113.193359 
113.193359 
113.193359 
113.192444 
113.192444 
113.192749 
113.192139 
113.192139 
113.192444 
113.192444 
113.192139 
113.192749 
113.192749 
113.192444 
113.192749 
113.193359 
113.193359 
113.192749 
113.191223 
113.190308 
113.190308 
113.190613 
113.190613 
113.190918 
113.190918 
113.191528 
113.191528 
113.191528 
113.191528 
113.191833 
113.191528 
113.190918 
113.190918 
113.190613 
113.190613 
113.190002 
113.189697 
113.190918 
113.192139 
113.193359 
113.193665 
113.193359 
113.192749 
113.192749 
113.192749 
113.191833 
113.192749 
113.192444 
113.192444 
113.192444 
113.192749 
113.192444 
113.192749 
113.192444 
113.193054 
113.193665 
113.194275 
113.192749 
113.191528 
113.190308 
113.190002 
113.190613 
113.190613 
113.190613 
113.190918 
113.190918 
113.191223 
113.191528 
113.191833 
113.191223 
113.191223 
113.191223 
113.190613 
113.190308 
113.190002 
113.190002 
113.189697 
113.190613 
113.192139 
113.193359 
113.193359 
113.193054 
113.192749 
113.192749 
113.192749 
113.192444 
113.192139 
113.192139 
113.192444 
113.192444 
113.191528 
113.192139 
113.192139 
113.192444 
113.193054 
113.193359 
113.193970 
113.193054 
113.191223 
113.190613 
113.190613 
113.190002 
113.190613 
113.190918 
113.190918 
113.191528 
113.191528 
113.191528 
113.191528 
113.191833 
113.190918 
113.191528 
113.190918 
113.190613 
113.190613 
113.190002 
113.189697 
113.190613 
113.191528 
113.193054 
113.193054 
113.193359 
113.193054 
113.193054 
113.192749 
113.192139 
113.192139 
113.192139 
113.192139 
113.191833 
113.192139 
113.192139 
113.192139 
113.192749 
113.193359 
113.193970 
113.193665 
113.193054 
113.191223 
113.190613 
113.190002 
113.190613 
113.190308 
113.190613 
113.191223 
113.191223 
113.191528 
113.191528 
113.191528 
113.191528 
113.191223 
113.190918 
113.191223 
113.190918 
113.190308 
113.189697 
113.189697 
113.190308 
113.192139 
113.192749 
113.193054 
113.193359 
113.193054 
113.192444 
113.192444 
113.192139 
113.192139 
113.192139 
113.192444 
113.192749 
113.192444 
113.192444 
113.192749 
113.192749 
113.193359 
113.193665 
113.194275 
113.193054 
113.191528 
113.190613 
113.190308 
113.190308 
113.190613 
113.190613 
113.191223 
113.191223 
113.191223 
113.191528 
113.191223 
113.191223 
113.191528 
113.191528 
113.190918 
113.190918 
113.190308 
113.190002 
113.190002 
113.190918 
113.192139 
113.193359 
113.193359 
113.193359 
113.193054 
113.192749 
113.192444 
113.191833 
113.192139 
113.192139 
113.192139 
113.192139 
113.191833 
113.192139 
113.192444 
113.192749 
113.192749 
113.193665 
113.193970 
113.192749 
113.191833 
113.190308 
113.190613 
113.190308 
113.190613 
113.190308 
113.190613 
113.191528 
113.191528 
113.191528 
113.191528 
113.191223 
113.191528 
113.191528 
113.191223 
113.190613 
113.190002 
113.190002 
113.189392 
113.190613 
113.192139 
113.192749 
113.193054 
113.192749 
113.192444 
113.192749 
113.192444 
113.192444 
113.191833 
113.191833 
113.192139 
113.191833 
113.192444 
113.192139 
113.192444 
113.192749 
113.192749 
113.193359 
113.193665 
113.192749 
113.191833 
113.190308 
113.190002 
113.190002 
113.190308 
113.190918 
113.191223 
113.191223 
113.191528 
113.190918 
113.191223 
113.191528 
113.190918 
113.191223 
113.190918 
113.190613 
113.190308 
113.189697 
113.189392 
113.190918 
113.192139 
113.192444 
113.193359 
113.193359 
113.193054 
113.192749 
113.192139 
113.191833 
113.191833 
113.191528 
113.191833 
113.192139 
113.192444 
113.192139 
113.192444 
113.192444 
113.193054 
113.193359 
113.193665 
113.193054 
113.191528 
113.190002 
113.190308 
113.190002 
113.190613 
113.191223 
113.191223 
113.191223 
113.191223 
113.191528 
113.190613 
113.191528 
113.191223 
113.190918 
113.190918 
113.190918 
113.190002 
113.189392 
113.189392 
113.190613 
113.192139 
113.193054 
113.193054 
113.193054 
113.192749 
113.193054 
113.192749 
113.192139 
113.191833 
113.192139 
113.192139 
113.191833 
113.192139 
113.192139 
113.192444 
113.192444 
113.193054 
113.193359 
113.193665 
113.192749 
113.191528 
113.190002 
113.190002 
113.190308 
113.190613 
113.190918 
113.190918 
113.191223 
113.191528 
113.191833 
113.191528 
113.191223 
113.191223 
113.191528 
113.190918 
113.190918 
113.190308 
113.189697 
113.190002 
113.190918 
113.191833 
113.193359 
113.193359 
113.193359 
113.193054 
113.192444 
113.192444 
113.192444 
113.191833 
113.192139 
113.191833 
113.192139 
113.191833 
113.192444 
113.192139 
113.192749 
113.192749 
113.193665 
113.193665 
113.192444 
113.191223 
113.190613 
113.190002 
113.190308 
113.190613 
113.190613 
113.190613 
113.190918 
113.191223 
113.191223 
113.191528 
113.191528 
113.190918 
113.191223 
113.190918 
113.190308 
113.190308 
113.189697 
113.189087 
113.190613 
113.191833 
113.193054 
113.193054 
113.193054 
113.192444 
113.192749 
113.191833 
113.191833 
113.192444 
113.192139 
113.191833 
113.191833 
113.192444 
113.192139 
113.192139 
113.192749 
113.192749 
113.193359 
113.193665 
113.193054 
113.191528 
113.190613 
113.190002 
113.190308 
113.190613 
113.190918 
113.191223 
113.191528 
113.191528 
113.191528 
113.191833 
113.191528 
113.191223 
113.190613 
113.191223 
113.190613 
113.190613 
113.190002 
113.190002 
113.190918 
113.192139 
113.193054 
113.192749 
113.193359 
113.192749 
113.192444 
113.192139 
113.192444 
113.192139 
113.191833 
113.191833 
113.192444 
113.191833 
113.192139 
113.192749 
113.192749 
113.193359 
113.193665 
113.193359 
113.192749 
113.191528 
113.190308 
113.190613 
113.190308 
113.190308 
113.190613 
113.190918 
113.191223 
113.191833 
113.191528 
113.191223 
113.191528 
113.191223 
113.191223 
113.190918 
113.190613 
113.190002 
113.189697 
113.189697 
113.190002 
113.191528 
113.193054 
113.193359 
113.193054 
113.192749 
113.192139 
113.191833 
113.192139 
113.191833 
113.191833 
113.191833 
113.191833 
113.191833 
113.191833 
113.192139 
113.193054 
113.193054 
113.193665 
113.193359 
113.192444 
113.191528 
113.190308 
113.190002 
113.190308 
113.190613 
113.190613 
113.191223 
113.191223 
113.191528 
113.191223 
113.191223 
113.191223 
113.191528 
113.191528 
113.191223 
113.190613 
113.190002 
113.190002 
113.190002 
113.190308 
113.192139 
113.193054 
113.193665 
113.193359 
113.192749 
113.192749 
113.192444 
113.191528 
113.191833 
113.191833 
113.191528 
113.192444 
113.192139 
113.191833 
113.192139 
113.192749 
113.193054 
113.193665 
113.193665 
113.192749 
113.191223 
113.190613 
113.190308 
113.190308 
113.190918 
113.190613 
113.190918 
113.191223 
113.191528 
113.190918 
113.191528 
113.191528 
113.191528 
113.190918 
113.191223 
113.190613 
113.190308 
113.190002 
113.189392 
113.190613 
113.192444 
113.193054 
113.193359 
113.193054 
113.192749 
113.192444 
113.192139 
113.192444 
113.191833 
113.192139 
113.191833 
113.191833 
113.191833 
113.192139 
113.192139 
113.192444 
113.193054 
113.193665 
113.193359 
113.192749 
113.191223 
113.190613 
113.190308 
113.190308 
113.190308 
113.191223 
113.191223 
113.191223 
113.191223 
113.191223 
113.191223 
113.191223 
113.191223 
113.190308 
113.190918 
113.190613 
113.190002 
113.190002 
113.189697 
113.190613 
113.191833 
113.192749 
113.192749 
113.193054 
113.192444 
113.192749 
113.192139 
113.191833 
113.192139 
113.191833 
113.192139 
113.192139 
113.191833 
113.191833 
113.192444 
113.192749 
113.193054 
113.193054 
113.193359 
113.192444 
113.191223 
113.190002 
113.190002 
113.190308 
113.190613 
113.190918 
113.191223 
113.190918 
113.191223 
113.191528 
113.191223 
113.191223 
113.191528 
113.191223 
113.190918 
113.190613 
113.190308 
113.189392 
113.189392 
113.190308 
113.192139 
113.193054 
113.193054 
113.193359 
113.192444 
113.192139 
113.192444 
113.192444 
113.192139 
113.191833 
113.192139 
113.192139 
113.191833 
113.192139 
113.192139 
113.192444 
113.193054 
113.193359 
113.193359 
113.192444 
113.191223 
113.190308 
113.190613 
113.190308 
113.190613 
113.190613 
113.191223 
113.191528 
113.191223 
113.191223 
113.191223 
113.191528 
113.191528 
113.191223 
113.190918 
113.190308 
113.190308 
113.190002 
113.189392 
113.190918 
113.191833 
113.193054 
113.193054 
113.193054 
113.192749 
113.192444 
113.192139 
113.192139 
113.191528 
113.191833 
113.191833 
113.191833 
113.191833 
113.192139 
113.192139 
113.192444 
113.193054 
113.193359 
113.193359 
113.192444 
113.191528 
113.190613 
113.189697 
113.190308 
113.190613 
113.190918 
113.190918 
113.191223 
113.191528 
113.190918 
113.191528 
113.191528 
113.191223 
113.190918 
113.190918 
113.190613 
113.190002 
113.189392 
113.189392 
113.190308 
113.192139 
113.193054 
113.193054 
113.193054 
113.193054 
113.192749 
113.192139 
113.192139 
113.191833 
113.192139 
113.192139 
113.191833 
113.191833 
113.192444 
113.192139 
113.192749 
113.193054 
113.193359 
113.193359 
113.192139 
113.191223 
113.190308 
113.189697 
113.190308 
113.190002 
113.190613 
113.190613 
113.191223 
113.191223 
113.191528 
113.191528 
113.191528 
113.191223 
113.190918 
113.190918 
113.190613 
113.190002 
113.190002 
113.189392 
113.190918 
113.192139 
113.193054 
113.193359 
113.193054 
113.193054 
113.192444 
113.192139 
113.192139 
113.192139 
113.191833 
113.192139 
113.191833 
113.191833 
113.192139 
113.192444 
113.192444 
113.193054 
113.193359 
113.193665 
113.192749 
113.191833 
113.190308 
113.190308 
113.190613 
113.190308 
113.190613 
113.191223 
113.191223 
113.191223 
113.191223 
113.191528 
113.191528 
113.191528 
113.190918 
113.190613 
113.190613 
113.190613 
113.189697 
113.190002 
113.190613 
113.191833 
113.193054 
113.193054 
113.193359 
113.193054 
113.192749 
113.192139 
113.192444 
113.191833 
113.192444 
113.191833 
113.192444 
113.191833 
113.192139 
113.192139 
113.192749 
113.193054 
113.193359 
113.193665 
113.192139 
113.190918 
113.190308 
113.190002 
113.190308 
113.190613 
113.190918 
113.190918 
113.190918 
113.191528 
113.191223 
113.191223 
113.191223 
113.190918 
113.190613 
113.191223 
113.190613 
113.190002 
113.189697 
113.189697 
113.190613 
113.191833 
113.193054 
113.193359 
113.193054 
113.192749 
113.192749 
113.192444 
113.191833 
113.191528 
113.191833 
113.191528 
113.192139 
113.191833 
113.192139 
113.192139 
113.192749 
113.192749 
113.193359 
113.193359 
113.192444 
113.191528 
113.190308 
113.190308 
113.190308 
113.190308 
113.190613 
113.190918 
113.190918 
113.191223 
113.191223 
113.191223 
113.190918 
113.191223 
113.191223 
113.190918 
113.190613 
113.190002 
113.189697 
113.189697 
113.190308 
113.191833 
113.192749 
113.193359 
113.193054 
113.192749 
113.192444 
113.192139 
113.192139 
113.191833 
113.191833 
113.191833 
113.192139 
113.191833 
113.192139 
113.191833 
113.192444 
113.193359 
113.193359 
113.193359 
113.192444 
113.191223 
113.190308 
113.190002 
113.190002 
113.190308 
113.190613 
113.191223 
113.190918 
113.191528 
113.191223 
113.191528 
113.191528 
113.191528 
113.191223 
113.190613 
113.190308 
113.190308 
113.189697 
113.189697 
113.190613 
113.192139 
113.193054 
113.193359 
113.193054 
113.193054 
113.192749 
113.192139 
113.192444 
113.191528 
113.192139 
113.191833 
113.191528 
113.191833 
113.192139 
113.192139 
113.192444 
113.193054 
113.193665 
113.193359 
113.192749 
113.191223 
113.190308 
113.190002 
113.189697 
113.190002 
113.190308 
113.191223 
113.191223 
113.191223 
113.190918 
113.191528 
113.191528 
113.190918 
113.191223 
113.190918 
113.190308 
113.190002 
113.189697 
113.189697 
113.190308 
113.191833 
113.192749 
113.193054 
113.193054 
113.193054 
113.192749 
113.191833 
113.192139 
113.192444 
113.192139 
113.191833 
113.192139 
113.191833 
113.191833 
113.192139 
113.192444 
113.193054 
113.193054 
113.193054 
113.192444 
113.190308 
113.189087 
113.188782 
113.188171 
113.187866 
113.186951 
113.186035 
113.184509 
113.183899 
113.181763 
113.179626 
113.177185 
113.175049 
113.171387 
113.168030 
113.164063 
113.159485 
113.154297 
113.150024 
113.146057 
113.141785 
113.137207 
113.131714 
113.125305 
113.118286 
113.110657 
113.103027 
113.095093 
113.086853 
113.078308 
113.069763 
113.060608 
113.051147 
113.041992 
113.032532 
113.023071 
113.013000 
113.003540 
112.993164 
112.981873 
112.969360 
112.957764 
112.946472 
112.935181 
112.924194 
112.913818 
112.902527 
112.890930 
112.879333 
112.868347 
112.857056 
112.845459 
112.834167 
112.822266 
112.810974 
112.798462 
112.787476 
112.775269 
112.763672 
112.752991 
112.743530 
112.732849 
112.722168 
112.710876 
112.699585 
112.687988 
112.676697 
112.665405 
112.654114 
112.643127 
112.632446 
112.621155 
112.610168 
112.600098 
112.589111 
112.578430 
112.568054 
112.557678 
112.546997 
112.535706 
112.523804 
112.512512 
112.501526 
112.491455 
112.480774 
112.470398 
112.460327 
112.450256 
112.440186 
112.430115 
112.419434 
112.409058 
112.398987 
112.388306 
112.377930 
112.367554 
112.356873 
112.345886 
112.335815 
112.326355 
112.317505 
112.308350 
112.298584 
112.288208 
112.278137 
112.267151 
112.256470 
112.246094 
112.235413 
112.224731 
112.214355 
112.204590 
112.194214 
112.184143 
112.174072 
112.163696 
112.153625 
112.143860 
112.133484 
112.122192 
112.110291 
112.098694 
112.088013 
112.077942 
112.067261 
112.057495 
112.047424 
112.037659 
112.026978 
112.016907 
112.006531 
111.996155 
111.985779 
111.975098 
111.964722 
111.954041 
111.942444 
111.931763 
111.921387 
111.912231 
111.903076 
111.893921 
111.884155 
111.873474 
111.862793 
111.852417 
111.841736 
111.830750 
111.820068 
111.809692 
111.798401 
111.788330 
111.777954 
111.766968 
111.757202 
111.747131 
111.737061 
111.727295 
111.716919 
111.705627 
111.693726 
111.682129 
111.671448 
111.661072 
111.650696 
111.640320 
111.630249 
111.620178 
111.610107 
111.599426 
111.589050 
111.578674 
111.568604 
111.557922 
111.547241 
111.536560 
111.525879 
111.515198 
111.504822 
111.495361 
111.486206 
111.476746 
111.466980 
111.456604 
111.446228 
111.435547 
111.425476 
111.414795 
111.404114 
111.394043 
111.383667 
111.373291 
111.362915 
111.352844 
111.342468 
111.332703 
111.322632 
111.312866 
111.302795 
111.291504 
111.279907 
111.268311 
111.258240 
111.247559 
111.237488 
111.227722 
111.217651 
111.207581 
111.197815 
111.187744 
111.177368 
111.167297 
111.156616 
111.145935 
111.135864 
111.125183 
111.114502 
111.103821 
111.093750 
111.083984 
111.075439 
111.066589 
111.055908 
111.045532 
111.035461 
111.025391 
111.014099 
111.003723 
110.993042 
110.982666 
110.972290 
110.961609 
110.951233 
110.940857 
110.931091 
110.920410 
110.910645 
110.900879 
110.890503 
110.879211 
110.867310 
110.856018 
110.845032 
110.834656 
110.823975 
110.814209 
110.803833 
110.793762 
110.783691 
110.773621 
110.763245 
110.752869 
110.743103 
110.732422 
110.722046 
110.710754 
110.700073 
110.689087 
110.678406 
110.669556 
110.660095 
110.650940 
110.641174 
110.630798 
110.620117 
110.609741 
110.599060 
110.588379 
110.577698 
110.567322 
110.556946 
110.545959 
110.535889 
110.525208 
110.515442 
110.505371 
110.495605 
110.485229 
110.475159 
110.464172 
110.452271 
110.441284 
110.430298 
110.420227 
110.410156 
110.400085 
110.390015 
110.379944 
110.369873 
110.360107 
110.349731 
110.339050 
110.328979 
110.319214 
110.308228 
110.297546 
110.287170 
110.277100 
110.266113 
110.256958 
110.249023 
110.239868 
110.231018 
110.221863 
110.212402 
110.203552 
110.195007 
110.187073 
110.178833 
110.171204 
110.164185 
110.158081 
110.151672 
110.145874 
110.140381 
110.136108 
110.132141 
110.128174 
110.124817 
110.120239 
110.115967 
110.112610 
110.109863 
110.107727 
110.106506 
110.105286 
110.104980 
110.104370 
110.104065 
110.103760 
110.103455 
110.103149 
110.103149 
110.103149 
110.102539 
110.102844 
110.101929 
110.101624 
110.101929 
110.103149 
110.104370 
110.105286 
110.105896 
110.105591 
110.105591 
110.105896 
110.105286 
110.105591 
110.105591 
110.105896 
110.106201 
110.106201 
110.106506 
110.106812 
110.107117 
110.107727 
110.108337 
110.108948 
110.109253 
110.108337 
110.107422 
110.106506 
110.106201 
110.106506 
110.106201 
110.106812 
110.107117 
110.107422 
110.108337 
110.108032 
110.108032 
110.108337 
110.108337 
110.108032 
110.108032 
110.107727 
110.107117 
110.106812 
110.106812 
110.107422 
110.109253 
110.110474 
110.110474 
110.110474 
110.110474 
110.110168 
110.109863 
110.109863 
110.109253 
110.109253 
110.109863 
110.109558 
110.109558 
110.110168 
110.109863 
110.110474 
110.110779 
110.111084 
110.111084 
110.110168 
110.108643 
110.108032 
110.107727 
110.107727 
110.108337 
110.108337 
110.108337 
110.108948 
110.108948 
110.108948 
110.108643 
110.108643 
110.108948 
110.108337 
110.108337 
110.108337 
110.107727 
110.106812 
