Blum, K. P., D’Incamps, B. L., Zytnicki, D., & Ting, L. H. (2017).
Force encoding in muscle spindles during stretch of
passive muscle. PLoS computational biology, 13(9), 
e1005767. <https://journals.plos.org/ploscompbiol/article?
id=10.1371/journal.pcbi.1005767>

cat medial gastrocnemius muscle lengths over t  (in 0.0005 s increments)
110.110474 
110.111084 
110.111084 
110.111694 
110.111389 
110.112305 
110.112305 
110.111389 
110.110474 
110.109558 
110.108643 
110.109253 
110.109863 
110.109558 
110.109558 
110.110168 
110.110474 
110.110168 
110.110474 
110.109863 
110.109863 
110.109863 
110.109863 
110.109863 
110.109253 
110.108948 
110.108337 
110.109253 
110.110779 
110.111389 
110.112000 
110.112000 
110.111694 
110.112000 
110.111084 
110.110779 
110.111084 
110.110779 
110.110474 
110.110168 
110.110474 
110.111084 
110.111084 
110.111694 
110.111694 
110.112000 
110.112305 
110.112000 
110.110168 
110.109558 
110.109253 
110.109253 
110.109253 
110.109863 
110.109863 
110.109863 
110.110168 
110.110168 
110.110168 
110.110474 
110.110474 
110.110168 
110.109863 
110.109863 
110.109253 
110.109253 
110.108337 
110.108948 
110.110168 
110.111694 
110.111694 
110.111694 
110.111389 
110.111084 
110.111084 
110.111084 
110.110779 
110.111084 
110.110779 
110.111084 
110.110474 
110.110474 
110.111084 
110.110779 
110.111694 
110.112305 
110.112305 
110.111694 
110.110474 
110.109558 
110.108948 
110.109253 
110.109253 
110.109863 
110.109863 
110.109863 
110.110168 
110.110168 
110.110168 
110.110474 
110.110168 
110.109863 
110.109558 
110.109863 
110.108948 
110.108643 
110.108337 
110.108643 
110.110168 
110.111694 
110.112305 
110.111694 
110.112305 
110.112305 
110.112305 
110.112610 
110.112610 
110.112610 
110.113525 
110.114746 
110.115662 
110.116577 
110.117493 
110.119934 
110.121460 
110.123596 
110.125427 
110.126648 
110.127869 
110.128784 
110.130615 
110.133362 
110.135498 
110.138855 
110.142212 
110.145874 
110.148926 
110.152893 
110.156555 
110.159912 
110.163574 
110.166931 
110.170898 
110.174255 
110.177917 
110.181885 
110.186462 
110.191040 
110.196838 
110.202942 
110.208130 
110.213318 
110.218201 
110.223694 
110.228577 
110.233154 
110.239563 
110.244751 
110.250244 
110.256348 
110.262146 
110.268555 
110.275269 
110.281982 
110.289001 
110.296326 
110.303955 
110.310364 
110.316467 
110.323181 
110.329895 
110.337524 
110.345459 
110.353699 
110.362244 
110.371094 
110.379333 
110.388184 
110.397644 
110.406494 
110.415344 
110.424500 
110.433655 
110.442810 
110.452576 
110.462036 
110.471802 
110.483093 
110.495300 
110.507507 
110.519714 
110.531616 
110.543518 
110.555420 
110.567627 
110.580139 
110.592957 
110.606079 
110.619507 
110.633545 
110.647278 
110.661926 
110.676270 
110.690918 
110.705566 
110.720215 
110.734253 
110.747986 
110.760193 
110.772095 
110.784607 
110.797119 
110.810242 
110.823059 
110.836182 
110.849304 
110.862732 
110.875549 
110.888062 
110.900879 
110.914307 
110.927124 
110.940552 
110.953674 
110.967407 
110.980225 
110.994263 
111.008301 
111.024475 
111.040649 
111.055908 
111.070251 
111.084900 
111.100159 
111.115112 
111.130371 
111.145325 
111.160278 
111.175537 
111.190796 
111.206360 
111.221619 
111.237183 
111.252747 
111.268616 
111.283875 
111.299438 
111.314392 
111.327820 
111.341553 
111.355286 
111.370239 
111.384583 
111.399231 
111.413574 
111.427307 
111.441650 
111.455688 
111.469421 
111.482544 
111.495667 
111.509094 
111.521606 
111.534119 
111.545715 
111.557617 
111.569519 
111.581726 
111.594543 
111.607361 
111.619873 
111.631165 
111.642151 
111.653442 
111.664124 
111.674805 
111.685181 
111.695557 
111.705627 
111.716003 
111.725769 
111.735840 
111.746216 
111.756592 
111.766663 
111.777039 
111.787109 
111.795959 
111.804810 
111.812744 
111.821594 
111.830139 
111.839600 
111.848450 
111.857910 
111.866760 
111.875916 
111.884155 
111.892700 
111.900940 
111.909180 
111.917114 
111.925049 
111.932373 
111.940308 
111.947327 
111.954041 
111.961670 
111.970520 
111.979065 
111.986084 
111.993408 
111.999817 
112.006226 
112.012329 
112.018738 
112.024841 
112.030334 
112.036438 
112.041626 
112.047424 
112.053223 
112.059021 
112.063904 
112.069397 
112.075195 
112.080383 
112.084961 
112.088318 
112.091980 
112.095337 
112.099609 
112.104187 
112.108154 
112.112122 
112.116699 
112.120667 
112.124329 
112.127991 
112.131042 
112.133789 
112.137146 
112.139587 
112.142334 
112.144775 
112.146606 
112.148743 
112.151184 
112.154236 
112.157898 
112.160034 
112.162170 
112.163391 
112.164612 
112.166138 
112.167053 
112.167358 
112.168884 
112.169495 
112.169800 
112.170715 
112.171021 
112.171326 
112.172241 
112.173157 
112.173462 
112.174072 
112.174072 
112.172852 
112.172241 
112.171326 
112.171021 
112.171326 
112.171631 
112.171631 
112.171936 
112.171936 
112.172241 
112.171631 
112.172241 
112.171631 
112.171326 
112.171631 
112.171326 
112.171021 
112.170410 
112.170105 
112.170105 
112.171631 
112.172852 
112.173157 
112.172852 
112.172546 
112.172852 
112.172241 
112.171936 
112.171326 
112.171326 
112.171021 
112.171326 
112.171326 
112.171021 
112.171326 
112.171631 
112.171936 
112.172546 
112.172546 
112.172241 
112.171021 
112.169800 
112.168884 
112.168884 
112.169189 
112.169189 
112.169495 
112.169495 
112.170105 
112.170105 
112.170105 
112.169800 
112.169495 
112.169800 
112.169495 
112.169189 
112.168884 
112.168579 
112.168274 
112.168274 
112.169495 
112.171021 
112.171326 
112.171326 
112.171631 
112.171326 
112.171021 
112.170715 
112.170715 
112.170410 
112.170410 
112.170410 
112.170105 
112.170715 
112.170715 
112.170715 
112.171021 
112.171631 
112.171631 
112.171936 
112.170105 
112.169495 
112.168579 
112.168274 
112.168884 
112.168579 
112.168884 
112.169495 
112.169800 
112.169495 
112.169800 
112.169800 
112.169495 
112.169495 
112.168884 
112.168579 
112.168579 
112.168274 
112.167664 
112.167969 
112.169495 
112.170410 
112.171326 
112.171631 
112.171021 
112.171021 
112.171021 
112.170105 
112.170105 
112.170410 
112.170105 
112.170105 
112.170715 
112.170105 
112.170715 
112.171021 
112.171326 
112.171631 
112.171631 
112.171936 
112.170715 
112.169495 
112.168884 
112.168579 
112.169189 
112.169189 
112.169800 
112.169800 
112.170105 
112.170410 
112.170410 
112.170105 
112.170410 
112.170410 
112.170105 
112.169800 
112.169800 
112.169189 
112.168884 
112.169189 
112.170105 
112.171631 
112.172546 
112.172852 
112.172852 
112.172241 
112.172241 
112.171936 
112.171631 
112.171631 
112.171631 
112.171631 
112.171936 
112.172241 
112.171936 
112.172241 
112.172546 
112.173462 
112.173767 
112.173767 
112.171936 
112.170715 
112.170410 
112.170105 
112.170410 
112.170410 
112.170715 
112.171021 
112.171631 
112.171326 
112.171631 
112.171021 
112.171326 
112.171021 
112.171021 
112.170715 
112.170410 
112.170105 
112.169495 
112.169800 
112.171021 
112.172546 
112.173157 
112.173157 
112.172852 
112.172852 
112.171936 
112.172241 
112.171936 
112.171631 
112.171936 
112.171936 
112.171936 
112.172241 
112.172241 
112.172546 
112.172852 
112.173157 
112.173157 
112.173157 
112.171936 
112.171326 
112.170105 
112.170105 
112.170410 
112.170105 
112.170715 
112.171326 
112.171021 
112.171326 
112.171326 
112.171326 
112.171326 
112.171021 
112.171021 
112.171021 
112.170410 
112.170105 
112.169189 
112.169800 
112.170715 
112.172241 
112.173157 
112.172852 
112.173157 
112.172852 
112.172546 
112.172241 
112.172241 
112.172241 
112.172241 
112.171631 
112.172241 
112.172241 
112.172241 
112.172546 
112.173462 
112.173462 
112.173767 
112.173767 
112.172546 
112.171326 
112.170715 
112.171021 
112.170715 
112.171021 
112.171326 
112.171936 
112.171936 
112.171936 
112.172241 
112.171936 
112.171936 
112.172241 
112.171631 
112.171631 
112.171021 
112.171021 
112.170410 
112.171021 
112.171631 
112.172852 
112.174072 
112.174377 
112.173767 
112.174072 
112.173767 
112.173462 
112.173462 
112.173462 
112.173157 
112.173462 
112.173157 
112.173462 
112.173462 
112.173767 
112.174072 
112.174377 
112.174377 
112.174683 
112.173462 
112.172546 
112.171936 
112.171326 
112.171326 
112.171631 
112.171936 
112.172546 
112.172241 
112.172241 
112.172241 
112.172546 
112.172241 
112.172241 
112.172241 
112.172241 
112.171631 
112.171631 
112.171021 
112.170410 
112.171936 
112.173157 
112.174377 
112.174377 
112.174072 
112.174072 
112.173462 
112.173157 
112.172852 
112.173157 
112.172852 
112.173157 
112.172852 
112.172852 
112.173157 
112.173462 
112.173767 
112.173767 
112.174683 
112.174072 
112.173157 
112.171936 
112.171021 
112.170715 
112.171326 
112.171021 
112.171326 
112.171936 
112.172241 
112.171936 
112.171936 
112.171936 
112.171936 
112.171936 
112.171936 
112.171936 
112.171326 
112.171326 
112.171021 
112.170410 
112.171631 
112.173462 
112.174072 
112.174072 
112.174072 
112.173767 
112.173157 
112.173157 
112.172852 
112.173157 
112.172852 
112.173157 
112.173157 
112.173157 
112.173767 
112.173462 
112.173767 
112.174683 
112.174683 
112.174377 
112.174072 
112.172546 
112.171326 
112.171326 
112.171936 
112.171936 
112.172241 
112.172241 
112.172852 
112.172546 
112.172852 
112.172546 
112.172241 
112.172852 
112.172546 
112.172241 
112.171936 
112.171631 
112.171326 
112.171326 
112.172546 
112.173157 
112.174377 
112.174683 
112.174377 
112.173767 
112.173767 
112.174072 
112.173767 
112.172852 
112.173157 
112.173462 
112.173157 
112.173157 
112.173462 
112.173767 
112.174072 
112.174377 
112.174377 
112.174377 
112.173462 
112.172852 
112.171326 
112.171326 
112.171631 
112.171326 
112.171936 
112.172241 
112.172241 
112.172241 
112.172546 
112.172241 
112.172241 
112.172241 
112.172241 
112.171936 
112.171326 
112.171326 
112.170715 
112.170715 
112.171631 
112.173157 
112.173767 
112.173767 
112.173767 
112.173767 
112.173462 
112.173157 
112.172546 
112.173157 
112.172546 
112.172852 
112.172852 
112.172852 
112.172852 
112.173157 
112.173767 
112.174072 
112.174377 
112.174377 
112.173157 
112.171936 
112.171326 
112.171021 
112.170715 
112.171326 
112.171326 
112.171631 
112.171936 
112.172241 
112.171936 
112.171936 
112.172241 
112.172241 
112.171936 
112.171936 
112.171631 
112.171021 
112.170715 
112.170410 
112.171631 
112.173157 
112.173767 
112.173767 
112.173767 
112.173767 
112.173767 
112.173157 
112.173462 
112.173157 
112.172546 
112.172852 
112.172852 
112.173157 
112.172852 
112.173157 
112.173767 
112.173767 
112.174072 
112.174377 
112.173462 
112.172241 
112.171326 
112.171021 
112.171021 
112.171631 
112.171631 
112.171936 
112.171936 
112.172241 
112.171936 
112.171936 
112.172241 
112.172241 
112.171936 
112.171936 
112.171326 
112.171021 
112.171021 
112.170105 
112.171631 
112.172546 
112.173767 
112.173157 
112.173767 
112.173767 
112.172852 
112.173157 
112.173157 
112.172852 
112.172546 
112.172546 
112.172546 
112.172546 
112.172852 
112.173157 
112.173157 
112.173462 
112.173767 
112.173462 
112.173157 
112.171631 
112.171021 
112.170410 
112.170715 
112.170715 
112.170410 
112.171326 
112.171326 
112.171326 
112.171631 
112.171326 
112.171326 
112.171326 
112.171326 
112.171326 
112.171021 
112.170715 
112.169800 
112.170410 
112.171326 
112.172546 
112.173157 
112.173462 
112.173462 
112.172852 
112.173157 
112.172546 
112.172852 
112.172241 
112.171936 
112.171936 
112.172546 
112.172241 
112.172241 
112.172546 
112.173157 
112.173767 
112.173767 
112.173767 
112.172546 
112.171326 
112.170715 
112.170715 
112.170715 
112.171021 
112.171326 
112.171631 
112.171631 
112.171631 
112.171936 
112.171631 
112.171936 
112.171631 
112.171631 
112.171326 
112.171021 
112.170715 
112.170105 
112.170410 
112.171021 
112.172241 
112.173157 
112.173157 
112.173157 
112.173462 
112.172546 
112.172546 
112.172546 
112.172852 
112.172241 
112.172241 
112.172546 
112.172546 
112.172546 
112.172546 
112.173157 
112.173157 
112.173767 
112.174072 
112.172852 
112.171936 
112.171021 
112.170715 
112.170715 
112.171021 
112.171326 
112.171326 
112.171631 
112.171326 
112.171631 
112.171936 
112.171326 
112.171631 
112.171326 
112.170715 
112.171326 
112.170715 
112.169800 
112.169800 
112.171021 
112.172241 
112.172852 
112.173157 
112.173157 
112.172546 
112.172852 
112.172852 
112.171936 
112.171936 
112.171936 
112.172241 
112.172241 
112.172241 
112.171936 
112.172241 
112.173157 
112.173157 
112.173157 
112.173462 
112.172241 
112.171021 
112.170715 
112.170105 
112.170105 
112.170410 
112.170715 
112.171021 
112.171021 
112.171631 
112.171326 
112.171021 
112.171326 
112.171326 
112.170715 
112.171021 
112.170410 
112.170105 
112.169495 
112.169800 
112.170410 
112.171936 
112.173157 
112.173157 
112.172852 
112.172546 
112.172852 
112.172546 
112.172241 
112.171936 
112.171936 
112.171631 
112.171631 
112.172241 
112.172241 
112.172241 
112.172241 
112.173157 
112.173157 
112.173462 
112.172546 
112.171326 
112.170410 
112.169800 
112.170105 
112.170105 
112.170715 
112.170715 
112.171021 
112.170715 
112.171326 
112.171021 
112.171021 
112.171021 
112.171326 
112.171021 
112.170410 
112.170105 
112.169495 
112.169800 
112.170410 
112.171631 
112.172546 
112.172852 
112.173157 
112.172852 
112.172241 
112.171936 
112.171936 
112.171936 
112.171936 
112.171936 
112.171631 
112.171936 
112.172546 
112.172241 
112.172546 
112.172852 
112.172852 
112.173462 
112.172546 
112.170715 
112.170105 
112.170105 
112.170105 
112.169800 
112.170105 
112.170715 
112.170715 
112.171326 
112.171021 
112.171021 
112.171021 
112.170715 
112.171021 
112.170715 
112.170410 
112.170105 
112.169189 
112.169800 
112.170105 
112.171326 
112.172546 
112.172546 
112.172546 
112.171936 
112.172546 
112.172241 
112.171631 
112.171936 
112.171631 
112.171631 
112.171631 
112.171631 
112.171936 
112.171936 
112.172241 
112.172546 
112.173157 
112.173157 
112.172546 
112.171021 
112.170105 
112.169495 
112.170105 
112.170105 
112.170410 
112.170715 
112.171021 
112.171021 
112.171021 
112.170715 
112.171021 
112.170715 
112.170410 
112.171021 
112.170105 
112.169800 
112.169189 
112.169189 
112.170105 
112.171631 
112.172241 
112.172852 
112.172241 
112.172546 
112.172241 
112.171631 
112.171936 
112.171021 
112.171631 
112.171631 
112.171631 
112.171936 
112.171936 
112.171936 
112.172241 
112.172852 
112.172852 
112.173462 
112.172241 
112.171021 
112.170105 
112.169189 
112.169800 
112.170105 
112.170105 
112.170715 
112.170715 
112.170715 
112.170715 
112.171326 
112.170715 
112.170715 
112.170715 
112.170410 
112.169800 
112.169800 
112.169495 
112.169189 
112.169800 
112.171326 
112.171936 
112.172241 
112.172546 
112.172241 
112.172241 
112.171936 
112.171631 
112.171326 
112.171326 
112.171326 
112.171021 
112.171326 
112.171631 
112.171631 
112.172241 
112.172852 
112.172852 
112.172852 
112.172241 
112.171021 
112.169800 
112.169495 
112.169495 
112.169800 
112.169800 
112.170410 
112.170410 
112.170410 
112.171021 
112.171021 
112.170715 
112.170715 
112.170715 
112.170105 
112.169800 
112.169800 
112.169495 
112.169189 
112.169495 
112.171021 
112.172241 
112.172546 
112.172546 
112.172241 
112.171631 
112.171631 
112.171326 
112.171326 
112.171326 
112.171631 
112.171326 
112.171021 
112.171631 
112.171631 
112.171631 
112.172546 
112.172852 
112.172852 
112.171936 
112.171021 
112.169495 
112.169495 
112.169800 
112.169800 
112.170105 
112.170105 
112.170410 
112.170715 
112.170715 
112.170715 
112.170410 
112.170715 
112.170715 
112.170410 
112.169800 
112.170105 
112.169189 
112.168884 
112.170105 
112.171326 
112.171936 
112.172546 
112.172546 
112.172241 
112.172241 
112.171936 
112.171326 
112.171326 
112.171326 
112.171021 
112.171631 
112.171326 
112.171631 
112.171326 
112.171936 
112.172241 
112.172852 
112.172852 
112.172241 
112.170715 
112.169800 
112.169189 
112.169189 
112.169495 
112.170410 
112.170410 
112.170410 
112.170410 
112.170715 
112.170715 
112.171021 
112.170410 
112.170410 
112.170410 
112.169800 
112.169495 
112.169189 
112.168884 
112.169189 
112.170715 
112.172241 
112.172241 
112.171936 
112.171936 
112.171936 
112.171631 
112.171326 
112.171326 
112.171326 
112.171326 
112.171326 
112.171326 
112.171021 
112.171021 
112.171936 
112.171936 
112.172852 
112.172852 
112.171936 
112.170410 
112.169800 
112.169495 
112.169189 
112.169495 
112.170105 
112.169800 
112.170410 
112.170410 
112.170410 
112.170105 
112.170715 
112.170715 
112.170105 
112.170410 
112.169495 
112.169189 
112.168884 
112.169189 
112.169495 
112.171326 
112.172241 
112.172241 
112.171936 
112.171936 
112.171936 
112.171326 
112.171021 
112.171021 
112.170715 
112.171326 
112.171326 
112.171326 
112.171631 
112.171631 
112.171631 
112.171936 
112.172241 
112.172546 
112.172241 
112.170715 
112.169495 
112.169189 
112.169189 
112.169800 
112.169800 
112.170105 
112.170715 
112.171021 
112.171021 
112.170410 
112.170410 
112.170410 
112.170410 
112.170105 
112.169800 
112.169495 
112.169495 
112.169189 
112.169495 
112.170715 
112.171936 
112.171936 
112.172241 
112.172241 
112.171936 
112.171326 
112.171021 
112.171021 
112.171021 
112.171021 
112.171326 
112.171021 
112.171326 
112.171326 
112.171631 
112.171936 
112.172852 
112.172546 
112.171936 
112.170715 
112.169800 
112.169189 
112.168884 
112.169189 
112.169495 
112.169800 
112.170105 
112.170410 
112.170410 
112.170715 
112.170715 
112.170410 
112.170410 
112.170105 
112.169800 
112.169189 
112.168579 
112.168579 
112.169495 
112.170715 
112.171326 
112.172241 
112.172241 
112.171326 
112.171936 
112.171021 
112.171326 
112.171326 
112.171326 
112.171021 
112.171021 
112.171326 
112.171021 
112.171021 
112.171326 
112.171631 
112.172241 
112.172546 
112.171936 
112.170715 
112.169800 
112.169189 
112.169189 
112.169495 
112.169495 
112.169800 
112.169800 
112.170410 
112.170410 
112.170105 
112.170715 
112.170410 
112.170410 
112.170105 
112.169800 
112.169495 
112.168884 
112.168579 
112.169189 
112.170410 
112.171631 
112.171936 
112.172241 
112.171936 
112.171936 
112.171326 
112.171326 
112.171021 
112.171326 
112.171021 
112.171021 
112.171021 
112.171021 
112.171631 
112.171631 
112.171631 
112.172241 
112.172852 
112.171936 
112.170715 
112.169800 
112.169189 
112.169189 
112.169495 
112.170105 
112.169800 
112.170410 
112.170715 
112.169800 
112.170410 
112.170410 
112.170410 
112.170105 
112.170105 
112.169800 
112.169495 
112.169495 
112.168884 
112.169189 
112.170715 
112.171326 
112.171631 
112.171936 
112.171631 
112.171326 
112.171936 
112.171021 
112.171021 
112.171021 
112.171021 
112.170410 
112.171021 
112.171326 
112.171326 
112.171631 
112.171936 
112.172241 
112.172546 
112.171936 
112.170715 
112.169189 
112.168884 
112.169189 
112.169189 
112.169495 
112.170105 
112.169495 
112.170105 
112.170410 
112.170105 
112.170410 
112.170410 
112.170105 
112.170105 
112.169800 
112.169189 
112.169189 
112.168579 
112.169800 
112.170105 
112.171631 
112.171936 
112.171936 
112.171326 
112.171326 
112.170715 
112.171021 
112.171326 
112.170715 
112.171021 
112.171021 
112.170715 
112.170715 
112.171021 
112.171326 
112.171936 
112.172241 
112.172546 
112.171631 
112.170410 
112.169800 
112.168579 
112.168884 
112.169189 
112.169189 
112.169800 
112.170105 
112.170105 
112.170105 
112.170715 
112.170410 
112.170410 
112.170105 
112.170105 
112.169495 
112.169495 
112.169189 
112.168579 
112.168884 
112.170715 
112.171936 
112.172241 
112.172241 
112.171936 
112.171631 
112.171326 
112.171631 
112.171021 
112.170715 
112.171326 
112.171021 
112.171326 
112.171326 
112.171326 
112.171631 
112.171631 
112.172546 
112.172546 
112.171936 
112.170715 
112.169189 
112.169189 
112.169189 
112.169495 
112.169800 
112.169800 
112.169800 
112.170105 
112.170410 
112.170105 
112.170410 
112.170105 
112.169800 
112.170105 
112.169495 
112.169495 
112.168884 
112.168579 
112.169189 
112.170715 
112.171631 
112.171936 
112.172241 
112.171631 
112.171631 
112.171326 
112.171326 
112.170410 
112.171021 
112.170715 
112.170715 
112.170715 
112.171021 
112.171021 
112.171326 
112.171936 
112.171936 
112.172241 
112.171936 
112.170715 
112.169495 
112.169189 
112.169189 
112.169189 
112.169800 
112.169800 
112.169800 
112.170105 
112.170410 
112.169800 
112.170105 
112.170715 
112.170410 
112.169800 
112.169800 
112.169495 
112.168884 
112.168884 
112.168579 
112.170105 
112.171326 
112.171936 
112.171936 
112.171631 
112.171936 
112.171631 
112.171021 
112.170715 
112.171021 
112.171021 
112.171021 
112.171326 
112.171326 
112.171021 
112.171631 
112.171936 
112.172241 
112.172546 
112.172546 
112.170715 
112.169800 
112.169189 
112.169189 
112.169189 
112.169800 
112.170105 
112.170105 
112.170410 
112.170410 
112.170410 
112.170105 
112.170410 
112.170105 
112.170105 
112.170105 
112.169495 
112.168884 
112.168884 
112.169189 
112.170410 
112.171631 
112.172241 
112.172241 
112.171936 
112.171631 
112.171631 
112.171021 
112.171326 
112.171021 
112.170715 
112.171326 
112.171021 
112.171326 
112.171021 
112.171631 
112.171631 
112.172241 
112.172852 
112.172241 
112.171021 
112.169800 
112.169189 
112.169189 
112.169800 
112.169800 
112.169800 
112.170105 
112.170410 
112.170410 
112.170410 
112.170715 
112.170105 
112.170105 
112.169495 
112.169189 
112.169189 
112.169189 
112.168579 
112.169189 
112.170105 
112.171631 
112.172241 
112.171631 
112.171631 
112.171631 
112.171326 
112.171021 
112.170715 
112.171021 
112.170715 
112.170715 
112.171021 
112.171021 
112.171021 
112.171631 
112.171936 
112.172241 
112.172546 
112.171936 
112.170410 
112.169800 
112.169189 
112.168884 
112.168884 
112.169495 
112.169800 
112.170105 
112.170410 
112.170105 
112.170105 
112.170715 
112.170105 
112.170105 
112.169800 
112.169495 
112.169189 
112.169189 
112.168274 
112.168579 
112.170105 
112.171631 
112.172241 
112.171936 
112.171631 
112.171631 
112.171326 
112.171021 
112.170715 
112.171021 
112.170715 
112.171021 
112.170715 
112.171326 
112.171326 
112.171326 
112.171936 
112.172546 
112.172241 
112.172241 
112.171326 
112.169800 
112.169189 
112.169495 
112.169495 
112.169800 
112.169495 
112.170105 
112.170410 
112.170105 
112.170410 
112.170410 
112.170410 
112.169800 
112.170105 
112.169800 
112.169189 
112.168579 
112.169189 
112.168884 
112.170105 
112.171631 
112.171936 
112.171936 
112.171936 
112.171631 
112.171326 
112.171326 
112.171326 
112.170715 
112.171326 
112.170715 
112.171021 
112.171021 
112.171021 
112.171326 
112.171631 
112.172241 
112.172546 
112.172241 
112.171021 
112.169800 
112.169495 
112.169189 
112.169495 
112.169495 
112.170105 
112.170410 
112.170410 
112.170105 
112.170410 
112.170105 
112.170105 
112.170105 
112.170105 
112.169800 
112.169800 
112.169189 
112.168579 
112.169189 
112.170105 
112.171631 
112.171936 
112.171936 
112.171631 
112.171631 
112.171631 
112.171326 
112.171021 
112.171021 
112.171021 
112.170715 
112.170715 
112.171021 
112.171021 
112.171326 
112.171936 
112.171936 
112.172546 
112.172546 
112.171021 
112.169495 
112.169189 
112.169189 
112.169495 
112.169495 
112.169800 
112.170410 
112.170105 
112.170410 
112.170410 
112.170410 
112.170410 
112.170410 
112.169800 
112.169800 
112.169495 
112.168884 
112.168884 
112.168884 
112.170105 
112.171326 
112.172241 
112.172241 
112.171631 
112.171936 
112.171631 
112.171021 
112.171021 
112.171021 
112.171021 
112.171021 
112.170715 
112.170715 
112.171326 
112.171631 
112.171936 
112.171936 
112.172241 
112.171936 
112.170715 
112.169800 
112.169495 
112.169189 
112.169495 
112.169800 
112.169800 
112.170105 
112.170105 
112.170715 
112.170410 
112.170410 
112.170715 
112.170105 
112.170105 
112.169800 
112.168884 
112.169189 
112.168274 
112.169189 
112.170410 
112.171631 
112.171631 
112.171936 
112.171936 
112.171936 
112.171631 
112.171326 
112.171021 
112.171021 
112.170715 
112.171021 
112.170715 
112.171021 
112.171326 
112.171326 
112.171631 
112.172241 
112.172241 
112.172546 
112.171021 
112.170105 
112.169189 
112.168884 
112.169495 
112.169495 
112.169800 
112.169800 
112.170105 
112.170105 
112.170410 
112.170410 
112.170410 
112.170105 
112.170410 
112.169800 
112.169189 
112.169189 
112.168579 
112.168579 
112.169800 
112.171021 
112.171936 
112.172241 
112.171631 
112.171936 
112.171021 
112.171326 
112.170715 
112.171021 
112.171021 
112.171021 
112.170715 
112.171326 
112.171326 
112.171631 
112.171326 
112.171936 
112.172241 
112.171936 
112.171631 
112.169495 
112.168884 
112.168884 
112.169495 
112.169189 
112.169495 
112.169800 
112.170105 
112.170410 
112.170715 
112.170105 
112.170410 
112.170410 
112.170105 
112.169495 
112.169495 
112.169189 
112.168579 
112.168579 
112.170105 
112.171326 
112.171936 
112.171936 
112.172241 
112.171631 
112.171936 
112.171021 
112.171021 
112.171021 
112.171021 
112.171021 
112.171021 
112.171021 
112.171326 
112.171326 
112.171936 
112.171936 
112.172546 
112.172241 
112.171021 
112.169800 
112.169189 
112.168884 
112.169495 
112.169189 
112.169800 
112.170105 
112.170410 
112.170105 
112.170715 
112.170410 
112.170105 
112.170105 
112.170410 
112.170105 
112.169800 
112.169189 
112.168884 
112.168884 
112.170410 
112.171326 
112.172241 
112.172241 
112.171631 
112.171631 
112.171326 
112.171326 
112.170715 
112.171021 
112.171021 
112.170715 
112.171326 
112.171021 
112.171021 
112.171326 
112.171631 
112.172241 
112.171936 
112.172546 
112.171021 
112.169800 
112.169189 
112.169189 
112.169495 
112.169495 
112.170105 
112.170105 
112.170410 
112.170410 
112.170410 
112.170410 
112.170715 
112.170105 
112.170105 
112.169495 
112.169495 
112.169189 
112.168579 
112.168579 
112.170410 
112.171326 
112.171936 
112.171936 
112.171936 
112.171936 
112.171631 
112.171326 
112.170715 
112.171021 
112.171021 
112.171021 
112.170715 
112.171021 
112.171021 
112.171631 
112.171936 
112.172241 
112.172241 
112.172546 
112.171021 
112.169189 
112.169189 
112.168884 
112.169189 
112.169189 
112.169495 
112.169800 
112.170105 
112.170410 
112.170105 
112.169800 
112.170715 
112.170105 
112.170105 
112.169800 
112.169495 
112.168884 
112.168579 
112.168884 
112.169495 
112.171326 
112.171631 
112.171631 
112.171631 
112.171631 
112.171936 
112.171326 
112.170715 
112.170715 
112.171021 
112.171021 
112.171021 
112.171021 
112.171021 
112.171631 
112.171936 
112.171936 
112.172546 
112.172546 
112.171326 
112.169800 
112.169189 
112.169189 
112.169189 
112.169495 
112.169800 
112.169495 
112.170105 
112.170410 
112.170410 
112.169800 
112.170410 
112.170410 
112.170105 
112.170105 
112.169800 
112.168884 
112.168884 
112.168579 
112.170105 
112.171021 
112.172241 
112.172546 
112.171936 
112.171631 
112.171631 
112.170715 
112.171326 
112.171021 
112.171021 
112.171021 
112.171326 
112.171021 
112.171021 
112.171326 
112.171631 
112.172241 
112.172241 
112.172546 
112.171326 
112.169800 
112.169189 
112.169189 
112.169495 
112.169800 
112.169495 
112.169800 
112.170410 
112.170410 
112.170410 
112.170105 
112.170105 
112.170105 
112.169800 
112.170105 
112.169495 
112.168884 
112.168579 
112.168579 
112.169800 
112.171021 
112.171936 
112.171631 
112.171936 
112.171631 
112.171326 
112.171021 
112.171326 
112.171326 
112.171326 
112.171021 
112.171021 
112.171326 
112.171326 
112.171326 
112.171631 
112.172241 
112.172546 
112.172241 
112.171021 
112.169800 
112.169189 
112.169189 
112.169189 
112.169495 
112.169800 
112.170105 
112.170715 
112.170410 
112.170105 
112.170410 
112.170105 
112.170105 
112.169800 
112.169800 
112.169800 
112.168884 
112.168579 
112.168884 
112.169800 
112.171326 
112.171936 
112.171936 
112.171936 
112.171326 
112.171326 
112.171326 
112.171326 
112.170715 
112.171021 
112.171021 
112.171021 
112.170410 
112.171326 
112.171326 
112.171631 
112.171631 
112.172241 
112.172241 
112.171631 
112.170105 
112.168884 
112.168579 
112.169189 
112.169495 
112.169495 
112.170105 
112.170410 
112.170410 
112.170105 
112.170410 
112.170410 
112.170410 
112.170105 
112.169800 
112.169495 
112.168884 
112.168884 
112.168579 
112.169495 
112.171326 
112.171936 
112.171936 
112.171936 
112.171936 
112.171326 
112.171936 
112.171021 
112.171021 
112.171021 
112.171021 
112.170715 
112.171021 
112.171326 
112.171021 
112.171631 
112.171936 
112.172546 
112.172241 
112.171326 
112.170105 
112.169189 
112.168884 
112.168884 
112.169495 
112.169495 
112.170105 
112.170105 
112.170105 
112.170410 
112.170410 
112.170105 
112.170410 
112.169800 
112.169800 
112.169495 
112.169189 
112.168579 
112.169189 
112.169800 
112.171021 
112.172241 
112.171936 
112.171936 
112.171631 
112.171631 
112.171326 
112.171326 
112.171326 
112.171021 
112.170715 
112.170715 
112.171021 
112.171021 
112.171021 
112.171021 
112.171326 
112.171326 
112.171021 
112.169189 
112.167358 
112.165833 
112.164612 
112.164001 
112.162781 
112.161865 
112.161255 
112.159729 
112.158508 
112.156982 
112.154846 
112.153015 
112.151184 
112.148132 
112.145386 
112.142639 
112.139587 
112.135620 
112.132568 
112.130737 
112.128296 
112.125854 
112.122803 
112.119141 
112.115173 
112.110596 
112.106018 
112.101746 
112.096863 
112.091980 
112.087097 
112.082214 
112.077332 
112.072449 
112.066956 
112.062073 
112.056274 
112.051086 
112.045593 
112.037964 
112.030640 
112.022705 
112.015991 
112.008972 
112.001953 
111.994629 
111.987610 
111.980896 
111.973267 
111.965942 
111.958008 
111.950378 
111.942139 
111.934509 
111.925964 
111.917419 
111.908875 
111.900024 
111.892090 
111.884155 
111.876221 
111.869202 
111.860657 
111.851807 
111.842041 
111.833191 
111.823425 
111.813354 
111.803894 
111.793213 
111.783142 
111.773071 
111.763000 
111.752625 
111.742249 
111.732788 
111.722107 
111.711426 
111.700745 
111.688538 
111.676025 
111.663818 
111.651917 
111.640015 
111.628723 
111.616821 
111.605225 
111.593323 
111.582031 
111.569214 
111.556702 
111.544800 
111.531677 
111.518555 
111.505127 
111.492004 
111.477661 
111.464233 
111.450500 
111.437378 
111.424866 
111.412659 
111.398621 
111.384277 
111.369934 
111.355286 
111.340332 
111.324768 
111.309814 
111.294861 
111.279602 
111.264343 
111.249084 
111.234131 
111.218567 
111.203613 
111.188354 
111.173096 
111.157837 
111.141663 
111.124573 
111.108398 
111.092224 
111.076965 
111.062012 
111.047058 
111.032104 
111.017151 
111.002502 
110.987854 
110.973206 
110.958862 
110.944519 
110.929565 
110.915222 
110.900879 
110.885925 
110.871582 
110.857239 
110.843811 
110.831299 
110.818481 
110.805359 
110.791931 
110.778503 
110.765381 
110.751343 
110.738525 
110.725708 
110.712280 
110.699463 
110.686951 
110.674744 
110.662537 
110.650940 
110.639648 
110.628357 
110.617371 
110.606079 
110.593872 
110.581360 
110.569763 
110.557861 
110.547180 
110.536804 
110.526123 
110.516357 
110.506592 
110.497131 
110.486755 
110.476990 
110.467529 
110.458374 
110.448914 
110.439453 
110.429688 
110.420532 
110.411377 
110.402222 
110.394287 
110.386658 
110.379333 
110.372009 
110.363159 
110.355225 
110.347595 
110.339355 
110.331421 
110.324097 
110.316162 
110.308533 
110.301819 
110.294495 
110.287781 
110.281372 
110.274963 
110.268860 
110.263367 
110.257263 
110.250244 
110.242615 
110.236511 
110.230103 
110.224304 
110.219421 
110.213928 
110.208740 
110.204468 
110.200195 
110.195007 
110.190735 
110.186768 
110.181885 
110.177612 
110.173340 
110.168762 
110.164490 
110.160522 
110.156860 
110.154114 
110.151978 
110.150146 
110.147095 
110.144043 
110.140991 
110.138245 
110.135498 
110.133057 
110.130005 
110.127563 
110.125732 
110.123291 
110.121765 
110.120239 
110.118713 
110.117188 
110.116577 
110.115662 
110.114136 
110.113220 
110.110474 
110.109558 
110.108032 
110.107727 
110.107727 
110.107422 
110.107727 
110.107727 
110.108032 
110.108032 
110.108032 
110.108643 
110.108337 
110.107727 
110.107727 
110.107422 
110.106812 
110.106506 
110.106506 
110.107727 
110.108643 
110.109863 
110.110168 
110.110474 
110.110168 
110.109863 
110.109558 
110.109253 
110.109558 
110.109253 
110.109558 
110.109253 
110.109253 
110.109558 
110.110168 
110.110168 
110.110474 
110.111389 
110.111084 
110.110779 
110.109253 
110.108032 
110.107727 
110.108337 
110.108643 
110.108643 
110.108948 
110.109253 
110.109863 
110.109863 
110.110168 
110.109863 
110.109558 
110.109558 
110.109558 
110.108948 
110.108643 
110.108337 
110.108337 
110.109253 
110.110474 
110.111694 
110.111694 
110.112000 
110.111694 
110.111694 
110.111694 
110.111084 
110.111084 
110.110779 
110.110779 
110.110779 
110.110474 
110.111389 
110.110779 
110.111084 
110.111389 
110.112000 
110.112305 
110.111389 
110.110168 
110.109253 
110.108948 
110.109253 
110.109558 
110.109253 
110.109558 
110.110168 
110.109863 
110.109863 
110.109863 
110.109558 
110.110168 
110.110474 
110.109253 
110.108948 
110.109253 
