times array ; should be reasonable times given MTstart
6.630959000
6.633385000
6.635202000
6.637019000
6.639288000
6.641556000
6.643891000
6.646226000
6.649875000
6.651829000
checkA ; should typically have 0.01 s diffs
6.630959
6.641556
6.651829
6.662819
6.675045
6.686172
6.698341
6.709101
6.720845
6.7312
indiciesA 
0
5
9
14
20
25
30
35
40
46
lengths ; should be reasonable lengths
0.075731000
0.075740000
0.075745000
0.075751000
0.075761000
0.075774000
0.075788000
0.075804000
0.075830000
0.075844000
every 10 ms lengths ; should be reasonable lengths
0.075731000
0.075774000
0.075844000
0.075920000
0.075967000
0.075995000
0.076002000
0.075980000
0.075925000
0.075843000
optLengths ; should be reasonable lengths as decimal of optimal fiber length
1.2175401929260452
1.2182315112540192
1.2193569131832798
1.2205787781350483
1.2213344051446946
1.2217845659163986
1.221897106109325
1.2215434083601286
1.2206591639871385
1.2193408360128617
optLengths start 1.2175401929260452
optLengths end 1.0918971061093248
myLenS 1 myR 1 myV 0 myC 1
0
1
2
3
4
5
6
7
8
9
10
11
12
13
14
15
16
17
18
19
20
21
22
23
24
25
26
27
28
29
30
31
32
33
34
35
36
37
38
39
40
41
42
43
44
45
46
47
48
49
50
51
52
53
54
55
56
57
58
59
60
61
62
63
64
65
66
67
68
69
70
71
72
73
74
75
76
77
78
79
80
81
82
83
84
85
86
87
88
89
90
91
92
93
avg seconds spent per nest.Simulate() simulation 5.434326743707061
times array ; should be reasonable times given MTstart
6.630959000
6.633385000
6.635202000
6.637019000
6.639288000
6.641556000
6.643891000
6.646226000
6.649875000
6.651829000
checkA ; should typically have 0.01 s diffs
6.630959
6.641556
6.651829
6.662819
6.675045
6.686172
6.698341
6.709101
6.720845
6.7312
indiciesA 
0
5
9
14
20
25
30
35
40
46
lengths ; should be reasonable lengths
0.088211000
0.088224000
0.088228000
0.088232000
0.088239000
0.088244000
0.088249000
0.088254000
0.088258000
0.088258000
every 10 ms lengths ; should be reasonable lengths
0.088211000
0.088244000
0.088258000
0.088231000
0.088138000
0.088055000
0.087965000
0.087861000
0.087722000
0.087575000
optLengths ; should be reasonable lengths as decimal of optimal fiber length
1.2183839779005523
1.2188397790055248
1.2190331491712707
1.218660220994475
1.2173756906077347
1.2162292817679556
1.2149861878453039
1.213549723756906
1.2116298342541434
1.209599447513812
optLengths start 1.2183839779005523
optLengths end 0.8147513812154695
myLenS 1 myR 1 myV 0 myC 2
0
1
2
3
4
5
6
7
8
9
10
11
12
13
14
15
16
17
18
19
20
21
22
23
24
25
26
27
28
29
30
31
32
33
34
35
36
37
38
39
40
41
42
43
44
45
46
47
48
49
50
51
52
53
54
55
56
57
58
59
60
61
62
63
64
65
66
67
68
69
70
71
72
73
74
75
76
77
78
79
80
81
82
83
84
85
86
87
88
89
90
91
92
93
avg seconds spent per nest.Simulate() simulation 4.9083076706156135
